Epoch	AverageEpRet	StdEpRet	MaxEpRet	MinEpRet	AverageTestEpRet	StdTestEpRet	MaxTestEpRet	MinTestEpRet	EpLen	TestEpLen	Time Steps	AverageQ1Vals	StdQ1Vals	MaxQ1Vals	MinQ1Vals	AverageQ2Vals	StdQ2Vals	MaxQ2Vals	MinQ2Vals	AverageQ3Vals	StdQ3Vals	MaxQ3Vals	MinQ3Vals	LossPi	LossQ	Time	AVG Time Per Epoch
1	55.520493	16.430542	147.88507	26.70086	147.55208	45.004536	242.38136	101.734375	6.111383	15.9	4999	20.629185	10.168081	47.902885	-0.58989555	20.630928	10.1662035	47.85982	0.04684821	20.62935	10.166482	47.861862	-0.07149104	-21.496353	3.343469	20.46608257293701	20.466086387634277
2	54.66566	16.951239	128.99646	26.750345	358.84464	145.09047	671.58685	184.65863	6.0180507	38.6	9999	41.04517	25.11265	101.5893	5.422152	41.045746	25.11088	102.79294	5.4225636	41.04618	25.109903	101.64781	4.1071024	-47.686398	5.3700943	45.897242307662964	22.948622345924377
3	361.87677	142.35332	820.62726	73.39887	438.75912	145.72176	681.48175	222.45042	38.9375	47.1	14999	65.550606	46.28899	152.67508	3.6301963	65.550835	46.29146	152.80656	2.4018917	65.55187	46.286667	152.48454	0.1667323	-77.46779	19.237623	72.28129005432129	24.093764146169026
4	552.46185	252.64528	1792.327	240.5645	672.4458	155.01772	989.0353	428.6389	59.31325	72.1	19999	95.8491	65.48484	200.27986	5.1348515	95.84882	65.49023	198.87404	5.6241355	95.84764	65.48925	199.315	5.1883054	-109.51256	56.932663	98.95660495758057	24.739151895046234
5	1096.7399	591.8781	3069.7725	409.6023	8436.638	2728.7407	9347.6	250.41599	117.5946	902.7	24999	122.29633	80.66225	242.85075	5.21713	122.296234	80.66702	241.46722	5.0526657	122.29477	80.66677	242.1465	4.871725	-136.84785	161.63428	128.66699361801147	25.73339910507202
6	9195.843	276.63278	9340.006	8642.623	9332.241	0.20260906	9332.639	9331.998	985.2	1000.0	29999	151.1176	94.028694	278.3793	4.7382035	151.11781	94.03306	277.42105	4.74206	151.11752	94.03129	277.05637	4.5231123	-166.16447	318.14526	158.63534832000732	26.43922511736552
7	9325.722	1.6677011	9328.586	9323.673	9311.74	0.1249214	9312.098	9311.662	1000.0	1000.0	34999	180.86734	105.716354	305.371	4.703298	180.86685	105.720345	305.47034	4.4603667	180.8673	105.718956	305.6329	3.9844525	-196.21355	480.8846	188.88111066818237	26.983016184398107
8	9320.711	1.0761175	9322.07	9318.859	9311.781	0.095771365	9311.948	9311.664	1000.0	1000.0	39999	208.71468	114.35241	329.82327	4.829831	208.71461	114.355545	333.41907	3.9537718	208.71529	114.35245	331.7466	3.4813793	-223.48898	631.9864	219.1395881175995	27.392448842525482
9	9319.956	0.8854365	9320.932	9318.345	9310.769	0.07479219	9310.915	9310.687	1000.0	1000.0	44999	234.09383	121.2188	353.505	4.184406	234.0929	121.22646	352.75073	4.273091	234.09317	121.22253	352.35492	2.3794317	-248.81807	713.2587	249.10764002799988	27.678626934687298
10	9318.732	0.88865215	9319.896	9317.234	9310.35	0.23320346	9310.785	9310.079	1000.0	1000.0	49999	257.42386	126.90436	375.00708	4.555153	257.42258	126.90873	375.16113	4.460579	257.4236	126.90617	374.80347	1.9959345	-271.9602	820.34174	279.1822943687439	27.918229627609254
11	9317.754	0.8399095	9318.829	9316.336	9312.037	0.30135268	9312.436	9311.604	1000.0	1000.0	54999	279.29553	130.28314	390.9607	4.141969	279.29486	130.28503	392.45337	3.0137959	279.29626	130.28488	393.20728	1.1719534	-293.4063	915.5326	309.51262855529785	28.137511881915007
12	9317.622	0.7182083	9318.633	9316.614	9310.295	0.09939133	9310.515	9310.175	1000.0	1000.0	59999	299.66296	132.87206	412.9941	3.862922	299.66345	132.87225	406.78528	3.6775765	299.6635	132.87271	406.77063	-0.050721377	-313.0997	928.7484	339.69152307510376	28.307627121607464
13	9317.543	0.80766344	9318.64	9316.733	9310.248	0.09406279	9310.384	9310.03	1000.0	1000.0	64999	317.80417	135.83484	426.60672	2.7790124	317.80368	135.83545	423.96887	3.2226062	317.80557	135.82964	427.16202	1.5223942	-330.96527	1074.329	369.7219145298004	28.440147436582127
14	9317.369	0.7112301	9318.508	9316.289	9309.76	0.069689214	9309.902	9309.673	1000.0	1000.0	69999	333.45114	136.66296	441.43253	2.703031	333.4511	136.66798	442.28983	2.4092033	333.4519	136.66463	446.30936	2.9715471	-346.99863	1464.5411	399.8841025829315	28.56315037182399
15	9317.554	0.59619486	9318.487	9316.683	9313.691	0.4784619	9314.349	9312.694	1000.0	1000.0	74999	342.217	133.94856	450.5297	-0.79646033	342.21738	133.9489	451.87155	2.691943	342.21655	133.94662	449.0109	1.6485872	-356.5641	2482.4028	430.0168933868408	28.66779301961263
16	9316.617	1.6680137	9318.699	9313.912	9316.639	0.63561285	9317.626	9315.443	1000.0	1000.0	79999	340.2374	127.46006	451.5307	2.6201067	340.23767	127.4595	452.73798	-0.6011331	340.23547	127.47477	462.87225	-1.279603	-357.1244	4364.309	460.20936131477356	28.76308523118496
17	9317.58	0.6886878	9318.908	9317.016	9315.579	0.10306506	9315.729	9315.34	1000.0	1000.0	84999	339.66235	122.066925	469.636	-2.6910548	339.66223	122.076294	458.77243	-1.4140797	339.66147	122.07232	461.6663	-2.5226848	-359.3166	5033.8506	490.38450860977173	28.846147705526914
18	9316.654	0.95457315	9317.825	9315.409	9320.167	0.3307786	9320.652	9319.768	1000.0	1000.0	89999	342.15854	119.032394	462.37918	-1.5417298	342.15848	119.034424	461.36844	-5.299403	342.15887	119.038445	457.31223	-2.2078996	-360.1902	4416.748	520.6878411769867	28.92710240681966
19	9317.979	1.0187892	9319.406	9316.466	7542.38	3543.854	9314.58	445.3795	1000.0	809.8	94999	346.37164	117.290565	466.2191	-3.5296974	346.37112	117.29677	465.04318	-7.499445	346.37106	117.30065	466.75	-4.3000817	-360.24103	3048.7292	550.1811616420746	28.95690335725483
20	9311.407	2.112088	9314.739	9309.196	9311.152	0.47625482	9312.251	9310.689	1000.0	1000.0	99999	357.3278	117.59325	464.91	-4.615982	357.32935	117.59382	460.68784	-13.496239	357.3289	117.59254	460.02655	-3.9513147	-369.29175	1566.3854	580.3443953990936	29.017219877243043
21	9309.054	0.9202431	9310.516	9307.766	9312.19	0.39692852	9313.037	9311.331	1000.0	1000.0	104999	366.10437	117.341125	451.68802	-0.03361571	366.10495	117.34762	452.87912	-9.225345	366.10358	117.33921	452.7567	-1.7235477	-375.60724	787.20044	610.636668920517	29.077936717442103
22	9311.734	1.3173354	9314.254	9310.4795	9314.322	0.44015145	9315.087	9313.512	1000.0	1000.0	109999	371.9637	113.99692	453.73764	-7.5456724	371.9638	113.994774	453.0591	-8.008479	371.964	113.99639	459.02127	-8.023671	-382.09265	1098.1558	640.766161441803	29.12573469768871
23	9314.461	0.8172177	9315.865	9313.475	9310.748	0.045076586	9310.835	9310.676	1000.0	1000.0	114999	380.39542	112.23037	455.25003	-5.048515	380.3954	112.2362	458.14746	-6.8133593	380.3948	112.23467	453.7426	-5.216745	-390.89703	1028.3654	670.8584501743317	29.167758796526037
24	9316.631	1.4487232	9319.02	9314.5	9315.482	0.12838547	9315.722	9315.217	1000.0	1000.0	119999	392.81137	111.79454	468.20435	-4.2	392.8104	111.79714	466.01395	-4.2176805	392.81137	111.79786	465.92288	-12.901755	-402.5148	841.2296	701.2006957530975	29.216695735851925
25	9315.615	1.1240655	9316.639	9313.588	9310.147	0.05898227	9310.242	9310.0625	1000.0	1000.0	124999	404.49023	112.80181	467.83798	1.2267363	404.49222	112.798065	467.6569	-4.1480155	404.4908	112.80201	467.74243	-3.2474287	-413.8725	845.4952	731.1122279167175	29.244489192962646
26	9316.117	0.61844003	9317.337	9315.6875	9310.412	0.16903871	9310.566	9310.075	1000.0	1000.0	129999	414.8472	112.550446	477.09924	-10.209131	414.8477	112.547844	479.14926	-10.80276	414.84818	112.54385	476.978	-7.279325	-424.41827	899.5232	761.0925645828247	29.27279101885282
27	9316.143	0.60871565	9316.662	9315.086	9309.222	0.14647688	9309.514	9308.995	1000.0	1000.0	134999	425.11716	112.41801	486.09778	-12.2883	425.11942	112.408966	485.65982	-7.9780574	425.1185	112.411575	484.66995	-15.23969	-434.54184	793.469	791.4579198360443	29.31325635203609
28	9316.242	0.6460371	9317.275	9315.598	9313.8955	0.21529073	9314.392	9313.528	1000.0	1000.0	139999	436.13956	113.30764	493.27625	-17.312151	436.14114	113.302216	493.2169	-17.825178	436.14035	113.30476	493.1726	-10.869559	-445.39758	705.2496	821.7361466884613	29.347719601222447
29	9317.128	0.7915314	9318.494	9316.019	9308.9	0.44840163	9309.805	9308.282	1000.0	1000.0	144999	446.7988	114.200775	502.4967	-7.2600694	446.80005	114.19416	502.63083	-7.988776	446.79837	114.20058	502.54694	-17.945915	-455.6723	692.26245	852.3137676715851	29.3901299937018
30	9315.455	0.8011694	9316.236	9314.015	9309.31	0.35757113	9309.762	9308.713	1000.0	1000.0	149999	457.2284	115.108505	517.06055	-7.8246436	457.22858	115.10702	514.0555	-15.822096	457.22812	115.110306	517.33923	-7.0568748	-466.2399	711.8828	882.5345482826233	29.417818339665732
31	9315.604	0.73739123	9316.58	9314.402	9313.055	0.2766538	9313.467	9312.484	1000.0	1000.0	154999	466.70215	114.79401	526.18805	-10.715614	466.70142	114.79469	525.56573	-5.9290657	466.70242	114.79336	525.29285	-8.998692	-475.65683	777.8513	912.5267705917358	29.436347507661388
32	6847.762	3902.127	9317.173	659.1523	8438.541	2602.2583	9306.528	631.7654	735.1429	906.8	159999	475.37616	115.87354	532.51843	-9.9963665	475.37677	115.869255	530.9254	-5.883985	475.37674	115.86804	531.48267	-14.091552	-484.0563	882.5716	942.4739360809326	29.45231056958437
33	9315.635	0.61903816	9316.063	9314.414	726.47064	327.3501	1376.2432	510.43076	1000.0	78.2	164999	484.06845	116.70904	540.7977	-7.5834117	484.0683	116.71171	540.04584	-9.086172	484.06848	116.71464	540.1584	-7.94289	-492.70972	946.2239	969.2335324287415	29.370713168924507
34	7875.6772	2932.8918	9316.46	1339.8942	2072.454	743.40155	3666.1055	1292.1224	845.5	222.8	169999	490.92816	117.0129	553.2731	-5.280638	490.92896	117.004974	549.6772	-0.63998985	490.92834	117.01286	549.50226	-5.3272285	-499.41577	1147.4846	996.4710440635681	29.30797194032108
35	1726.0366	2884.7532	9315.565	306.1344	449.1102	33.0772	491.69965	389.2003	185.46666	48.4	174999	497.05936	116.82905	569.70605	-15.590048	497.05975	116.83011	564.1441	-7.0503063	497.0598	116.83211	563.43195	-18.337084	-505.54346	1176.6708	1022.7590317726135	29.221686683382305
36	763.83264	1215.9463	9316.225	286.73218	403.70547	44.44865	491.78165	343.08032	82.16393	43.5	179999	498.6629	118.350204	581.88983	-11.467167	498.6623	118.36321	576.11707	-11.128271	498.66406	118.337296	565.21686	-18.563604	-506.93518	1850.86	1049.111155986786	29.141976608170403
37	461.4503	673.8445	7116.183	73.30126	376.83673	22.555664	418.3829	352.738	49.732674	40.6	184999	460.18567	115.11115	568.2724	-8.86082	460.18582	115.13146	567.0615	-7.343514	460.18387	115.136475	568.49915	-11.715201	-478.29047	10936.915	1075.6466689109802	29.071531643738616
38	2504.0537	3527.5857	9320.284	333.1733	9321.318	0.2342187	9321.646	9320.701	268.83334	1000.0	189999	426.3784	109.309326	540.69965	-19.976833	426.37503	109.35429	538.689	-33.537243	426.3723	109.35895	540.2437	-31.741388	-446.5801	9152.613	1106.0101928710938	29.10553144781213
39	8328.481	1976.0424	9318.1	4376.398	9317.194	0.06409405	9317.286	9317.063	894.0	1000.0	194999	421.7589	109.4986	526.3739	-30.457418	421.7587	109.5126	523.34375	-28.61367	421.761	109.49175	522.1233	-60.948174	-433.32263	3257.422	1136.275391817093	29.135266499641613
40	8538.868	1725.6527	9313.719	4680.196	9314.835	0.20053895	9315.249	9314.633	917.1667	1000.0	199999	413.4918	107.861176	506.859	-36.590508	413.4914	107.869995	507.57132	-19.16441	413.48993	107.864235	504.47845	-44.683468	-423.69638	2849.2595	1166.36088681221	29.15902221798897
41	6970.897	3347.7373	9306.927	1347.2888	9315.027	0.1803082	9315.307	9314.813	749.1667	1000.0	204999	394.72272	103.13719	489.415	-13.774998	394.72375	103.14339	490.1077	-9.870504	394.72092	103.1492	488.81146	-31.652512	-406.56134	4460.138	1196.1076538562775	29.173357457649416
42	4088.1445	3238.607	9309.75	574.8414	9316.843	0.5021047	9317.7295	9316.099	439.36365	1000.0	209999	369.66525	94.74914	473.14282	-14.199392	369.66434	94.761475	468.84082	-13.317271	369.65826	94.78903	469.02176	-20.207813	-384.41776	5967.951	1226.1421098709106	29.1938598099209
43	7459.281	3028.8958	9315.564	1395.4655	9320.51	0.2812251	9320.901	9319.926	801.0	1000.0	214999	345.71198	87.34787	447.0248	-8.518089	345.71558	87.344734	447.09085	-20.906553	345.7116	87.37213	445.79916	-34.857265	-362.2594	7311.773	1256.0845720767975	29.211269162422003
44	2168.574	2657.0527	9312.538	72.84176	8449.322	2618.146	9322.184	594.8845	233.0	906.4	219999	323.83185	80.756386	432.2418	-24.402538	323.83237	80.76929	427.87085	-30.97419	323.82922	80.80256	426.14264	-29.479256	-343.59357	7540.97	1285.9402322769165	29.22591440786015
45	3114.485	2991.4844	9317.341	63.57792	9321.771	0.66124445	9322.386	9320.097	334.47058	1000.0	224999	309.12225	75.49505	409.4361	-13.596542	309.12357	75.51007	407.3711	-16.363012	309.12228	75.52748	406.592	-23.02933	-328.4078	6603.0776	1315.9347801208496	29.242995156182182
46	2957.3271	2879.0913	9319.837	118.23728	4966.8154	4349.9297	9316.63	566.72363	317.5625	533.2	229999	296.8611	72.48271	391.28262	-10.57668	296.863	72.49963	390.4678	-23.61878	296.85907	72.50118	390.8333	-47.947617	-313.66016	5625.4214	1344.2755541801453	29.223381654075954
47	2540.6555	2683.7788	9313.974	182.33118	9331.142	0.6055382	9331.869	9329.762	272.8889	1000.0	234999	287.781	70.86488	382.80045	-12.367276	287.78146	70.869156	383.06134	-22.201773	287.7788	70.87989	379.6053	-44.596416	-304.97684	5621.046	1374.3129127025604	29.240700310849128
48	1784.3098	1743.2716	6538.9014	286.38416	6707.2764	4001.464	9327.319	530.03455	191.6923	719.2	239999	280.02002	67.77597	366.92972	-10.438049	280.01794	67.79558	379.45465	-16.102007	280.01492	67.80665	363.26575	-35.99411	-295.2385	4787.005	1403.2734127044678	29.234862804412842
49	1552.6517	1672.7843	7218.545	136.60066	9326.883	0.6359435	9327.32	9325.025	166.83333	1000.0	244999	279.38156	67.41965	370.40042	-12.468254	279.38406	67.422226	375.5466	-23.756649	279.38165	67.425545	362.8178	-58.163517	-293.5218	4148.6494	1433.1210758686066	29.247368934203166
50	1155.4034	812.90814	4245.7026	446.45782	592.3187	35.123974	642.5105	502.9041	124.12195	63.6	249999	279.16122	66.55691	359.51572	-16.542053	279.16013	66.57142	381.64075	-40.84785	279.15878	66.5586	364.59756	-48.82078	-293.32352	3958.8496	1460.0913903713226	29.201827850341797
51	2031.523	1951.1273	7898.6494	640.4668	5900.1743	4194.6543	9324.7	558.96216	218.21739	632.8	254999	274.5073	65.48593	391.58417	-15.934285	274.50876	65.48887	393.34592	-22.154451	274.5057	65.494514	385.48926	-31.338015	-287.9925	3873.5952	1488.9200234413147	29.19451030095418
52	3171.4802	2314.6897	9319.071	567.1261	9350.299	0.1946936	9350.769	9350.068	340.42856	1000.0	259999	266.81995	64.04512	376.01672	-12.80624	266.821	64.03733	415.56485	-14.775485	266.8192	64.035866	382.11026	-35.391876	-281.14462	4131.88	1519.1324498653412	29.214085611013267
53	3302.2202	2762.104	9317.631	548.4083	9313.795	0.15416795	9313.98	9313.462	354.5	1000.0	264999	262.00867	62.8218	366.14136	-9.923225	262.0058	62.83391	376.14362	-14.661991	262.01077	62.816025	365.41318	-31.941792	-277.7449	4112.1826	1549.511615037918	29.236068244250315
54	5865.673	3174.6277	9321.86	819.03784	4990.2295	4330.668	9320.988	596.40466	629.375	535.4	269999	266.0582	63.280533	375.12805	-12.554216	266.05777	63.277374	406.10397	-22.512722	266.0578	63.284485	374.80084	-56.827213	-280.17612	3487.1272	1577.8353519439697	29.219173219468857
55	3676.5425	3224.966	9322.421	118.06851	9350.708	0.38818377	9351.171	9349.691	394.6154	1000.0	274999	267.62222	63.4761	374.77243	-13.750718	267.62567	63.464172	413.04144	-11.266729	267.623	63.47555	381.34415	-27.50119	-281.48718	3771.6328	1607.9318475723267	29.23512454466386
56	6342.675	3019.911	9324.938	1005.71436	9332.258	1.2434403	9333.605	9329.731	680.5714	1000.0	279999	266.72015	63.3695	390.0856	-13.557635	266.71854	63.39087	384.6519	-18.525331	266.7176	63.388836	382.6898	-71.1552	-281.53616	3804.2769	1638.0961463451385	29.2517169373376
57	3348.4958	3103.0344	9325.346	697.5018	9314.41	0.5502551	9314.98	9313.577	359.2857	1000.0	284999	267.68335	63.25474	388.5408	-20.887064	267.68103	63.264343	381.21542	-13.761361	267.6864	63.260548	366.58176	-26.166048	-282.70554	3826.5315	1668.1707346439362	29.266153268646775
58	5904.881	2075.3948	9326.852	4192.221	9350.591	0.2290292	9350.856	9350.224	633.5	1000.0	289999	277.44348	63.952763	385.41098	-9.467658	277.44543	63.94997	377.6834	-12.058754	277.44815	63.942944	374.03894	-19.354315	-288.86523	2822.4849	1698.291869878769	29.280894345250623
59	6986.1685	3730.306	9336.117	333.89133	8437.684	2657.7942	9329.704	464.3082	748.8571	905.0	294999	296.75763	67.01802	396.6383	-44.26238	296.75818	67.00496	388.3621	-21.887985	296.7585	67.01053	388.3388	-26.140846	-303.32275	1066.4011	1728.3288056850433	29.293708599219887
60	7929.303	2776.968	9323.681	2375.371	5772.659	4334.7524	9316.641	333.63953	851.0	620.0	299999	315.11053	71.85317	391.7036	-53.05619	315.10873	71.84669	391.0953	-36.977818	315.11072	71.85044	381.56696	-24.904093	-320.5759	996.2992	1756.909114599228	29.281818612416586
61	7895.074	3210.7224	9344.612	715.73975	9359.154	1.1044886	9359.752	9355.903	846.1667	1000.0	304999	326.00446	75.98989	426.5201	-16.039017	326.00415	75.97131	436.87448	-58.153206	326.0064	75.98419	420.2135	-29.414894	-331.45953	1040.0955	1787.0545010566711	29.295975462335054
62	9344.995	0.97386014	9346.478	9343.581	9356.484	0.14209068	9356.742	9356.226	1000.0	1000.0	309999	333.6062	79.174385	425.21448	-21.856407	333.60568	79.16003	413.60257	-55.181553	333.60635	79.16928	418.87735	-14.474417	-340.43274	1430.0409	1817.1953370571136	29.309602237516835
63	9342.829	0.7561741	9343.856	9341.536	9354.831	0.34750178	9355.38	9354.213	1000.0	1000.0	314999	339.03	83.4516	425.8167	-39.10525	339.02957	83.47009	431.80298	-40.5729	339.03076	83.45094	425.82962	-45.522896	-348.46558	2180.443	1847.612063407898	29.32717564370897
64	9343.975	0.6357485	9344.6455	9343.111	9343.757	0.19090436	9344.064	9343.458	1000.0	1000.0	319999	347.82855	87.66943	438.9699	-53.914276	347.8274	87.68217	443.12585	-27.16056	347.8303	87.66044	440.44223	-31.27195	-357.7778	2322.4568	1877.97123670578	29.343300603330135
65	9340.107	3.0670788	9343.469	9336.302	9314.008	0.23671722	9314.318	9313.601	1000.0	1000.0	324999	355.44775	90.10149	453.1452	-51.72435	355.4504	90.09722	468.437	-37.30861	355.44876	90.08392	451.98392	-30.161575	-366.53073	2821.567	1908.1723847389221	29.356498256096472
66	8294.524	2305.3416	9327.663	3139.6262	9314.0205	0.25580198	9314.372	9313.504	889.5	1000.0	329999	361.48535	90.5769	456.21875	-20.949076	361.48755	90.558426	453.38663	-27.001343	361.48764	90.55035	455.7304	-39.702454	-373.73135	3146.4858	1938.3999648094177	29.369696469017953
67	9320.1455	0.83060664	9321.215	9319.33	9310.517	0.11654282	9310.622	9310.188	1000.0	1000.0	334999	366.8368	88.648415	473.21735	-76.2951	366.8395	88.649086	471.84155	-26.82565	366.83932	88.63699	469.13342	-54.007713	-378.67105	3010.5503	1968.7375013828278	29.384141843710374
68	9318.972	0.57754785	9319.863	9318.378	9311.827	0.5708694	9312.655	9311.295	1000.0	1000.0	339999	369.77954	87.576164	496.89813	-56.115643	369.78003	87.573326	472.4927	-36.044346	369.78363	87.55736	477.8159	-27.04823	-380.50275	2688.2805	1999.0129482746124	29.397249263875626
69	9316.678	1.3341184	9318.478	9314.883	9312.771	0.2657752	9313.253	9312.453	1000.0	1000.0	344999	368.8842	86.81136	479.96878	-37.578278	368.8822	86.81926	495.2932	-41.605434	368.8879	86.79797	497.46237	-27.898672	-378.8419	2798.8157	2029.1125175952911	29.407427818878837
70	9315.313	2.0924585	9318.246	9312.046	9319.151	0.16828555	9319.429	9318.8125	1000.0	1000.0	349999	365.62323	86.0025	498.74258	-76.02818	365.61893	86.01929	483.382	-33.065693	365.62042	85.99954	490.31747	-67.11154	-375.6045	2987.0757	2059.5125110149384	29.421607324055262
71	7788.9556	3409.2405	9316.042	165.66321	9311.398	0.23141544	9311.743	9311.042	836.3333	1000.0	354999	357.38824	84.099594	508.04587	-74.7146	357.38907	84.110916	502.9545	-35.04314	357.38782	84.105	505.1007	-123.948784	-368.34305	3712.2356	2089.246581554413	29.42600821441328
72	9312.097	1.3856598	9314.719	9310.703	9314.705	0.44366676	9315.354	9314.006	1000.0	1000.0	359999	348.59677	81.95485	493.88168	-104.54859	348.59866	81.94222	499.3201	-36.612804	348.59192	81.97417	488.5331	-93.91316	-362.96423	4637.22	2119.572219848633	29.438503083255554
73	9312.893	1.4822398	9314.827	9311.213	9315.137	0.24496755	9315.439	9314.584	1000.0	1000.0	364999	343.20993	79.64078	471.18182	-71.02644	343.21066	79.615135	464.88412	-39.870842	343.20633	79.66005	477.8643	-45.203846	-357.31863	4399.77	2149.8540670871735	29.45005573965099
74	9317.487	0.8290474	9318.864	9316.62	9318.47	0.44697532	9319.009	9317.726	1000.0	1000.0	369999	341.68164	78.23543	466.68042	-68.89183	341.68274	78.229065	458.30103	-58.110935	341.685	78.23528	460.8795	-45.93289	-353.92697	3446.486	2180.1779279708862	29.461863917273444
75	9318.0	1.6172427	9319.737	9315.07	9320.959	0.20591696	9321.412	9320.695	1000.0	1000.0	374999	343.64893	78.11669	475.1961	-66.53201	343.65085	78.11204	470.82553	-33.47837	343.65305	78.09991	473.76358	-49.395428	-354.7078	3034.85	2210.272611141205	29.470301507314048
76	9319.331	1.1197009	9320.41	9317.291	9322.986	0.22719617	9323.298	9322.592	1000.0	1000.0	379999	345.75803	78.65179	441.64655	-97.77285	345.7584	78.650475	443.54874	-33.513187	345.7583	78.63048	457.6471	-50.98884	-355.49875	2651.7417	2240.2287023067474	29.476693476501264
77	9321.14	3.1380427	9326.4795	9318.494	9331.057	0.119426444	9331.211	9330.841	1000.0	1000.0	384999	345.84857	78.78071	444.64966	-58.62306	345.8482	78.77148	446.95834	-39.933846	345.84848	78.7739	443.55948	-36.248104	-355.98978	2968.2644	2270.2387850284576	29.48362061265227
78	9320.781	1.721031	9323.571	9318.481	9325.609	0.26498407	9325.89	9324.926	1000.0	1000.0	389999	343.36453	80.83668	464.46472	-70.38939	343.3673	80.836494	430.84766	-38.83395	343.36728	80.81804	433.5297	-58.77067	-354.97018	3431.4587	2300.4477422237396	29.492919793495766
79	9320.868	0.97151756	9322.583	9319.644	9324.986	0.072887816	9325.097	9324.83	1000.0	1000.0	394999	343.06558	79.95658	460.45288	-71.19753	343.06787	79.93901	437.0084	-29.990662	343.0661	79.93632	439.77136	-27.901646	-355.36896	3612.0469	2330.655790567398	29.50197205966032
80	9319.873	1.0128129	9321.209	9318.401	9323.482	7.0444536	9327.278	9309.35	1000.0	1000.0	399999	347.32962	79.97104	444.623	-52.843487	347.32782	79.97681	449.52945	-39.569023	347.3314	79.949165	447.70404	-46.662006	-358.79962	2944.1548	2361.2416026592255	29.515520057082178
81	9318.997	2.621775	9321.11	9314.212	9315.87	0.15326837	9316.091	9315.568	1000.0	1000.0	404999	351.23016	80.231155	443.32962	-108.49728	351.22815	80.22069	445.75522	-42.544025	351.23102	80.20106	448.42374	-61.980785	-363.01035	3147.4993	2391.547396659851	29.525276522577546
82	9317.963	1.9270875	9319.795	9314.267	9315.747	0.61188096	9316.783	9314.669	1000.0	1000.0	409999	354.56348	79.39613	473.86093	-58.45938	354.5663	79.39339	445.1015	-38.81484	354.56723	79.36901	482.18524	-66.08326	-366.5817	3535.2473	2421.3457746505737	29.528607028286633
83	9068.932	497.00055	9319.756	8074.933	9321.716	0.20898186	9322.238	9321.41	973.4	1000.0	414999	355.24057	78.19283	478.9689	-94.35874	355.241	78.17281	449.49026	-54.999084	355.2376	78.17657	448.10394	-101.32992	-366.4988	3306.4304	2451.385639667511	29.534766765962164
84	9313.186	0.9954969	9315.024	9312.246	9310.207	0.1466607	9310.546	9310.022	1000.0	1000.0	419999	353.46613	77.29267	458.17877	-118.041695	353.46683	77.28625	440.59924	-51.70614	353.46643	77.28408	447.7113	-75.007866	-364.51184	3598.413	2481.7207663059235	29.54429485968181
85	8441.467	1951.92	9314.681	4076.8403	9316.65	0.07699748	9316.755	9316.462	906.3333	1000.0	424999	349.4381	74.47375	459.73047	-140.56114	349.4336	74.495255	436.17508	-41.613827	349.43927	74.462875	447.59265	-75.89765	-358.56894	2891.134	2511.84126996994	29.551073789596558
86	9314.791	2.481189	9319.6045	9312.837	9313.048	0.1022592	9313.181	9312.796	1000.0	1000.0	429999	348.18594	72.91992	463.71436	-60.791748	348.1869	72.909225	450.16132	-37.56915	348.18695	72.89009	451.34982	-99.19565	-357.0254	2682.005	2542.3048079013824	29.561683837757553
87	9313.658	0.7372732	9314.83	9312.563	9319.924	2.7836368	9322.023	9315.629	1000.0	1000.0	434999	344.86978	71.2077	472.53137	-52.815388	344.87045	71.223526	457.44174	-47.848175	344.87494	71.17673	454.30362	-48.247322	-355.3872	3277.214	2572.3295238018036	29.56700603989349
88	8695.067	1245.3384	9319.539	6204.392	9322.278	0.4723972	9323.182	9321.474	933.2	1000.0	439999	340.88028	70.01648	462.13382	-123.445915	340.8801	70.00316	490.4871	-48.930393	340.8795	69.98557	450.6754	-55.468327	-353.00436	3719.618	2602.3495852947235	29.57215440273285
89	9312.877	3.2543745	9316.043	9307.981	9318.364	0.065722	9318.466	9318.29	1000.0	1000.0	444999	342.65466	68.54478	447.70236	-76.83694	342.6567	68.51597	443.09595	-39.37927	342.65533	68.52867	438.00497	-53.83644	-352.6324	2944.7922	2632.656536102295	29.580410539434197
90	8363.61	2121.7666	9314.594	3619.1963	9320.009	0.9830634	9322.356	9318.765	898.1667	1000.0	449999	340.40353	66.55603	450.127	-78.22625	340.40366	66.5367	432.5652	-51.94476	340.3992	66.59781	418.7414	-88.37101	-349.0599	2549.209	2662.8274409770966	29.58697159025404
91	4554.818	3877.244	9315.082	746.05414	9337.435	17.831465	9352.373	9315.002	489.0	1000.0	454999	342.97412	66.6988	423.19052	-146.28706	342.97476	66.67622	432.33914	-60.140526	342.97424	66.705025	421.93317	-56.180557	-349.25006	1571.1537	2693.2349734306335	29.595988739977827
92	9335.619	8.136248	9346.09	9321.43	9341.425	17.708185	9359.1455	9322.373	1000.0	1000.0	459999	346.35434	68.43698	411.72638	-136.09328	346.35443	68.41808	417.6289	-52.589527	346.35498	68.43221	433.897	-102.80016	-352.2128	1183.7416	2723.4499044418335	29.60271637076917
93	9346.475	1.229546	9347.522	9344.146	9355.243	6.4771295	9358.639	9341.765	1000.0	1000.0	464999	351.1019	70.634285	439.81696	-96.21432	351.1005	70.61353	423.00134	-41.69461	351.10208	70.61402	424.83817	-74.58836	-357.1393	1275.3368	2753.660892009735	29.60925692383961
94	9347.107	1.1903013	9349.097	9345.643	9356.021	0.042261582	9356.12	9355.965	1000.0	1000.0	469999	359.5423	72.48185	444.93634	-148.59537	359.5412	72.46869	438.1231	-47.341908	359.5411	72.48149	448.9722	-120.186806	-365.5705	1099.9938	2784.024202823639	29.61727877373391
95	9347.119	0.52845496	9347.779	9346.177	9354.555	0.24509715	9354.762	9353.881	1000.0	1000.0	474999	370.88412	75.48237	451.25262	-94.80623	370.88428	75.469124	461.09897	-71.08421	370.8865	75.45587	453.2306	-83.93981	-377.39896	1058.9633	2814.1570076942444	29.622705364227294
96	9343.705	0.7929412	9344.699	9342.418	9357.674	0.13868047	9357.801	9357.304	1000.0	1000.0	479999	382.71628	76.51903	465.54047	-54.984287	382.71426	76.521736	470.97656	-46.12387	382.7156	76.51226	453.28876	-49.115894	-389.7247	1251.6406	2844.4464247226715	29.629650277396042
97	9345.451	0.9562283	9346.339	9344.042	9357.139	0.09655186	9357.229	9356.891	1000.0	1000.0	484999	394.95935	78.87471	477.3139	-72.798645	394.9558	78.88145	490.05026	-46.072647	394.95804	78.86119	461.80676	-140.60217	-402.18576	1264.3662	2874.609053373337	29.63514489980088
98	9348.322	0.5836845	9349.282	9347.719	9359.0205	0.14363638	9359.106	9358.605	1000.0	1000.0	489999	408.42734	80.81123	479.88055	-90.2211	408.42737	80.79607	481.8032	-38.657772	408.42813	80.79472	483.59998	-95.23162	-415.32422	1340.7708	2904.8280255794525	29.64110232129389
99	9348.529	0.68333447	9349.515	9347.495	9358.989	0.10146762	9359.083	9358.792	1000.0	1000.0	494999	419.7888	83.53133	548.49695	-68.91658	419.7889	83.52752	491.81628	-44.617718	419.79034	83.5129	502.45468	-67.64079	-426.9277	1482.0164	2934.8208360671997	29.64465492903584
100	9348.893	0.60968465	9349.731	9347.873	9357.355	0.14314388	9357.679	9357.179	1000.0	1000.0	499999	428.2978	85.84204	507.4229	-79.86453	428.29642	85.839615	505.21777	-56.56544	428.29932	85.8362	500.37497	-79.93098	-435.8078	1575.2631	2965.2393431663513	29.652393448352814
101	9344.802	3.1622317	9347.948	9340.03	9350.421	0.071186654	9350.528	9350.28	1000.0	1000.0	504999	437.74982	86.871025	519.6216	-59.07003	437.74744	86.86872	523.0801	-48.350918	437.7512	86.8516	532.4604	-53.23642	-445.52582	1573.3154	2994.661321401596	29.65011211196975
102	9344.334	1.2941574	9345.851	9342.622	9357.87	0.18144022	9358.062	9357.527	1000.0	1000.0	509999	448.8629	89.260666	542.8012	-106.485	448.86316	89.23343	540.00806	-61.25923	448.86423	89.22798	531.9885	-129.40527	-456.27722	1571.86	3024.9760847091675	29.656628304836797
103	9343.854	2.6459866	9347.602	9340.752	3554.5757	1600.9512	7297.3013	1962.7499	1000.0	381.9	514999	460.43063	91.76584	596.7405	-126.38196	460.42703	91.77425	600.07996	-81.36432	460.42896	91.75757	572.61816	-112.66514	-468.4448	1842.5588	3053.0643525123596	29.641401496905726
104	9336.365	2.6814106	9340.803	9333.44	9355.752	0.19220501	9355.906	9355.211	1000.0	1000.0	519999	469.89984	92.33528	575.4143	-73.49257	469.89944	92.33454	574.14276	-64.051056	469.90097	92.32626	573.2099	-54.392986	-477.77948	1915.8243	3083.678141593933	29.650751382112503
105	2273.9263	2608.7236	9335.368	585.8483	814.60095	188.68333	1091.8687	559.3609	243.71428	87.3	524999	474.01373	93.58283	562.4253	-201.90585	474.0108	93.59932	576.86304	-109.25434	474.0114	93.593346	565.6159	-184.94376	-483.02258	2315.8804	3110.6899452209473	29.625618544079007
106	749.6508	183.17711	1481.4368	473.146	845.9652	232.5503	1331.4073	558.5948	80.5	90.8	529999	466.41003	95.8983	588.4598	-83.41361	466.41504	95.883385	585.2023	-44.819153	466.41803	95.87259	562.0941	-84.73952	-475.79794	3260.1555	3137.6077184677124	29.60007283372699
107	867.2293	356.1441	2374.0728	521.16376	583.6036	61.607376	725.6494	501.19345	93.18868	62.8	534999	450.78186	99.23403	562.95514	-69.12173	450.781	99.22837	562.6153	-51.88065	450.7842	99.23183	557.7338	-82.60124	-460.95245	3954.3835	3164.1905357837677	29.571874181800915
108	1955.611	2057.2976	9303.502	557.6637	9316.059	0.32822177	9316.511	9315.153	210.35	1000.0	539999	417.61743	98.10171	573.38306	-181.25697	417.61786	98.098625	562.97473	-77.36593	417.62228	98.05875	538.25635	-119.72453	-425.96576	4404.252	3194.8751912117004	29.58217771627285
109	1568.0918	1675.9562	9306.112	333.24042	9315.276	0.21612433	9315.644	9314.946	168.6	1000.0	544999	388.2538	95.592094	570.66125	-116.84915	388.25842	95.55621	514.6478	-108.84336	388.25558	95.57473	516.6288	-157.32686	-396.48355	4057.4968	3225.1695313453674	29.588711314245103
110	4138.3486	3409.1785	9302.951	258.95312	9288.872	0.120119564	9289.167	9288.738	445.08334	1000.0	549999	357.47568	94.740326	539.1867	-110.31541	357.47272	94.7692	526.1929	-125.452	357.47375	94.75782	515.33514	-133.58473	-365.6817	4263.6226	3255.6492354869843	29.596811246871948
111	8115.807	1704.5647	9304.2295	5235.11	9311.135	0.15374115	9311.321	9310.772	872.5	1000.0	554999	331.12302	86.60145	508.44846	-118.48123	331.12167	86.642784	492.26947	-200.61758	331.1265	86.590935	482.86996	-166.7945	-339.23398	3821.0525	3285.787765264511	29.60169159614288
112	9302.955	2.7217777	9307.24	9299.13	9310.302	0.8484748	9312.762	9309.776	1000.0	1000.0	559999	302.36435	78.11488	431.3648	-138.03516	302.36234	78.12959	419.06088	-203.32492	302.35504	78.1558	418.7289	-165.01836	-311.7165	4498.6094	3316.1444838047028	29.608432908143318
113	4763.69	2887.807	9304.732	622.12506	9296.76	3.158161	9298.714	9290.265	512.1	1000.0	564999	269.88876	72.22543	377.7693	-125.67389	269.88733	72.23812	389.87582	-147.28333	269.88925	72.2064	385.0335	-136.80864	-279.5863	4544.543	3346.4730830192566	29.61480606340729
114	2027.3933	1955.3727	9306.082	156.90034	9308.557	0.5162481	9309.268	9307.433	218.13043	1000.0	569999	240.42215	63.413647	349.23053	-65.044815	240.42607	63.41076	340.52744	-119.32383	240.42291	63.40982	343.03296	-98.588196	-249.94356	3936.9368	3376.7453107833862	29.62057291624839
115	1585.6416	1967.1733	7446.5503	128.7418	6704.0337	4005.6633	9326.638	566.55597	170.51724	718.9	574999	215.21758	54.01616	307.64215	-47.076225	215.21825	54.028458	314.75375	-67.768745	215.21886	54.006546	301.764	-70.85901	-223.49687	3211.1333	3405.6961743831635	29.61474935904793
116	1225.6799	862.397	3704.688	388.7494	9299.368	0.356732	9300.0	9298.927	131.92105	1000.0	579999	205.48486	49.385674	279.90692	-25.370443	205.48712	49.394993	282.88416	-46.405533	205.48686	49.388058	285.43964	-57.947357	-211.27007	1912.1497	3436.1790022850037	29.62223279681699
117	3147.7966	2504.4263	9329.441	695.8938	9340.353	0.7534114	9341.167	9338.877	338.2	1000.0	584999	213.67578	51.86786	296.02313	-37.98411	213.67465	51.880222	298.9184	-45.42291	213.6775	51.868343	295.4941	-52.31723	-218.34805	1060.5405	3466.550745010376	29.62863886458242
118	6408.993	3489.5786	9339.796	836.8861	9349.807	6.721739	9355.744	9336.93	686.7143	1000.0	589999	234.45317	57.39623	323.2426	-143.49518	234.45642	57.366844	333.63617	-64.74101	234.45494	57.38538	325.84586	-70.51935	-239.82957	1034.398	3496.97367811203	29.63537016965575
119	9232.4795	202.26869	9335.716	8827.949	9350.242	0.37788224	9350.866	9349.368	989.2	1000.0	594999	254.42198	61.933395	340.4996	-135.28676	254.42549	61.8989	352.9832	-71.96448	254.42517	61.91467	334.49307	-146.73746	-260.2713	1217.9008	3527.0401804447174	29.63899312900896
120	9330.976	3.401901	9335.06	9326.078	9315.724	1.4726344	9318.705	9314.152	1000.0	1000.0	599999	271.09048	65.77862	357.42188	-46.67972	271.09268	65.750114	400.13547	-46.62712	271.0936	65.75608	353.05515	-57.702595	-277.66696	1397.2428	3557.30278468132	29.64418989022573
121	9145.427	360.3611	9327.421	8424.711	9342.322	2.2363071	9348.761	9340.857	980.6	1000.0	604999	283.94922	69.03599	386.29446	-76.21505	283.9509	69.02542	381.34753	-79.85782	283.95047	69.02649	376.27945	-79.94309	-290.5688	1531.688	3587.6529886722565	29.650024717504326
122	8921.803	804.9052	9329.898	7312.003	9322.213	0.36230758	9323.081	9321.726	957.0	1000.0	609999	294.98337	71.34018	372.65964	-70.834564	294.98297	71.33876	373.32672	-76.318275	294.98404	71.33096	368.2857	-77.62541	-301.49313	1565.843	3617.8693602085114	29.654666902589017
123	9320.447	1.6275691	9322.59	9317.673	9315.37	0.5631864	9316.967	9314.818	1000.0	1000.0	614999	304.39352	72.60485	411.06412	-104.780594	304.39288	72.60072	400.79788	-71.74591	304.3976	72.575294	387.607	-86.98142	-310.90222	1589.9744	3647.9982328414917	29.658522235668773
124	7896.221	3178.2134	9321.309	789.52277	9314.33	0.23445861	9314.7705	9313.976	847.5	1000.0	619999	314.8007	72.13404	412.46115	-54.883175	314.80344	72.12377	400.46664	-66.53377	314.8053	72.09827	397.08185	-66.610695	-321.00238	1559.2256	3678.542131662369	29.66566236749772
125	9318.64	1.3714931	9320.907	9317.104	9311.599	13.036889	9350.709	9307.091	1000.0	1000.0	624999	324.67255	71.8328	447.71698	-54.96642	324.67154	71.8304	387.47232	-64.007645	324.6745	71.81021	391.30167	-74.11436	-330.93497	1635.102	3708.7791409492493	29.670233140945435
126	9317.75	0.8335623	9319.24	9316.867	9319.977	0.0672468	9320.058	9319.847	1000.0	1000.0	629999	331.3025	71.14581	401.61813	-97.78597	331.30304	71.14513	407.5729	-49.872086	331.30377	71.13638	404.03247	-95.47372	-338.12656	1854.134	3739.0321197509766	29.674858108399405
127	9315.999	2.317886	9318.328	9312.332	9316.533	0.2902384	9317.007	9315.989	1000.0	1000.0	634999	334.9513	70.30035	411.4493	-84.05871	334.9525	70.293045	397.86264	-39.808857	334.95114	70.30459	405.11545	-95.77767	-341.0747	1876.7444	3769.0295000076294	29.677397650996532
128	9315.541	0.1475799	9315.699	9315.291	9312.068	0.25737694	9312.404	9311.669	1000.0	1000.0	639999	336.36743	69.13873	419.93958	-42.090435	336.36948	69.125046	441.12228	-38.37935	336.36945	69.13642	410.432	-38.598156	-341.65976	1682.0812	3799.3707270622253	29.682583821937442
129	9314.916	1.3572257	9317.423	9313.747	9317.166	0.03662435	9317.216	9317.088	1000.0	1000.0	644999	336.94342	68.28598	415.43546	-90.28145	336.9418	68.28728	415.7589	-55.224075	336.94177	68.29154	415.20386	-83.32402	-342.3018	1739.1884	3829.4162900447845	29.68539761203204
130	8910.911	815.0251	9326.251	7280.883	9343.929	2.6004586	9351.676	9342.587	956.4	1000.0	649999	337.37747	67.24779	425.2755	-36.8711	337.37457	67.25676	415.79297	-44.13545	337.37537	67.24646	425.9939	-62.758377	-342.00333	1599.2166	3859.667972803116	29.689753653452946
131	8579.315	1693.1276	9341.78	4793.379	9324.125	8.791427	9350.491	9320.933	919.0	1000.0	654999	349.81088	71.49104	405.76343	-91.43056	349.8103	71.48067	416.9642	-60.716934	349.8098	71.47973	412.41592	-93.02825	-354.10944	1231.3173	3889.9134073257446	29.693995488508968
132	9319.638	0.9774932	9320.855	9318.117	9321.273	0.23139235	9321.587	9320.788	1000.0	1000.0	659999	359.31937	75.58411	418.19867	-92.80006	359.3221	75.580086	439.7274	-78.638176	359.32486	75.56476	418.87003	-46.016525	-364.83673	1506.7177	3920.2244000434875	29.69866971174876
133	9318.667	1.3638699	9321.239	9317.598	9314.506	0.27243784	9314.811	9313.797	1000.0	1000.0	664999	366.0872	76.46133	469.00607	-56.649937	366.09186	76.448975	446.7774	-94.8961	366.09213	76.43613	443.21298	-79.409225	-371.5526	1510.3947	3950.267446756363	29.70125901430173
134	9317.482	1.2499131	9318.843	9315.959	9310.753	0.33842957	9311.355	9310.346	1000.0	1000.0	669999	372.14627	76.18909	447.5596	-70.16509	372.1443	76.19491	455.0854	-105.75579	372.14914	76.19283	469.01852	-62.945354	-378.41312	1781.1444	3980.142007827759	29.702552309676783
135	9317.193	0.63327515	9318.38	9316.531	9318.705	0.06827283	9318.79	9318.594	1000.0	1000.0	674999	372.685	76.3862	451.17383	-69.31634	372.68655	76.37633	462.7746	-83.52951	372.69	76.37884	456.09613	-98.3531	-379.19073	1799.3464	4010.0869653224945	29.704347905406244
136	9316.975	0.86804605	9318.199	9315.817	9313.249	0.056863282	9313.398	9313.172	1000.0	1000.0	679999	374.3249	74.92326	454.15335	-88.35187	374.32007	74.94166	460.99072	-149.10374	374.32523	74.928734	453.8352	-70.678986	-380.68665	1829.5887	4039.946444749832	29.705488578361624
137	9067.459	496.06052	9316.519	8075.3394	9314.283	0.6808531	9316.138	9313.721	973.4	1000.0	684999	372.16278	74.55528	480.65012	-103.47883	372.1625	74.55703	468.4147	-85.85855	372.16382	74.56046	480.15942	-140.37273	-378.7772	1931.1385	4069.683706521988	29.70572050122449
138	8305.591	2265.7625	9321.62	3239.1934	9325.237	0.20070794	9325.758	9324.979	891.3333	1000.0	689999	370.93176	74.63136	456.94836	-64.0889	370.93073	74.63011	473.03238	-75.748634	370.93005	74.6296	447.01398	-66.26315	-376.9902	1966.0386	4099.74972319603	29.70833134132883
139	9313.587	3.5276694	9317.491	9308.436	9322.075	0.26047635	9322.277	9321.3545	1000.0	1000.0	694999	368.95395	71.715996	456.28265	-52.59138	368.95294	71.71135	470.07257	-66.052284	368.95364	71.70723	442.15933	-46.345978	-374.54263	2144.3115	4130.035394191742	29.712484864022233
140	9338.295	6.4017177	9343.794	9325.787	9350.893	0.11380704	9351.019	9350.631	1000.0	1000.0	699999	365.95618	68.81691	460.3747	-37.45552	365.9539	68.80204	440.5048	-52.078197	365.95578	68.79995	472.28622	-48.146725	-371.8413	2356.683	4160.336012363434	29.716685814516886
141	7748.121	1752.8702	9333.71	4666.6143	8192.741	2640.0154	9322.442	604.4231	830.8333	879.3	704999	363.86047	68.019905	436.5636	-60.997437	363.85925	67.98586	446.2348	-95.92946	363.86154	67.997215	443.95255	-53.962658	-372.69452	3956.069	4189.840692996979	29.71518223167311
142	3749.3528	3086.7217	9324.52	509.92676	9311.451	0.7555845	9313.05	9310.434	402.5	1000.0	709999	340.26608	63.99509	446.64038	-60.59957	340.2616	63.996155	433.85458	-118.20763	340.26868	64.01725	430.43332	-72.37025	-352.99008	5694.78	4219.892921447754	29.71755579827537
143	4761.837	2805.187	8688.851	390.09793	9345.177	2.6775644	9348.513	9341.461	511.4	1000.0	714999	315.03778	61.884293	400.0684	-84.99016	315.03683	61.864902	409.9399	-80.39894	315.03873	61.8951	404.95447	-102.379456	-326.15015	5004.971	4249.847740411758	29.719214981252495
144	3089.1028	1891.4974	7103.5425	557.6056	9332.329	6.765789	9352.079	9328.768	331.73334	1000.0	719999	286.93063	60.523705	408.35834	-102.58668	286.93155	60.53192	414.09644	-91.72899	286.93835	60.506676	396.79205	-55.887875	-297.4011	4533.7554	4280.015880346298	29.722332515650326
145	2570.6873	1943.979	8368.133	408.33194	9352.471	0.0661948	9352.586	9352.351	275.86667	1000.0	724999	270.4006	64.22744	432.7163	-113.83254	270.39664	64.25985	408.19363	-87.13191	270.40436	64.221565	411.56723	-63.798973	-279.74588	3051.596	4310.477334022522	29.72742990460889
146	8360.85	2187.1187	9342.747	3470.3057	9350.658	0.4748878	9351.398	9350.02	895.3333	1000.0	729999	273.34357	68.38173	416.7716	-99.86348	273.3377	68.44482	427.08533	-112.89248	273.3453	68.361664	418.99466	-117.23128	-280.44604	1552.1376	4341.281183242798	29.734802639647707
147	9337.066	2.6379924	9341.752	9333.997	9351.514	0.28241	9351.862	9351.022	1000.0	1000.0	734999	281.96326	67.051834	418.1534	-99.24518	281.95694	67.09749	417.16382	-62.417423	281.9623	67.04212	423.25974	-90.169556	-287.90805	1718.7278	4371.483787536621	29.73798496058198
148	7990.0044	3002.6565	9334.256	1275.8607	9328.677	0.20081577	9329.105	9328.362	856.1667	1000.0	739999	283.79227	62.020477	410.05597	-96.1048	283.7884	62.06409	412.74567	-110.02614	283.79483	61.96486	413.61685	-117.71937	-292.41663	2898.327	4402.035490036011	29.743483053671348
149	7287.4507	3041.8438	9336.996	1584.2988	9351.186	0.15246609	9351.4795	9350.916	780.6667	1000.0	744999	284.5846	58.282356	384.61618	-109.32476	284.58847	58.286144	388.44995	-109.100975	284.5924	58.220074	386.70673	-76.51302	-295.69284	3712.9304	4432.223940372467	29.74646941127393
150	6479.093	3627.3564	9336.979	819.31104	9351.773	0.2364318	9352.073	9351.335	694.125	1000.0	749999	281.34134	55.324905	374.95215	-72.27671	281.3413	55.343285	376.55527	-80.30326	281.34808	55.2675	385.37885	-94.74407	-293.7385	4504.3794	4462.464939117432	29.749766273498537
151	5660.405	3005.1848	9335.493	1155.1003	9339.745	0.07863542	9339.875	9339.629	606.625	1000.0	754999	275.31305	53.35918	382.17416	-62.831474	275.31564	53.353626	364.65778	-103.04022	275.31897	53.296654	369.76697	-60.688133	-288.31665	4710.9453	4492.5426988601685	29.75193841409999
152	3061.2695	2077.4775	9191.788	286.582	9350.916	0.18922798	9351.303	9350.693	328.25	1000.0	759999	267.85217	52.20993	354.78433	-66.5267	267.85455	52.162178	358.1164	-125.96177	267.85648	52.160828	359.4285	-77.96123	-281.03043	5080.5034	4522.779242992401	29.75512661275111
153	7208.646	3157.4136	9335.118	1286.0612	9321.568	10.002545	9351.573	9317.99	772.3333	1000.0	764999	249.72795	50.784603	343.1449	-123.97205	249.7306	50.779236	348.0127	-99.94841	249.73196	50.708023	345.03238	-55.004456	-264.9988	5686.492	4552.711918115616	29.75628705741533
154	8452.211	1215.3395	9337.534	6253.2363	9349.502	0.17056637	9349.665	9349.109	905.4	1000.0	769999	237.2942	49.737633	335.94632	-92.496864	237.29466	49.72516	337.9819	-123.605484	237.29794	49.687813	340.47095	-57.160362	-253.415	5031.481	4582.915230751038	29.759189822457053
155	9183.532	340.54053	9337.679	8422.066	9351.497	0.19489922	9351.84	9351.213	983.6667	1000.0	774999	229.04666	48.44793	387.56708	-92.22304	229.05045	48.4163	337.62643	-98.67483	229.04669	48.41522	336.96268	-61.003006	-245.34111	4941.0073	4613.156605958939	29.762300697449714
156	9336.822	2.5525613	9338.744	9331.879	9352.0	0.23949207	9352.351	9351.613	1000.0	1000.0	779999	223.09778	47.007782	350.39337	-69.690056	223.09682	46.99114	336.12912	-56.246185	223.0988	46.970573	340.0349	-66.42327	-238.96515	4543.419	4643.124022483826	29.76361554249739
157	8458.508	1756.6398	9338.732	4945.23	9350.819	0.15242605	9351.073	9350.624	906.0	1000.0	784999	222.57034	47.71727	370.52374	-88.77752	222.56602	47.72049	337.28183	-64.49324	222.56732	47.688652	335.94284	-66.63983	-237.28534	3942.7788	4673.1800627708435	29.765478118969376
158	7294.031	3267.1401	9338.571	1266.9026	9352.393	0.121202774	9352.525	9352.151	781.2857	1000.0	789999	222.97046	47.867935	336.13116	-127.95496	222.96872	47.85819	335.58286	-88.546814	222.96552	47.861565	336.19296	-70.61655	-237.52808	3976.7937	4703.4353630542755	29.768578259250784
159	8799.553	1072.3214	9337.703	6654.9126	9328.995	0.24934855	9329.372	9328.447	942.6	1000.0	794999	217.64148	47.911884	336.91974	-101.072845	217.63968	47.887066	335.73996	-58.80137	217.63943	47.866688	334.72574	-62.62195	-234.55882	4431.3296	4733.562451124191	29.770833037934214
160	9334.91	2.6284573	9337.883	9330.056	9346.86	0.22562715	9347.13	9346.431	1000.0	1000.0	799999	215.62367	48.77189	389.35983	-77.2192	215.62268	48.755432	338.0397	-59.037575	215.62389	48.733707	337.0257	-67.56011	-232.04124	4354.0884	4763.7261028289795	29.77328815460205
161	5152.5684	3786.4045	9334.265	248.67722	9351.738	0.21380943	9352.221	9351.447	552.3333	1000.0	804999	208.15971	50.71274	345.38287	-56.363716	208.1594	50.68668	336.25003	-50.462326	208.16216	50.676807	337.71918	-60.52846	-226.03255	4424.354	4793.694589853287	29.774500571422696
162	9334.489	1.0075738	9336.114	9333.3125	9352.997	0.19364005	9353.317	9352.763	1000.0	1000.0	809999	209.36838	53.144207	344.6922	-77.373474	209.36647	53.12119	342.29523	-73.08499	209.37007	53.09324	344.48898	-75.408394	-226.94267	4080.3623	4823.787899017334	29.776468525698156
163	9133.709	401.8718	9337.836	8329.973	9353.441	0.20710954	9353.7	9353.033	978.6	1000.0	814999	212.33496	54.37657	345.3287	-64.74643	212.33542	54.352287	343.19623	-63.23031	212.33464	54.337994	344.48196	-63.374866	-229.15935	4086.4695	4853.922281265259	29.778664313942375
164	8754.583	1162.3239	9336.911	6429.9365	9349.688	0.23533049	9350.066	9349.096	937.8	1000.0	819999	217.59679	54.153427	346.3641	-61.500294	217.5917	54.15069	345.14023	-71.521774	217.59372	54.1292	345.5073	-65.20058	-232.78847	3658.5664	4883.899324417114	29.779873939549052
165	9338.839	2.682052	9342.848	9335.421	9356.337	0.22251658	9356.671	9356.023	1000.0	1000.0	824999	222.87436	52.206158	400.38983	-44.08464	222.87311	52.187424	337.24316	-59.14897	222.87537	52.172478	339.51605	-64.35905	-237.81483	3635.382	4913.837229967117	29.780831709775057
166	9336.648	1.1469147	9337.907	9334.69	9357.592	0.23789592	9357.873	9357.079	1000.0	1000.0	829999	229.07039	49.62565	328.7897	-59.94696	229.07272	49.62648	331.86713	-89.214676	229.07828	49.591278	327.56607	-48.14555	-242.96971	3131.3057	4944.0512754917145	29.783441430114838
167	9338.178	3.187471	9340.973	9332.456	9346.373	8.486314	9353.444	9335.896	1000.0	1000.0	834999	234.71645	46.774055	310.09818	-57.39516	234.71547	46.736694	312.28308	-78.84368	234.72137	46.71902	315.10794	-51.20103	-247.24135	2763.7495	4974.154611349106	29.785356965607512
168	9340.422	4.397389	9345.831	9332.748	9324.633	0.47856355	9325.432	9324.009	1000.0	1000.0	839999	241.771	45.92012	324.3304	-58.89392	241.76834	45.898968	318.88446	-60.206306	241.76918	45.90341	319.1692	-63.126175	-251.9149	2482.5754	5004.090640068054	29.78625382128216
169	9329.151	1.0060772	9330.627	9327.791	9319.495	0.16939968	9319.673	9319.089	1000.0	1000.0	844999	244.10628	46.704426	308.82126	-53.30545	244.10324	46.71494	302.30493	-73.25658	244.10457	46.719154	306.8049	-54.534153	-250.45338	1903.8024	5034.034947395325	29.787189049128244
170	8762.218	1252.3293	9327.726	5961.9326	9315.533	0.3232571	9315.914	9314.754	940.0	1000.0	849999	247.44855	44.6462	315.27493	-55.528442	247.44589	44.660965	308.3643	-83.1776	247.4432	44.649963	308.32355	-49.36501	-256.30746	2236.518	5063.877761363983	29.787516253134783
171	9316.592	1.5770403	9319.134	9314.757	9309.104	3.5595818	9316.277	9307.085	1000.0	1000.0	854999	257.86945	45.59081	324.54825	-65.64203	257.86575	45.580887	316.11295	-58.867172	257.86945	45.563896	331.94336	-74.25061	-268.0449	2477.506	5093.957938194275	29.78922772268106
172	6644.6313	3775.1633	9315.852	1302.3376	9308.709	0.2652954	9309.099	9308.245	713.5	1000.0	859999	268.42892	47.386314	325.37427	-62.587738	268.43106	47.366707	327.28348	-89.320335	268.43167	47.348194	325.15753	-48.843536	-277.53525	2371.2444	5123.700637340546	29.788957204929616
173	9069.145	539.1668	9311.781	7863.534	9306.508	0.17094475	9306.739	9306.199	974.1667	1000.0	864999	275.66	50.04316	336.7177	-54.618282	275.66174	50.01859	335.07996	-83.35234	275.66324	49.97906	335.37646	-58.854454	-282.6164	1923.2628	5153.604581832886	29.789621871330834
174	7607.8203	3399.9402	9309.841	807.93994	9311.271	0.30694807	9311.622	9310.591	817.4	1000.0	869999	278.99667	52.049484	346.07446	-81.574905	278.994	52.060593	346.41153	-84.8565	278.99487	52.041325	357.85864	-72.7789	-284.1851	1587.071	5183.454504489899	29.789968426200165
175	6053.8706	3768.6716	9310.0625	668.0849	9315.117	0.107828595	9315.278	9314.908	650.44446	1000.0	874999	277.53845	54.72617	363.3262	-56.105274	277.53882	54.716423	360.79678	-65.10674	277.5396	54.699184	363.81967	-94.57246	-283.67233	1989.024	5213.276718854904	29.7901526927948
176	2983.3645	2646.447	9305.925	585.4406	9318.025	0.98250043	9319.763	9317.118	320.73334	1000.0	879999	269.3774	58.04425	379.67734	-47.1942	269.37347	58.05341	379.44678	-78.067474	269.37793	58.031178	377.9663	-85.08503	-276.4081	2459.6787	5243.333564519882	29.79166798970916
177	2220.8975	1577.4279	6179.5415	650.6597	9314.584	0.16833428	9314.93	9314.269	238.68182	1000.0	884999	258.80783	63.137154	394.46844	-46.385254	258.8097	63.12796	390.57965	-84.30424	258.80817	63.138668	392.64542	-82.21669	-266.01318	2466.611	5273.625640153885	29.794495152888324
178	2241.2942	2692.2383	9343.441	529.4418	9329.58	18.597002	9358.133	9316.997	240.4	1000.0	889999	252.66548	68.42209	401.46445	-49.647957	252.66867	68.42092	394.88718	-56.102924	252.66504	68.44187	397.57214	-62.371204	-259.41135	2223.9507	5303.779664039612	29.796514978569544
179	6473.9717	3125.2424	9343.664	920.46246	9321.789	18.150547	9358.069	9311.317	694.5714	1000.0	894999	247.65219	71.87463	400.4213	-96.033226	247.6529	71.90015	397.8515	-60.815136	247.65482	71.90251	401.38626	-62.030132	-253.32649	1878.2734	5333.686788320541	29.79713290763301
180	4259.7812	3606.999	9343.729	574.4831	9332.424	16.905457	9358.3545	9320.946	456.6	1000.0	899999	243.7701	75.56368	412.4273	-45.112045	243.77197	75.57782	401.9148	-63.946228	243.77061	75.57259	408.90237	-48.08314	-249.80276	1724.3289	5363.691535711288	29.79828631877899
181	4752.519	4211.5273	9344.363	482.63562	9338.116	17.167374	9359.288	9323.45	508.9091	1000.0	904999	244.67062	81.22567	406.2435	-36.707638	244.67165	81.23646	405.44983	-72.07301	244.67203	81.2302	407.263	-59.776806	-249.84032	1591.2518	5393.588478565216	29.798831382509096
182	5757.5015	4135.978	9340.329	818.04285	9342.893	25.21134	9359.696	9303.372	616.7143	1000.0	909999	242.9323	81.15629	406.44394	-50.086044	242.93182	81.17031	399.0951	-73.48783	242.93604	81.146416	400.70264	-55.74851	-248.18262	1575.1857	5423.415650129318	29.798987099102565
183	7885.383	3240.3843	9338.15	639.66364	8977.468	1145.0403	9359.915	5542.3486	844.8333	959.4	914999	244.95746	79.327675	385.15427	-44.786045	244.95917	79.34623	379.87494	-64.57463	244.95682	79.314445	384.89734	-61.540195	-249.72903	1337.185	5453.167755842209	29.798730915361414
184	9332.863	0.9575675	9334.019	9331.594	9336.332	10.672061	9346.889	9313.492	1000.0	1000.0	919999	251.35703	78.12348	372.1559	-41.18769	251.35857	78.12728	373.2795	-77.36275	251.35713	78.1131	376.92355	-59.713642	-256.27792	1310.0088	5483.043550729752	29.799149743888687
185	9330.422	2.9712293	9333.85	9325.125	9341.674	1.4527524	9343.152	9338.522	1000.0	1000.0	924999	257.03775	77.17174	414.18375	-46.14903	257.03958	77.17962	386.83752	-69.99403	257.0403	77.16618	365.66095	-60.613026	-262.0886	1446.2972	5512.930005073547	29.799621659356195
186	9325.705	1.586378	9328.128	9323.344	9357.334	1.4996457	9358.63	9354.513	1000.0	1000.0	929999	258.7268	72.407074	352.32324	-41.746418	258.73444	72.3906	353.35498	-85.1165	258.72943	72.39987	353.06003	-72.75878	-263.9312	1686.902	5542.791287183762	29.79995316843833
187	9329.578	0.87531406	9330.766	9328.452	9356.432	1.5244005	9357.378	9352.205	1000.0	1000.0	934999	254.49883	64.87106	349.32486	-49.904095	254.50294	64.85192	405.1743	-85.927315	254.50447	64.86806	347.8128	-99.879074	-260.5968	2404.39	5572.8464431762695	29.801317889422656
188	9325.961	2.4366333	9329.654	9323.475	9353.307	0.3243311	9353.658	9352.607	1000.0	1000.0	939999	242.60672	53.91518	341.57523	-63.818985	242.6067	53.868576	339.85666	-102.2049	242.61035	53.901863	338.32062	-99.8671	-249.49533	2903.5544	5602.60976266861	29.801115769021056
189	9326.367	2.8232863	9328.922	9320.979	9354.533	0.2326874	9354.815	9354.024	1000.0	1000.0	944999	230.02797	45.83914	318.17288	-100.07378	230.03128	45.76971	322.6801	-119.38429	230.03418	45.81098	321.9044	-141.13445	-239.68538	3417.186	5632.647483110428	29.802367646858176
190	8530.824	1522.4706	9327.027	5162.0483	9352.709	0.7004236	9353.607	9351.355	915.0	1000.0	949999	223.6197	44.25746	298.35037	-89.60668	223.62329	44.21464	298.70184	-100.210045	223.62347	44.25222	298.792	-81.47059	-232.95514	3217.9807	5662.4177758693695	29.80219883040378
191	8086.6772	1886.974	9324.389	4155.1504	9318.846	0.11763667	9319.0	9318.587	867.5	1000.0	954999	216.0448	48.707886	294.34918	-74.057846	216.04044	48.710907	309.46414	-107.18959	216.04105	48.729015	302.67648	-108.7602	-227.41687	3518.132	5692.530048131943	29.80382225276288
192	9326.335	3.617688	9332.89	9321.739	9351.49	2.89842	9355.154	9347.154	1000.0	1000.0	959999	219.5153	54.689857	302.0885	-54.571335	219.51042	54.672146	311.8342	-86.20851	219.51437	54.671257	300.66458	-71.193085	-231.81343	3162.5432	5722.38463139534	29.804086630543072
193	9337.352	3.2532742	9340.172	9330.983	9356.662	0.38503346	9357.197	9355.93	1000.0	1000.0	964999	235.2114	60.536613	316.30905	-113.54591	235.20567	60.55664	324.0593	-128.62372	235.20905	60.544086	324.9163	-73.7513	-245.14513	2311.668	5752.523127317429	29.805819321172844
194	8657.811	1373.6632	9347.171	5910.4873	9358.918	0.19370456	9359.111	9358.435	926.6	1000.0	969999	256.03583	62.038322	327.64252	-106.049355	256.03198	62.03207	328.3055	-116.804596	256.03488	62.022335	327.21167	-75.45971	-261.5409	1180.8687	5782.800717115402	29.80825112775429
195	9330.866	4.0735755	9338.257	9326.142	9347.3545	0.54248106	9347.986	9346.073	1000.0	1000.0	974999	271.66818	60.94233	351.94815	-91.17062	271.67114	60.95749	359.21524	-81.30986	271.66733	60.965134	354.65472	-66.44644	-276.93082	1036.6754	5813.094810962677	29.810742630102695
196	9325.616	3.2457476	9330.789	9321.62	9308.213	1.0021999	9310.816	9307.192	1000.0	1000.0	979999	282.07788	58.357906	359.72165	-60.23539	282.07663	58.383255	366.14575	-77.750786	282.0794	58.349262	355.28003	-88.31864	-286.8231	1170.4531	5843.177932262421	29.8121323171927
197	7844.2485	3317.1692	9335.392	426.8398	9349.812	0.45603272	9350.36	9349.029	841.0	1000.0	984999	287.73416	59.255882	383.32858	-64.17005	287.7304	59.284008	362.02454	-80.49031	287.73495	59.241825	376.25308	-86.451996	-293.26898	1430.8647	5873.195635557175	29.813175823482766
198	9332.389	1.3439701	9334.842	9331.103	9352.529	0.40488887	9352.875	9351.504	1000.0	1000.0	989999	293.0955	58.327217	372.51746	-54.676548	293.09702	58.33681	369.54282	-96.49191	293.09808	58.31482	368.4521	-86.025696	-299.3881	1665.2281	5903.479219913483	29.815551625357735
199	8331.12	1998.5906	9331.829	4333.9395	9352.971	0.91436845	9353.774	9350.909	893.0	1000.0	994999	295.5577	56.850674	411.46463	-75.286385	295.55402	56.868958	378.70038	-115.81094	295.55722	56.828773	392.26392	-131.6139	-301.95557	1952.2136	5933.219415903091	29.815172952623225
200	9330.787	1.4705573	9332.162	9327.991	9348.756	0.18786739	9348.991	9348.421	1000.0	1000.0	999999	298.0626	55.64503	377.82666	-98.21579	298.06232	55.65378	379.1143	-111.90513	298.06595	55.619873	378.67984	-113.92333	-305.2436	2026.7748	5963.212764978409	29.816063833236694
