Epoch	AverageEpRet	StdEpRet	MaxEpRet	MinEpRet	AverageTestEpRet	StdTestEpRet	MaxTestEpRet	MinTestEpRet	EpLen	TestEpLen	Time Steps	AverageQ1Vals	StdQ1Vals	MaxQ1Vals	MinQ1Vals	AverageQ2Vals	StdQ2Vals	MaxQ2Vals	MinQ2Vals	AverageQ3Vals	StdQ3Vals	MaxQ3Vals	MinQ3Vals	LossPi	LossQ	Time	AVG Time Per Epoch
1	-42.94488	4.026312	-34.6456	-55.0499	-10.655134	1.7264423	-8.641735	-14.635777	50.0	50.0	4999	-1.8179827	0.60918	-0.040751778	-5.279116	-1.8173572	0.6091099	1.4201127	-5.194369	-1.8173052	0.61117005	0.7041247	-5.2067685	1.1255227	0.12772729	19.86834716796875	19.86834955215454
2	-43.738453	3.70262	-35.535545	-52.876556	-9.5044155	4.5816474	-3.465634	-21.589018	50.0	50.0	9999	-2.9447985	0.89655656	0.16028589	-7.050939	-2.9447706	0.89700115	0.1908128	-7.287808	-2.9447348	0.8979418	0.20109487	-7.0718594	2.2355485	0.20097247	44.5804386138916	22.290220618247986
3	-9.6628	2.8494394	-2.9326973	-19.33538	-9.181077	2.016304	-5.5193715	-12.605838	50.0	50.0	14999	-4.0140805	1.2748545	0.81601703	-10.293487	-4.014078	1.2754722	0.55217296	-10.837798	-4.01388	1.2775958	0.5247046	-10.148514	3.3976781	0.3387675	70.44266891479492	23.480890432993572
4	-10.340855	3.6547544	-2.4001162	-19.318201	-8.079344	3.3287609	-3.4503849	-14.577254	50.0	50.0	19999	-4.754404	1.5453751	1.7145219	-11.518345	-4.754266	1.5459117	2.9806504	-11.405687	-4.754188	1.5476673	1.3121504	-11.656513	4.240211	0.51624334	96.79666686058044	24.199167370796204
5	-9.730172	3.4234605	-3.6011147	-21.919308	-8.545299	3.7383044	-3.6799989	-14.445588	50.0	50.0	24999	-5.425467	1.7267927	1.5616585	-13.245357	-5.4253073	1.7268126	4.75644	-13.500413	-5.4253936	1.7264266	2.0895164	-13.162747	4.9692655	0.7469752	122.93738436698914	24.587477350234984
6	-9.215589	3.8042035	-2.9052186	-25.536741	-7.1532197	3.0629003	-3.0015774	-14.649383	50.0	50.0	29999	-6.072449	1.8971885	5.252436	-14.665506	-6.072326	1.8968359	3.3704066	-14.826989	-6.072403	1.8956692	2.3484373	-14.647585	5.6494174	0.9756262	149.0133147239685	24.835552891095478
7	-9.437701	2.745243	-3.3766031	-19.494764	-7.8532934	2.4953423	-4.6268373	-13.143726	50.0	50.0	34999	-6.5810695	2.0821095	3.377161	-16.146898	-6.58094	2.082481	2.9421618	-15.491905	-6.580875	2.0821514	2.6773965	-15.781575	6.1839995	1.1286472	175.5587878227234	25.079827206475393
8	-10.27999	3.543596	-4.323167	-20.894316	-9.577311	2.962544	-5.223471	-16.130177	50.0	50.0	39999	-6.9558606	2.2435987	4.8841844	-17.660564	-6.9557157	2.2450638	2.719435	-18.099392	-6.9556804	2.2443755	3.0298653	-19.217232	6.576997	1.3300415	201.97028040885925	25.246285378932953
9	-10.228937	2.7482257	-4.058146	-23.013618	-8.309753	2.2867818	-6.0845428	-11.941411	50.0	50.0	44999	-7.200617	2.2968314	2.995965	-19.469498	-7.2005315	2.2984557	3.0925276	-18.880177	-7.200473	2.2971454	3.409586	-18.822317	6.8065033	1.5240514	227.9573473930359	25.3285944196913
10	-10.520177	2.8268976	-3.5828652	-19.060751	-11.976923	1.6524522	-8.878879	-13.340435	50.0	50.0	49999	-7.486767	2.2479713	3.5312016	-19.764135	-7.4867706	2.2496238	3.800622	-19.330194	-7.4867115	2.249183	3.6516974	-20.47168	7.0845404	1.7487168	254.21802639961243	25.421802878379822
11	-10.860734	3.0516346	-3.0368798	-26.260437	-8.588179	2.5259206	-4.455366	-11.810747	50.0	50.0	54999	-7.797572	2.2899256	4.854416	-19.913149	-7.7976036	2.2912385	3.8835077	-19.345417	-7.797484	2.2912874	6.716351	-18.999512	7.428211	1.9316195	280.4539885520935	25.495817336169157
12	-10.283246	3.2264686	-3.0090065	-19.24758	-11.7614	2.7454672	-6.7253113	-17.654362	50.0	50.0	59999	-8.131044	2.3922727	4.1336164	-20.508299	-8.130851	2.3937147	3.6682808	-19.79375	-8.130884	2.394737	6.0283318	-19.52768	7.779328	2.142775	306.6229588985443	25.551913400491078
13	-10.361156	3.808418	-2.769983	-19.864683	-11.064207	3.8732703	-4.0284147	-17.798628	50.0	50.0	64999	-8.434098	2.5104074	4.779363	-20.836058	-8.433996	2.5123377	4.5299315	-20.489586	-8.434109	2.5125804	2.736053	-20.210972	8.083886	2.3463647	332.8103973865509	25.60079998236436
14	-11.355394	5.833088	-2.5874193	-36.86392	-10.464375	4.342788	-6.060672	-20.589317	50.0	50.0	69999	-8.739976	2.57516	16.853464	-22.37466	-8.739489	2.5776038	6.983348	-22.142832	-8.739702	2.57788	5.398931	-21.273575	8.367318	2.5638626	359.0564708709717	25.646890895707266
15	-9.336272	3.5079339	-2.606987	-19.035837	-7.7489595	2.829474	-3.5096402	-12.056462	50.0	50.0	74999	-8.998562	2.6298988	4.6837373	-21.100828	-8.998299	2.6327715	4.7643795	-21.558897	-8.998379	2.6335309	4.7017837	-21.63289	8.625476	2.7867568	385.0913474559784	25.672756656010947
16	-10.124492	4.709614	-3.0149734	-40.850048	-8.139581	2.01483	-2.737162	-9.86332	50.0	50.0	79999	-9.21222	2.706039	9.83684	-21.200596	-9.211979	2.709131	6.428832	-22.221933	-9.212009	2.7082846	5.9310923	-21.295992	8.824072	3.0185962	411.3347017765045	25.708418995141983
17	-10.0943575	4.7020826	-2.2286453	-31.724129	-10.256468	4.5968843	-5.6556497	-22.476646	50.0	50.0	84999	-9.422983	2.7703173	5.508039	-21.181387	-9.42291	2.7712405	4.6757865	-21.70239	-9.422752	2.7721236	4.0722456	-22.029745	9.036438	3.2397442	437.70081996917725	25.74710718323203
18	-9.856292	3.0296445	-2.645347	-20.021524	-9.9070635	4.0120845	-6.091479	-18.554464	50.0	50.0	89999	-9.639663	2.861096	8.55974	-23.1977	-9.639704	2.8615663	6.700397	-23.27397	-9.639546	2.861142	5.6237626	-23.374945	9.250099	3.4506993	464.084947347641	25.782497180832756
19	-9.799822	3.484157	-3.627479	-21.095095	-6.111249	2.613666	-2.5250876	-10.576311	50.0	50.0	94999	-9.870901	2.9449015	11.644375	-24.229553	-9.871013	2.945943	8.218402	-24.674463	-9.871252	2.9459722	5.9901333	-25.578392	9.47473	3.7707531	490.09918880462646	25.794694247998688
20	-9.168568	2.9030793	-2.2477348	-15.555607	-7.6696978	3.673055	-0.9260434	-14.702484	50.0	50.0	99999	-10.07324	3.033575	10.039581	-25.192171	-10.073062	3.0358565	5.6057577	-26.714525	-10.073344	3.0359292	6.886501	-25.839691	9.649489	4.1531196	516.947155714035	25.84735789299011
21	-9.699804	3.604273	-3.6360643	-31.131208	-6.2926087	2.1615727	-3.4640286	-9.983086	50.0	50.0	104999	-10.181283	3.0580065	7.179375	-27.010635	-10.181287	3.0577738	4.371754	-26.156374	-10.181373	3.0576844	5.337462	-26.699648	9.763507	4.1294475	543.5959575176239	25.88552188873291
22	-9.083439	3.0056202	-2.9152098	-17.486713	-8.129007	2.7948563	-4.548478	-12.915837	50.0	50.0	109999	-10.274575	3.094017	8.879987	-25.944395	-10.274656	3.0948708	9.130187	-26.285643	-10.274625	3.0939245	6.0771832	-25.41004	9.867673	4.2682757	570.2541356086731	25.920642603527416
23	-10.235186	3.3235145	-2.3819218	-19.02309	-9.6437845	2.3575191	-6.124514	-12.504156	50.0	50.0	114999	-10.269083	3.155412	6.5273085	-27.133884	-10.26899	3.1567278	9.001785	-25.598204	-10.268839	3.1565638	6.2947936	-25.453354	9.863637	4.2593274	596.5019176006317	25.934866075930387
24	-10.746669	4.42508	-2.8950827	-28.993662	-9.478882	3.6804905	-1.6806482	-14.529713	50.0	50.0	119999	-10.234244	3.1753316	7.3303623	-27.550953	-10.234359	3.1758347	8.078498	-26.410633	-10.234231	3.1772316	7.907453	-27.157133	9.8291	4.1462846	622.5520601272583	25.939669251441956
25	-10.588949	4.619001	-2.8753922	-23.994509	-8.630092	7.3048415	-1.7168295	-26.764856	50.0	50.0	124999	-10.204113	3.1825213	9.53766	-27.290026	-10.203955	3.1821554	6.4147816	-26.826895	-10.203922	3.1845193	8.403359	-27.334644	9.806255	4.1146784	648.7124087810516	25.94849642753601
26	-11.177875	4.454301	-3.2457714	-31.205473	-9.731746	3.9277284	-2.3098955	-17.188513	50.0	50.0	129999	-10.196479	3.1646044	10.767433	-26.710701	-10.196678	3.164716	7.701453	-26.924175	-10.196324	3.1667452	10.016351	-28.14384	9.82298	4.159729	675.0060093402863	25.96176967254052
27	-10.763649	4.2286634	-2.6424208	-24.885603	-8.670819	2.1871336	-5.914938	-13.061411	50.0	50.0	134999	-10.154692	3.133272	5.698639	-27.915867	-10.15478	3.1324358	10.392029	-27.047564	-10.154613	3.1341286	7.968667	-26.949762	9.79478	4.0979943	701.1677436828613	25.969175771430688
28	-10.035374	3.8463724	-3.0550401	-18.190916	-7.9917283	4.302054	-3.4399707	-16.815804	50.0	50.0	139999	-10.114353	3.110948	6.866244	-25.779934	-10.11428	3.1114087	9.311491	-26.70839	-10.113915	3.1148486	9.701547	-27.38426	9.7632475	4.061252	727.4453926086426	25.9801926612854
29	-10.189774	3.7479393	-2.7622552	-18.083477	-10.398626	3.9787478	-5.5188246	-15.9457	50.0	50.0	144999	-10.133177	3.157528	6.9155393	-25.001696	-10.133145	3.1570318	7.869889	-25.683558	-10.132839	3.160222	9.895065	-25.832523	9.802447	4.0796146	753.7771134376526	25.992314314020092
30	-10.145858	4.20935	-2.3553357	-18.358778	-9.864318	4.183838	-2.3357012	-14.709012	50.0	50.0	149999	-10.124634	3.2051044	12.219156	-26.273146	-10.124519	3.2064855	18.318718	-25.833632	-10.124414	3.2075307	7.780315	-26.209131	9.766794	4.1508203	780.0926630496979	26.003088839848836
31	-10.209493	3.6485693	-2.576419	-18.341478	-9.37219	2.7195895	-6.754847	-16.626654	50.0	50.0	154999	-10.062943	3.2246864	7.794378	-26.031027	-10.062769	3.2258086	8.495794	-25.816076	-10.062737	3.227007	9.294689	-26.489733	9.698424	4.0906835	806.4128139019012	26.013316646698982
32	-9.437022	4.020092	-2.7908375	-28.445366	-8.216673	4.1207676	-4.8287973	-15.97567	50.0	50.0	159999	-10.005389	3.2629745	12.031595	-26.304714	-10.005437	3.263192	6.9272456	-26.662722	-10.005553	3.264417	9.463508	-26.458242	9.669606	4.018025	832.715194940567	26.022349901497364
33	-9.216505	3.3676064	-3.002993	-17.726398	-9.43261	1.7859806	-5.680837	-11.3495	50.0	50.0	164999	-9.907091	3.2800822	8.95162	-28.995262	-9.907031	3.2797666	6.313727	-29.733335	-9.907082	3.2819102	9.967197	-28.670029	9.572994	3.8767157	859.1603357791901	26.035161755301736
34	-10.254267	4.0430055	-2.5317504	-29.478119	-11.395635	3.104824	-6.0008497	-17.120047	50.0	50.0	169999	-9.815883	3.2460928	8.2872715	-28.657745	-9.815709	3.2473001	7.513894	-27.186666	-9.815772	3.2480288	11.565986	-27.601616	9.494921	3.7941532	885.3086762428284	26.038490533828735
35	-8.893391	2.714429	-3.479312	-14.576781	-9.078187	2.9569614	-3.4881876	-13.956657	50.0	50.0	174999	-9.787932	3.2545364	5.8323393	-28.067213	-9.78778	3.2549984	7.4053345	-27.603584	-9.787848	3.256149	11.024589	-27.870903	9.461573	3.8110237	911.4662299156189	26.041892344611032
36	-9.580404	2.999507	-2.5417235	-16.687208	-8.437431	2.5888364	-5.2429185	-14.013967	50.0	50.0	179999	-9.753774	3.250214	6.7947783	-27.21167	-9.75379	3.2506719	7.2582035	-27.53408	-9.75375	3.2504816	8.076811	-27.029083	9.440184	3.7617953	937.8957707881927	26.052660352653927
37	-9.844753	3.041361	-2.8063796	-20.897177	-7.583103	3.6257308	-1.9159397	-11.501009	50.0	50.0	184999	-9.702066	3.2549593	7.727014	-27.99588	-9.702065	3.255831	15.910255	-26.482552	-9.702189	3.2574594	10.284571	-26.134228	9.399954	3.7084048	964.1172707080841	26.05722359064463
38	-8.734251	2.8064191	-2.4425364	-15.462263	-8.262876	2.71253	-4.001606	-14.0962	50.0	50.0	189999	-9.64518	3.2536666	9.693143	-27.395927	-9.645173	3.2547002	9.91851	-29.703362	-9.645309	3.2541213	14.137213	-26.438	9.354793	3.6406171	990.2132043838501	26.05824227082102
39	-9.74712	3.103834	-2.8292327	-18.670193	-6.7903547	3.533859	-1.5579035	-12.284921	50.0	50.0	194999	-9.616093	3.2508564	5.5496664	-27.294266	-9.616037	3.2528458	12.02056	-28.098227	-9.616259	3.2522829	7.3921657	-26.42544	9.3213415	3.6038504	1016.2377688884735	26.057378744467712
40	-9.128354	3.1422637	-3.299953	-18.223705	-10.373351	2.4434884	-6.1735325	-15.50243	50.0	50.0	199999	-9.562506	3.2596378	5.9035034	-27.235067	-9.56256	3.2606995	11.131868	-27.860672	-9.562429	3.2620459	13.46464	-25.915974	9.279105	3.576377	1042.3667986392975	26.05917000770569
41	-10.1297865	3.7901359	-3.613945	-24.643507	-8.796588	2.8923244	-3.488259	-14.69196	50.0	50.0	204999	-9.502531	3.249568	11.260192	-27.35933	-9.502727	3.2513506	10.000572	-27.541124	-9.502648	3.2511628	11.19103	-27.16029	9.22793	3.633917	1068.5949416160583	26.063291311264038
42	-9.315325	3.601385	-1.6916436	-19.336569	-8.28848	4.434938	-2.2778494	-18.611977	50.0	50.0	209999	-9.42765	3.241146	10.285749	-26.781994	-9.427527	3.2416496	6.7985334	-27.871223	-9.427626	3.2415998	7.779043	-26.501179	9.145385	3.5508864	1094.6828627586365	26.0638777301425
43	-10.767986	5.436565	-3.0746536	-49.484867	-8.840174	4.062738	-3.3233385	-15.673789	50.0	50.0	214999	-9.417306	3.1952899	11.292672	-30.233051	-9.417352	3.196618	13.84752	-28.886793	-9.417309	3.196785	6.2142215	-29.37814	9.151196	3.646496	1121.0072894096375	26.06993700737177
44	-10.047468	3.5707831	-2.9855645	-18.14483	-7.719073	3.2470746	-4.3703303	-13.104481	50.0	50.0	219999	-9.384097	3.1984072	9.953085	-30.03469	-9.383969	3.2010424	8.19133	-30.543325	-9.38418	3.1996908	7.752322	-31.490507	9.115275	3.5209477	1147.3618433475494	26.076405579393562
45	-10.000468	3.8266418	-2.6281188	-18.385757	-9.10689	2.3736987	-4.7639327	-12.366341	50.0	50.0	224999	-9.343641	3.1997333	12.739991	-30.48387	-9.343585	3.2010329	12.866058	-30.523876	-9.343655	3.2017903	12.3752365	-29.769815	9.088434	3.5089602	1173.781905412674	26.08404239018758
46	-10.114237	4.1170893	-2.6883488	-18.209152	-7.2479463	3.1434774	-2.4148967	-11.606094	50.0	50.0	229999	-9.307903	3.182893	9.101381	-33.74299	-9.307809	3.1849475	8.4883795	-31.831799	-9.308041	3.1845117	12.962718	-30.912157	9.046142	3.510922	1200.148716211319	26.090189529501874
47	-9.690094	3.7799692	-2.2801244	-18.444088	-12.210292	4.1002874	-4.8911667	-17.546564	50.0	50.0	234999	-9.284211	3.2131157	8.482919	-29.553408	-9.284202	3.2136352	10.241651	-30.600702	-9.284322	3.2151632	12.606606	-29.215624	9.042058	3.4847949	1226.245811700821	26.09033645974829
48	-10.132058	3.5413344	-2.8695261	-17.734093	-10.0897255	2.9864967	-4.4470987	-15.986335	50.0	50.0	239999	-9.256801	3.2099123	17.296	-29.549473	-9.256743	3.2108715	7.31796	-29.947935	-9.256893	3.2114024	10.744137	-31.260202	9.006165	3.4902093	1252.3887555599213	26.091432442267735
49	-9.847629	3.5851674	-2.7384229	-18.837439	-9.417813	4.02211	-3.9931362	-15.41123	50.0	50.0	244999	-9.226677	3.214429	7.797671	-29.28786	-9.226632	3.2168572	12.549699	-30.311089	-9.226533	3.2171185	11.346083	-29.311022	8.972289	3.424861	1278.6663858890533	26.09523240887389
50	-9.825098	3.6801736	-2.326826	-17.84054	-8.038744	3.2723927	-3.8076313	-14.124374	50.0	50.0	249999	-9.172532	3.191073	13.554319	-28.054361	-9.172617	3.1909955	9.020878	-30.183762	-9.172474	3.1918926	9.019326	-27.666168	8.905428	3.3686652	1304.7787070274353	26.095574173927307
51	-9.958074	3.241911	-3.1925337	-17.156889	-8.613276	6.5830407	-1.1716348	-18.439463	50.0	50.0	254999	-9.110527	3.1498408	9.794708	-28.060131	-9.110388	3.1509407	9.479562	-29.040623	-9.110603	3.1510704	11.746899	-27.670134	8.864873	3.3831625	1330.9994764328003	26.098028987061742
52	-10.373709	3.5037773	-3.8617404	-17.821308	-9.10137	4.287869	-1.0760987	-14.156677	50.0	50.0	259999	-9.065717	3.1107244	8.848918	-27.835718	-9.065814	3.1116223	9.49969	-27.624546	-9.065516	3.1127627	7.567601	-27.445982	8.827362	3.3062155	1357.1723818778992	26.099468918947075
53	-10.0501175	3.8011515	-2.627029	-18.883942	-8.19058	2.9403493	-4.251816	-13.154198	50.0	50.0	264999	-9.025489	3.082706	11.437649	-28.034515	-9.025545	3.0833445	10.087218	-29.23966	-9.025354	3.0844646	9.692284	-27.592018	8.785681	3.2751288	1383.2014288902283	26.098140212724793
54	-10.473149	3.6132238	-2.8885627	-17.58485	-8.135469	2.552996	-3.7786436	-12.937323	50.0	50.0	269999	-8.991355	3.0601475	16.977938	-26.990902	-8.991395	3.060437	7.539575	-27.37249	-8.991288	3.0612803	13.759745	-27.666515	8.752844	3.2023606	1409.2300207614899	26.096852271645158
55	-9.755377	3.4037564	-2.4785848	-17.6743	-7.7707872	3.2562644	-3.6182923	-13.909999	50.0	50.0	274999	-8.946955	3.043449	12.649364	-26.977896	-8.946851	3.0436277	10.702501	-26.720346	-8.946686	3.0443099	9.46604	-27.648447	8.710792	3.1904724	1435.3791842460632	26.097803380272605
56	-10.059639	3.839763	-2.4526415	-18.125154	-9.523264	2.4560764	-4.6740203	-14.217138	50.0	50.0	279999	-8.901171	3.0538142	15.911453	-26.23213	-8.901345	3.053637	7.6941366	-29.480751	-8.901349	3.0546324	14.961344	-26.709791	8.663452	3.1902728	1461.263023853302	26.09398260286876
57	-9.722933	3.6770747	-2.0878637	-17.849958	-10.314232	3.8470514	-4.869702	-16.089874	50.0	50.0	284999	-8.83876	3.0629032	18.80709	-26.960825	-8.838797	3.064451	11.962414	-26.62586	-8.838748	3.0637739	8.71496	-27.051565	8.613223	3.1308393	1487.190078496933	26.091054037997598
58	-10.020061	3.1442394	-2.835394	-20.305271	-6.6976724	3.1220698	-1.8681576	-13.771618	50.0	50.0	289999	-8.792037	3.098844	13.745119	-27.56071	-8.791923	3.1002116	11.1935425	-28.715508	-8.791953	3.100673	11.50261	-27.733183	8.568298	3.121014	1513.3885419368744	26.092905932459338
59	-10.139282	3.7143896	-2.9072535	-19.320047	-8.674988	3.3928728	-2.4390233	-15.239204	50.0	50.0	294999	-8.732251	3.1157122	11.937654	-27.349081	-8.732334	3.1170065	11.341938	-26.805437	-8.732261	3.117089	10.285549	-27.626245	8.503935	3.0726855	1539.5510261058807	26.09408522056321
60	-9.936239	3.573467	-1.8970664	-19.638329	-7.8768654	2.6115623	-3.7741208	-12.253286	50.0	50.0	299999	-8.700403	3.0957613	13.645138	-28.788359	-8.700562	3.0952795	6.218487	-28.426764	-8.700447	3.0969226	17.23002	-27.73297	8.478831	3.0048878	1565.8837461471558	26.09806246360143
61	-9.983318	3.4694288	-3.3768225	-18.399155	-7.403955	3.0035133	-3.2968912	-13.446646	50.0	50.0	304999	-8.660884	3.094421	9.382923	-29.151468	-8.660786	3.0960126	6.887183	-29.339165	-8.66076	3.094891	6.6484003	-27.791252	8.4258	3.0875065	1592.1998925209045	26.10163761357792
62	-10.3375025	3.9348507	-3.7093465	-18.928705	-9.1525545	4.9057446	-0.8108447	-16.772308	50.0	50.0	309999	-8.635836	3.0959318	11.513692	-27.856668	-8.635809	3.0967968	15.982204	-27.596592	-8.635852	3.0970259	10.378401	-26.898485	8.405046	2.9914746	1618.741112947464	26.10872765510313
63	-9.731948	3.972146	-2.7290108	-19.51919	-6.7255526	3.3174756	-2.2404099	-12.244825	50.0	50.0	314999	-8.694217	3.1824615	11.227485	-31.216648	-8.694149	3.183312	9.856684	-29.562283	-8.693789	3.1833348	9.223441	-28.930794	8.427011	3.1582637	1644.6797878742218	26.10602840923128
64	-10.184781	3.79715	-2.2836366	-19.254948	-6.799465	4.571057	-2.2116551	-17.0241	50.0	50.0	319999	-8.748227	3.3099134	12.864218	-28.008173	-8.748319	3.3099275	10.181005	-28.173204	-8.748278	3.3109517	11.516478	-27.6727	8.500544	3.3004692	1671.0787291526794	26.11060517653823
65	-9.501608	3.5207849	-2.893878	-18.050808	-6.7926993	3.9468913	-2.4058125	-14.721987	50.0	50.0	324999	-8.687616	3.2859075	10.957897	-28.634853	-8.6875	3.2864895	9.138487	-29.77804	-8.687442	3.287066	11.107823	-29.577654	8.439281	3.2254686	1697.143161058426	26.109894818526048
66	-10.623589	3.9608757	-2.6908097	-19.00404	-9.958832	4.1867104	-5.3099174	-17.390133	50.0	50.0	329999	-8.614955	3.2677917	10.415608	-30.62272	-8.614933	3.2696316	13.322157	-30.916893	-8.614834	3.2689078	10.300196	-29.304554	8.393361	3.1509182	1723.0997250080109	26.10757161992969
67	-9.941617	3.923764	-2.5112293	-19.649532	-8.435358	4.5059423	-3.6125684	-16.760405	50.0	50.0	334999	-8.536704	3.2420824	21.62655	-30.760675	-8.536854	3.243723	13.88526	-31.28737	-8.536696	3.2427435	14.894548	-31.082413	8.319401	3.113337	1749.1352314949036	26.106496017370652
68	-10.377808	3.6211946	-3.9495091	-19.105894	-6.72045	4.882816	-2.118692	-16.826551	50.0	50.0	339999	-8.470658	3.191156	9.137655	-27.817045	-8.470821	3.1916645	16.36199	-28.765965	-8.470627	3.19198	9.811116	-28.793955	8.23842	3.0537286	1775.371191740036	26.108399906579187
69	-9.560044	3.2879107	-2.8831825	-18.825869	-8.039295	3.809208	-2.7104409	-17.19557	50.0	50.0	344999	-8.403343	3.1337898	7.638902	-26.759373	-8.403316	3.1343918	11.521686	-27.979267	-8.403232	3.1346028	16.117235	-27.534472	8.184899	2.9146626	1801.5122003555298	26.108872496563457
70	-10.407506	3.4646995	-3.241071	-19.10752	-11.136383	3.5120947	-4.992285	-17.74228	50.0	50.0	349999	-8.344712	3.1249409	9.230256	-28.248499	-8.344629	3.126293	11.701455	-27.272264	-8.344806	3.1263926	11.1148	-26.416563	8.112328	2.8597457	1827.7458853721619	26.110655532564436
71	-10.629064	3.7312772	-1.829156	-20.085384	-8.932746	4.0868144	-2.406282	-16.935322	50.0	50.0	354999	-8.310212	3.1122093	7.49045	-26.570557	-8.310316	3.11248	11.811111	-27.003887	-8.310222	3.1128123	15.282257	-27.042698	8.108256	2.8921597	1854.028554201126	26.113078258406947
72	-10.603699	3.649506	-3.0129967	-20.166447	-11.641544	4.234987	-5.593936	-18.790804	50.0	50.0	359999	-8.263278	3.0749924	10.261564	-26.825344	-8.263211	3.0753865	11.652882	-26.946022	-8.263233	3.0764725	12.990425	-26.088768	8.04958	2.8012223	1880.12384390831	26.112831188572777
73	-10.735368	3.9009578	-2.82882	-19.901148	-8.19337	2.702447	-3.7178373	-13.004736	50.0	50.0	364999	-8.221634	3.0558453	22.185349	-28.372766	-8.221626	3.0568812	7.2939734	-28.876944	-8.221636	3.0553358	10.831996	-28.654482	8.012605	2.7931893	1906.4104430675507	26.11521157499862
74	-10.421392	3.4154959	-2.2928166	-18.605927	-6.548341	3.2286582	-2.8353558	-11.648844	50.0	50.0	369999	-8.177517	3.047985	10.875429	-26.784395	-8.177468	3.0491579	11.660433	-27.287647	-8.177672	3.049376	22.48095	-28.232037	7.973795	2.742978	1932.6637761592865	26.117078085203428
75	-10.64317	3.5138054	-4.020376	-19.177633	-7.7516913	4.0216684	-1.7360111	-15.689928	50.0	50.0	374999	-8.166072	3.0586553	16.123337	-29.014858	-8.166044	3.05978	8.348735	-29.997158	-8.16597	3.059028	9.387733	-27.73512	7.9782495	2.7346716	1958.8809370994568	26.118412523269654
76	-9.906335	3.9833593	-2.6292508	-19.498114	-8.242545	2.4352376	-4.0934916	-12.150289	50.0	50.0	379999	-8.154743	3.0603366	6.2395444	-27.857695	-8.154731	3.0622313	24.098383	-26.910023	-8.154804	3.06281	12.538922	-28.899214	7.9637275	2.7041047	1985.1249413490295	26.12006504284708
77	-10.461839	3.5466402	-2.3436415	-18.592564	-7.894118	4.0175915	-1.3489555	-17.319277	50.0	50.0	384999	-8.109979	3.034379	14.461913	-28.414892	-8.11013	3.0351033	8.873014	-27.697289	-8.110089	3.0360768	11.927311	-27.01062	7.8978033	2.7206135	2011.2100188732147	26.119610659487837
78	-10.397996	3.413553	-2.6349452	-19.450905	-7.7454453	3.8407147	-1.3837442	-15.138359	50.0	50.0	389999	-8.082195	3.0051033	10.40518	-28.463308	-8.082093	3.0065613	11.384166	-28.500967	-8.082018	3.0064142	8.288691	-26.366772	7.868412	2.6210155	2037.0706312656403	26.116290165827824
79	-10.44744	4.222	-1.5571437	-24.184258	-9.316369	3.6207604	-2.7686172	-15.647115	50.0	50.0	394999	-8.052057	2.9789646	9.503647	-27.519125	-8.052084	2.9799204	11.236543	-26.737972	-8.052027	2.9796262	9.435891	-26.846148	7.870009	2.6426198	2063.130442380905	26.11557524717307
80	-10.419908	3.1216357	-4.671295	-18.975428	-7.661181	2.9650595	-2.5945516	-10.993172	50.0	50.0	399999	-8.026868	2.9766393	25.814716	-27.411827	-8.026839	2.9763875	12.2470455	-26.824043	-8.026717	2.9773798	12.110719	-26.732086	7.830332	2.610865	2089.2724511623383	26.115905663371088
81	-10.309889	3.4532309	-2.798191	-18.619764	-9.01249	4.575039	-2.2565103	-16.52951	50.0	50.0	404999	-8.026533	2.9755738	21.270777	-26.397377	-8.026656	2.9756818	8.569676	-27.157326	-8.026529	2.9762266	9.117298	-26.307173	7.8383656	2.5999286	2115.3875460624695	26.11589565394837
82	-10.101723	3.3939767	-2.3956833	-18.148674	-10.146501	2.631863	-7.130941	-16.223223	50.0	50.0	409999	-8.001155	2.9612775	7.1800337	-26.885155	-8.001297	2.9631865	18.582956	-25.91601	-8.001216	2.9624033	16.993944	-27.103928	7.8101144	2.5990453	2141.6543464660645	26.11773595577333
83	-10.23379	3.8149173	-2.377682	-18.444584	-9.40951	4.0709934	-3.959946	-17.42978	50.0	50.0	414999	-7.9846883	2.9507575	7.4763846	-25.764263	-7.984711	2.9516191	16.674349	-28.911999	-7.9846473	2.95207	9.324393	-25.890663	7.804343	2.5552742	2167.768163919449	26.117688744901173
84	-10.281979	3.6406696	-2.939424	-19.83445	-10.585977	2.7620044	-5.1478686	-16.433723	50.0	50.0	419999	-7.9818907	2.968486	13.165084	-26.842556	-7.981838	2.9695508	13.843376	-29.26524	-7.982065	2.9690342	14.269998	-25.79234	7.7941923	2.5491352	2194.0298273563385	26.11940273500624
85	-10.37333	3.535981	-3.0302691	-17.915888	-8.967005	3.4988458	-1.8027172	-15.590429	50.0	50.0	424999	-7.9846907	2.9838877	13.095217	-30.451485	-7.9844413	2.9859807	9.18287	-28.16032	-7.9844775	2.9852936	14.433258	-27.368776	7.796477	2.5682516	2220.55743765831	26.124205174165613
86	-10.434822	3.4461577	-3.0304735	-18.964718	-8.643888	3.513341	-4.246486	-15.490945	50.0	50.0	429999	-7.989794	2.997147	13.047422	-25.91767	-7.989736	2.998347	10.713428	-27.819216	-7.9897804	2.998309	14.69926	-26.057428	7.8122444	2.5542397	2246.57741522789	26.122993219730464
87	-10.531407	3.557076	-3.065298	-21.777542	-10.201235	4.819	-3.8827403	-16.88588	50.0	50.0	434999	-7.977547	3.008915	10.932637	-30.53833	-7.977681	3.009893	13.885718	-30.428625	-7.9776173	3.0105023	9.323442	-29.764734	7.793316	2.5634737	2272.7514419555664	26.123579814516265
88	-10.161868	3.9696732	-3.0605917	-20.216064	-9.078186	4.260205	-2.0561838	-17.28132	50.0	50.0	439999	-7.947773	3.026695	8.551787	-29.20621	-7.947758	3.0278149	11.187983	-30.350218	-7.947821	3.027573	8.972203	-29.282444	7.7516136	2.5671327	2298.919170856476	26.124081505970523
89	-10.425995	3.5627422	-3.6396637	-22.023645	-10.023059	2.9746976	-3.286715	-14.62386	50.0	50.0	444999	-7.92469	3.0575097	11.790882	-27.42053	-7.924684	3.0583904	10.687891	-28.302322	-7.9248214	3.0585895	9.795629	-27.010662	7.740595	2.5306976	2325.1385791301727	26.125152598606068
90	-10.65263	3.9272225	-2.0990655	-18.244308	-11.400325	2.9304097	-7.3941784	-16.845432	50.0	50.0	449999	-7.9348254	3.066709	11.535557	-28.733969	-7.9349003	3.067396	10.061904	-27.501062	-7.934721	3.0675356	7.440357	-27.039566	7.7460847	2.552509	2351.1393065452576	26.123770091268753
91	-11.029043	3.6436756	-3.0328944	-20.023882	-9.58768	2.3585427	-4.1577277	-11.915688	50.0	50.0	454999	-7.924799	3.032189	10.128913	-27.63218	-7.9247174	3.0335233	10.245837	-29.826395	-7.924732	3.0339541	7.006256	-27.896059	7.7510667	2.6226866	2377.109035015106	26.122077334058154
92	-10.775906	3.4747443	-3.848072	-19.00768	-6.8440933	3.541275	-1.2660832	-12.582873	50.0	50.0	459999	-7.9283323	3.0090675	10.907804	-30.204123	-7.9285383	3.0100963	8.611723	-33.306255	-7.9285307	3.0103106	11.599702	-31.397795	7.7430696	2.5271301	2403.2869868278503	26.1226846575737
93	-10.751261	3.5023267	-3.281653	-18.615778	-7.365758	4.6609793	-1.388725	-13.384047	50.0	50.0	464999	-7.9299316	3.0077085	7.6830807	-28.22311	-7.929987	3.0092194	12.218525	-28.426138	-7.9298825	3.0095737	12.814755	-30.038471	7.777479	2.5523574	2429.338807106018	26.121922677563084
94	-11.329654	3.5609317	-3.2479193	-19.979023	-9.144564	4.9256463	-2.3814123	-16.902721	50.0	50.0	469999	-7.93566	3.0402431	19.12613	-28.607908	-7.9357543	3.0408623	12.638209	-26.787117	-7.9356585	3.0407052	11.492655	-27.473316	7.7473845	2.5319083	2455.2909092903137	26.120116076570877
95	-10.539857	3.8029294	-2.9639442	-20.736784	-8.620958	3.4204092	-3.362233	-12.677584	50.0	50.0	474999	-7.917738	3.0381818	11.398905	-30.541773	-7.917468	3.0394113	13.216323	-33.55019	-7.9177175	3.0399702	12.725827	-29.43955	7.7498612	2.5699232	2481.48353767395	26.12087936652334
96	-10.855251	3.6820197	-2.861835	-17.76276	-10.795897	4.212989	-2.495873	-16.769156	50.0	50.0	479999	-7.872163	3.0057416	16.098486	-29.829859	-7.872272	3.0057306	8.4269285	-28.52132	-7.872196	3.0063033	9.506684	-27.256674	7.6986914	2.4650035	2507.483092069626	26.119615559776623
97	-11.1845045	3.9461372	-2.8177943	-19.439375	-11.625458	3.5335984	-7.0627365	-18.77341	50.0	50.0	484999	-7.8496966	2.9983351	16.555813	-29.478853	-7.8496346	2.9988818	8.871175	-29.382952	-7.8494887	2.9987483	11.610525	-32.185772	7.6847854	2.4848242	2533.7941467761993	26.121589164143984
98	-11.188607	3.6386132	-2.7054188	-20.420797	-10.290401	3.2836528	-2.1970692	-13.671647	50.0	50.0	489999	-7.8338275	2.9994915	10.55058	-27.231112	-7.8339314	3.0000594	15.133511	-27.292593	-7.833679	3.001224	25.258987	-27.559889	7.6739564	2.4131594	2560.044689178467	26.122905008646907
99	-11.311921	3.7209985	-3.393874	-20.120617	-9.315084	3.4948807	-4.0474668	-17.526714	50.0	50.0	494999	-7.7909007	3.0085156	10.784156	-28.149857	-7.790912	3.0095212	14.373804	-30.060326	-7.7907014	3.0099702	11.211147	-29.595198	7.6398234	2.4365964	2586.1772890090942	26.123002938549927
100	-11.002415	4.2770886	-3.019963	-20.486479	-6.850702	2.951885	-2.5272863	-11.427726	50.0	50.0	499999	-7.7593064	3.0073848	11.280298	-27.567991	-7.7592	3.007361	11.354033	-28.196651	-7.7592077	3.008127	11.184531	-27.545626	7.6029806	2.3513887	2612.3100125789642	26.123100147247314
101	-11.164386	3.5484548	-3.2900815	-21.714272	-10.993574	4.653619	-3.2916865	-18.13963	50.0	50.0	504999	-7.7396426	2.9735024	14.775677	-27.195646	-7.739602	2.973336	16.945278	-27.323507	-7.7394805	2.9743655	13.637156	-26.993147	7.593273	2.3092968	2638.387830018997	26.12265180361153
102	-11.408943	4.0627937	-2.4991374	-19.683334	-9.314243	2.9428551	-3.7311673	-15.565322	50.0	50.0	509999	-7.7289195	2.9516492	20.543585	-29.36319	-7.7289224	2.9519486	11.002778	-28.425125	-7.7289653	2.9530373	25.13934	-29.281788	7.5740476	2.32816	2664.5517160892487	26.123056061127606
103	-10.788391	3.8109992	-3.2693312	-19.141518	-7.189232	3.8687618	-2.4480371	-13.797489	50.0	50.0	514999	-7.7222824	2.9600372	12.883201	-28.355677	-7.722199	2.960637	10.8638315	-29.09342	-7.7220635	2.9615033	13.5521755	-27.703953	7.5665984	2.3333483	2690.68200135231	26.12312624755415
104	-10.399528	3.900001	-3.1739216	-18.153929	-9.6310625	4.6833334	-3.0800302	-15.885387	50.0	50.0	519999	-7.7253647	2.9601686	12.057537	-31.228693	-7.7256203	2.9612508	18.554358	-30.127653	-7.725459	2.9618936	8.872209	-30.138474	7.5784707	2.3012145	2716.75057220459	26.12260167644574
105	-10.633739	3.7273543	-3.4475405	-18.214987	-10.749685	3.506532	-3.728582	-16.446228	50.0	50.0	524999	-7.714423	2.9507375	15.215628	-29.581198	-7.714374	2.952417	10.361189	-28.5474	-7.714382	2.95235	7.533718	-29.25449	7.5634947	2.321677	2742.8615407943726	26.122490885144188
106	-11.337716	4.2424603	-3.3837707	-19.82061	-9.001894	4.355439	-2.212409	-14.879574	50.0	50.0	529999	-7.7147555	2.948408	19.169357	-27.902105	-7.714737	2.9480488	8.826947	-28.341146	-7.714898	2.9483843	17.180912	-30.484333	7.574899	2.31259	2769.175417661667	26.12429641327768
107	-10.483029	3.857313	-3.533054	-22.187986	-8.527806	4.313305	-1.6370689	-16.199476	50.0	50.0	534999	-7.7139387	2.952297	18.546352	-30.308756	-7.713934	2.953005	11.189125	-28.152	-7.7139564	2.952622	6.8046064	-29.24361	7.5748296	2.293046	2795.3809938430786	26.12505603282251
108	-11.090595	3.9886036	-3.2443368	-22.63843	-9.568158	3.291083	-2.4064922	-15.649803	50.0	50.0	539999	-7.7222977	2.9595	9.51057	-28.358917	-7.722422	2.9594574	19.016413	-30.738571	-7.722259	2.9608927	14.849636	-29.759151	7.573089	2.2775135	2821.458923816681	26.124619682629902
109	-10.948911	3.8146107	-2.5621133	-18.701748	-10.2381735	4.159946	-3.3876097	-17.262465	50.0	50.0	544999	-7.755794	2.98365	10.575271	-32.883682	-7.755979	2.9837813	12.460919	-31.04749	-7.755996	2.9843636	9.749599	-29.750618	7.599839	2.2729948	2847.4085619449615	26.1230143472689
110	-9.405524	3.250653	-2.305712	-19.429205	-10.860848	3.0010676	-5.3528132	-15.366812	50.0	50.0	549999	-7.772692	2.9819489	11.26541	-30.372934	-7.772862	2.9827027	10.387649	-33.158978	-7.772809	2.9831555	15.367992	-30.709705	7.6244593	2.327428	2873.379348039627	26.1216304583983
111	-11.32676	4.166974	-2.8193498	-19.98954	-9.870099	4.3893676	-3.7152734	-15.630478	50.0	50.0	554999	-7.800212	3.0150797	11.151455	-31.847733	-7.800174	3.0168695	8.24872	-31.468988	-7.800199	3.0164287	10.421709	-33.71695	7.6555634	2.340436	2899.5168347358704	26.121773303092063
112	-11.4999695	4.209144	-2.3170965	-19.433895	-10.919084	3.0647638	-6.3877926	-16.717793	50.0	50.0	559999	-7.7972016	3.0205252	9.215733	-32.495903	-7.797332	3.0215337	18.634502	-33.594547	-7.7971897	3.0217044	12.095684	-33.655518	7.6499953	2.3387027	2925.387501478195	26.11953128022807
113	-10.783893	3.7218215	-2.8452063	-19.640257	-8.531992	3.424926	-3.5735946	-14.335003	50.0	50.0	564999	-7.7734194	3.014605	5.6096334	-31.193327	-7.7733507	3.0156174	8.89271	-30.68118	-7.773425	3.0152786	11.720674	-30.72956	7.619924	2.3462055	2951.3046844005585	26.117740584685738
114	-11.053214	3.5604053	-4.1591344	-20.599688	-9.572952	4.0373683	-2.0469043	-16.581503	50.0	50.0	569999	-7.7827654	3.0069802	13.439858	-30.659714	-7.7829623	3.0063932	15.678129	-33.309856	-7.7826705	3.007435	12.728579	-30.178457	7.628448	2.3218007	2977.5543298721313	26.11889764509703
115	-11.268911	3.9977374	-3.4044468	-19.992981	-9.866491	4.659922	-2.148365	-18.51733	50.0	50.0	574999	-7.791642	2.98836	11.861906	-31.099012	-7.7918606	2.9887228	17.414871	-32.548553	-7.7915845	2.9901624	23.623964	-31.065136	7.6333566	2.3681424	3003.694029569626	26.119078536655593
116	-10.305744	3.6685238	-3.1874998	-19.134974	-8.8520975	2.9597445	-3.5855894	-15.160354	50.0	50.0	579999	-7.77071	2.9757502	39.735462	-30.279615	-7.77056	2.97491	8.162534	-31.238207	-7.7706213	2.9759057	10.827106	-28.13205	7.6173363	2.3311877	3030.01398563385	26.120810235368793
117	-10.928126	3.9422333	-2.5531125	-18.918335	-9.123893	5.0048738	-2.5518422	-15.801958	50.0	50.0	584999	-7.757912	2.9630768	13.132019	-27.222519	-7.7582393	2.9628127	11.702613	-29.352623	-7.7581077	2.9641812	15.427643	-27.579144	7.624022	2.2811656	3056.0888941287994	26.120417916876637
118	-10.909898	3.5274541	-3.4916897	-18.838451	-8.625594	3.6380284	-4.403977	-15.477843	50.0	50.0	589999	-7.737712	2.9753819	12.061447	-31.596346	-7.737723	2.975926	15.444257	-30.12286	-7.7374086	2.9769576	12.744731	-28.35537	7.585891	2.2652776	3082.1051337718964	26.11953505014969
119	-10.285986	3.7861185	-2.7665524	-19.163277	-10.404169	4.8525343	-3.8321888	-17.290714	50.0	50.0	594999	-7.742936	2.9925663	17.126358	-32.770493	-7.742831	2.9931679	10.700306	-33.153984	-7.7429347	2.9929106	18.693247	-32.885765	7.5931234	2.2439497	3108.1259520053864	26.118705493061483
120	-10.473227	3.880832	-3.5353231	-19.661871	-9.464473	5.248575	-2.466983	-17.521395	50.0	50.0	599999	-7.7271504	3.011976	19.44323	-30.941368	-7.7271523	3.0122647	11.213367	-28.920841	-7.7271605	3.0131946	14.893353	-31.64682	7.5803614	2.2968197	3134.093051671982	26.117442113161086
121	-10.754146	3.5365388	-4.0364313	-19.487747	-7.9007196	3.7802217	-3.648027	-13.492105	50.0	50.0	604999	-7.721672	3.0155675	8.074936	-26.497234	-7.7215924	3.0163505	7.5144677	-25.729706	-7.7215457	3.0167902	13.998745	-26.000193	7.5900016	2.2348983	3160.1343216896057	26.116812591710367
122	-11.265455	4.5294495	-2.8472743	-20.690384	-8.744506	4.122248	-2.92162	-15.964957	50.0	50.0	609999	-7.719819	3.017695	15.310327	-27.661741	-7.719919	3.0185268	20.438042	-25.25846	-7.7197375	3.0182393	14.229052	-25.326477	7.5721903	2.2600212	3186.2533345222473	26.116830626472098
123	-11.315177	4.6861687	-3.369117	-22.36854	-11.359516	3.7520773	-8.541533	-17.461746	50.0	50.0	614999	-7.706539	3.0235045	7.386091	-28.661076	-7.706555	3.0239584	11.081129	-32.04273	-7.7065926	3.0251076	23.860222	-33.0549	7.571328	2.237123	3212.2148048877716	26.115567534919677
124	-11.546601	4.1372547	-4.310232	-21.599113	-9.704263	3.459397	-2.0004263	-14.883397	50.0	50.0	619999	-7.713617	3.0333192	10.275048	-30.041544	-7.713645	3.033811	12.661861	-32.925865	-7.7134333	3.0344737	16.437094	-30.02828	7.56609	2.2448843	3238.553449869156	26.117366546584712
125	-10.945393	3.660814	-3.0045052	-19.992504	-7.3185325	3.1990497	-2.6132429	-12.237211	50.0	50.0	624999	-7.693783	3.036157	8.408084	-27.783096	-7.6937003	3.0373313	9.4038925	-30.381496	-7.693555	3.0375216	18.111902	-27.714245	7.552314	2.2461815	3264.7192707061768	26.117754182815553
126	-11.085433	3.8369331	-3.0403688	-20.066965	-8.269488	3.2293403	-1.2799821	-14.489682	50.0	50.0	629999	-7.6889315	3.0145278	16.8781	-26.319683	-7.6890664	3.0138793	8.473316	-26.953007	-7.689097	3.0144203	11.798639	-28.574167	7.546866	2.23278	3290.996520280838	26.119020017366562
127	-10.223584	4.1561494	-2.7166042	-21.482143	-9.122892	2.8281245	-4.524706	-15.173615	50.0	50.0	634999	-7.689835	3.006449	10.883116	-27.455086	-7.6900697	3.006736	20.962795	-27.046349	-7.6898384	3.0064223	14.603334	-26.322262	7.5461297	2.201309	3316.9402933120728	26.117640121715276
128	-10.829495	5.0865817	-2.4223418	-30.085602	-9.661185	3.4633183	-3.6958866	-15.783373	50.0	50.0	639999	-7.689413	3.0197644	8.867498	-28.61375	-7.689248	3.021192	25.963095	-30.044641	-7.6893697	3.0203547	14.532402	-29.212309	7.5648828	2.2237265	3343.169406414032	26.118511002510786
129	-11.1945	3.981233	-3.5433924	-20.878054	-9.656361	4.3086605	-3.4907842	-16.682173	50.0	50.0	644999	-7.6668925	2.9987218	11.0962715	-27.766193	-7.6670365	2.9993165	12.840584	-27.197046	-7.6669745	2.999271	14.195714	-29.836899	7.5282235	2.2213006	3369.377566099167	26.11920595353888
130	-10.25926	3.5623074	-3.1593935	-17.780275	-10.045529	3.954314	-3.2084854	-15.996933	50.0	50.0	649999	-7.68218	2.9953778	7.372851	-31.299452	-7.6823454	2.9968638	12.341135	-33.566044	-7.682152	2.9973397	10.523381	-30.246456	7.5380692	2.2415473	3395.303666114807	26.117720525081342
131	-10.979029	3.3905144	-3.2939706	-17.665285	-9.551823	3.7884376	-1.888984	-14.589702	50.0	50.0	654999	-7.671962	2.983936	11.21283	-29.407423	-7.6723204	2.9838083	16.359404	-27.758835	-7.6721244	2.9837782	8.351	-26.920055	7.544171	2.1930852	3421.6523883342743	26.11948389679421
132	-11.081715	4.031771	-3.9305923	-20.165348	-8.631134	4.0802155	-1.5224847	-17.32755	50.0	50.0	659999	-7.6786304	2.9889693	10.656997	-28.298796	-7.678462	2.9901783	10.420195	-30.895563	-7.6786933	2.9892795	9.629266	-28.85701	7.546492	2.2049172	3447.751206636429	26.119327339259062
133	-10.208267	3.949287	-3.6246378	-20.405472	-10.361592	3.9219725	-4.7118053	-16.241758	50.0	50.0	664999	-7.711893	3.0062616	5.816652	-32.6574	-7.711994	3.007102	9.207313	-32.817604	-7.711905	3.007606	9.445875	-33.314533	7.5842714	2.2045498	3474.168716907501	26.121569312604745
134	-10.498351	3.660537	-3.106036	-17.946491	-8.880655	3.1797116	-3.36479	-12.963737	50.0	50.0	669999	-7.727233	3.0005908	8.327559	-33.555565	-7.7269516	3.0013065	7.134696	-36.454422	-7.727147	3.0019507	12.940828	-34.85722	7.6035113	2.20078	3500.5062494277954	26.123180980113016
135	-10.6284	3.4004316	-3.0542488	-19.014233	-9.27418	4.1100516	-1.7419727	-17.161964	50.0	50.0	674999	-7.7503996	3.0198054	9.959324	-27.302671	-7.750519	3.0197072	9.5695	-28.365318	-7.7504215	3.0199394	9.875388	-27.849613	7.615096	2.2355077	3526.5249152183533	26.122406791757655
136	-10.40836	3.498381	-3.0210326	-19.105925	-9.1790085	4.0566278	-2.5418897	-15.89436	50.0	50.0	679999	-7.762138	3.0438862	7.507065	-28.161003	-7.762265	3.0441694	16.952236	-29.669764	-7.762049	3.0450466	7.6578383	-29.928526	7.6253395	2.2702014	3552.564304590225	26.121796373058768
137	-11.194446	3.9174721	-3.4711685	-19.664263	-7.827676	3.6557221	-2.3452215	-13.698975	50.0	50.0	684999	-7.7690496	3.0402896	29.976574	-30.750511	-7.7688503	3.0403926	15.22348	-31.66436	-7.7686996	3.04081	15.565523	-33.168373	7.630588	2.2707129	3578.716470718384	26.12201804836301
138	-11.340377	3.3478293	-4.1219716	-19.38401	-10.310618	2.6389492	-7.0047708	-14.200521	50.0	50.0	689999	-7.768849	3.056704	13.5033455	-28.595667	-7.768981	3.0579634	16.092014	-28.263344	-7.768872	3.0576375	11.46169	-27.726418	7.632678	2.2971613	3604.9820289611816	26.123058194699496
139	-11.453791	4.1580687	-2.8788443	-22.332203	-9.869303	3.869057	-5.364442	-18.7623	50.0	50.0	694999	-7.7988815	3.097786	16.609097	-28.068691	-7.7987576	3.0982623	9.629183	-28.37834	-7.798959	3.0988982	12.279949	-27.68438	7.671827	2.277284	3631.101003885269	26.123028816936685
140	-11.18865	4.4284706	-3.7058573	-26.186638	-11.166379	4.6671586	-1.8460048	-16.9028	50.0	50.0	699999	-7.776568	3.1090236	21.736824	-27.823963	-7.776751	3.1086519	11.895792	-28.33878	-7.776781	3.1103995	14.920021	-26.475328	7.6493883	2.2176638	3657.268056869507	26.12334327697754
141	-10.556531	4.1951594	-2.9656625	-18.864822	-8.7985	5.3337626	-1.7782918	-17.59167	50.0	50.0	704999	-7.7685375	3.070178	17.280025	-27.402164	-7.7684803	3.0700173	11.888035	-30.882635	-7.768458	3.0702312	10.63415	-28.461477	7.6372266	2.2279036	3683.1855692863464	26.121883481952317
142	-11.568612	4.2837243	-2.7806084	-19.303562	-7.9225073	5.3438287	-1.7720003	-18.813677	50.0	50.0	709999	-7.7302785	3.043135	11.363356	-26.67657	-7.7300487	3.043785	22.082788	-27.27286	-7.730157	3.0436966	14.714497	-26.970219	7.6103554	2.2815812	3709.360381603241	26.122256223584564
143	-10.035111	3.8784037	-3.7148721	-20.80537	-11.13903	4.219727	-3.4327886	-16.412947	50.0	50.0	714999	-7.694967	3.034175	20.429945	-26.984913	-7.695194	3.0349045	21.472446	-27.188202	-7.6951127	3.0351179	15.568497	-29.767616	7.5654554	2.2425497	3735.532539844513	26.122605187075955
144	-10.591094	3.7924316	-4.0629387	-18.884851	-8.239332	2.751121	-5.518438	-14.9935255	50.0	50.0	719999	-7.7115593	3.030475	16.804035	-30.151869	-7.711476	3.0311055	21.338722	-30.258703	-7.711764	3.0315247	16.872084	-29.645376	7.5863776	2.1891286	3761.7068111896515	26.122963981495964
145	-10.274419	4.1110716	-3.0715086	-23.16154	-7.6303825	5.085016	-2.655327	-16.898348	50.0	50.0	724999	-7.721933	3.0368526	8.353585	-29.576246	-7.72195	3.0372262	11.78023	-29.28699	-7.722096	3.0374024	9.857134	-27.983793	7.598663	2.2269502	3787.792904138565	26.12270969686837
146	-10.844164	3.5710635	-3.738762	-18.25179	-7.968702	4.4433103	-3.135259	-15.193523	50.0	50.0	729999	-7.7110944	3.0560713	22.809938	-28.0388	-7.7111115	3.0565886	13.736256	-29.638577	-7.7108727	3.0569959	17.6086	-26.805649	7.591933	2.276546	3814.4693472385406	26.126502393043204
147	-10.548738	4.1216645	-2.8004398	-19.15113	-10.741889	3.3701382	-6.0208073	-16.960348	50.0	50.0	734999	-7.719259	3.047725	13.933876	-28.2158	-7.719387	3.0474331	14.32454	-30.428608	-7.7191854	3.0488	25.834873	-29.131855	7.5934224	2.22507	3840.8956756591797	26.128542022640204
148	-10.330382	3.8035305	-3.2018507	-19.016155	-11.071058	6.140103	-2.306815	-19.684248	50.0	50.0	739999	-7.728158	3.051747	10.854328	-31.549572	-7.728071	3.0523221	15.986932	-30.798025	-7.728107	3.0529227	17.194149	-29.810835	7.601053	2.2292206	3867.18066906929	26.12959912983147
149	-11.257452	3.7652667	-3.1349685	-19.459415	-10.29306	4.654242	-3.2556825	-16.133217	50.0	50.0	744999	-7.730755	3.061132	14.740143	-29.488367	-7.730777	3.0618458	15.3720455	-27.482655	-7.7309146	3.0620263	14.53662	-29.617685	7.5983543	2.2317402	3893.3503262996674	26.129867972943607
150	-9.9877	3.6275861	-2.7863977	-17.267172	-8.238726	4.853837	-2.1968195	-19.048605	50.0	50.0	749999	-7.7200527	3.0678403	8.852291	-29.428677	-7.7201595	3.0687168	18.886662	-26.234337	-7.7201004	3.06833	7.450315	-28.608559	7.601672	2.2166927	3919.5978767871857	26.13065252463023
151	-10.747822	4.007265	-2.4382234	-19.225101	-7.590182	4.1158695	-3.245769	-16.229086	50.0	50.0	754999	-7.713248	3.0682251	11.863307	-29.835915	-7.713158	3.069459	18.976133	-28.608816	-7.713177	3.0694044	8.182646	-30.651762	7.590122	2.1940956	3945.6604838371277	26.130201893926458
152	-10.498457	3.888937	-3.1621554	-19.008617	-8.639051	3.8713381	-2.596303	-16.072302	50.0	50.0	759999	-7.714401	3.0641055	10.102219	-29.678864	-7.7143965	3.0644336	18.204165	-30.516743	-7.71456	3.0646036	7.867271	-28.66985	7.587012	2.1848583	3971.9057471752167	26.130958877111738
153	-10.444154	4.2486396	-2.8906798	-19.72032	-10.428034	4.1069837	-1.8044212	-19.014166	50.0	50.0	764999	-7.702988	3.061306	13.411007	-28.830597	-7.702957	3.0614936	9.869204	-28.879707	-7.7031136	3.0615795	14.742388	-28.574842	7.5743504	2.1784735	3998.205622434616	26.13206290575414
154	-10.883248	3.7191832	-2.8185825	-19.207993	-9.697905	3.6784058	-5.5437794	-17.869965	50.0	50.0	769999	-7.7110887	3.0571723	13.2573395	-29.008545	-7.711348	3.0577385	8.766964	-31.76559	-7.7109456	3.0585244	15.905998	-26.91913	7.580136	2.2072675	4024.599883556366	26.13376549002412
155	-10.572502	4.1949053	-2.5949566	-19.534863	-7.0436335	2.1003444	-3.24461	-9.462092	50.0	50.0	774999	-7.7150335	3.0633042	13.07847	-28.539198	-7.7150183	3.0637238	8.01961	-27.94689	-7.7150626	3.063908	25.372038	-25.77745	7.590542	2.2299879	4050.698766231537	26.133540441143897
156	-10.056648	4.041155	-2.665612	-20.050692	-9.658838	3.5401356	-1.7534075	-14.133834	50.0	50.0	779999	-7.735202	3.0904226	8.20067	-31.012375	-7.735161	3.091097	12.382771	-27.838352	-7.7355037	3.0900388	15.788603	-27.00989	7.620454	2.254929	4076.549439907074	26.13172719264642
157	-9.978808	3.5560243	-2.3473997	-18.911823	-8.327408	4.3752923	-2.3516924	-14.648367	50.0	50.0	784999	-7.7423205	3.0930758	9.115606	-29.25094	-7.742028	3.0932937	8.118172	-28.616978	-7.7423625	3.093717	10.970907	-27.933224	7.6331654	2.2656465	4102.684675693512	26.131749538858983
158	-10.839822	4.2882013	-3.9465458	-21.092064	-10.466826	5.8775563	-2.7539275	-19.216337	50.0	50.0	789999	-7.734362	3.1040654	11.28047	-30.020325	-7.73448	3.1052563	27.447319	-28.659317	-7.734179	3.1049852	10.450455	-28.366825	7.6161485	2.18176	4128.9684290885925	26.13271158707293
159	-10.2296505	4.1681657	-2.34617	-22.579008	-10.699442	3.818441	-5.1849155	-15.471982	50.0	50.0	794999	-7.7312784	3.0957084	16.560337	-29.550167	-7.731226	3.0955515	11.311391	-31.0767	-7.7313347	3.0960126	10.869394	-30.782202	7.6092668	2.165853	4155.1684238910675	26.13313475344916
160	-10.88174	4.0867953	-3.5018551	-19.506039	-9.171136	3.2574017	-5.636715	-16.079584	50.0	50.0	799999	-7.7018986	3.0707672	13.411465	-31.355656	-7.7018547	3.0719683	16.568375	-29.637115	-7.701901	3.0720387	10.586027	-29.223743	7.5968366	2.214922	4181.493332147598	26.134333339333534
161	-10.887476	3.60553	-3.4873304	-19.744226	-10.416249	3.5734499	-5.359752	-16.201786	50.0	50.0	804999	-7.700074	3.077045	26.3496	-29.334854	-7.7001996	3.077003	14.026896	-29.39101	-7.700301	3.0756803	7.914071	-30.085873	7.5815687	2.1966894	4207.56068277359	26.13391729467404
162	-11.0177145	4.437135	-3.1397457	-20.003708	-11.7247715	4.1695943	-4.4990067	-17.847563	50.0	50.0	809999	-7.6956296	3.095722	12.577053	-26.08265	-7.69578	3.096262	10.884001	-27.361565	-7.695657	3.0972886	20.59775	-26.401989	7.5820074	2.1890874	4233.272202968597	26.131309908113362
163	-11.597886	4.6615725	-2.9812524	-21.209602	-9.231687	4.02316	-2.9229867	-15.5770235	50.0	50.0	814999	-7.6967444	3.1319885	11.254788	-30.065985	-7.696811	3.131942	11.130971	-28.467365	-7.6969423	3.132456	9.488766	-28.39384	7.571972	2.1682234	4259.520531654358	26.132027813262003
164	-10.49933	3.887165	-3.4157343	-18.823221	-8.745816	3.1189175	-2.774361	-15.243678	50.0	50.0	819999	-7.7012954	3.11131	14.547331	-29.940334	-7.701616	3.1107016	9.621632	-29.079363	-7.701402	3.112096	12.921364	-28.622314	7.572724	2.232329	4285.030092716217	26.128232284290036
165	-10.948778	4.214053	-3.2510493	-19.127848	-11.949308	4.4130507	-4.3331194	-18.362467	50.0	50.0	824999	-7.7159066	3.1172442	6.9901857	-34.990517	-7.71581	3.1176605	15.545107	-26.054438	-7.7160044	3.1182113	6.767831	-29.018982	7.591244	2.1928847	4311.300323724747	26.129092885508683
166	-10.563557	4.074366	-2.6715622	-19.649185	-10.382468	5.2601976	-2.0557532	-19.417591	50.0	50.0	829999	-7.7055306	3.1180012	20.651438	-28.908512	-7.705647	3.1180334	16.485155	-28.25206	-7.705302	3.1182742	25.877592	-29.225061	7.5833745	2.2417774	4337.379898309708	26.12879458105708
167	-10.900616	4.1824903	-3.3693461	-21.390345	-8.549991	4.768492	-1.0684675	-17.61665	50.0	50.0	834999	-7.700021	3.1130507	9.849307	-28.924631	-7.7001004	3.1135569	9.493166	-32.237854	-7.7002025	3.1132395	15.243588	-26.959171	7.592542	2.2336333	4363.757902622223	26.130286853470487
168	-10.629402	4.1333613	-2.8566363	-20.50905	-11.286771	4.040196	-4.098461	-16.525564	50.0	50.0	839999	-7.6876154	3.1233468	9.13238	-28.681198	-7.687553	3.1236057	11.86723	-26.868862	-7.6876693	3.1245093	12.310711	-28.23572	7.5626225	2.2801993	4390.386602163315	26.13325359565871
169	-10.806668	3.758084	-3.0084567	-19.494045	-9.024934	4.8233953	-1.6418949	-16.52353	50.0	50.0	844999	-7.6908393	3.1246166	9.354473	-27.224848	-7.6908803	3.1256692	10.981205	-27.634052	-7.6908445	3.125478	14.872161	-26.26524	7.5762997	2.2871313	4416.831410646439	26.135097117113645
170	-10.066141	4.1643643	-2.515821	-19.671913	-9.979418	2.9216619	-3.628639	-13.46969	50.0	50.0	849999	-7.663511	3.0967023	10.822753	-26.331135	-7.663826	3.0964882	13.122608	-26.46714	-7.663896	3.0965343	9.580147	-25.345201	7.5406947	2.2260144	4443.261033296585	26.13682961884667
171	-11.116607	4.473498	-3.289558	-20.628784	-10.998083	3.7365382	-3.060469	-17.038923	50.0	50.0	854999	-7.680748	3.1104515	9.2964525	-25.368578	-7.681039	3.110816	12.758097	-27.046936	-7.6809297	3.1111076	15.199556	-28.659992	7.5560646	2.2619956	4469.74246096611	26.13884481073123
172	-11.064662	4.17356	-3.1407764	-20.534485	-10.100698	2.8330517	-5.789727	-15.027702	50.0	50.0	859999	-7.6532226	3.1109328	9.504601	-26.757666	-7.6537066	3.1099339	12.480304	-29.159037	-7.6534595	3.111443	7.5854874	-26.724209	7.5356145	2.2172594	4496.265925168991	26.14108097137407
173	-10.184948	4.00697	-2.262045	-19.278637	-9.895871	2.5219388	-6.136195	-15.418259	50.0	50.0	864999	-7.6231656	3.1026006	13.896982	-29.401905	-7.623118	3.1034079	8.823738	-31.116123	-7.622952	3.103355	10.646078	-28.701393	7.522969	2.1851814	4522.700787782669	26.14277913115617
174	-10.514371	4.26078	-3.2388363	-21.40159	-10.227531	3.2582905	-5.390638	-16.378595	50.0	50.0	869999	-7.5880833	3.0885482	8.637452	-28.682692	-7.5882645	3.0883808	8.803959	-31.432453	-7.58819	3.0880885	8.684938	-29.871456	7.47753	2.1825702	4549.1208238601685	26.14437256051206
175	-10.715781	4.8892417	-3.1350303	-19.997635	-10.488714	4.4314914	-2.0281677	-18.001513	50.0	50.0	874999	-7.581635	3.0945666	13.459808	-28.682568	-7.5817595	3.095897	18.955046	-27.416943	-7.581522	3.0948594	10.998238	-26.327877	7.4546943	2.1565301	4575.698034524918	26.146845922470092
176	-10.895417	4.080802	-3.5047603	-18.161114	-7.6116247	3.7524211	-1.6673245	-14.717812	50.0	50.0	879999	-7.600276	3.1148508	11.9134035	-25.742079	-7.600239	3.1153698	15.018799	-25.907524	-7.600422	3.1153438	10.397035	-26.755726	7.495215	2.2077444	4602.344745159149	26.14968606287783
177	-10.140335	4.153821	-3.0138416	-20.817093	-10.219576	3.9987087	-5.2238555	-17.713696	50.0	50.0	884999	-7.594633	3.1039927	11.36747	-28.10944	-7.5950823	3.1031628	16.85054	-26.467615	-7.5947175	3.1038783	11.618266	-28.69624	7.4778833	2.2173069	4628.660040140152	26.150621706483054
178	-10.836675	3.5833287	-3.508018	-19.859682	-8.468258	4.179477	-4.6803813	-16.597246	50.0	50.0	889999	-7.59078	3.1010547	9.854605	-26.479656	-7.5910926	3.1013818	10.435032	-27.446648	-7.5905414	3.1016905	15.99416	-26.650501	7.4754477	2.1608384	4654.9068171978	26.151161906424534
179	-11.972273	4.0731177	-3.0666556	-20.625826	-9.611639	3.6355658	-3.254515	-15.367216	50.0	50.0	894999	-7.6018744	3.1178024	6.547342	-25.403488	-7.6021533	3.1180098	13.371827	-26.256367	-7.602034	3.1181128	11.408335	-25.356552	7.490373	2.1590235	4681.28503537178	26.152430381188847
180	-10.798274	4.24449	-2.6416254	-18.687714	-8.58386	4.508817	-2.3484287	-15.6863785	50.0	50.0	899999	-7.5973487	3.1110365	14.836384	-24.740005	-7.59754	3.1105528	13.966385	-26.434736	-7.5974026	3.110547	8.995354	-24.47048	7.487417	2.1642673	4707.731483459473	26.154063808918
181	-11.255707	4.3116355	-4.0580244	-20.287294	-8.969282	2.3471215	-6.4033904	-14.15673	50.0	50.0	904999	-7.5814786	3.1085372	6.467259	-27.508846	-7.5814457	3.1086082	13.395146	-26.813328	-7.581505	3.1092231	11.32099	-27.906948	7.4687214	2.1460164	4733.994385004044	26.154665119740187
182	-10.559391	4.147134	-3.3349776	-20.65333	-6.6601524	3.0217535	-4.7430887	-15.433247	50.0	50.0	909999	-7.588135	3.1036296	15.425837	-27.2236	-7.5885177	3.104773	28.155174	-28.162535	-7.5880833	3.1048648	17.325474	-27.76191	7.496509	2.1681745	4760.56889796257	26.15697197861724
183	-10.467186	3.732868	-3.3101645	-20.327242	-9.901241	4.004222	-4.59064	-15.919058	50.0	50.0	914999	-7.6005125	3.1210835	12.069431	-29.577806	-7.600711	3.1215458	14.346221	-28.884106	-7.6006536	3.1218762	9.505301	-27.783783	7.495787	2.1654692	4786.857207775116	26.157689670395982
184	-11.415664	4.244712	-3.482612	-19.808144	-9.201406	4.5586233	-1.7857429	-16.962261	50.0	50.0	919999	-7.605605	3.1178029	15.069148	-31.179989	-7.6054244	3.118013	11.557161	-30.981632	-7.6055236	3.1184936	19.744564	-33.60676	7.500901	2.186967	4813.026127576828	26.157750703718353
185	-10.499124	4.245184	-2.8020277	-20.990494	-8.080842	3.9000702	-3.6473997	-17.840641	50.0	50.0	924999	-7.621631	3.1224134	11.077624	-32.699524	-7.6218147	3.122822	11.065937	-33.194	-7.621666	3.123619	18.286413	-29.792637	7.4998965	2.2402554	4839.399094820023	26.15891403507542
186	-10.950186	4.4327393	-3.3937056	-21.156393	-10.334827	3.9488173	-5.449488	-16.842726	50.0	50.0	929999	-7.6223326	3.137621	12.676064	-27.574905	-7.6223507	3.1368947	10.532406	-31.196325	-7.6223154	3.1384203	14.852673	-33.09892	7.5096545	2.181489	4865.9752769470215	26.16115741319554
187	-10.437395	4.2385974	-2.9296372	-20.627205	-11.521066	3.2554958	-7.647099	-18.634537	50.0	50.0	934999	-7.6231313	3.1457248	9.992615	-28.539158	-7.6231837	3.1466312	11.679771	-27.43119	-7.6230087	3.1467793	8.687712	-28.072475	7.499689	2.1707458	4892.34132194519	26.16225307000512
188	-10.324787	4.1127653	-2.633241	-21.408413	-9.241686	4.6469088	-3.4624052	-17.433697	50.0	50.0	939999	-7.6107936	3.1102586	13.717957	-32.495148	-7.610811	3.1109061	12.016615	-26.989288	-7.6107154	3.1103756	10.417521	-28.601324	7.49685	2.2037547	4918.63351392746	26.162944234432057
189	-11.16828	4.4566684	-3.2568417	-21.78658	-9.330008	5.281581	-1.0864084	-20.401829	50.0	50.0	944999	-7.6133804	3.083993	9.082247	-27.990366	-7.6133227	3.0836139	9.410196	-26.986807	-7.6134286	3.0837457	6.832589	-26.695477	7.5001583	2.1302383	4945.547383785248	26.166917385878385
190	-11.144357	4.326551	-3.8347325	-20.200624	-8.303566	4.396903	-3.8573966	-18.316994	50.0	50.0	949999	-7.6179557	3.0941725	13.273373	-25.934803	-7.6177635	3.0939622	18.173122	-26.67889	-7.617821	3.0942657	8.937611	-29.195396	7.5128284	2.1668448	4971.860674858093	26.16768777119486
191	-10.117229	4.13671	-2.8030434	-18.615185	-8.782677	3.9563725	-4.2425494	-16.065239	50.0	50.0	954999	-7.597127	3.1003036	16.887354	-26.69522	-7.597301	3.1000016	10.695936	-28.01837	-7.5971675	3.0994158	11.985767	-29.05027	7.492886	2.1524436	4998.314466714859	26.169185700840973
192	-11.3562565	4.757246	-3.209843	-22.029642	-13.786081	4.0014634	-4.474354	-19.881622	50.0	50.0	959999	-7.585477	3.0850449	5.444887	-27.241117	-7.58551	3.0859993	10.466534	-27.418764	-7.5853806	3.0852156	7.327666	-26.417694	7.4795613	2.163921	5024.703750610352	26.170332045604784
193	-11.123229	4.3935733	-3.2299683	-20.816841	-9.311399	4.92684	-3.1993504	-16.926592	50.0	50.0	964999	-7.583638	3.0818667	11.087134	-26.970894	-7.583435	3.08293	12.387998	-25.698353	-7.5834913	3.0829806	13.203057	-25.643425	7.4888897	2.1420305	5050.878646612167	26.170355691810965
194	-11.144595	4.1048627	-3.2881446	-20.593561	-9.977854	5.6961904	-1.9497772	-18.009789	50.0	50.0	969999	-7.5828094	3.091824	11.82547	-29.052975	-7.5829415	3.0920196	14.639809	-30.959612	-7.582963	3.0933633	18.897186	-32.60958	7.478352	2.1910765	5077.466552972794	26.172508016075057
195	-11.011582	5.28874	-3.0020752	-38.648487	-8.951475	3.96713	-1.5800169	-17.299547	50.0	50.0	974999	-7.6034517	3.0993993	12.656792	-29.366903	-7.60357	3.0990279	14.970219	-32.87604	-7.6035495	3.0987997	7.721116	-27.985226	7.4934673	2.1663046	5103.732004165649	26.172984645305537
196	-11.888178	4.8917465	-2.4875486	-21.567345	-10.248839	5.344535	-4.094943	-19.161242	50.0	50.0	979999	-7.62224	3.1080184	7.697825	-27.369452	-7.621797	3.1089854	15.688251	-26.182995	-7.621926	3.109282	9.453594	-29.794483	7.5061216	2.1866336	5129.855432748795	26.172731808253697
197	-10.9737625	4.2377825	-2.7457886	-20.540403	-10.152326	4.766005	-5.758262	-20.830853	50.0	50.0	984999	-7.6332803	3.105117	7.04248	-26.959152	-7.6330905	3.1057541	6.1770306	-27.72858	-7.633116	3.106681	17.025913	-25.984598	7.5332437	2.1504202	5156.342660188675	26.174328233989968
198	-10.762313	4.725089	-2.736308	-21.394762	-8.591955	4.1294947	-3.0993469	-17.258667	50.0	50.0	989999	-7.637588	3.0931005	17.20424	-29.436386	-7.637547	3.0940583	12.015638	-30.737598	-7.6375065	3.0933743	22.547825	-29.575714	7.528256	2.1803741	5182.572026252747	26.174606204032898
199	-12.177115	4.691313	-2.6684213	-20.903118	-9.500573	4.7696886	-2.4769711	-19.190369	50.0	50.0	994999	-7.6154904	3.0925353	9.7433405	-27.498478	-7.615532	3.0933807	11.06854	-26.290617	-7.6154447	3.0938504	8.658415	-26.028633	7.5041294	2.1937342	5209.162529230118	26.176696137567262
200	-11.46377	4.247669	-4.112393	-20.364906	-11.024341	4.599928	-3.619238	-17.588755	50.0	50.0	999999	-7.6475215	3.1092741	12.231837	-27.89943	-7.6471863	3.109985	16.961052	-31.062103	-7.6473494	3.1091251	16.010399	-30.362833	7.53613	2.1988356	5235.517937660217	26.177589699029923
