Epoch	AverageEpRet	StdEpRet	MaxEpRet	MinEpRet	AverageTestEpRet	StdTestEpRet	MaxTestEpRet	MinTestEpRet	EpLen	TestEpLen	Time Steps	AverageQVals	StdQVals	MaxQVals	MinQVals	LossPi	LossQ	Time	AVG Time Per Epoch
1	55.061344	17.302639	137.98807	26.706928	28.440731	3.2217174	34.88799	26.74696	6.061893	3.2	4999	26.396128	12.54069	56.419254	0.014129683	-23.415796	1.9395336	15.621277093887329	15.6212797164917
2	55.315037	17.191517	129.27737	26.688189	28.386286	3.2464294	34.92212	26.664602	6.0888076	3.2	9999	28.91974	13.02679	59.8241	5.404745	-25.006968	1.1547468	35.332807540893555	17.666405200958252
3	29.384338	3.833291	45.08117	26.59464	27.57983	2.4203792	34.83812	26.629925	3.308405	3.1	14999	26.89229	12.819462	61.79293	5.0501876	-23.453009	1.1247867	56.700761556625366	18.90025456746419
4	29.387104	3.8178189	35.622406	26.60558	27.614391	2.4570074	34.984325	26.698727	3.3090668	3.1	19999	24.469624	12.161749	61.743294	5.439843	-21.84395	0.9431928	77.90446829795837	19.476117730140686
5	29.375715	3.8144977	35.69004	26.623405	27.659649	2.419382	34.91743	26.817879	3.3077433	3.1	24999	23.277987	11.74312	63.01092	5.237458	-21.126326	0.7783463	99.05728554725647	19.811457538604735
6	29.271544	3.766279	35.607635	26.607151	28.427979	3.2282553	34.90316	26.66836	3.2951252	3.2	29999	22.499775	11.303641	66.12399	4.7134113	-20.681753	0.69623387	120.16671800613403	20.02778673171997
7	29.260942	3.7637854	35.60607	26.609417	26.81749	0.06559557	26.901978	26.687107	3.2938077	3.0	34999	21.91578	10.929502	66.391235	4.7714953	-20.332916	0.62732536	141.29376435279846	20.184823751449585
8	29.276098	3.7729979	35.670242	26.600407	28.394663	3.2428436	34.88892	26.642653	3.2953198	3.2	39999	21.470037	10.652594	64.860344	5.551764	-20.051878	0.5702374	161.837073802948	20.22963458299637
9	29.470322	3.8519688	35.618183	26.620386	29.255367	3.6923575	34.909584	26.786818	3.3191772	3.3	44999	21.172192	10.419913	64.95569	6.2172413	-19.869463	0.5285323	182.52362060546875	20.280402501424152
10	29.452301	3.8440905	35.687057	26.629822	30.847233	3.998957	34.87718	26.765678	3.3165228	3.5	49999	20.956697	10.233421	67.21917	5.771095	-19.766865	0.5062436	203.1937394142151	20.319374227523802
11	29.213554	3.7398603	35.50379	26.617962	27.586752	2.4372935	34.89693	26.676535	3.2879684	3.1	54999	20.735228	10.121151	66.847694	4.022689	-19.621325	0.4822465	224.25100302696228	20.386455037377097
12	29.338747	3.7909603	35.487644	26.608606	29.253193	3.7031062	34.960274	26.754251	3.3031704	3.3	59999	20.553028	9.956854	64.58784	4.3274055	-19.510046	0.45782584	245.44004797935486	20.45333755016327
13	29.547438	3.8787267	35.64509	26.6065	27.638346	2.424252	34.910004	26.737133	3.328229	3.1	64999	20.422842	9.850295	68.23315	5.4011316	-19.433151	0.43724984	266.77934288978577	20.52148806131803
14	29.331856	3.7965977	35.52557	26.599192	28.420628	3.2431347	34.913784	26.757023	3.30251	3.2	69999	20.302692	9.745252	67.77033	5.3728304	-19.358084	0.41434962	288.1506669521332	20.582190683909825
15	29.431324	3.8343775	35.59014	26.607347	26.799397	0.07393259	26.899431	26.629648	3.3143237	3.0	74999	20.269508	9.680874	62.946228	5.986405	-19.353287	0.41923472	309.4040961265564	20.626939884821574
16	29.393068	3.8150768	35.647865	26.615978	27.619532	2.4190848	34.875237	26.69331	3.3097286	3.1	79999	20.149385	9.60501	65.23804	4.9660826	-19.27375	0.4093966	330.7368383407593	20.671052560210228
17	29.547966	3.8814056	35.754326	26.622305	27.629513	2.4095893	34.856834	26.709251	3.3280106	3.1	84999	20.053005	9.504515	64.36447	5.359291	-19.220173	0.40597945	351.88793659210205	20.69929051399231
18	29.251177	3.757868	35.584995	26.594677	27.603436	2.4544294	34.963734	26.639256	3.29249	3.1	89999	19.989449	9.443768	63.78582	5.576136	-19.178596	0.38598067	373.07053899765015	20.726141214370728
19	29.327602	3.7912834	35.666527	26.627337	28.430426	3.2418618	34.987366	26.720356	3.30165	3.2	94999	19.917503	9.369169	63.915276	5.554165	-19.138233	0.3951344	394.2964243888855	20.752443501823826
20	29.348679	3.8016307	35.523273	26.613781	26.812222	0.06319852	26.891674	26.65758	3.3046927	3.0	99999	19.914885	9.365403	62.989822	6.5479975	-19.13983	0.3709426	415.39997458457947	20.769998848438263
21	29.294369	3.7766004	35.68621	26.60556	27.622227	2.4535444	34.98123	26.702747	3.2974935	3.1	104999	19.816053	9.279758	61.778538	6.3957844	-19.068043	0.36983448	436.60092854499817	20.790520486377535
22	29.402073	3.8207674	35.690426	26.622856	29.223545	3.6823466	34.87705	26.661406	3.3112583	3.3	109999	19.756512	9.246555	63.574116	4.578606	-19.029457	0.36572257	457.62995290756226	20.80136162584478
23	29.495625	3.8573277	35.628017	26.592945	28.420689	3.2461143	34.962906	26.69763	3.3222592	3.2	114999	19.773262	9.234751	63.37846	4.3540206	-19.06244	0.39133072	478.714608669281	20.81367872072303
24	29.518166	3.8648057	35.63183	26.602566	26.82012	0.032711394	26.858395	26.762526	3.325133	3.0	119999	19.712767	9.1769495	63.72863	6.0214105	-19.01801	0.34291866	499.9971933364868	20.833216498295467
25	29.35263	3.7997992	35.658497	26.602446	27.616474	2.407977	34.83899	26.755054	3.3046927	3.1	124999	19.685562	9.137837	60.790558	6.6275635	-19.00678	0.35255218	521.0943818092346	20.843775358200073
26	29.39506	3.8228064	35.62905	26.58928	29.204296	3.706059	34.882767	26.672611	3.3099337	3.3	129999	19.649221	9.132244	61.868996	6.819886	-18.976908	0.35287726	542.3072175979614	20.857969999313354
27	29.333143	3.7971318	35.702774	26.618704	29.25977	3.674759	34.956978	26.809639	3.3018494	3.3	134999	19.608479	9.077018	65.00413	6.247133	-18.956772	0.35286555	563.4386131763458	20.868096863781965
28	29.45483	3.843693	35.67702	26.602514	27.622494	2.4175646	34.87343	26.682678	3.316976	3.1	139999	19.59017	9.056779	60.360573	7.0820603	-18.943176	0.3381463	584.798065662384	20.88564529589244
29	29.522476	3.8750503	35.604183	26.61316	29.247568	3.723212	34.9529	26.722448	3.325133	3.3	144999	19.570501	9.045235	61.25334	6.7956676	-18.928938	0.32286307	606.048951625824	20.89823976878462
30	29.278284	3.7724347	35.62477	26.595491	27.613764	2.445727	34.949207	26.698912	3.295979	3.1	149999	19.51969	9.002861	61.243492	6.018785	-18.894785	0.3329384	627.1489682197571	20.904965702692667
31	29.381279	3.8137953	35.628857	26.596296	28.428303	3.2129138	34.870365	26.735329	3.308405	3.2	154999	19.541082	8.997659	60.306774	5.591845	-18.918255	0.3261829	648.2644021511078	20.91175498500947
32	29.421326	3.8292356	35.62365	26.633617	28.435413	3.2345471	34.92977	26.764713	3.3134527	3.2	159999	19.485704	8.968809	60.854023	6.518755	-18.875687	0.32057047	669.4443929195404	20.920137360692024
33	29.388777	3.8172169	35.511497	26.615824	29.236988	3.7073715	34.937332	26.70934	3.3090668	3.3	164999	19.470224	8.950361	60.403942	5.8993735	-18.86957	0.3146562	690.5953507423401	20.927131912925027
34	29.309124	3.7887866	35.788754	26.604671	26.817825	0.048027508	26.875849	26.740759	3.2988126	3.0	169999	19.466892	8.948845	61.252132	6.8578615	-18.87465	0.32995707	711.5673410892487	20.928451292655048
35	29.564966	3.883109	35.499733	26.622393	28.435404	3.2194839	34.8775	26.749794	3.3304465	3.2	174999	19.434292	8.913312	60.92982	6.587362	-18.84355	0.30437386	732.5576465129852	20.93021853310721
36	29.355839	3.8070238	35.68267	26.576275	27.580978	2.421193	34.841705	26.657064	3.3046927	3.1	179999	19.42436	8.898908	61.37871	6.502827	-18.841475	0.3023485	753.4162542819977	20.92822934521569
37	29.334787	3.794473	35.508873	26.598711	26.835571	0.04911496	26.888262	26.709398	3.30251	3.0	184999	19.433697	8.907041	62.961407	4.958899	-18.85318	0.3003469	774.0130386352539	20.919271366016286
38	29.181154	3.7299216	35.811188	26.60243	26.80715	0.05706265	26.884499	26.719908	3.2836506	3.0	189999	19.404053	8.896795	60.725292	6.782034	-18.830814	0.32155362	794.6335678100586	20.91140974822797
39	29.214693	3.7443666	35.59299	26.611197	27.60884	2.4309971	34.900887	26.7401	3.288158	3.1	194999	19.369925	8.848477	61.98676	6.338909	-18.807665	0.30770826	815.3162424564362	20.90554473338983
40	29.348438	3.8047142	35.718567	26.6108	28.42255	3.2276785	34.903923	26.759783	3.3040316	3.2	199999	19.346165	8.8369255	61.603203	7.2193713	-18.78733	0.30772242	836.0998642444611	20.902496671676637
41	29.329563	3.7883394	35.69225	26.596529	26.817877	0.039113186	26.893019	26.74604	3.3023102	3.0	204999	19.356232	8.817048	62.577843	7.3323054	-18.801172	0.2893772	856.7847480773926	20.89718902401808
42	29.504654	3.863825	35.549847	26.59048	30.835083	4.070351	34.97106	26.66545	3.3231382	3.5	209999	19.348907	8.800283	62.446674	7.0788536	-18.796015	0.2851723	877.5287098884583	20.89354077407292
43	29.391344	3.8199635	35.649963	26.582382	26.811478	0.062617384	26.873053	26.677921	3.3090668	3.0	214999	19.345924	8.82203	63.406334	6.736128	-18.800219	0.28674933	898.2593884468079	20.88975326405015
44	29.410162	3.8236063	35.61769	26.607864	28.422247	3.242919	34.97835	26.680885	3.3119206	3.2	219999	19.324991	8.78487	62.28555	6.5653524	-18.783272	0.28564525	919.1596722602844	20.889992600137536
45	29.178461	3.7242985	35.584064	26.613703	30.017254	3.9675047	34.945793	26.679379	3.2836506	3.4	224999	19.338379	8.789088	62.483486	6.8093534	-18.802818	0.28076026	940.2768235206604	20.895040570365058
46	29.408558	3.8245609	35.556904	26.605892	29.243673	3.6691012	34.914654	26.783655	3.3112583	3.3	229999	19.290537	8.784439	63.83831	6.8109627	-18.761492	0.2920457	961.4676413536072	20.90147050048994
47	29.357153	3.7999284	35.614952	26.61014	29.273111	3.6805067	34.93739	26.819046	3.3055556	3.3	234999	19.293589	8.796281	64.79948	5.2557926	-18.767483	0.29624066	982.5760264396667	20.905872948626254
48	29.39011	3.823774	35.635635	26.605927	28.42564	3.2281098	34.93271	26.70982	3.3090668	3.2	239999	19.282467	8.76127	63.73269	6.8375654	-18.767237	0.28720307	1003.8031747341156	20.91256617506345
49	29.398912	3.8197343	35.52406	26.635931	28.4251	3.2474854	34.939423	26.705797	3.3103905	3.2	244999	19.267914	8.745254	62.19899	5.904869	-18.746319	0.27788055	1024.9290478229523	20.916919377385355
50	29.550966	3.8771157	35.657097	26.60336	27.596836	2.4025652	34.80155	26.661015	3.3288949	3.1	249999	19.265594	8.723811	63.027992	6.1689005	-18.7468	0.26657584	1046.156571149826	20.923131461143495
51	29.359608	3.8034427	35.519417	26.61752	27.621313	2.420062	34.877773	26.619263	3.306217	3.1	254999	19.281616	8.724844	62.65582	6.604014	-18.766884	0.26762158	1067.3131709098816	20.927709275600957
52	29.378132	3.8161914	35.614403	26.609125	28.409988	3.2238877	34.874172	26.7203	3.3075397	3.2	259999	19.257017	8.732944	62.963768	4.8963504	-18.748068	0.27730036	1088.5011768341064	20.93271498496716
53	29.26358	3.758651	35.70593	26.609722	28.394802	3.2399862	34.8943	26.675592	3.2940013	3.2	264999	19.250217	8.716102	64.04034	7.229424	-18.73793	0.27921918	1109.754826784134	20.938770352669483
54	29.305187	3.7853436	35.578327	26.618343	28.399212	3.2577443	35.009167	26.672922	3.2988126	3.2	269999	19.222301	8.682387	63.35483	4.1959577	-18.71547	0.26170146	1130.8432626724243	20.94154194549278
55	29.353037	3.8038068	35.664356	26.608152	30.050058	3.9564345	34.904984	26.779915	3.3046927	3.4	274999	19.2426	8.68647	60.888454	6.1396112	-18.737421	0.27996454	1151.9851651191711	20.945184855027634
56	29.37732	3.8122683	35.676888	26.630497	29.234314	3.671037	34.85078	26.777159	3.3075397	3.3	279999	19.23722	8.689665	62.575573	6.078081	-18.735489	0.27468213	1173.1545052528381	20.94918763211795
57	29.436478	3.8357632	35.62538	26.63385	27.604944	2.4184122	34.857735	26.686924	3.3149867	3.1	284999	19.208996	8.683335	65.83795	7.229037	-18.706509	0.26858985	1194.2406001091003	20.951589509060508
58	29.433073	3.8367908	35.611656	26.600733	28.443045	3.2423937	34.932304	26.678102	3.3141153	3.2	289999	19.216429	8.699013	66.2362	2.7335653	-18.718409	0.26088774	1215.4941756725311	20.956796169281006
59	29.3707	3.8095446	35.70323	26.59776	28.424572	3.22132	34.876434	26.683968	3.3068783	3.2	294999	19.2031	8.661664	62.637985	5.819274	-18.704634	0.27389053	1236.633954524994	20.959897570690867
60	29.330149	3.7934053	35.619625	26.60919	28.393848	3.2481525	34.89128	26.677975	3.30251	3.2	299999	19.203749	8.658185	65.96362	7.0502534	-18.705765	0.28061318	1257.8081316947937	20.963468897342683
61	29.584578	3.8922422	35.651775	26.608587	26.818832	0.034578897	26.873407	26.764275	3.3333333	3.0	304999	19.160252	8.639874	63.318638	3.9726405	-18.670053	0.25904927	1279.1321895122528	20.969380187206582
62	29.536386	3.8736076	35.731724	26.618818	27.620874	2.439442	34.93688	26.66646	3.32668	3.1	309999	19.185984	8.665901	64.21179	5.2323484	-18.69708	0.27332038	1300.3896284103394	20.974026303137503
63	29.360315	3.8083594	35.63561	26.614693	28.443918	3.2456396	34.94473	26.738092	3.3053536	3.2	314999	19.188246	8.642299	64.57653	5.9379053	-18.703995	0.27015606	1321.6574921607971	20.97869038581848
64	29.36863	3.8068705	35.714073	26.62454	29.253399	3.6977603	34.931355	26.716269	3.3068783	3.3	319999	19.18678	8.644394	68.42671	6.1326	-18.700977	0.26370448	1342.682307958603	20.979411095380783
65	29.307817	3.7815793	35.6959	26.591864	28.445953	3.225808	34.926727	26.760351	3.29967	3.2	324999	19.166744	8.624542	65.927475	5.730722	-18.682907	0.25518703	1363.8145632743835	20.981762544925395
66	29.380972	3.812364	35.59441	26.615221	29.227142	3.6812236	34.86164	26.737537	3.308405	3.3	329999	19.152445	8.611382	64.12527	6.766833	-18.67219	0.27309072	1385.0410256385803	20.985470117944658
67	29.515818	3.8693476	35.602894	26.603159	27.620884	2.4303246	34.910282	26.705723	3.3244681	3.1	334999	19.162369	8.612755	63.073524	5.825816	-18.683168	0.2634315	1406.2904288768768	20.989409421806904
68	29.202099	3.7397854	35.652466	26.623129	28.415985	3.2356021	34.953373	26.638115	3.2864652	3.2	339999	19.127522	8.582994	64.30019	6.966625	-18.657991	0.25929672	1427.424160003662	20.991531803327447
69	29.513124	3.866776	35.5043	26.603344	27.61568	2.4352965	34.918255	26.61979	3.3244681	3.1	344999	19.137245	8.59854	66.042015	7.0789576	-18.657543	0.25373167	1448.6640965938568	20.99513186233631
70	29.436558	3.845617	35.62723	26.616755	29.24834	3.696281	34.92074	26.754362	3.3143237	3.3	349999	19.137918	8.598741	63.3928	5.8403482	-18.661451	0.26262262	1469.902586221695	20.99860840524946
71	29.394894	3.8239532	35.65918	26.617867	26.776703	0.08018378	26.860249	26.643261	3.3097286	3.0	354999	19.148682	8.600711	61.731346	6.582909	-18.674059	0.25396696	1491.1557352542877	21.002193484507817
72	29.243038	3.7524269	35.611935	26.619751	26.802317	0.08059755	26.874573	26.619022	3.2916393	3.0	359999	19.128893	8.571441	63.58432	7.217724	-18.655348	0.25459266	1512.4781823158264	21.00664145085547
73	29.465738	3.8516426	35.53333	26.579538	28.423222	3.2468011	34.9433	26.710835	3.31785	3.2	364999	19.154366	8.591394	67.55953	7.157666	-18.676859	0.26899618	1533.7946019172668	21.01088498716485
74	29.329458	3.7925918	35.66431	26.62034	28.401356	3.2124624	34.874832	26.712025	3.3018494	3.2	369999	19.14148	8.569072	62.640392	6.6384344	-18.668348	0.26687738	1555.0130150318146	21.0136894180968
75	29.449753	3.838686	35.68684	26.612743	26.819077	0.03143397	26.860271	26.748198	3.316976	3.0	374999	19.136925	8.569157	68.16755	5.336556	-18.668442	0.2554245	1576.2103493213654	21.016138016382854
76	29.393362	3.8186903	35.74035	26.613317	29.204739	3.699677	34.886566	26.722385	3.3099337	3.3	379999	19.134678	8.563943	61.513676	6.991047	-18.662994	0.24488994	1597.242981672287	21.016355043963383
77	29.508322	3.8608973	35.593803	26.6359	27.595455	2.4432433	34.921505	26.624514	3.3244681	3.1	384999	19.11795	8.566801	60.981583	5.11749	-18.65179	0.25271964	1618.4171018600464	21.018403945031103
78	29.387781	3.815816	35.63375	26.612646	29.243158	3.7161658	34.948795	26.692848	3.3090668	3.3	389999	19.136368	8.576334	64.97321	7.017267	-18.667303	0.2457815	1639.4742782115936	21.018901027165928
79	29.407763	3.8224342	35.668293	26.604305	30.069012	3.9351995	34.948555	26.811985	3.3112583	3.4	394999	19.105959	8.571335	63.919647	6.5681686	-18.636007	0.25262105	1660.6931369304657	21.021432134169565
80	29.231136	3.7446673	35.623047	26.584942	29.244831	3.7046244	34.94631	26.69305	3.2894738	3.3	399999	19.114393	8.552612	61.896893	6.3892794	-18.649315	0.24795903	1681.7208421230316	21.021510553359985
81	29.457256	3.8456628	35.58312	26.60304	27.609537	2.4155962	34.853638	26.669054	3.31785	3.1	404999	19.100248	8.555154	62.537254	6.6705313	-18.639757	0.2500339	1702.5489840507507	21.019123283433327
82	29.417374	3.8313067	35.539047	26.597578	28.441828	3.2410574	34.944733	26.7298	3.3125827	3.2	409999	19.113585	8.547809	64.26225	6.8200893	-18.653084	0.2664289	1723.7759523391724	21.021657981523653
83	29.382662	3.8138478	35.650944	26.614042	27.63303	2.4307868	34.924828	26.758501	3.308405	3.1	414999	19.085524	8.548371	64.284645	4.9920683	-18.631283	0.23451547	1745.193371772766	21.026426188917046
84	29.33696	3.796856	35.58344	26.580685	26.829214	0.0663779	26.88329	26.673807	3.3031704	3.0	419999	19.086039	8.52306	61.209625	7.5539045	-18.631123	0.24543725	1766.396255016327	21.02852687097731
85	29.321747	3.7885115	35.61392	26.5999	29.193523	3.6953807	34.85407	26.684906	3.301189	3.3	424999	19.094856	8.533481	64.69846	6.861809	-18.640516	0.23601873	1787.5160591602325	21.029600718442133
86	29.371035	3.8090591	35.70668	26.619526	28.439106	3.248377	34.973595	26.688025	3.3068783	3.2	429999	19.095884	8.538124	61.978363	6.6568365	-18.645002	0.2574582	1808.7038033008575	21.03143959821657
87	29.402046	3.8241308	35.631493	26.598972	27.62946	2.4227061	34.896366	26.733387	3.310596	3.1	434999	19.092798	8.521868	61.57863	6.818959	-18.636288	0.24855977	1829.9846358299255	21.03430618362865
88	29.221943	3.7425904	35.632442	26.610676	27.626362	2.429211	34.912132	26.717773	3.288626	3.1	439999	19.095537	8.510121	62.053974	6.4913664	-18.641577	0.2348689	1851.1681315898895	21.03600151972337
89	29.572702	3.888669	35.61125	26.63873	29.220367	3.7273974	35.001415	26.635208	3.3311126	3.3	444999	19.084866	8.508979	71.53341	5.7376337	-18.633781	0.24977642	1872.3425521850586	21.037556790234
90	29.437443	3.8374226	35.634823	26.608704	28.403934	3.241553	34.930973	26.678043	3.3149867	3.2	449999	19.072523	8.526069	65.67775	7.4404955	-18.619173	0.23989722	1893.3963963985443	21.037737761603463
91	29.209507	3.746149	35.779015	26.615326	26.810877	0.06963925	26.880636	26.638433	3.287311	3.0	454999	19.092184	8.522751	64.68472	6.941517	-18.637007	0.23415537	1914.4923167228699	21.038377130424582
92	29.416573	3.8283	35.53576	26.606102	27.614233	2.4159093	34.85928	26.690802	3.3125827	3.1	459999	19.072918	8.52507	71.26183	7.1341662	-18.623917	0.2323343	1935.487369775772	21.037906219129976
93	29.221975	3.7463095	35.550777	26.601082	30.023685	3.9611828	34.882336	26.666594	3.2894738	3.4	464999	19.064745	8.513749	67.02655	7.1009583	-18.610703	0.23764405	1956.5486509799957	21.038157560492074
94	29.369566	3.8081605	35.53361	26.61318	29.251453	3.6964874	34.92529	26.643158	3.3068783	3.3	469999	19.049862	8.501399	63.64419	5.3710613	-18.60046	0.24409114	1977.5459399223328	21.03772278795851
95	29.359121	3.804938	35.667397	26.618876	27.625189	2.4356916	34.931183	26.730446	3.3055556	3.1	474999	19.059301	8.4946995	68.45063	6.4638567	-18.614475	0.23860799	1998.739366531372	21.039361775548834
96	29.433455	3.8354733	35.60407	26.616085	28.446804	3.234909	34.953804	26.77202	3.314778	3.2	479999	19.0716	8.5031185	63.37718	7.268062	-18.631556	0.22788154	2020.2187178134918	21.043944999575615
97	29.209454	3.7386544	35.618202	26.617462	27.650364	2.4032722	34.85864	26.761196	3.287311	3.1	484999	19.055279	8.487398	66.7553	7.183893	-18.611254	0.23776749	2041.4178862571716	21.045545482143915
98	29.298798	3.780991	35.708267	26.606792	28.430496	3.2573354	34.991352	26.652407	3.2983499	3.2	489999	19.049004	8.501593	60.205135	4.1056156	-18.605532	0.22288842	2062.4171221256256	21.045072696646866
99	29.46847	3.847685	35.67848	26.618046	29.245432	3.6923547	34.91699	26.747585	3.3191772	3.3	494999	19.05521	8.4975815	61.78867	6.404709	-18.612078	0.22364612	2083.7363357543945	21.047841794563062
100	29.452621	3.841955	35.607826	26.612032	28.419394	3.2280674	34.893425	26.66445	3.3171864	3.2	499999	19.06534	8.501439	66.39317	6.075784	-18.618147	0.22733997	2104.782593011856	21.047825956344603
101	29.32133	3.7889621	35.587967	26.62545	28.445364	3.242232	34.992317	26.705082	3.30099	3.2	504999	19.079945	8.51721	67.63563	7.1408515	-18.62973	0.23807237	2125.8788163661957	21.04830513142123
102	29.46556	3.8496418	35.67252	26.60902	29.209156	3.696503	34.892063	26.675432	3.3185136	3.3	509999	19.046099	8.481545	65.654594	5.6879587	-18.609684	0.23663533	2147.090430498123	21.049906200053645
103	29.611534	3.9080307	35.663963	26.614212	27.597586	2.405615	34.810802	26.675564	3.335781	3.1	514999	19.050625	8.481104	62.589375	6.4668126	-18.609068	0.23126811	2168.568639278412	21.054064477531654
104	29.37561	3.8172622	35.75948	26.611591	27.633673	2.4104497	34.863464	26.711025	3.3075397	3.1	519999	19.03385	8.480548	61.593582	6.8674135	-18.59587	0.2380855	2190.256247282028	21.060156242205547
105	29.251055	3.7615027	35.59677	26.591238	26.814295	0.055274457	26.89087	26.716263	3.2922976	3.0	524999	19.054426	8.467908	65.74873	6.9863453	-18.621878	0.21853702	2211.674067735672	21.063562568028768
106	29.317368	3.7904103	35.729275	26.59375	28.379925	3.2740736	34.94779	26.621868	3.30033	3.2	529999	19.079561	8.489343	70.81897	6.2217712	-18.639656	0.2330003	2232.9702479839325	21.065757074446047
107	29.496021	3.855487	35.61675	26.628296	28.397732	3.2713048	34.98802	26.651445	3.3222592	3.2	534999	19.054964	8.472928	67.54666	6.918579	-18.617619	0.2260395	2254.450845479965	21.069634087731906
108	29.347012	3.7976868	35.553844	26.590006	27.606144	2.4426684	34.932076	26.679567	3.3046927	3.1	539999	19.053148	8.485887	60.287903	7.3496957	-18.616455	0.23038569	2275.9791967868805	21.07388147159859
109	29.40763	3.8239262	35.58416	26.606785	29.264545	3.7026188	34.96716	26.696487	3.3112583	3.3	544999	19.037958	8.475394	61.433098	6.875332	-18.600725	0.23556797	2297.6986916065216	21.07980452546286
110	29.572435	3.8882885	35.631927	26.617258	28.426075	3.25005	34.93038	26.693096	3.3311126	3.2	549999	19.044222	8.471913	62.657585	6.63214	-18.607662	0.22895525	2319.1223006248474	21.08293002735485
111	29.3394	3.7977715	35.59887	26.607138	28.418213	3.2171102	34.916534	26.719467	3.30251	3.2	554999	19.03095	8.479036	69.599045	7.447717	-18.595837	0.21346502	2340.6323034763336	21.086777528127033
112	29.352163	3.8002224	35.62013	26.610962	28.434238	3.2403812	34.93052	26.668869	3.3046927	3.2	559999	19.023134	8.465848	67.121124	7.3399334	-18.588522	0.2203627	2361.8526809215546	21.087970386658395
113	29.335205	3.7999816	35.700657	26.607033	28.426975	3.2191849	34.872025	26.73194	3.30251	3.2	564999	19.045137	8.470164	66.66498	6.189966	-18.60666	0.21396704	2383.343772649765	21.091537830048956
114	29.500784	3.8636932	35.594944	26.594212	30.061945	3.943854	34.95025	26.772089	3.3229237	3.4	569999	19.019226	8.468291	71.73051	7.085825	-18.585926	0.22390002	2405.460629940033	21.100531860401755
115	29.346523	3.8011332	35.593468	26.615114	27.580591	2.4651375	34.972538	26.63708	3.3033707	3.1	574999	19.030209	8.478009	65.38595	4.7253757	-18.597431	0.23192884	2427.9580142498016	21.112678401366523
116	29.362917	3.8043134	35.62346	26.60528	27.634909	2.4088614	34.861053	26.776876	3.3060145	3.1	579999	19.039005	8.462934	62.991524	6.0564194	-18.605791	0.22239524	2449.616628408432	21.117384750267554
117	29.370344	3.8118565	35.591763	26.594536	28.432465	3.2262342	34.934753	26.724564	3.3068783	3.2	584999	19.035236	8.456104	65.62134	6.8120947	-18.605656	0.21214251	2471.8528413772583	21.126947382576446
118	29.405262	3.8262827	35.546936	26.604277	29.252079	3.699534	34.942547	26.781202	3.3114645	3.3	589999	19.04365	8.459329	63.91107	6.9172373	-18.60907	0.2288658	2495.1903886795044	21.145681278180266
119	29.61679	3.900361	35.604725	26.614452	26.813745	0.07632803	26.887667	26.65316	3.3375583	3.0	594999	18.996592	8.446625	66.01528	6.061386	-18.571672	0.23152481	2517.368283033371	21.154355337639817
120	29.29753	3.776542	35.644512	26.617443	27.626858	2.4260156	34.90428	26.75642	3.298153	3.1	599999	19.001034	8.436296	65.00121	5.949858	-18.574158	0.22477959	2540.6347913742065	21.17195661465327
121	29.468208	3.8509243	35.581528	26.618032	27.59702	2.4126382	34.83339	26.677746	3.318725	3.1	604999	19.023937	8.455199	67.40932	6.0948467	-18.591852	0.2259775	2562.4659819602966	21.177404827322842
122	29.332802	3.797642	35.612553	26.623222	26.802448	0.034876745	26.861717	26.740847	3.3018494	3.0	609999	19.015017	8.442444	64.309906	6.2024364	-18.582666	0.2313824	2583.632941007614	21.177319206175255
123	29.339323	3.7961807	35.623528	26.605373	29.242931	3.712467	34.987812	26.732172	3.3031704	3.3	614999	19.02738	8.447233	66.44623	6.2815533	-18.598984	0.2152409	2604.997471809387	21.178841249729558
124	29.499102	3.8638217	35.668346	26.612103	28.418676	3.2326086	34.93628	26.747112	3.3222592	3.2	619999	19.012186	8.450994	64.04428	6.1021442	-18.58141	0.22428103	2628.5161769390106	21.197711121651434
125	29.234018	3.752792	35.67373	26.609737	27.629461	2.418022	34.8809	26.69422	3.2907894	3.1	624999	19.023584	8.437324	61.19629	4.8551183	-18.595144	0.2163136	2652.269813299179	21.21815852165222
126	29.447271	3.8424304	35.61429	26.613653	27.627289	2.4169168	34.877094	26.772253	3.3158593	3.1	629999	19.004753	8.4444065	64.75769	5.699156	-18.576328	0.2146969	2674.353708744049	21.22502945150648
127	29.336649	3.7985206	35.64746	26.59221	27.588833	2.4595354	34.965042	26.67796	3.3023102	3.1	634999	19.008745	8.450825	69.14513	7.475377	-18.5792	0.22958882	2695.952487707138	21.227972359169186
128	29.47301	3.851039	35.641396	26.574451	27.641489	2.4254026	34.916637	26.75559	3.319389	3.1	639999	18.999472	8.430534	62.68459	7.373268	-18.572079	0.21663676	2718.2046818733215	21.23597409389913
129	29.230148	3.746311	35.660328	26.582705	26.770763	0.07315216	26.899904	26.643742	3.2901316	3.0	644999	19.004152	8.447122	66.90236	6.2846856	-18.575884	0.22885601	2739.332962989807	21.235139264616855
130	29.332315	3.7984333	35.674473	26.601826	27.638828	2.40831	34.862686	26.757187	3.30251	3.1	649999	19.022968	8.448857	65.95621	6.5168133	-18.59606	0.22114067	2761.909984111786	21.2454614345844
131	29.371552	3.8111901	35.705677	26.598513	27.612247	2.4017441	34.814827	26.677706	3.3068783	3.1	654999	19.018908	8.443865	60.528107	7.2532587	-18.592491	0.21251138	2785.000785589218	21.259547997976988
132	29.208916	3.7384932	35.551785	26.602108	26.82232	0.044700988	26.875174	26.735352	3.2875	3.0	659999	19.006248	8.423485	61.724327	5.3843503	-18.5829	0.21053049	2807.24285697937	21.266991357008617
133	29.35933	3.8078492	35.66115	26.60295	29.21458	3.7252214	34.949814	26.661236	3.3053536	3.3	664999	19.00219	8.438136	62.734135	7.4492474	-18.579136	0.20799263	2828.3022379875183	21.265430375149375
134	29.245823	3.7579381	35.715393	26.617516	30.05798	3.928462	34.913353	26.817383	3.2916393	3.4	669999	18.99772	8.422746	61.29975	6.4807186	-18.574215	0.2233542	2849.4237933158875	21.26435668254966
135	29.477922	3.856901	35.609943	26.621578	28.427923	3.226222	34.886257	26.631407	3.320053	3.2	674999	18.997875	8.433713	59.836887	7.1529083	-18.577822	0.21727613	2870.438050508499	21.262504093735306
136	29.432405	3.8355336	35.699196	26.629965	26.7949	0.056724016	26.877903	26.696993	3.3141153	3.0	679999	19.024748	8.442165	62.422718	6.8474464	-18.597536	0.21846518	2894.0455441474915	21.279746665674097
137	29.209139	3.745148	35.603333	26.60633	28.422628	3.2171316	34.859573	26.71064	3.287311	3.2	684999	19.02935	8.450198	60.8277	7.3165865	-18.605371	0.21604143	2917.6463809013367	21.296688927351124
138	29.433603	3.8346558	35.538673	26.605108	27.588451	2.4478066	34.92819	26.648106	3.3149867	3.1	689999	18.988705	8.447932	71.214775	6.171056	-18.571072	0.22006167	2939.7195525169373	21.302315610042516
139	29.341743	3.8008635	35.761387	26.616022	26.80391	0.07374294	26.885895	26.675947	3.3038309	3.0	694999	18.98274	8.42085	69.626656	6.92439	-18.562895	0.2069625	2962.359914779663	21.31194184666915
140	29.40534	3.821894	35.586113	26.62169	27.600098	2.4444642	34.931442	26.68471	3.3112583	3.1	699999	19.005377	8.429447	62.537117	7.124675	-18.586733	0.23495385	2984.4991438388824	21.31785104104451
141	29.53199	3.8767538	35.54127	26.5795	27.625362	2.4476223	34.965714	26.708513	3.32668	3.1	704999	18.999098	8.42665	64.56968	6.6191845	-18.577332	0.2070415	3007.088182926178	21.32686656248485
142	29.388954	3.8171756	35.594482	26.611124	26.82304	0.043533463	26.879734	26.741913	3.3090668	3.0	709999	19.001482	8.438422	67.37161	6.4916124	-18.584257	0.20101473	3029.799506187439	21.336616254188645
143	29.397106	3.8184245	35.562244	26.594238	28.45783	3.2234457	34.974617	26.797972	3.310596	3.2	714999	19.010515	8.420282	65.73062	6.380185	-18.591635	0.2094629	3050.8243219852448	21.33443583475126
144	29.381763	3.8143523	35.60995	26.607002	29.246471	3.6881437	34.903656	26.717672	3.308405	3.3	719999	18.995554	8.433485	62.995758	6.969452	-18.571228	0.19933963	3072.4006741046906	21.33611580563916
145	29.482912	3.8510642	35.621258	26.599741	28.41303	3.2140963	34.895412	26.746218	3.321381	3.2	724999	18.967018	8.419782	67.84503	7.338797	-18.552296	0.20975454	3096.699729204178	21.356549869734664
146	29.19269	3.729886	35.520195	26.64667	27.62941	2.399021	34.82565	26.75044	3.285151	3.1	729999	18.988836	8.4360895	65.98902	7.0602098	-18.567854	0.20802227	3120.776820898056	21.37518371947824
147	29.270678	3.764976	35.694054	26.60403	29.203709	3.7287054	34.950245	26.669153	3.2953198	3.3	734999	19.005981	8.439101	73.71139	7.2421913	-18.587706	0.20638832	3144.2827711105347	21.389678729634706
148	29.352205	3.806893	35.540623	26.603163	28.418234	3.2052662	34.85851	26.74744	3.3046927	3.2	739999	19.002974	8.427448	81.11677	6.719263	-18.580194	0.20095791	3166.665407896042	21.3963879056879
149	29.226065	3.7463741	35.6147	26.61114	27.61001	2.4025397	34.81512	26.711224	3.2888157	3.1	744999	19.003601	8.425304	77.93099	6.827514	-18.583187	0.20574956	3189.6326866149902	21.406930795451938
150	29.333853	3.7967162	35.695053	26.593245	28.432327	3.2334583	34.91427	26.660015	3.30251	3.2	749999	18.975138	8.423987	70.206116	6.9578657	-18.560759	0.20531045	3211.734076976776	21.411560525894163
151	29.339039	3.7963924	35.56552	26.605547	27.619518	2.4228668	34.885582	26.68731	3.3031704	3.1	754999	18.975834	8.428817	67.15496	6.806018	-18.564743	0.2096312	3233.604968070984	21.414602451766562
152	29.520742	3.869585	35.672256	26.60525	28.449762	3.218153	34.90245	26.748255	3.325133	3.2	759999	18.994383	8.4345455	69.29753	6.8516665	-18.57773	0.20651187	3255.2786631584167	21.416307007011614
153	29.331352	3.793589	35.64177	26.576826	27.621548	2.4108157	34.851757	26.665556	3.3018494	3.1	764999	18.99002	8.427614	72.77809	6.941416	-18.570705	0.20129448	3278.191787481308	21.42609013139812
154	29.400887	3.8223197	35.568577	26.611698	26.824444	0.03647692	26.88528	26.776237	3.3112583	3.0	769999	18.9994	8.424708	70.34505	7.223467	-18.588072	0.20828374	3301.3722772598267	21.437482333802556
155	29.507187	3.8671472	35.59861	26.583893	27.648361	2.4049408	34.8626	26.792463	3.3229237	3.1	774999	18.991161	8.426233	68.53624	7.065296	-18.574663	0.20532422	3323.0566272735596	21.4390750269736
156	29.347773	3.8070078	35.615776	26.596203	28.412434	3.2395353	34.910263	26.653088	3.3040316	3.2	779999	18.992313	8.423417	72.56868	4.5362024	-18.573872	0.21308015	3345.2096593379974	21.44365167617798
157	29.467342	3.8447974	35.597515	26.613667	27.609806	2.4343078	34.90911	26.594889	3.319389	3.1	784999	18.974663	8.418755	69.88331	5.631325	-18.55915	0.193752	3367.676538705826	21.450169048491556
158	29.417477	3.8304472	35.648037	26.620127	29.258173	3.7147164	34.95017	26.77455	3.3125827	3.3	789999	19.004805	8.428543	69.25989	7.171822	-18.591793	0.21394446	3390.8509044647217	21.461081687408157
159	29.349781	3.801327	35.539696	26.614286	27.587164	2.430135	34.875576	26.682379	3.3046927	3.1	794999	18.988594	8.41262	63.457603	6.6834955	-18.5773	0.20388289	3414.6499795913696	21.475786051660215
160	29.296309	3.777168	35.543888	26.601557	27.63111	2.423061	34.897423	26.681036	3.298153	3.1	799999	18.968458	8.403756	68.40493	7.4049945	-18.557682	0.2068646	3438.0573267936707	21.487858305871487
161	29.423101	3.829884	35.63574	26.59192	29.237503	3.7060554	34.940582	26.739365	3.3134527	3.3	804999	18.96797	8.413556	63.83669	6.3561234	-18.557302	0.1883928	3460.7169744968414	21.495136502366627
162	29.257313	3.761866	35.62343	26.599081	27.631342	2.457812	35.00345	26.714426	3.293149	3.1	809999	18.984488	8.410093	65.16901	7.3818808	-18.569332	0.19939467	3484.689079761505	21.51042643299809
163	29.472729	3.8465836	35.59414	26.603111	27.625416	2.4113138	34.85871	26.767103	3.319389	3.1	814999	18.968796	8.396304	61.84542	6.908115	-18.556774	0.20785174	3508.2814605236053	21.523199156018123
164	29.35715	3.8031538	35.69756	26.63152	26.781565	0.07471921	26.870564	26.639402	3.3046927	3.0	819999	18.980652	8.391532	65.56685	7.3497543	-18.570229	0.19631997	3530.159950017929	21.525365561973757
165	29.530016	3.8743882	35.60573	26.615448	27.625309	2.4297292	34.912586	26.731506	3.3257978	3.1	824999	18.969784	8.39303	63.89824	7.4002295	-18.556887	0.19851634	3551.6381528377533	21.52507972861781
166	29.374805	3.8151667	35.622177	26.611843	28.417767	3.2224977	34.904285	26.716509	3.3070815	3.2	829999	18.98826	8.379275	62.723	7.4164643	-18.579893	0.20486724	3572.6685724258423	21.522099846816925
167	29.342073	3.7981956	35.679916	26.605392	27.610626	2.4196723	34.867596	26.672634	3.3031704	3.1	834999	18.955608	8.388059	62.97797	6.943301	-18.543818	0.20067766	3593.60213637352	21.518575678328553
168	29.506903	3.863109	35.604443	26.6135	26.82243	0.037823323	26.873543	26.761856	3.3238032	3.0	839999	18.984081	8.382376	62.914215	6.816041	-18.566645	0.19549213	3614.8142342567444	21.516751408576965
169	29.442305	3.8407936	35.600197	26.6281	29.23673	3.7092414	34.918636	26.71482	3.3154407	3.3	844999	18.957304	8.397339	67.135086	6.9845057	-18.543615	0.18562222	3635.842230319977	21.513859362291868
170	29.566658	3.887704	35.648632	26.610468	29.222574	3.7069194	34.900715	26.673815	3.3304465	3.3	849999	18.95609	8.382121	61.975784	6.9738235	-18.541258	0.2049502	3656.777545928955	21.510456165145424
171	29.469198	3.8543425	35.68005	26.583664	28.403748	3.2612274	34.94478	26.61972	3.3185136	3.2	854999	18.968197	8.396836	63.624664	6.9867787	-18.553816	0.20735577	3677.83300614357	21.50779536871882
172	29.188099	3.7288394	35.835674	26.613417	28.416672	3.2373788	34.921745	26.637688	3.2853386	3.2	859999	18.973385	8.398613	62.421665	7.257807	-18.560148	0.20157263	3698.8533234596252	21.50496119538019
173	29.302956	3.7782035	35.51452	26.596704	28.41412	3.2433188	34.92353	26.67264	3.2988126	3.2	864999	18.970392	8.396399	63.107197	7.592316	-18.561947	0.2017699	3720.9501144886017	21.508382182589845
174	29.411077	3.8292708	35.59352	26.603323	27.607447	2.433757	34.90705	26.69278	3.3119206	3.1	869999	18.978952	8.390971	59.84453	6.143295	-18.564327	0.1929429	3744.030121088028	21.51741450134365
175	29.10142	3.6825259	35.618183	26.59121	28.435421	3.2240953	34.892277	26.6582	3.2750492	3.2	874999	18.940716	8.383902	62.62985	5.750108	-18.535303	0.19678462	3766.062578201294	21.520357601983207
176	29.376257	3.8099427	35.905666	26.611326	26.803722	0.07335998	26.903437	26.702057	3.3077433	3.0	879999	18.957327	8.381905	60.885406	5.287653	-18.550022	0.19944546	3789.1658692359924	21.529351593418554
177	29.58596	3.8931756	35.807198	26.598576	26.799316	0.075305864	26.88196	26.660242	3.3333333	3.0	884999	18.9907	8.3929	65.797676	6.6913333	-18.578064	0.20419072	3812.4693365097046	21.53937479601068
178	29.41748	3.8319936	35.77913	26.608753	27.640133	2.3996255	34.837677	26.757599	3.3119206	3.1	889999	18.980688	8.381963	68.165436	7.26665	-18.571154	0.1901529	3835.2589435577393	21.546398570028582
179	29.4745	3.8532693	35.64815	26.601316	29.239182	3.7172558	34.942997	26.71206	3.320053	3.3	894999	18.961061	8.376583	60.917076	6.66255	-18.55061	0.19503711	3858.336395740509	21.554951942166802
180	29.322475	3.7908278	35.66926	26.616835	27.614788	2.4220028	34.87894	26.699617	3.30099	3.1	899999	18.945942	8.393381	62.90823	6.333189	-18.53585	0.18524131	3879.317934513092	21.55176631477144
181	29.411114	3.8316722	35.597874	26.63575	27.569523	2.428639	34.852055	26.626427	3.3114645	3.1	904999	18.973017	8.373768	61.799557	1.3763766	-18.564081	0.18685408	3900.2241339683533	21.548199644404882
182	29.114538	3.6932344	35.626392	26.623974	27.58102	2.4419625	34.90351	26.618944	3.2763588	3.1	909999	18.95489	8.380965	60.66091	6.940349	-18.545523	0.19975513	3921.1073179244995	21.544545714671795
183	29.240978	3.7546575	35.565865	26.634985	27.605717	2.4343197	34.906517	26.713886	3.2916393	3.1	914999	18.952822	8.374136	60.060013	7.371657	-18.544798	0.19852942	3943.1624886989594	21.547336015544953
184	29.383852	3.8144262	35.626034	26.601583	28.412064	3.2227798	34.86118	26.668541	3.308405	3.2	919999	18.978298	8.358992	60.351074	7.1727524	-18.571192	0.19590263	3965.6786382198334	21.552601306334786
185	29.36693	3.8077161	35.75412	26.587072	28.43843	3.2211049	34.908344	26.774288	3.3068783	3.2	924999	18.966993	8.374167	60.067696	7.5720854	-18.561209	0.20297499	3986.628448009491	21.54934297252346
186	29.481792	3.8545418	35.64998	26.568417	27.598118	2.4152706	34.840164	26.625956	3.320053	3.1	929999	18.964214	8.387077	61.275787	6.938984	-18.55757	0.19685245	4008.0986063480377	21.548917248684873
187	29.353281	3.797372	35.543774	26.593563	27.630291	2.4171956	34.8803	26.720617	3.3053536	3.1	934999	18.967691	8.362411	60.14293	7.0236845	-18.558392	0.1887709	4031.5029168128967	21.558839138816385
188	29.35395	3.8012903	35.777138	26.613432	28.441254	3.2374163	34.941467	26.7231	3.3046927	3.2	939999	18.957886	8.3898	61.89231	5.3062716	-18.550932	0.18917364	4054.320092201233	21.56553241547118
189	29.411028	3.821626	35.71507	26.613708	29.236975	3.710345	34.974148	26.719957	3.3121274	3.3	944999	18.932892	8.383537	63.58035	7.2750335	-18.521255	0.18097337	4075.2450299263	21.562143026836335
190	29.328094	3.791337	35.660233	26.620039	27.605143	2.4114408	34.838085	26.710697	3.30165	3.1	949999	18.95386	8.370904	66.3854	6.914167	-18.549675	0.19229418	4096.369487285614	21.5598394180599
191	29.262486	3.7640696	35.546852	26.59107	28.430075	3.2406297	34.96991	26.671047	3.2938077	3.2	954999	18.964373	8.377486	63.41975	6.7623386	-18.556688	0.19382578	4118.673543453217	21.563735838335845
192	29.470068	3.8534176	35.61216	26.633257	29.2173	3.6907578	34.886135	26.723577	3.318725	3.3	959999	18.954138	8.37315	63.085003	7.142537	-18.554163	0.19350673	4139.592150688171	21.560375796010096
193	29.18212	3.7261558	35.61508	26.619642	28.441555	3.2315388	34.964485	26.695847	3.2843072	3.2	964999	18.964672	8.393779	69.2685	5.9692564	-18.558496	0.19202963	4160.885178089142	21.55899056869467
194	29.217516	3.7432775	35.67418	26.608889	26.836365	0.018721566	26.868904	26.806135	3.288158	3.0	969999	18.96149	8.37129	62.378635	7.211256	-18.554628	0.18048246	4182.184572935104	21.55765244887047
195	29.296978	3.7749887	35.594833	26.638771	28.428885	3.2261963	34.93826	26.683735	3.298153	3.2	974999	18.966541	8.378251	66.33201	7.2702	-18.56266	0.19606632	4203.637708187103	21.55711646324549
196	29.356672	3.803686	35.659298	26.630117	27.66182	2.4162474	34.910122	26.822866	3.3046927	3.1	979999	18.940516	8.363196	70.00937	5.842892	-18.531126	0.18556294	4224.691326141357	21.554547593301656
197	29.503012	3.8656895	35.571873	26.624657	30.038647	3.958572	34.975285	26.689804	3.3229237	3.4	984999	18.945969	8.366827	60.385994	7.12866	-18.538471	0.18501838	4246.403448820114	21.55534746441139
198	29.515848	3.8675215	35.68179	26.60678	30.851126	4.0494146	35.054924	26.69045	3.3244681	3.5	989999	18.950357	8.37467	60.14818	6.814616	-18.541079	0.18272993	4268.678733825684	21.55898351380319
199	29.340248	3.7951021	35.68254	26.619514	28.398365	3.199663	34.823063	26.718784	3.3031704	3.2	994999	18.944342	8.351451	61.842636	7.1794744	-18.54333	0.1915588	4290.3588950634	21.55959244708919
200	29.267801	3.766541	35.61401	26.612143	26.789743	0.060670853	26.867178	26.683008	3.2938077	3.0	999999	18.944136	8.368801	65.80855	7.2525215	-18.53758	0.19563022	4312.063140630722	21.560315712690354
