Epoch	AverageEpRet	StdEpRet	MaxEpRet	MinEpRet	AverageTestEpRet	StdTestEpRet	MaxTestEpRet	MinTestEpRet	EpLen	TestEpLen	Time Steps	AverageQ1Vals	StdQ1Vals	MaxQ1Vals	MinQ1Vals	AverageQ2Vals	StdQ2Vals	MaxQ2Vals	MinQ2Vals	LossPi	LossQ	Time	AVG Time Per Epoch
1	1.6923814	5.1113443	16.278801	-10.789165	115.41465	98.798195	401.19574	50.483955	21.00422	205.3	4999	6.9080234	6.4539285	28.20501	-5.0962815	6.9078074	6.4533386	28.21539	-5.0982513	-9.826017	0.7372344	21.514183282852173	21.514186143875122
2	2.1813974	6.134481	45.496933	-10.682116	-12.971103	0.95545375	-11.445882	-14.338653	20.064	57.3	9999	33.567356	16.539812	97.82218	-17.375345	33.566315	16.541183	97.69823	-18.327763	-40.69392	7.3384514	47.201666593551636	23.600834488868713
3	58.062897	188.23112	957.6338	-26.240751	144.74232	56.726353	243.40968	28.777613	96.88	119.2	14999	76.373535	23.916136	173.32114	-36.00396	76.371185	23.922297	170.21336	-39.818382	-85.225075	32.28899	75.14108300209045	25.047028462092083
4	46.60271	65.59068	298.30838	-17.397207	85.388336	90.36224	316.22632	-30.850199	68.16	158.0	19999	97.28461	25.095234	177.34494	-69.5503	97.282875	25.11736	178.15689	-70.31881	-103.818886	68.192375	103.79023027420044	25.947558164596558
5	64.15942	105.11107	360.41968	-74.42042	120.58415	120.55125	345.95575	-94.06162	173.85715	155.5	24999	98.05301	28.348396	185.05728	-70.190834	98.04903	28.37957	181.7437	-96.19731	-104.4611	66.32624	131.70514249801636	26.341028928756714
6	149.00824	107.45471	470.19147	-40.02673	190.80237	47.24823	266.26868	111.15306	138.64865	106.9	29999	97.51692	29.859037	213.35725	-86.05827	97.51419	29.867657	220.69841	-90.88999	-103.53547	68.55716	159.16546607017517	26.527577956517536
7	167.82146	50.44377	278.36407	26.380537	158.92087	37.643867	225.45251	115.93228	114.52273	90.6	34999	96.2425	29.410347	193.08052	-80.009834	96.24375	29.397953	184.82552	-82.1162	-101.83886	68.44982	187.2514317035675	26.75020480155945
8	215.08954	112.38088	534.2834	21.458223	69.51251	27.939285	145.98024	43.450344	169.34483	129.1	39999	96.05487	29.064095	181.68791	-106.351364	96.055466	29.044157	180.64209	-125.7546	-101.18374	62.2718	214.66464519500732	26.833080917596817
9	168.712	104.13307	382.40472	-103.17109	150.8097	136.19647	453.7182	24.231726	171.25	219.4	44999	96.0127	29.304863	157.38669	-112.226135	96.01151	29.300726	157.87573	-97.06344	-100.83531	59.224625	243.60627627372742	27.067364268832737
10	112.799934	149.45421	476.7141	-188.14944	307.13055	150.11554	611.2204	55.532043	207.96	206.5	49999	93.06529	30.243591	156.71213	-81.42324	93.06426	30.241087	160.54897	-98.39124	-97.54738	60.39596	271.4354865550995	27.14354889392853
11	206.1772	121.99295	523.6514	-84.60362	222.21309	116.49459	489.02713	63.912525	150.0	236.7	54999	89.42102	30.53102	155.28929	-88.45541	89.420944	30.526178	158.7415	-104.6882	-93.49659	56.891487	299.8083453178406	27.255304314873435
12	223.07336	123.72368	528.6258	19.684677	162.62434	78.83467	378.01392	79.51547	161.06451	106.1	59999	85.91074	30.454948	156.36896	-98.83653	85.90966	30.459257	154.63885	-101.14889	-89.485985	49.79139	327.7971742153168	27.316431840260822
13	223.91475	127.90902	543.82745	51.607605	218.94246	114.7416	463.363	74.504234	166.96666	185.6	64999	82.95919	30.169128	145.96936	-109.99144	82.95876	30.173744	144.53644	-101.86839	-86.39647	44.990547	355.8505165576935	27.37311680500324
14	234.61761	120.59808	526.19183	14.130275	220.45842	80.38793	339.33047	104.13308	179.37038	170.8	69999	80.47996	30.683132	143.9754	-80.8011	80.47863	30.683422	142.07785	-83.90698	-83.788376	45.480312	384.7627429962158	27.48305324145726
15	258.6549	144.03262	747.76733	-3.1444094	293.16675	106.564835	460.8237	110.0699	187.48148	159.7	74999	77.80315	30.90869	142.99702	-96.3133	77.80146	30.914995	139.6894	-73.109436	-80.98917	45.70614	412.2851309776306	27.485675525665282
16	244.39598	139.81754	555.4387	-55.143177	311.71948	100.69558	520.63104	165.16551	166.86667	165.2	79999	74.71232	30.310495	141.85194	-65.195786	74.71204	30.313976	136.96887	-64.582985	-77.5527	42.238937	440.3438491821289	27.521490693092346
17	305.44824	125.42796	656.7258	112.32002	186.87227	91.163826	454.39505	136.13322	169.16667	100.7	84999	72.07351	29.544281	142.62305	-75.5437	72.07118	29.550657	139.88489	-62.387478	-74.712364	38.506546	468.42341780662537	27.55431879267973
18	263.64	173.0533	1014.3376	108.85893	176.47807	66.973404	341.77438	117.59585	154.5	90.6	89999	71.29289	28.728321	147.27405	-57.258286	71.291046	28.73574	143.60524	-57.500668	-73.86233	36.33577	495.88679909706116	27.54926672246721
19	281.54285	92.638054	485.6244	140.09549	270.3353	109.487816	518.8926	125.603035	137.52777	162.1	94999	71.27276	27.752954	149.61908	-71.389694	71.27148	27.759743	147.8679	-76.9808	-73.779205	33.90447	524.4512856006622	27.602699342526886
20	316.17786	105.225235	554.9018	32.757576	375.41733	62.34112	480.5162	277.06686	162.35484	183.5	99999	72.09171	27.442692	153.04164	-61.67222	72.09043	27.447481	153.58789	-63.502857	-74.552666	33.65393	552.1706743240356	27.608533811569213
21	374.5154	98.83697	640.54224	256.357	364.52435	263.51587	966.8823	-137.55531	210.375	255.7	104999	73.65377	27.672035	154.30182	-86.19522	73.654076	27.67156	155.24414	-81.02471	-76.14734	33.41635	580.5638294219971	27.64589676402864
22	335.7656	173.45778	731.01807	8.56735	299.12595	92.990204	486.10165	212.34856	200.56	156.3	109999	75.52498	28.028414	154.50139	-65.320984	75.52515	28.027802	153.64102	-62.97165	-77.98485	34.553444	608.5105559825897	27.659570824016225
23	485.9709	189.38838	1012.4425	206.4674	447.22638	155.51775	752.40234	218.62088	217.82608	205.9	114999	77.35782	28.435371	150.51407	-77.2169	77.357346	28.437845	147.90535	-76.242165	-79.8324	34.70939	636.2644195556641	27.663670488025833
24	354.82977	98.978485	577.0254	144.93369	342.46057	56.961266	448.65445	262.816	157.80646	153.3	119999	79.47964	29.534422	152.7772	-57.11442	79.47987	29.53502	151.3274	-56.29271	-81.993576	34.79079	664.9646048545837	27.706858654816944
25	449.7858	169.48543	1075.957	237.28741	481.1584	80.43922	674.5375	394.78592	187.40741	185.0	124999	82.12964	31.286469	158.63089	-73.536	82.129684	31.288181	157.60773	-73.95758	-84.67847	36.14056	692.7039816379547	27.708159341812134
26	504.6599	125.39565	842.43964	346.99646	383.1654	48.226936	453.85916	317.0311	216.91304	137.3	129999	85.40942	32.825798	168.10655	-72.73795	85.40932	32.82566	164.3512	-65.92568	-88.110374	36.183407	720.8617520332336	27.72545207463778
27	530.6732	165.02797	911.0762	292.26266	655.1769	67.23938	767.4733	536.132	220.43478	247.8	134999	88.72163	34.007084	173.61678	-62.27433	88.72148	34.00667	167.31662	-70.866714	-91.46244	35.68227	749.160227060318	27.7466751381203
28	489.716	154.80835	959.5646	260.77966	471.00458	184.06555	933.7205	299.7258	188.34616	188.8	139999	91.98791	35.29922	182.70293	-77.71847	91.98793	35.298775	172.1981	-76.00464	-94.71479	35.185833	776.8473165035248	27.74454708610262
29	465.8847	160.98158	748.8244	7.8274913	401.084	24.83987	433.6178	355.26755	194.46153	171.3	144999	95.21546	36.389828	179.20966	-77.85093	95.21592	36.39143	172.85204	-87.23902	-97.98841	34.8881	805.7573227882385	27.78473535899458
30	431.97018	118.67966	695.92316	270.48572	370.31415	234.84227	988.2292	233.8275	177.82143	150.1	149999	98.24589	37.39723	181.2794	-73.911575	98.246826	37.39946	178.53867	-86.35742	-100.99884	34.4947	833.2026259899139	27.773420921961467
31	390.7647	136.82166	695.727	57.132786	356.78522	55.78102	481.47577	248.95828	167.46666	190.3	154999	100.51225	38.16676	177.56874	-78.95855	100.51316	38.166138	182.12704	-77.39563	-103.049126	34.1878	861.8016502857208	27.80005330424155
32	369.62064	112.91438	680.91064	203.01888	460.2491	103.7431	715.30347	328.93372	169.58621	189.2	159999	102.393745	38.749424	180.97296	-77.31137	102.39429	38.750515	180.63092	-86.60443	-104.88426	33.26493	889.5015757083893	27.79692430049181
33	515.18726	124.08036	870.06476	321.88037	853.9831	410.322	1489.892	375.44727	190.96153	351.9	164999	104.274155	39.319893	181.05049	-80.15652	104.275085	39.316223	182.1962	-79.33908	-106.79803	33.462288	918.4819371700287	27.832786032647796
34	565.58813	251.27084	1291.7413	303.78738	784.5876	141.6857	1127.7505	647.737	226.81818	287.5	169999	106.22054	40.16639	183.9968	-70.84161	106.221	40.166683	184.45157	-70.56326	-108.84485	32.928368	947.9357078075409	27.880462057450238
35	495.44348	158.35657	1041.2935	295.6288	419.24063	126.18664	681.2603	278.59256	195.61539	151.0	174999	107.995995	40.646244	186.65173	-74.183586	107.996124	40.64888	184.29173	-71.58325	-110.52205	33.5142	976.1776392459869	27.890789760862077
36	473.1113	141.46535	921.3988	258.7501	531.95526	80.5053	672.01685	416.0075	180.25	198.7	179999	110.00124	41.509457	187.27594	-76.156456	110.00133	41.51105	187.25342	-76.48206	-112.76355	33.562912	1004.3901813030243	27.899727318021988
37	509.8587	140.70264	861.91064	37.69141	480.10083	89.40608	730.02344	380.15253	180.14285	202.7	184999	112.14323	42.292244	188.89276	-89.37425	112.14323	42.29335	188.64636	-94.03393	-114.80434	33.718933	1033.2460236549377	27.925568258440173
38	569.3174	158.33461	957.327	359.98224	510.57983	41.568092	618.7269	467.09552	221.90909	208.5	189999	114.04623	42.79213	191.50006	-78.815216	114.04701	42.7889	193.71278	-72.861725	-116.57035	34.415443	1061.222233057022	27.92690092011502
39	519.1069	91.31444	843.3726	383.14288	518.6771	61.729187	610.6437	454.27142	195.6923	174.0	194999	115.94124	43.268864	193.0638	-85.63071	115.9415	43.275433	194.41576	-87.38533	-118.55328	34.27744	1089.6717007160187	27.940300067265827
40	495.13705	64.56952	698.03735	419.47247	480.9821	14.97114	506.065	460.47565	175.32143	160.4	199999	117.8425	43.961124	195.22192	-92.933495	117.8422	43.963356	195.4598	-99.55925	-120.579735	35.61982	1117.577665567398	27.93944169282913
41	540.1957	129.72269	1055.2773	372.9377	574.3672	193.00735	1078.1632	387.14575	193.57692	249.3	204999	120.10368	44.29354	196.75908	-89.875534	120.10367	44.29585	198.88785	-96.81414	-122.83151	35.74214	1145.67635679245	27.94332583357648
42	573.5607	82.44663	813.7224	462.1591	660.12476	153.31396	997.89923	489.1242	211.83333	268.2	209999	121.65971	44.99357	199.89268	-94.06541	121.660835	44.99564	200.45735	-106.265434	-124.43131	36.439457	1174.7544231414795	27.97034345922016
43	558.40076	62.994	795.951	460.98145	766.23706	242.61864	1282.4153	463.74597	205.91667	338.7	214999	123.560074	45.520054	209.83783	-90.64435	123.56045	45.52249	209.85826	-88.033295	-126.24771	36.57245	1203.3270597457886	27.98435027100319
44	653.2338	282.0361	1822.3694	498.55334	637.2327	79.969536	791.0169	549.9948	252.2	233.4	219999	125.32939	46.40406	211.30354	-88.47274	125.32919	46.410275	210.9626	-80.31906	-127.91625	37.67733	1231.928427696228	27.99837340549989
45	566.48724	66.5652	750.4007	452.24203	483.1895	59.105446	595.1876	395.75555	201.41667	176.7	224999	126.64761	47.00727	213.58551	-70.71067	126.64825	47.010746	212.6614	-70.05073	-129.20752	36.551895	1260.3535120487213	28.007855870988635
46	643.25366	203.87672	1129.1394	438.14792	763.99634	140.30724	997.56555	431.57715	239.5238	278.3	229999	128.01517	47.815052	215.6788	-72.911606	128.01488	47.817554	213.91554	-71.47077	-130.52481	36.68576	1288.402173280716	28.00874294405398
47	687.9612	203.83313	1074.9272	438.51245	662.75604	193.93327	1176.8507	523.7011	248.25	251.8	234999	129.64479	48.78537	216.90353	-81.67288	129.64482	48.78666	217.64511	-74.83244	-132.2539	37.310043	1317.6289932727814	28.03465947191766
48	837.5161	343.95804	1878.796	476.88422	549.17426	89.55583	807.47504	496.80914	318.3125	182.9	239999	131.50957	49.264275	228.02245	-79.22641	131.50961	49.26652	220.43271	-72.07401	-134.10196	37.07321	1345.51096534729	28.031478489438694
49	665.6504	190.98697	1144.7561	312.3451	1103.5559	353.16306	1721.7512	463.34555	233.7619	409.6	244999	132.91435	49.756027	230.15271	-78.07348	132.91434	49.759502	245.64401	-75.175545	-135.28668	37.101944	1374.9129021167755	28.059447020900492
50	649.4111	205.51912	1215.3594	339.2509	599.78357	120.2704	822.6101	477.94437	223.56522	192.7	249999	134.44923	50.1099	269.58032	-66.449715	134.44954	50.11304	266.97855	-76.07667	-137.07605	37.363632	1403.7805259227753	28.07561056137085
51	806.3259	469.1567	2366.1685	415.9604	771.37524	53.64789	853.0	699.7924	267.05554	252.0	254999	135.74397	50.22607	247.98776	-82.88347	135.74402	50.228813	246.42657	-88.61385	-138.38892	38.398743	1432.019000530243	28.078803964689666
52	709.9731	180.42636	1239.4049	457.18835	727.4906	222.28949	1119.8729	420.1753	223.65218	226.8	259999	137.15302	49.99312	251.71768	-91.375084	137.15262	49.994728	257.34332	-90.2205	-139.64117	39.29378	1460.9145312309265	28.09451025724411
53	786.4186	225.165	1270.3038	393.0376	1099.5106	466.6508	2393.3655	741.8047	251.0	346.5	264999	138.37886	49.44506	244.13312	-87.23775	138.38008	49.44999	252.85573	-89.13996	-140.97112	39.80727	1489.8457117080688	28.110296487808228
54	818.155	225.26343	1262.8948	511.0218	604.60596	113.83879	905.44684	484.54376	259.6316	195.2	269999	139.022	49.058533	235.48178	-75.8122	139.02203	49.060215	237.91333	-78.41656	-141.53758	39.678596	1517.6967833042145	28.105496022436355
55	972.49097	358.1496	1657.0182	435.25565	1190.9529	295.56873	1709.9598	749.56726	321.73334	358.2	274999	139.88216	49.060688	242.94432	-94.915634	139.88205	49.060673	240.26129	-82.559006	-142.43843	40.415142	1547.3560798168182	28.133746940439398
56	1084.2745	354.6152	1809.0884	649.81287	1046.557	218.10185	1418.814	803.9866	349.14285	328.8	279999	141.0963	49.580154	253.68733	-70.471085	141.09613	49.584797	246.19983	-81.02343	-143.67113	41.952007	1575.9712212085724	28.14234326992716
57	1214.177	526.7787	2160.276	198.60295	1285.003	409.6132	1817.5157	507.29517	379.5	398.2	284999	142.96187	50.261715	255.59534	-76.49992	142.96161	50.26476	250.64851	-84.40594	-145.61595	43.52859	1605.6079938411713	28.168561328921403
58	989.9878	435.38474	2160.6206	467.12314	834.2506	472.08566	2240.2043	609.9487	319.5625	254.1	289999	145.0041	51.051647	247.49811	-95.68267	145.00372	51.053844	261.8867	-84.33417	-147.65808	46.641953	1634.8568994998932	28.18718795940794
59	898.05975	310.04758	1516.8213	435.16473	1277.9324	368.6087	1641.205	457.98975	285.35294	441.6	294999	146.50798	51.474762	244.68877	-84.096375	146.50868	51.477077	249.77979	-91.31546	-149.198	46.98689	1664.1283903121948	28.205565973863763
60	1335.5358	341.16782	1799.1038	556.2098	843.89777	445.39178	1887.2905	489.45135	401.41666	241.3	299999	147.94223	51.82812	255.52283	-82.34543	147.94179	51.833454	256.55127	-77.41294	-150.54315	47.428177	1693.1084764003754	28.218474638462066
61	1337.3	428.68155	2132.7659	737.69836	1722.9352	581.66156	2492.9075	1032.4075	372.85715	486.6	304999	148.82051	52.294907	269.10394	-91.36487	148.82051	52.29863	259.99008	-105.22289	-151.38962	47.90605	1722.6454422473907	28.240089248438352
62	1407.4596	783.49677	3034.6448	413.50143	2147.2566	795.07074	3422.7468	1045.4823	413.58334	666.1	309999	150.35382	52.087788	270.66254	-85.42106	150.3533	52.09301	259.82556	-79.07607	-153.02678	48.938423	1753.0150036811829	28.27443557016311
63	1369.8693	495.70508	2401.045	655.3143	2711.7903	1018.2127	3967.6873	1244.4133	376.30768	739.6	314999	152.27328	52.2428	269.52698	-94.15415	152.27386	52.242756	258.34808	-115.15846	-154.90015	49.627357	1784.737090587616	28.329160198332772
64	1792.0261	744.7886	3238.5596	526.1929	2157.0977	1075.0771	4072.3113	961.6413	519.3	627.3	319999	153.84465	52.751827	268.74875	-72.95866	153.84425	52.755333	260.1559	-85.1797	-156.5767	50.977676	1814.8712089061737	28.357362665235996
65	1600.3652	940.00574	2869.719	403.04828	1732.5349	399.60446	2323.4983	894.0328	416.36365	442.7	324999	155.46828	53.158382	274.1274	-93.34401	155.4678	53.16107	282.301	-76.006226	-158.08757	55.832886	1844.4023473262787	28.375420761108398
66	1791.9629	863.18695	3229.0432	551.9573	2603.8306	906.7328	3755.8997	1347.9648	467.18182	717.1	329999	156.77505	53.610706	272.76276	-85.35648	156.77522	53.61401	274.59677	-88.517136	-159.6244	56.24952	1875.8142268657684	28.421427712295994
67	2705.0012	771.79333	3972.1062	1349.9615	1956.1238	1053.4912	4069.1873	832.7062	699.8571	479.7	334999	158.17569	54.470547	274.01938	-98.6328	158.17491	54.475777	275.19907	-98.79931	-160.84132	59.14877	1905.3157558441162	28.437548623156193
68	1780.8265	1194.9393	4050.9568	501.02435	2959.2996	1300.2025	4370.7456	503.33887	479.54544	716.6	339999	159.71745	55.12707	283.7647	-103.093925	159.71605	55.136417	284.19943	-97.3043	-162.51807	59.08135	1935.8564927577972	28.468477859216577
69	2385.7087	1191.1843	4670.2207	453.16647	1990.8158	1200.1221	3970.6814	422.32065	561.44446	493.3	344999	160.93663	55.82274	287.1313	-93.550674	160.93648	55.828682	288.6323	-98.3071	-163.7109	59.961006	1966.2165834903717	28.495892541995946
70	2189.4111	1282.9901	4241.6865	790.90454	3841.291	921.85535	4971.7266	1532.4072	556.1111	883.3	349999	162.4433	56.12574	292.6625	-110.25272	162.44307	56.13401	293.95667	-98.82654	-165.39104	61.94593	1997.7170977592468	28.538815709522794
71	2268.1182	806.4801	3345.3208	494.70575	2686.3625	1059.5887	4134.5693	483.37396	565.5	677.9	354999	163.92387	56.884823	297.76083	-107.77947	163.92522	56.881886	296.2313	-130.29413	-166.8257	64.56204	2028.262106180191	28.567071948252934
72	2037.3452	1205.8326	4277.9814	663.42303	1914.3531	1747.4473	5222.3843	190.0343	478.54544	416.5	359999	165.81511	57.361004	303.20004	-96.491905	165.81569	57.36406	305.8368	-108.33701	-168.68346	67.11899	2058.4429709911346	28.589485738012527
73	2784.2505	1234.5948	4486.8364	1037.8042	2446.2239	1517.9338	4843.127	457.64517	615.5	559.0	364999	167.29593	58.08649	309.46426	-114.237785	167.2977	58.085617	311.14954	-97.95975	-170.26021	69.11255	2088.0196731090546	28.603009246800045
74	2311.2148	1036.0945	4177.231	1184.5386	3448.1997	1115.5668	5472.374	1873.3262	533.8	691.1	369999	169.09697	58.08881	316.30093	-110.01599	169.09805	58.09295	310.62735	-108.43171	-172.12898	71.49298	2118.884157180786	28.633569717407227
75	1619.0483	1533.9158	4642.194	147.11389	216.96553	105.94028	444.81604	147.24611	379.25	92.3	374999	170.65721	58.79119	322.27023	-69.85884	170.65787	58.79561	315.5209	-102.62989	-173.67734	73.630646	2146.8247678279877	28.624330266316733
76	1833.4576	1401.8599	4468.578	158.87326	1064.2539	1750.1807	4976.0464	144.77864	408.83334	243.0	379999	172.13297	59.91172	332.53113	-72.34784	172.13329	59.91608	321.29926	-100.344864	-175.01631	76.6151	2174.9189438819885	28.617354552996787
77	2334.7454	1839.327	5062.984	132.42656	3305.9832	975.1115	4548.501	1780.2551	518.6667	732.1	384999	173.94339	60.94479	329.43555	-103.07913	173.94221	60.952103	324.1924	-99.79723	-176.92725	78.6888	2206.6882712841034	28.65828926222665
78	3056.418	1383.412	4857.0454	883.4616	2979.4148	1170.3138	4997.3516	1513.0553	673.0	634.0	389999	175.82973	62.271996	333.0566	-91.777405	175.82964	62.28013	330.2343	-95.355774	-178.82607	80.525856	2236.95396900177	28.67889706293742
79	3138.9795	1468.209	5080.4595	1118.7932	2933.6445	1111.9772	4773.6514	1432.3387	643.25	656.2	394999	178.338	62.996693	336.77133	-102.21263	178.3385	63.001095	341.53323	-110.06354	-181.4327	83.40001	2267.249540090561	28.699361288094824
80	3149.6228	1913.0422	5350.325	181.69048	3679.8562	1376.7207	5570.12	1336.2334	636.2857	695.8	399999	180.61873	64.04075	353.83517	-96.777245	180.61836	64.047035	364.81067	-110.84314	-183.6663	84.9522	2298.7100031375885	28.733875066041946
81	2882.5112	2137.258	5514.673	141.30377	4425.84	1483.7036	5662.7866	254.40501	592.6	855.9	404999	182.94987	65.662766	352.5477	-96.66317	182.94931	65.671005	355.53323	-104.310104	-186.0313	86.66105	2329.7898437976837	28.762837604240136
82	3762.9568	1384.2301	5170.141	982.106	4239.5205	966.6473	5057.3623	1592.8019	754.5	901.2	409999	185.59645	66.73373	366.18793	-99.95124	185.5983	66.7326	353.34427	-92.34714	-188.81412	87.58607	2361.510837316513	28.79891267346173
83	3886.5413	1453.0867	5233.7495	1700.9879	2205.8232	1984.2567	4724.006	268.6065	794.5	518.2	414999	188.66098	68.04276	367.42056	-87.86898	188.66022	68.04938	362.8216	-100.05209	-191.90726	92.04997	2391.9664857387543	28.81887334513377
84	2663.9053	1720.9482	4850.26	335.03754	3125.0312	1816.7927	5349.878	585.76526	598.625	667.6	419999	190.78754	68.7437	365.877	-66.78066	190.7901	68.738785	368.36832	-75.43493	-194.03958	92.27136	2422.547064304352	28.839846026329766
85	3572.4363	1518.6051	4791.4185	834.108	4420.6016	261.07596	4828.2812	4046.2048	791.8571	1000.0	424999	193.68779	69.25621	374.4696	-78.93141	193.68867	69.26269	378.5064	-67.21298	-197.08076	94.4008	2454.5497999191284	28.877056494881124
86	2234.398	1413.068	4269.9463	210.82076	3157.3276	1080.0048	4722.0127	1831.7509	539.9	708.6	429999	196.28815	69.408585	375.11298	-76.88577	196.28882	69.41085	379.35992	-71.00227	-199.48163	95.541016	2486.164477825165	28.908889301987582
87	2702.0278	1858.852	4847.3037	145.49615	4412.869	1044.348	5564.1626	2159.2144	578.0	841.5	434999	198.67767	69.70581	380.72467	-87.504654	198.6794	69.705826	382.28146	-94.85836	-201.88603	98.49554	2517.416080236435	28.935817036135443
88	4604.944	363.93268	5032.05	3882.014	3672.0386	1723.7257	4852.016	252.91106	963.3333	798.9	439999	200.90059	70.78341	390.24167	-103.29839	200.90202	70.79134	382.29773	-96.55833	-204.00275	99.78297	2548.482148885727	28.960024440830406
89	2975.9966	1485.2031	4747.1255	259.8774	2941.897	1739.6162	5779.567	143.50952	674.0	607.2	444999	203.12672	71.40526	387.2921	-79.15376	203.12962	71.404655	384.2433	-159.76799	-206.47531	99.13612	2579.568559885025	28.983916424633414
90	2662.0422	1647.8705	4920.0312	708.73737	3326.8972	1177.9462	4723.1147	272.065	605.0	814.1	449999	204.68864	72.51343	393.89566	-74.31149	204.68927	72.520195	392.02118	-66.1782	-207.7435	101.06164	2610.6038570404053	29.006709549162125
91	2029.892	1568.3589	5022.428	146.63083	2788.7231	1213.803	4167.8657	506.06052	489.0	749.9	454999	205.07547	73.92003	398.1742	-75.53737	205.07477	73.92981	393.31183	-94.61029	-208.11134	105.245575	2641.7165145874023	29.029851826992665
92	3770.3176	1202.2565	4884.9834	1453.281	4170.6064	500.61267	4732.107	2923.232	846.6	939.8	459999	206.05127	75.068665	395.13895	-91.82908	206.05093	75.080696	390.2799	-63.900917	-209.22772	105.79045	2674.6108026504517	29.07185657128044
93	4014.7024	172.64296	4312.772	3799.8884	3767.4702	1259.7515	4826.208	221.62611	963.3333	852.6	464999	207.51584	75.2922	402.50317	-90.46056	207.51535	75.30183	397.8558	-100.68021	-210.69286	108.82423	2705.931561231613	29.09603831075853
94	4076.0671	826.51416	5018.622	3053.8035	3530.232	1010.7703	4800.182	1891.499	884.0	799.9	469999	209.9649	75.30183	398.13162	-102.83993	209.96684	75.30321	398.9999	-96.064415	-213.09857	107.13138	2736.875848531723	29.115700539122237
95	4078.2854	788.12524	4996.6533	3060.5044	4531.882	707.1438	5051.474	3025.712	864.6667	932.3	474999	212.55928	75.02046	406.77917	-88.431694	212.56049	75.02315	402.16437	-90.294464	-215.7481	109.3538	2769.363998889923	29.151200010902002
96	4680.204	391.53842	5101.06	4076.3435	3198.191	1490.3209	5074.8345	114.088196	1000.0	721.6	479999	214.17908	75.72811	409.29474	-101.20218	214.18279	75.72839	410.93085	-95.51623	-217.58365	112.15621	2800.298316001892	29.169774144887924
97	3752.838	913.7866	4992.8496	2679.0344	3860.0742	1544.564	5229.4326	592.999	788.0	806.3	484999	216.0604	76.20233	421.35876	-118.51479	216.06136	76.204575	424.4831	-116.020355	-219.414	110.98775	2831.5225138664246	29.190953768405716
98	4297.9946	1340.9602	5061.8447	1305.9199	4825.562	356.25305	5341.4897	4173.2085	896.6667	981.5	489999	217.57558	76.61598	426.88455	-138.0177	217.5763	76.62243	417.55582	-110.48724	-220.74913	108.967285	2864.3487734794617	29.22804872843684
99	3605.305	1107.7854	4625.7544	1496.008	2771.9634	1434.4662	4792.631	778.8146	770.1667	664.6	494999	219.5457	77.12693	416.64655	-111.65872	219.54547	77.13566	416.87326	-108.49887	-222.94975	107.55533	2894.7536959648132	29.23993634214305
100	3420.6025	1790.0574	5191.3506	441.0006	3382.5679	1444.8009	5178.899	1196.8347	714.75	718.8	499999	221.49765	78.515686	426.71268	-122.84838	221.4987	78.52082	438.94467	-114.00755	-224.71185	109.58167	2925.286046028137	29.252860481739045
101	3713.1047	1306.2611	5565.191	1812.6844	2583.9617	894.25995	4475.1523	1737.6115	818.2	552.6	504999	222.54764	79.88922	429.63715	-109.767624	222.54785	79.89623	430.21243	-110.96745	-225.64	107.68905	2956.002107143402	29.267347614363867
102	4671.114	975.1662	5478.425	2630.686	3422.468	1420.969	5478.259	1504.2458	912.8333	745.7	509999	223.615	81.571465	438.9405	-115.15475	223.61516	81.58643	449.89676	-116.35211	-226.90347	107.978065	2986.528951406479	29.279695623061237
103	3664.7808	938.46533	4980.267	2214.3545	4568.753	754.5864	5413.9287	2857.7566	780.4286	917.5	514999	224.79605	83.25592	433.62112	-92.47457	224.7957	83.26455	440.15848	-83.899796	-228.008	111.29858	3018.349429130554	29.30436341044972
104	2350.0671	1726.778	4878.437	480.40335	2704.1458	1538.0475	4904.7207	227.07172	541.875	622.1	519999	225.54376	84.64308	430.56433	-76.2566	225.54356	84.648994	425.23514	-93.87095	-228.8256	112.2886	3049.4626953601837	29.321756702203018
105	3036.5771	1671.1213	5593.628	542.38306	4283.962	148.15935	4514.966	4085.2615	648.125	1000.0	524999	226.52525	85.29547	429.42004	-93.3262	226.52608	85.305214	435.62912	-98.0545	-229.70323	115.533226	3081.6320712566376	29.348876889546712
106	2888.124	1287.2356	4732.271	1050.7562	4743.519	959.4928	5501.558	2468.121	646.75	917.8	529999	228.52597	85.39783	434.3896	-82.66926	228.52621	85.407974	433.25204	-87.54979	-231.92172	123.96399	3113.5266654491425	29.372893086019552
107	4205.0586	1152.0215	5048.967	1754.0681	5069.8784	221.93254	5344.7295	4645.6216	865.8333	1000.0	534999	229.49257	86.005615	439.71393	-137.31567	229.49437	86.012695	435.74115	-144.9597	-232.7003	123.285286	3146.491106271744	29.40645895494479
108	5128.0996	322.74188	5638.076	4797.423	3858.3508	1055.7828	5090.391	2193.731	1000.0	812.7	539999	231.20132	86.560875	438.58444	-108.66849	231.20279	86.56795	438.85214	-109.537056	-234.44087	119.78458	3177.719491004944	29.42332864028436
109	4551.6045	1088.8066	5256.4155	2386.4424	3853.8887	1455.0135	5466.6963	1213.1996	907.2	773.1	544999	233.00539	86.958786	434.80682	-75.968475	233.00546	86.96969	447.9223	-66.153755	-236.46014	119.44184	3208.579788684845	29.43651184248268
110	3848.6807	1439.1235	5351.7007	1655.7787	4357.1787	1113.9907	5469.453	2335.7166	819.5	879.4	549999	234.4901	87.52218	448.44473	-90.88303	234.49078	87.52734	443.56958	-94.451324	-237.81763	120.08782	3240.9232518672943	29.462938672846015
111	3897.0056	1581.811	5192.8306	1171.7004	4677.865	445.5736	5428.9844	3963.2688	807.1429	923.1	554999	235.9823	87.85682	450.04233	-92.38487	235.98476	87.86394	456.43878	-100.19935	-239.20805	119.70867	3272.6773850917816	29.483580065203142
112	3713.1267	1817.057	5215.888	185.56465	4012.341	1066.4984	5212.184	1509.8995	776.8333	858.9	559999	237.28345	88.36882	448.22647	-110.21773	237.28273	88.38209	456.1663	-122.67064	-240.74405	118.829765	3304.0006799697876	29.500006088188716
113	4383.4814	670.4952	5073.395	3213.9448	4868.167	271.81073	5358.0054	4521.0396	936.2	996.8	564999	238.33653	88.94146	452.00882	-99.00205	238.33734	88.95056	452.13287	-87.298965	-241.5774	121.84506	3336.944903612137	29.530485891662867
114	4008.694	1400.7465	5497.9805	1829.8047	4464.0527	829.06134	5350.4014	2488.87	813.3333	903.8	569999	239.42693	89.47893	452.92288	-86.77729	239.42755	89.48598	456.6334	-95.75417	-242.9728	119.8555	3368.686534881592	29.549881901657372
115	4361.314	1451.4828	5381.029	1235.9847	4887.968	1040.6471	5716.3486	2149.369	869.8333	919.1	574999	240.74185	90.04374	459.91248	-88.21598	240.74103	90.05396	453.73035	-87.61443	-244.13257	125.36755	3400.465526342392	29.569265467187634
116	4439.352	1150.3993	5448.5522	2182.762	4609.3677	1340.9222	5532.155	1022.02136	886.0	891.6	579999	241.2903	90.78004	455.52527	-109.02261	241.29099	90.79252	457.2289	-101.45283	-244.3819	122.385574	3432.5721521377563	29.591139261064857
117	4370.4854	1368.5537	5414.387	1660.6653	2949.9722	1173.5813	4774.7515	1003.9668	884.4	689.5	584999	242.15634	91.77831	464.27655	-80.4122	242.15575	91.78811	462.7691	-106.977	-245.4051	121.84405	3463.4597408771515	29.602220023799145
118	4011.7527	1205.7709	5272.1943	1661.4397	3031.0444	1017.0112	4677.0303	1646.0447	813.2857	636.8	589999	242.83998	93.124054	458.17902	-111.64833	242.83955	93.13688	457.48257	-116.73834	-246.05235	121.77931	3493.507251024246	29.605993670932317
119	3515.5305	1446.5079	5353.9487	1410.2335	3612.1929	1227.9996	4810.5933	1423.1915	721.4286	781.1	594999	243.49338	94.280045	465.09076	-119.76753	243.4936	94.294044	459.8808	-126.30001	-246.6812	125.91365	3525.4675900936127	29.62577808404169
120	3974.0137	1267.4855	5394.2285	1704.8392	4204.7007	1015.1054	5049.565	1457.7472	817.8333	916.9	599999	244.52673	95.22022	470.24884	-157.66386	244.52536	95.23829	465.98166	-128.8926	-247.75964	127.714874	3557.3975653648376	29.64497972925504
121	3755.3162	1097.0303	5308.7563	2395.1248	4656.782	601.6855	5412.2495	3645.2205	776.6667	916.4	604999	245.3825	96.22481	475.24542	-150.52898	245.38239	96.23606	467.82977	-153.74458	-248.72765	126.33737	3588.9971532821655	29.661133511992524
122	4124.518	982.7442	5120.3	2655.1648	3341.1304	1329.8593	5044.3447	1895.77	845.1667	699.0	609999	246.44118	97.278564	473.69247	-167.54668	246.43915	97.295906	464.7608	-158.45003	-249.76958	132.46698	3620.3990433216095	29.675402010073427
123	3803.6482	1224.9878	5419.1704	2066.4363	3126.8235	1772.7367	5504.503	354.01236	789.3333	659.9	614999	246.37395	97.83138	471.23965	-181.22829	246.3741	97.84301	469.95615	-174.07935	-249.7893	142.57927	3650.4976580142975	29.67884276552898
124	3971.531	1653.7476	5476.8975	888.6116	4567.4536	573.3295	5497.85	3781.2842	805.5	916.2	619999	247.05864	98.14293	475.87103	-151.37175	247.06017	98.15073	471.2638	-158.55836	-250.33795	136.50279	3682.136474132538	29.694649004167125
125	4439.263	978.6839	5341.953	2430.6567	2907.0645	1015.91376	5108.89	1886.7046	890.8333	611.3	624999	248.58998	97.996155	475.4118	-173.18225	248.59021	98.00907	469.72345	-155.70238	-252.15317	136.85063	3713.1336765289307	29.705069427490233
126	3597.1123	1081.3761	5242.8228	2039.8553	4131.123	1448.6958	5409.9907	189.72902	793.6667	837.3	629999	250.0096	98.20663	471.8682	-204.98773	250.00986	98.21513	472.6844	-199.48953	-253.3506	135.9852	3744.2752978801727	29.71647063512651
127	3594.1643	1517.2378	5399.8726	1384.4473	3265.7798	1589.8586	5273.2026	163.04681	725.1429	672.3	634999	251.26077	98.27767	478.08066	-181.64207	251.2607	98.288704	477.26294	-185.05072	-254.4578	140.20288	3774.7481644153595	29.72242650835533
128	4683.712	1015.0128	5368.791	2441.5464	4070.898	1095.4076	5257.6616	1925.5985	928.8333	848.1	639999	252.25069	98.391235	487.5408	-250.58546	252.25005	98.40491	479.90067	-281.02887	-255.4125	134.54103	3807.0018343925476	29.742201847955585
129	3659.8665	1479.7476	5163.161	1680.5273	3678.4004	1838.8264	5472.45	517.2793	774.5	744.6	644999	253.20056	98.93457	487.96487	-198.06827	253.19876	98.945915	480.65564	-186.18658	-256.46274	135.94215	3837.711201429367	29.749699254368625
130	4398.6133	437.24777	4954.2197	3767.1042	3410.5579	1600.7609	5415.344	1134.3966	984.4	719.8	649999	254.27023	99.1835	489.98965	-193.08568	254.27017	99.19805	482.90143	-195.98831	-257.5284	133.19725	3868.5424959659576	29.758019214410048
131	3681.0696	1283.5316	5282.059	1525.1609	3382.3801	1725.4865	5451.885	197.53609	758.4286	675.4	654999	255.5053	99.3516	491.12927	-225.96172	255.5049	99.36376	486.2987	-228.00424	-258.61658	133.74828	3899.9395322799683	29.77053079532303
132	4643.575	828.632	5125.038	2990.2388	4403.8193	733.1041	4826.5186	2232.3662	915.0	951.1	659999	256.3626	100.15726	481.38446	-189.7333	256.36145	100.174355	482.60486	-204.65192	-259.83047	132.97919	3931.9285337924957	29.787337389859285
133	3584.1282	1760.9098	5202.5015	802.9653	3772.839	1614.5094	5435.202	966.93384	756.7143	775.1	664999	257.10446	100.8405	484.7447	-207.37988	257.10455	100.84878	479.449	-213.1023	-260.53586	132.69267	3962.9968552589417	29.796968850874364
134	3879.54	1213.525	5393.8945	2222.1526	4420.3765	896.47437	5378.674	2017.8893	805.1667	935.0	669999	257.4859	101.66782	488.98267	-238.02773	257.4844	101.684494	483.2328	-212.66469	-260.5993	136.25073	3995.958980321884	29.820589421400385
135	4304.2144	1352.7598	5053.8296	1296.8807	3987.5671	1023.9207	5514.546	2634.788	885.0	801.1	674999	257.48196	102.28088	488.6619	-185.77489	257.4793	102.29273	480.1118	-191.85918	-260.4818	133.29825	4026.990568637848	29.829559783582333
136	4976.776	389.83926	5330.6694	4227.0103	4142.9155	1842.0962	5516.5723	422.7772	1000.0	840.7	679999	257.9245	103.0348	485.507	-167.32466	257.92538	103.0412	482.9301	-153.17262	-260.86612	133.80783	4058.3754477500916	29.840995955116608
137	3372.9407	1424.9475	5363.017	390.71262	5184.438	136.13371	5430.642	4978.6294	718.1429	1000.0	684999	258.295	104.08688	492.7822	-215.40103	258.29434	104.0983	486.69852	-189.15244	-261.40955	130.89493	4091.4948558807373	29.86492596751582
138	4861.4653	302.09552	5308.1445	4357.978	5142.574	368.24783	5549.772	4376.782	1000.0	1000.0	689999	259.27972	104.825775	487.01126	-155.94337	259.27844	104.833435	492.3202	-155.58229	-262.5879	134.50357	4123.749669551849	29.882243996081144
139	3294.633	1314.0217	5309.109	1586.7316	4559.7295	1452.1503	5558.898	390.7745	663.4286	880.6	694999	260.3732	104.9466	488.77866	-191.7888	260.3716	104.960815	489.34848	-163.34863	-263.4956	133.99554	4155.400783538818	29.894969679468826
140	5251.458	194.6885	5477.4375	4966.6035	4862.4673	796.8794	5556.7617	3575.3928	982.0	928.3	699999	261.33182	105.25584	490.11285	-140.54416	261.32983	105.272514	486.32312	-151.70892	-264.68683	137.95026	4187.9269943237305	29.9137642621994
141	4541.428	2028.1014	5651.5557	12.768774	2893.486	2307.1272	5329.206	17.114939	837.0	569.3	704999	262.4863	105.116425	485.99332	-147.04962	262.4854	105.12767	483.58142	-143.98373	-265.60406	135.89453	4217.817138910294	29.913596743387533
142	3071.0688	2619.1467	5851.1514	148.96182	4106.0225	1885.018	5736.1953	1201.5577	568.6667	784.1	709999	263.37943	105.72972	492.11725	-166.38928	263.3774	105.74411	488.9152	-139.62668	-266.67987	135.5428	4248.721675634384	29.920575195634868
143	5054.29	659.7787	5502.4976	3744.9934	4095.9097	1258.4113	5563.4453	2103.5713	934.8	788.5	714999	264.38165	105.99081	490.5033	-155.45052	264.38037	106.0033	497.953	-147.43936	-267.9197	139.54836	4280.740053892136	29.935245147118202
144	4140.8726	1181.3468	5527.2373	2408.3652	3814.231	1652.7915	5526.112	688.04333	785.0	770.6	719999	265.7308	106.44619	492.38583	-135.42601	265.73053	106.450966	487.0038	-120.66913	-268.7265	136.82556	4311.604752063751	29.94169968366623
145	3884.033	2043.4413	5796.5703	129.38283	4150.4507	1076.2083	5291.78	2267.6606	725.7143	805.4	724999	266.19998	107.06475	494.7097	-194.40639	266.1996	107.07583	494.39865	-173.16632	-269.32034	132.82373	4342.752788066864	29.950019241201467
146	4573.476	951.19354	5538.094	3239.7522	4368.4087	982.44946	5403.598	2015.0253	859.5	889.3	729999	267.50836	107.56635	497.33353	-181.04633	267.5071	107.57601	495.20523	-173.8001	-270.762	136.4258	4375.402747392654	29.968511979873867
147	3792.9114	1802.7753	5856.8037	162.4016	4664.9937	1302.0865	5930.585	2082.614	730.0	853.1	734999	268.41873	107.959724	492.767	-201.19307	268.41904	107.96771	489.71725	-191.08078	-271.51758	136.2977	4406.751025676727	29.977898145208552
148	4950.3306	1523.4197	5847.8657	1556.9675	4634.1714	1296.5912	5912.8633	1274.9127	898.3333	869.5	739999	270.03314	108.25805	494.89188	-172.27461	270.0313	108.27247	490.67993	-173.69539	-273.36005	137.28218	4438.206459760666	29.98788149936779
149	4852.7153	1524.8815	5732.61	1456.7625	4324.922	1409.6542	5163.2656	1477.6099	887.6667	879.2	744999	270.84702	108.89234	491.63773	-186.9274	270.84644	108.90606	491.0828	-182.77473	-273.8206	137.77873	4470.659717559814	30.0044276458305
150	5081.185	493.1571	5556.4155	4133.552	2964.2878	1772.5162	4907.86	823.57666	966.8	653.2	749999	271.39886	109.97102	492.75836	-220.38039	271.39664	109.98578	492.59738	-227.31621	-274.2829	136.8905	4501.199491739273	30.00799662590027
151	5368.2153	88.387115	5477.3745	5262.822	5412.864	281.8631	5645.015	4595.253	1000.0	987.8	754999	271.66968	110.58105	494.3904	-208.49687	271.668	110.594986	493.60202	-205.30681	-274.66028	139.30313	4533.499515533447	30.023175621664286
152	5225.129	222.00122	5579.2466	4924.0737	4844.0825	313.84003	5190.256	4108.6855	1000.0	983.5	759999	272.67404	111.54871	492.5135	-196.13004	272.67194	111.56594	492.20197	-188.32257	-275.79324	140.2221	4566.310228347778	30.041514672731097
153	4693.5083	1456.7004	5656.719	1796.5353	4933.94	826.22266	5784.21	3273.5996	886.2	889.4	764999	274.2228	111.78994	490.39618	-182.48935	274.22156	111.80318	489.5054	-191.57625	-277.4491	135.98058	4598.209727525711	30.05365836230758
154	5313.9536	403.8683	5718.581	4537.555	4732.5615	1337.8439	5538.6226	1796.1257	971.4	892.4	769999	275.3516	112.69532	492.62454	-177.92819	275.3498	112.71001	490.66986	-173.66682	-278.46716	137.13084	4629.658778429031	30.06271935438181
155	5205.563	635.96344	5593.2334	3791.0938	4593.615	1218.035	5519.102	2144.2637	952.6667	895.2	774999	276.94138	113.46145	499.79135	-179.59737	276.9387	113.476585	504.34018	-174.44345	-280.18466	137.59651	4661.968976736069	30.077219217054306
156	5441.369	190.95573	5768.7603	5219.7905	5618.465	97.129875	5814.1855	5492.3755	1000.0	1000.0	779999	278.52637	113.75292	501.43567	-203.7566	278.52637	113.76151	498.47946	-175.69984	-281.5451	139.91959	4694.554973363876	30.09330112659014
157	3837.4133	2088.2854	5394.324	127.30374	4666.655	1654.2458	5565.175	402.49722	745.0	867.8	784999	280.04535	114.20135	501.97092	-205.60365	280.04376	114.21731	500.65436	-193.10577	-283.25116	140.33945	4725.847851991653	30.100941743061043
158	5166.9893	601.4241	5583.5474	3982.1667	5143.7925	290.28	5468.183	4344.2676	960.0	1000.0	789999	280.72577	115.206154	501.70984	-198.97722	280.72385	115.22247	499.26096	-201.81308	-283.8742	137.44589	4758.612726688385	30.117802079719834
159	4876.1772	992.8259	5517.065	2674.0134	4955.5615	1019.2867	5871.2827	2998.6218	924.1667	917.1	794999	281.89642	115.31567	502.99683	-205.65138	281.8946	115.32623	497.6515	-210.73416	-284.8013	138.87234	4791.074029445648	30.13254107919129
160	4678.1187	1540.045	5632.7944	1324.617	5490.129	134.78835	5670.0234	5246.0083	886.3333	1000.0	799999	282.76065	115.69813	501.46356	-171.87082	282.75864	115.71518	501.3793	-158.90125	-285.72754	141.05559	4823.158229827881	30.1447389498353
161	3949.8877	2092.4941	5510.0527	507.2082	5228.5356	75.72512	5373.262	5107.5327	757.5	1000.0	804999	284.2962	115.76231	501.8378	-220.34232	284.2953	115.773094	510.43912	-208.08229	-287.40887	141.67001	4855.409384727478	30.15782228019667
162	5291.285	266.09933	5463.1606	4762.079	2855.9888	2576.9038	5591.965	272.72253	1000.0	557.5	809999	285.67438	115.13936	500.64972	-162.83319	285.67596	115.14383	500.90622	-171.60081	-288.7979	144.37819	4886.218221902847	30.16184088918898
163	4731.1265	1512.1794	5589.232	1359.7231	4388.825	1309.3009	5925.6445	2632.9124	893.0	805.5	814999	286.54758	115.08254	503.4462	-179.72261	286.54855	115.09215	503.43396	-180.76933	-289.68594	142.18074	4917.247969388962	30.167165469538215
164	4464.128	1695.6229	5788.4116	1131.6866	5431.9604	540.9081	5807.3457	3893.3374	857.8	969.8	819999	287.55267	115.74633	510.89435	-163.25273	287.5523	115.7528	504.41672	-191.22942	-290.85825	142.47838	4949.585510253906	30.180399465851668
165	4846.263	1155.7283	5581.969	2281.8477	5317.9717	141.01639	5517.3696	5009.927	913.1667	1000.0	824999	289.06628	115.89872	509.89923	-148.0694	289.0659	115.90286	503.32053	-124.10605	-292.1403	141.9641	4982.500216007233	30.19697101766413
166	4499.074	1968.3962	5516.7744	109.965546	5532.1924	100.62311	5711.5596	5402.2417	843.8333	1000.0	829999	289.13654	116.56582	510.24664	-150.0311	289.1368	116.5755	505.07077	-122.33223	-292.15936	142.65048	5014.429421663284	30.207406167524407
167	3991.657	1874.982	5508.4497	682.1683	5530.9033	111.39641	5642.877	5260.776	778.5	1000.0	834999	290.28845	116.41922	518.5797	-140.28992	290.28915	116.42427	513.0795	-129.36105	-293.6391	142.23259	5046.613323926926	30.219241472061523
168	5183.8394	412.05582	5565.981	4400.864	5023.7837	1223.2649	5528.747	1359.2642	974.4	934.3	839999	291.23837	116.46233	507.7127	-106.17266	291.23758	116.47186	509.95316	-108.114044	-294.56448	140.2024	5079.510738372803	30.2351829792772
169	5320.6167	128.88322	5543.2554	5155.8354	5463.46	115.17326	5622.457	5239.0684	1000.0	1000.0	844999	291.68823	116.63872	511.21323	-135.8693	291.68735	116.649796	511.0353	-140.14085	-294.86554	140.0538	5111.583243131638	30.24605470578346
170	4380.5874	1285.6403	5630.543	2701.5847	4766.699	1008.8824	5262.905	1916.1324	817.5714	920.1	849999	291.87006	117.273186	514.206	-107.34776	291.86978	117.28033	506.37396	-97.80777	-294.85934	136.53111	5143.354181528091	30.25502461124869
171	4917.5674	759.5284	5463.1143	3425.6052	5080.193	324.42645	5385.956	4169.2944	929.8	982.6	854999	292.4119	117.880745	511.75696	-134.94342	292.4122	117.88458	509.99277	-127.07963	-295.3899	139.90508	5176.47461438179	30.27178138320209
172	4121.957	1837.1182	5466.3086	444.6168	4576.982	1588.351	5627.5405	354.9105	805.5	859.7	859999	293.06522	118.48917	515.7375	-164.8839	293.06482	118.49769	508.91992	-120.16073	-296.12466	142.68254	5207.857084035873	30.278238873149075
173	4684.8296	738.2893	5427.2646	3457.7432	4854.556	279.2888	5349.3994	4285.4814	872.8333	1000.0	864999	293.73007	118.702705	516.0632	-126.827896	293.73117	118.70807	510.24728	-112.592896	-296.7113	139.66968	5239.954602956772	30.28875494003296
174	5305.112	116.99036	5412.408	5084.223	5245.6855	100.601746	5382.2783	5050.5796	1000.0	1000.0	869999	294.86862	119.204506	516.1178	-131.47466	294.8684	119.212265	510.30914	-125.49591	-297.7011	140.94476	5272.998108148575	30.30458684077208
175	5324.382	205.90265	5699.4507	5138.391	5254.7256	265.829	5545.883	4602.1396	1000.0	1000.0	874999	295.8927	119.01599	514.34717	-217.58852	295.89288	119.02295	519.7345	-208.19191	-299.23984	142.3814	5305.080721378326	30.314746988841467
176	5220.7197	92.92149	5378.7705	5099.5625	5061.8975	119.40423	5239.9634	4826.641	1000.0	1000.0	879999	296.79214	118.9146	512.60156	-122.57255	296.7922	118.921936	520.49664	-133.35722	-299.844	141.03375	5337.029153347015	30.32402929257263
177	5462.7344	109.646416	5626.6855	5345.0166	5450.4194	48.0756	5565.0303	5397.9873	999.8	1000.0	884999	297.7056	119.03067	513.361	-101.272964	297.7054	119.03841	511.34042	-116.86531	-300.78214	141.99358	5369.976804256439	30.33885201357179
178	5381.3047	91.62115	5508.782	5256.5083	5369.286	1225.8517	5882.834	1695.0095	1000.0	938.1	889999	298.59406	119.468025	517.64435	-123.06892	298.59424	119.476814	516.5116	-123.57797	-301.6728	139.9198	5402.103628873825	30.348896803480855
179	5535.2334	208.05853	5782.3413	5192.8574	5603.9536	148.72908	5855.2456	5370.882	1000.0	1000.0	894999	299.52542	120.0966	521.27325	-104.334984	299.52542	120.10318	519.42645	-109.08083	-302.3657	141.67293	5434.336676597595	30.359422783611873
180	5556.076	197.4121	5810.5107	5236.095	5290.5073	201.79076	5555.9766	4887.836	1000.0	1000.0	899999	300.37363	120.65303	514.8698	-113.066376	300.3763	120.652565	519.67096	-152.69792	-303.63318	140.55043	5466.90932226181	30.37171846760644
181	5595.037	143.86865	5754.1636	5370.733	4887.89	1358.6256	5612.491	854.05005	1000.0	925.8	904999	301.45053	120.43699	515.37756	-121.11186	301.4509	120.44227	512.9063	-112.49905	-304.53644	137.55693	5499.3939044475555	30.383391750451608
182	5473.093	184.75221	5787.4004	5216.773	5628.6123	182.12938	5927.6074	5310.8955	1000.0	993.4	909999	302.42316	121.340546	519.15497	-131.02547	302.42184	121.35578	515.6923	-123.96843	-305.3977	137.66777	5531.515261411667	30.392941007247337
183	5603.683	77.252914	5704.833	5505.0317	5278.082	147.30467	5407.643	4871.674	1000.0	1000.0	914999	303.6635	122.41633	521.5463	-147.73296	303.66382	122.42255	518.2951	-146.66112	-306.58322	137.23434	5563.743893146515	30.40297211063364
184	4653.635	1195.0365	5432.94	2316.9736	5501.335	196.41844	5649.267	4950.7993	897.8	991.9	919999	303.7922	123.47356	523.04535	-115.4718	303.79	123.48779	535.7345	-122.49247	-306.85745	138.93985	5596.947009801865	30.41819028361984
185	5371.481	185.836	5638.675	5094.0596	4827.986	1138.4673	5359.045	1432.328	974.0	933.3	924999	304.83734	123.91189	529.72485	-159.30739	304.83795	123.91958	523.7033	-131.91309	-307.92856	145.3389	5628.782206535339	30.425849781809628
186	5471.743	140.85983	5703.5513	5285.767	5381.4463	128.09525	5536.6396	5134.7886	1000.0	1000.0	929999	305.68552	123.530685	530.64764	-214.38779	305.68527	123.53566	523.0168	-188.19844	-309.0638	149.81355	5661.180213212967	30.436452770745884
187	4612.644	1250.8539	5517.6025	2280.7026	5547.0557	108.36151	5695.825	5290.593	860.6	999.0	934999	307.01294	123.70084	528.3263	-225.71693	307.01358	123.71129	525.17365	-223.43146	-310.1704	144.1026	5694.452294111252	30.451616557524165
188	4939.9517	1469.0869	5887.4946	1677.1198	5551.879	94.68097	5657.7905	5395.664	897.8333	1000.0	939999	308.267	123.3484	526.1232	-218.00131	308.2661	123.35618	523.628	-211.30533	-311.2787	141.0723	5726.522972106934	30.460228591523272
189	5295.813	294.28046	5556.836	4866.641	5346.193	128.93208	5451.6646	4992.107	974.6	1000.0	944999	309.25845	124.13217	525.03204	-137.73962	309.25784	124.14221	525.7105	-134.11337	-312.57684	138.434	5758.3589878082275	30.467507882092995
190	5571.382	151.16833	5762.5127	5356.4062	5766.818	165.86545	5952.179	5322.046	994.0	991.4	949999	310.29904	124.380646	526.30634	-150.6935	310.29935	124.38888	532.8366	-138.9693	-313.261	139.81088	5791.513792276382	30.481651548335428
191	4228.6865	1776.6892	5798.727	1248.6826	4705.872	1424.8541	5495.206	457.7759	781.5714	919.3	954999	311.58215	124.852066	525.9285	-144.33963	311.58014	124.86357	539.4482	-128.06265	-314.43054	142.71632	5822.802384138107	30.48587636548187
192	5456.4834	101.601036	5605.2627	5329.3896	5256.181	41.855984	5325.3647	5180.517	983.8	1000.0	959999	312.6982	125.148315	528.2675	-145.52768	312.69812	125.15851	527.06146	-181.5885	-315.76343	142.2904	5854.899260520935	30.494266993055742
193	5567.5103	74.66278	5651.124	5471.0894	5351.1626	159.11208	5558.391	4973.845	1000.0	1000.0	964999	313.378	125.953094	529.15625	-146.84526	313.37747	125.96514	542.7461	-131.40631	-316.5374	143.12708	5888.130167722702	30.50844647600243
194	4716.3667	1732.3026	5830.363	1269.4331	5407.4355	607.27795	5782.1206	3997.896	866.2	954.5	969999	314.24982	126.37961	527.5705	-122.39683	314.2502	126.386505	528.06757	-131.18365	-317.4683	140.79233	5920.57546710968	30.518430252665098
195	5154.4	842.5006	5838.601	3362.682	5498.46	156.41173	5672.2817	5073.225	958.5	1000.0	974999	315.3375	126.818695	536.3633	-125.820465	315.33798	126.8281	531.09814	-120.69048	-318.34354	144.72075	5952.301018476486	30.524620618575657
196	4778.6953	1316.5366	5747.4087	2259.1025	5729.012	158.72154	5943.2446	5361.366	866.8	1000.0	979999	316.36823	127.79043	537.178	-112.0402	316.3669	127.80362	540.51654	-127.46295	-319.41165	141.9242	5984.744091510773	30.534408641104797
197	5276.494	698.12476	5853.7246	3918.5613	5602.6123	101.02957	5750.8047	5435.845	941.8	1000.0	984999	316.52145	128.41266	540.7139	-139.03485	316.5205	128.42279	537.998	-145.91676	-319.65894	143.88962	6017.292641878128	30.544632709570948
198	5466.0703	241.891	5619.5654	4990.2207	4991.168	1311.2028	5520.987	1064.4707	1000.0	931.3	989999	317.69736	128.77145	538.72797	-143.70103	317.69675	128.77968	550.78094	-141.72914	-320.4521	148.91362	6048.645875930786	30.548716554738053
199	5477.217	149.61816	5717.0415	5342.806	5720.954	167.19261	5923.4463	5432.5522	1000.0	1000.0	994999	318.27737	129.22043	539.1882	-184.06302	318.27692	129.23105	543.3926	-173.69586	-321.25235	145.87747	6081.515143632889	30.560377615780087
200	5446.901	123.839554	5584.1074	5238.264	4840.1133	1293.5717	5447.276	970.4963	1000.0	929.7	999999	319.14212	129.5321	540.7394	-150.22185	319.1416	129.53862	544.5781	-144.93976	-322.18356	145.81938	6113.749981164932	30.568749914169313
