Epoch	AverageEpRet	StdEpRet	MaxEpRet	MinEpRet	AverageTestEpRet	StdTestEpRet	MaxTestEpRet	MinTestEpRet	EpLen	TestEpLen	Time Steps	AverageQVals	StdQVals	MaxQVals	MinQVals	LossPi	LossQ	Time	AVG Time Per Epoch
1	18.341671	14.001103	116.15389	4.2570624	5.8304043	0.064975016	5.9375844	5.742398	22.504505	7.0	4999	11.880749	9.40077	65.00151	-26.29201	-12.991568	1.1678979	15.601060152053833	15.601062536239624
2	19.851095	19.26656	150.88678	4.5063567	12.6289215	0.33154726	13.122483	11.792943	23.050692	13.9	9999	38.416073	25.412037	136.19238	-37.556087	-42.322315	8.848303	35.236851930618286	17.61842715740204
3	49.997334	34.934174	131.20255	-1.6949208	47.510334	1.0062461	49.011497	46.008263	37.57143	29.1	14999	106.54206	38.9247	208.92332	-69.57157	-113.92297	34.189236	56.05038809776306	18.68346333503723
4	196.57068	259.33633	1033.9954	6.8811784	53.951733	15.349591	78.15212	31.493797	155.25	79.6	19999	184.57452	62.313503	383.29172	-146.9912	-196.63708	120.679184	77.11039090156555	19.27759838104248
5	244.04967	151.64362	1056.396	51.24201	217.04446	16.447105	247.33423	192.70465	142.65715	104.7	24999	277.4704	70.009315	433.25525	-120.91908	-289.7213	251.17567	98.26571464538574	19.65314326286316
6	517.84344	428.50687	1599.2113	181.17317	446.83527	84.835266	652.2529	307.08963	301.3125	226.8	29999	325.38983	84.33188	461.32544	-281.34683	-337.19208	279.4904	119.95840573310852	19.993067979812622
7	330.84085	132.45816	641.4617	33.469982	438.68402	133.1506	678.67523	222.18802	161.32259	218.9	34999	366.8752	99.134254	542.0464	-152.95712	-379.38004	331.7715	141.6896722316742	20.241382019860403
8	333.14178	304.67032	1496.0526	8.509794	20.451885	4.786133	28.638313	13.886674	196.53847	50.7	39999	404.61133	104.62252	592.47906	-296.3069	-417.0257	375.86096	162.92399907112122	20.36550012230873
9	102.04348	185.30418	995.17896	15.268229	328.1126	342.59818	972.06494	46.136204	129.71794	359.2	44999	445.79477	114.83571	654.1251	-229.34827	-458.8972	472.0829	185.66819381713867	20.629799577924942
10	303.14328	109.93492	737.88727	209.40163	260.54788	32.915134	317.00787	223.3253	168.16667	125.4	49999	480.60922	125.82397	725.60876	-339.801	-493.53726	533.2456	207.05600953102112	20.705601167678832
11	137.2478	128.81499	415.52567	15.278578	43.439808	4.792686	50.282635	37.885994	116.209305	73.6	54999	514.5134	143.74634	726.30035	-450.5115	-528.2233	577.71533	228.03186416625977	20.730169664729726
12	264.70792	258.52243	970.1023	22.793312	257.2026	90.33663	416.08762	23.36258	208.75	124.0	59999	544.73785	145.69487	794.6908	-510.58258	-557.93304	664.9021	249.4218144416809	20.785151342550915
13	320.68335	143.95706	594.7206	105.91858	321.792	110.845825	576.84863	238.24254	146.0	150.9	64999	561.77423	150.52121	848.84796	-396.80887	-574.8636	644.9634	270.75829243659973	20.827561085040752
14	373.60306	200.52533	888.56976	164.44011	501.3112	111.22393	645.4538	387.21838	171.10345	200.1	69999	572.3096	166.84233	871.5338	-330.72534	-585.50116	683.8211	292.591073513031	20.899362547057017
15	728.56976	258.54254	1170.582	296.6106	624.11206	221.26497	858.4046	117.157585	455.81818	434.8	74999	596.3873	178.25777	969.11395	-555.2946	-610.7506	744.6001	315.1610743999481	21.01073842048645
16	451.69733	169.47676	798.79926	170.4959	455.30728	10.603736	477.4761	441.1367	225.57143	169.8	79999	628.62396	172.38052	990.42865	-565.2078	-642.2303	778.4561	336.6377294063568	21.03985822200775
17	356.60452	172.59222	731.92535	124.59468	432.83252	66.862724	537.10315	339.94382	156.51515	206.7	84999	640.5068	175.09818	941.4757	-626.7951	-653.2971	740.83673	358.31844449043274	21.077555670457727
18	331.11462	264.46313	1003.6967	21.560926	609.82495	96.035095	796.48224	481.83658	218.52174	237.5	89999	644.55963	187.19691	952.5572	-606.9718	-657.1919	747.7045	380.07213258743286	21.115118583043415
19	385.12695	208.31154	836.7127	25.789408	1001.10095	295.58276	1638.8208	642.45514	175.5	593.4	94999	643.9312	190.62206	945.56134	-376.08658	-655.99365	685.6846	403.29199957847595	21.225894827591745
20	436.9257	332.29266	1187.4294	21.066887	738.9742	113.819046	913.7125	565.3604	256.6111	271.5	99999	642.84546	196.13731	976.7877	-532.8033	-654.8892	720.1298	425.34609842300415	21.26730500459671
21	666.3875	448.325	1846.0624	181.20999	380.3473	114.69019	540.2501	218.66206	293.10526	182.6	104999	648.512	199.07404	951.7638	-518.70087	-660.5533	705.8732	446.95094633102417	21.28337848754156
22	427.84363	302.74115	1233.3981	55.000923	1013.6213	493.7922	2146.4456	485.31122	192.84	438.9	109999	647.4085	202.12823	959.3084	-577.93713	-659.1103	665.6135	469.5131621360779	21.341507467356596
23	633.6469	315.38354	1572.0695	259.0248	460.47357	55.09666	546.6244	368.23	244.80952	184.9	114999	645.46185	207.59637	925.66846	-554.67285	-657.1483	664.6993	491.0850353240967	21.351523368254952
24	904.63715	493.8956	2043.8867	388.3964	1029.6458	641.399	1875.9323	289.97202	424.45456	561.7	119999	633.25775	210.85326	925.17096	-457.9731	-644.0557	656.9528	514.166360616684	21.423598438501358
25	674.3533	560.5255	1696.6731	26.677032	1757.1692	854.6858	2491.67	267.47308	312.53333	766.1	124999	622.9487	205.50818	894.3762	-393.51462	-633.5124	601.617	538.1929214000702	21.527716941833496
26	1219.7383	925.29626	2660.4956	55.484135	536.5028	429.71167	970.5541	51.476353	538.9	571.2	129999	610.7904	199.01514	870.7374	-371.9645	-620.8713	562.5344	561.5408396720886	21.597724676132202
27	479.55515	562.67126	1984.0978	39.46672	103.638466	51.65433	239.33505	58.561237	310.52942	136.6	134999	598.88837	192.00171	838.4725	-334.12613	-608.42303	538.8803	582.9584419727325	21.591053477040045
28	1075.568	409.41122	1569.7427	81.548386	1214.0559	370.27432	2121.7605	915.1049	418.91666	398.8	139999	583.4813	180.95088	840.63385	-312.25656	-592.4865	510.762	605.6078226566315	21.628850885799952
29	803.8369	551.05884	2204.801	176.00092	414.2115	58.93775	496.08395	330.41974	319.66666	181.0	144999	585.20374	180.70625	839.5907	-541.9511	-594.751	489.47464	626.8810555934906	21.616588197905443
30	705.14795	578.73804	2188.125	199.4035	184.18417	7.2322783	198.46457	175.07744	303.17648	114.0	149999	586.0614	171.30174	832.73395	-452.86844	-594.7353	472.4266	648.0854098796844	21.602847067515054
31	520.8692	606.9716	2438.2883	44.174683	1029.2234	248.5638	1547.251	765.85876	223.68182	380.8	154999	570.8397	166.3867	817.0226	-513.1782	-578.73663	418.1729	670.483962059021	21.628514966657086
32	1148.7576	685.4909	3041.5315	490.57953	525.43665	73.59935	616.9646	402.0086	389.3846	162.3	159999	566.04663	167.62724	785.42566	-346.45416	-574.529	426.5365	691.9140956401825	21.622315548360348
33	468.44434	588.413	1871.5583	10.276392	925.31366	239.31647	1257.5498	509.54578	199.95833	628.8	164999	560.18915	168.92435	768.63666	-486.3009	-568.11383	414.97238	715.1665196418762	21.671712774218935
34	890.92316	337.25595	1520.7031	353.19678	737.64136	228.33101	1067.846	397.1474	403.0	324.6	169999	547.5442	161.92708	761.9341	-365.93478	-554.89716	385.68292	737.4091763496399	21.688505256877225
35	1013.4309	462.82312	2040.5388	254.37785	2132.3232	528.1311	2797.1687	927.4863	449.27274	747.8	174999	529.7644	150.94551	767.2982	-493.98483	-536.4563	359.53854	761.1977651119232	21.748507622310093
36	1035.5122	749.723	1991.4172	13.507743	1874.7771	701.2198	2671.6714	486.67938	360.3846	705.9	179999	513.0681	140.33191	716.81665	-448.43564	-519.5917	326.81674	784.8525793552399	21.801460590627457
37	604.0227	648.0906	2382.9868	21.603676	26.126272	12.4928255	63.477062	20.705454	293.83334	60.9	184999	501.01163	135.00159	691.53815	-286.599	-507.3827	306.2921	806.0051221847534	21.78392227920326
38	504.71243	618.6748	2429.0984	15.036406	224.34184	46.323025	253.19708	89.22823	337.26666	116.5	189999	493.33344	131.20583	669.38495	-246.77225	-499.4753	299.84543	827.3134608268738	21.771406914058485
39	1392.8938	792.2057	2810.5198	84.33107	621.06995	251.49174	1063.0309	238.69861	495.3	248.7	194999	484.8981	129.6318	660.92194	-322.37506	-490.99203	282.9545	848.9529304504395	21.768023912723248
40	1003.62854	842.7927	2846.862	281.5149	1900.8086	643.49786	2846.4736	904.33984	378.23077	703.8	199999	482.59995	130.53334	642.4708	-372.8296	-488.62204	287.5342	872.6444704532623	21.816111820936204
41	1312.2327	669.0196	2477.549	504.4045	1694.5833	398.8205	2267.981	1048.4792	530.875	857.0	204999	477.9026	128.94788	636.665	-290.60657	-483.56635	257.3401	896.7022135257721	21.870785748086323
42	1595.9019	730.0124	2709.78	617.82416	326.2241	106.80999	471.71902	203.71223	685.125	209.7	209999	462.6438	122.69705	621.6067	-298.37573	-467.71075	248.214	918.3196401596069	21.864753388223193
43	1577.1049	1104.7594	2946.096	61.271427	2345.0405	840.92285	2937.172	275.79678	577.0	823.0	214999	449.91492	119.14008	622.17804	-302.9937	-455.119	231.43636	942.6065430641174	21.921082441196884
44	1418.941	1019.7464	2929.0864	54.266403	1099.1693	1039.6202	2927.5283	139.48001	520.5	396.8	219999	449.21118	117.86662	605.3467	-317.63458	-454.2447	224.36356	965.0890581607819	21.933842274275694
45	2546.8582	705.84814	3004.3188	1006.9284	371.3132	12.1451025	390.52225	352.00806	820.6667	164.3	224999	437.51236	113.45413	591.87006	-229.91939	-442.1203	216.49847	986.4453639984131	21.921008131239148
46	1482.7694	1078.4481	2975.849	35.386204	1862.4359	1497.1534	3153.9192	29.265486	523.5	610.8	229999	431.9246	107.89222	580.17804	-217.78021	-436.6184	198.7702	1009.8497495651245	21.95325547715892
47	1842.4401	1065.8234	2998.862	325.298	1186.9714	539.0613	1996.3456	650.5869	650.0	390.3	234999	430.86865	106.62046	591.2624	-216.03653	-435.5082	198.5727	1032.290730714798	21.96363261405458
48	1289.8474	1118.3013	3124.7922	65.935425	1905.1061	710.8735	2839.4517	845.8247	444.0	649.0	239999	430.61807	104.82373	562.8662	-345.13614	-435.3297	190.25932	1055.66273188591	21.992973625659943
49	1500.4414	1028.3888	2972.279	37.166744	1449.1259	205.68118	1874.9984	1063.2594	515.7273	464.0	244999	430.9532	102.901146	560.0051	-412.55637	-435.6237	180.78537	1078.2926061153412	22.005971597165477
50	1945.9928	987.2762	3013.617	266.51764	1081.0919	815.5884	2759.2522	261.47134	677.5	347.6	249999	428.4494	102.673584	550.15247	-223.35413	-432.86664	184.93831	1100.4794335365295	22.009588708877562
51	1334.4517	734.0633	3189.1133	321.55304	1358.4114	438.55264	2232.2634	320.75568	520.1818	417.9	254999	424.63037	101.38143	562.4182	-254.61551	-428.7326	177.97328	1122.925017118454	22.018137637306662
52	1727.6674	1117.1484	3138.568	242.23962	3196.625	23.663975	3239.8208	3161.9065	562.55554	1000.0	259999	417.02234	100.135254	553.87933	-284.33377	-421.0848	172.53142	1147.8155624866486	22.0733762383461
53	2353.5586	804.44	3217.8855	1367.3909	3164.2378	14.246741	3180.6816	3125.5864	727.6667	1000.0	264999	416.95572	98.21626	578.9375	-287.42975	-421.1015	165.15977	1172.6566348075867	22.125596914651258
54	1824.6909	1237.7059	3205.5808	278.61346	1383.3982	811.3955	3252.1724	295.608	596.0	450.9	269999	424.16525	99.63916	581.22003	-202.0107	-428.7331	166.45203	1195.339438199997	22.135915566373754
55	1007.34796	980.662	2960.004	64.76938	1990.1189	1249.4272	3109.6448	268.54715	331.73334	677.5	274999	434.73303	101.253456	594.2705	-347.83615	-439.1811	170.49104	1218.9835436344147	22.163337196003308
56	1628.4601	876.39557	2777.6294	261.6262	2603.0728	634.3171	2965.0571	950.6754	633.75	907.6	279999	434.76553	100.492195	592.0052	-283.47665	-438.95135	190.13225	1243.4326541423798	22.20415457657405
57	2211.9421	1076.113	3025.1062	228.52812	2240.2207	959.243	2944.4607	429.4722	754.8333	802.1	284999	431.00723	99.076096	576.3687	-187.19643	-435.227	173.68488	1267.388828277588	22.234891757630464
58	666.20703	1054.5503	3017.542	6.9969606	660.0728	171.24107	902.3057	331.11328	249.0	818.6	289999	431.86606	97.9857	590.7067	-192.9112	-436.26486	182.04366	1291.6630845069885	22.270053214040296
59	845.9889	110.06193	978.0687	705.72955	996.3893	0.3452076	996.9313	995.8062	947.6	1000.0	294999	452.64832	107.02427	637.31793	-292.77023	-458.6181	217.6124	1316.7699136734009	22.318134166426578
60	550.2608	445.10806	1161.7998	62.21473	567.4081	287.0538	1233.6885	199.67143	533.3333	489.5	299999	469.61523	111.5387	645.99316	-341.5612	-474.5651	207.54138	1339.621045589447	22.32701745827993
61	585.77374	410.1636	1204.3613	98.000206	1225.012	282.1078	1362.5011	383.8791	496.72726	933.0	304999	466.2995	106.511154	617.44073	-489.91376	-471.06415	203.72319	1364.4966175556183	22.368797040376506
62	1194.9038	475.46088	1885.5665	398.25983	1027.0403	360.73694	1714.7856	597.04895	530.8889	537.0	309999	464.0715	105.94239	598.42645	-465.8815	-468.5217	200.33727	1387.5840921401978	22.380388613670103
63	954.8415	363.957	1410.4965	352.7604	1846.1041	298.32574	2377.9004	1474.793	503.5	891.2	314999	453.8874	102.24897	574.767	-405.52832	-458.27554	199.19226	1411.9374051094055	22.411704873281813
64	712.4839	318.46857	1160.455	137.33383	1131.2982	633.01385	1803.227	207.67842	575.0	681.3	319999	447.19208	98.43366	576.7711	-256.09454	-451.2265	177.16057	1435.6963150501251	22.432754952460527
65	1433.033	870.1113	2827.772	84.86246	1064.1989	272.69016	1454.7172	673.31506	613.6667	344.5	324999	434.9826	95.47254	541.02625	-212.3668	-438.75226	166.37183	1458.1599299907684	22.43322973251343
66	1217.915	501.86978	2094.8147	61.069405	531.85046	41.961254	594.1274	463.47745	393.76923	191.7	329999	427.1312	94.37562	545.15704	-233.37808	-430.9921	161.95126	1479.7242114543915	22.420063838814244
67	1340.2141	679.2372	2832.9258	343.2063	1395.7356	578.17084	2401.2056	637.454	442.36365	471.5	334999	424.90372	93.01778	533.04285	-489.0099	-428.6919	155.22743	1502.5180916786194	22.425643191408756
68	998.2887	457.9635	2001.625	59.431145	1445.2118	706.09985	2872.9424	669.2683	332.4	517.4	339999	424.64758	93.54329	549.16016	-226.30579	-428.5428	150.0257	1525.27170753479	22.430466318831723
69	1361.7509	592.0008	2305.8171	411.55704	1301.6711	552.74115	2289.963	400.71774	462.9091	401.8	344999	422.1972	93.23613	548.3125	-324.1585	-425.83685	149.84496	1547.692952156067	22.43033266758573
70	1185.5253	379.28943	2189.1208	746.10077	1350.9274	228.61006	1772.341	1066.5901	357.2143	430.3	349999	417.82455	91.46838	534.79877	-277.00595	-421.2376	138.22432	1570.3990213871002	22.43427176475525
71	714.9333	390.22046	1361.9905	128.93741	1409.6117	833.13513	2732.6465	255.18066	226.90475	441.9	354999	408.67554	92.78564	540.7695	-233.63786	-412.08664	138.76735	1592.9516932964325	22.43593936570933
72	838.87646	471.58823	1777.0726	48.654114	254.06697	158.30229	612.4768	102.10278	265.55	99.2	359999	405.74957	94.1571	546.6874	-211.73209	-409.15695	135.36807	1614.0965011119843	22.418006986379623
73	823.32574	303.82376	1365.5806	318.83032	1713.7639	865.57117	3093.522	1018.9353	263.58823	525.5	364999	402.6455	95.80294	531.3591	-271.49152	-405.81573	132.44354	1636.9602880477905	22.42411356429531
74	1787.7495	869.80444	3153.2761	858.51843	1707.6436	1209.7106	3169.424	471.77368	549.0	549.9	369999	401.3975	94.73314	525.71643	-249.25761	-404.74994	124.6669	1659.9393541812897	22.431612923338605
75	2235.3938	816.8784	3169.888	1248.0507	2171.1978	974.66296	3127.1946	905.6852	722.4286	708.4	374999	406.3742	93.61603	523.0001	-219.81364	-410.11636	128.34477	1683.4836220741272	22.446448316574095
76	755.5604	942.6787	3000.0564	21.403275	1814.908	719.9736	2792.289	768.284	260.45	625.5	379999	413.28186	94.94532	555.5075	-309.20898	-416.96936	138.52742	1706.8981173038483	22.45918577595761
77	1789.0099	740.1838	3121.559	1093.744	1118.7704	150.83781	1340.8232	888.1368	605.875	367.2	384999	417.01608	94.20581	529.1929	-162.01196	-420.6429	128.97835	1729.4451916217804	22.460327191786334
78	1165.9493	588.45056	2283.0686	347.55383	1403.6436	684.5816	3024.7522	864.59326	384.7857	472.0	389999	419.7169	94.57397	520.2619	-241.8231	-423.397	135.16452	1752.309620141983	22.465507974991432
79	1433.8563	346.62915	2306.193	928.7975	1168.6228	592.1896	2104.706	484.63904	448.4	401.0	394999	414.2526	92.68271	520.4934	-322.10403	-417.5305	133.60907	1774.787484407425	22.465664380713353
80	1366.5597	779.6436	3298.127	9.741676	1828.449	671.34924	3176.5994	764.58984	425.15384	563.9	399999	407.0244	92.309265	541.4978	-311.35132	-410.1203	133.92363	1797.8826944828033	22.473533707857133
81	798.3945	518.30475	2249.399	20.516405	2642.7039	467.08765	3221.8103	1399.0682	256.94736	916.4	404999	406.44296	91.26231	522.2059	-234.2752	-409.90475	127.992615	1822.3886773586273	22.49862566700688
82	790.07117	631.94244	2731.4556	188.83907	613.61176	116.38449	888.0352	426.93893	271.05264	229.7	409999	407.59164	91.81461	543.31494	-248.46376	-410.92554	122.50209	1844.1630082130432	22.48979280634624
83	1259.423	575.8301	2650.8674	544.0876	1369.7922	870.7302	3006.2998	421.35385	405.75	440.6	414999	406.8291	91.99163	540.47736	-281.43323	-410.0185	126.47347	1866.7679414749146	22.49118004075016
84	1449.2368	609.2206	3187.6394	883.6885	1110.9626	230.83229	1441.7682	686.74725	425.91666	341.4	419999	404.4139	91.59008	519.77277	-172.06342	-407.57678	126.54578	1889.06036734581	22.48881391968046
85	1064.522	418.91483	1907.11	356.59537	2607.0122	1132.6686	3214.8542	340.82794	341.46155	830.6	424999	398.3189	91.36886	512.472	-250.94594	-401.2695	120.639725	1913.0757746696472	22.50677383927738
86	1646.1786	944.85913	3122.715	194.9548	981.2923	0.35104743	981.8505	980.8554	502.9091	1000.0	429999	395.19025	89.41926	509.54913	-321.89313	-398.27444	118.372185	1938.2411332130432	22.537687623223594
87	1009.16815	837.1827	3197.55	62.78938	2194.0188	759.08795	3134.0159	1129.5533	320.46667	710.0	434999	393.71045	89.26553	527.92084	-504.2475	-396.7201	117.44979	1961.929419517517	22.550912889940985
88	518.83905	701.82874	2696.7646	47.923584	2055.306	726.4134	3085.0881	1214.0176	167.53334	658.4	439999	393.6963	88.43	518.2867	-181.4221	-396.717	114.35846	1985.641954421997	22.564113142815504
89	1479.0901	961.973	3279.326	599.8125	2931.8523	745.4051	3495.156	1266.7463	449.27274	869.3	444999	394.99527	88.68213	507.546	-271.65744	-398.08813	118.13736	2010.1859726905823	22.58635926514529
90	1749.959	740.95526	3270.659	826.7024	1260.6028	169.8474	1651.6534	952.15735	527.1	357.1	449999	394.7983	88.70325	561.58636	-461.5196	-397.6619	115.495384	2032.4360539913177	22.582622843318514
91	1045.889	319.73132	1713.8678	373.53964	1698.7034	1022.90234	3313.5808	993.8022	302.25	489.8	454999	392.85587	88.41462	523.2118	-248.08148	-395.78824	108.947	2055.23277425766	22.584975564872824
92	1333.2869	682.88715	2689.307	256.8472	1359.4573	214.76387	1638.5016	1073.86	388.0	393.2	459999	391.51276	88.65534	533.8375	-303.75778	-394.31274	108.583885	2077.5715193748474	22.582299149554707
93	1309.9784	438.4695	2123.3906	758.39014	1759.1748	691.07416	3039.8987	978.5928	396.69232	529.3	464999	389.494	89.291214	503.1631	-263.05893	-392.2826	102.25904	2100.4456899166107	22.585437549057826
94	1143.1841	368.8583	1760.2969	448.1417	1199.208	443.5888	1998.2028	413.77197	345.2143	351.2	469999	390.83408	90.74328	526.67645	-326.22998	-393.81943	106.5673	2122.9662520885468	22.584747382935056
95	867.91705	348.92087	1332.5856	83.74167	572.31683	10.468617	588.5065	556.2835	274.66666	162.5	474999	402.49478	101.97591	793.8338	-276.9436	-406.84314	143.50504	2144.277987241745	22.571347251691318
96	378.22577	325.87576	1580.495	20.56309	411.70474	143.11188	708.57416	255.72327	185.5	151.1	479999	487.06348	150.11731	863.24207	-365.87567	-496.1399	284.3442	2165.8427102565765	22.56086158255736
97	640.7024	300.71982	1246.7627	258.4998	695.05237	183.43166	1033.1575	495.6355	246.95	365.0	484999	582.9643	163.45181	859.0781	-356.84424	-590.546	363.16364	2188.0941319465637	22.557671483030024
98	1016.4108	516.16437	2004.3076	573.2876	604.859	283.491	1005.27704	24.012985	455.9	287.6	489999	592.97363	157.76562	819.023	-354.46326	-599.03845	324.4075	2209.964606285095	22.55065927213552
99	1306.4855	508.41315	2160.5261	420.7739	1499.9514	659.60046	2138.2273	437.6126	616.2222	748.4	494999	584.14374	153.61098	808.83246	-271.2387	-589.3887	280.11926	2233.6165454387665	22.561783304118148
100	1732.0543	1027.3727	2819.5151	192.86082	2928.4565	30.539312	2993.1306	2874.2808	725.6667	1000.0	499999	568.6621	148.45943	848.5799	-555.59576	-573.5514	263.55896	2258.52871799469	22.585287199020385
101	2029.8661	1089.0482	3061.4414	6.389654	2985.2368	42.94374	3063.7334	2898.6035	703.5714	1000.0	504999	553.82764	141.76805	751.9837	-355.71835	-558.42004	234.94635	2283.532827615738	22.609235935872142
102	2022.482	963.0531	3169.1724	873.8255	3105.7065	17.401587	3126.3528	3062.1965	649.625	1000.0	509999	539.88654	135.88959	761.42725	-228.64848	-544.5502	243.36487	2308.3996455669403	22.631369095222624
103	1671.6304	1245.7804	3155.4524	12.479508	15.112572	4.789435	22.456667	8.903588	585.2222	45.5	514999	531.0784	131.53935	682.517	-330.93036	-535.4655	226.18585	2329.451827764511	22.616037183594933
104	112.960014	331.7303	2207.1216	8.174847	31.872656	2.5593483	37.897614	29.169342	97.77778	67.8	519999	519.055	127.9876	746.3024	-363.4134	-523.6865	212.85008	2350.489021539688	22.600855996975532
105	179.59662	267.9307	971.21747	26.379107	87.125534	4.3072963	97.445435	78.907135	215.86957	116.0	524999	511.61224	130.79407	742.79047	-305.33197	-516.6549	224.3131	2371.913848876953	22.589655724025906
106	302.74915	326.81506	972.31116	64.05093	84.42654	14.293942	109.37996	65.86413	335.6	114.9	529999	507.50708	131.39658	723.657	-283.05148	-512.5756	221.28415	2393.2094509601593	22.577447668561394
107	702.72076	379.23315	1073.9697	163.98764	1087.6052	31.49984	1159.4265	1038.1289	711.0	1000.0	534999	501.66455	124.046265	708.90656	-370.16333	-505.9307	209.04898	2418.760422229767	22.6052376109863
108	997.8273	53.948486	1102.2825	961.9599	963.0682	0.38256872	963.86676	962.54065	1000.0	1000.0	539999	486.23175	114.138985	620.4275	-445.77563	-490.2531	192.8162	2444.3737864494324	22.633090635140736
109	1035.055	256.58667	1606.993	740.3991	2325.1846	795.7346	3086.2551	1160.7318	789.1429	787.8	544999	473.36087	109.10195	599.5212	-308.61954	-476.9841	177.28534	2468.5356063842773	22.647115674587564
110	1173.0107	723.7067	2530.4495	341.02887	1535.2112	832.897	3388.9612	638.0832	394.91666	476.0	549999	464.1513	108.08535	613.1346	-311.88068	-467.9006	168.89018	2491.387694120407	22.64897905696522
111	1751.0238	1090.1088	3319.8257	419.4825	2187.5767	1161.1553	3281.5166	380.8002	529.0	682.1	554999	459.30914	107.072105	591.62305	-279.7825	-462.9716	160.50763	2515.1517598629	22.659024878665132
112	2374.5781	870.4476	3280.3335	1079.7424	263.22235	11.416693	280.7927	240.63525	729.8571	123.2	559999	449.6456	103.269424	575.2196	-293.80307	-452.88736	151.46753	2536.7987592220306	22.64998894078391
113	977.8591	556.8325	2111.0408	274.24832	558.4242	114.6082	695.61884	359.3504	308.875	168.9	564999	439.55917	101.269165	587.9429	-378.46887	-442.7407	143.49443	2558.6676259040833	22.643076352313557
114	1128.1094	526.9026	2631.454	619.82135	1848.0332	982.7446	3235.4956	748.8236	341.86667	547.8	569999	433.38687	100.97837	715.5246	-304.40796	-436.6234	144.22162	2582.099466562271	22.649995339544194
115	653.70874	459.20953	1701.9921	44.448483	1155.5118	569.8706	2475.0237	437.9601	213.56522	391.3	574999	430.70676	101.72439	621.7362	-255.88092	-434.0268	132.302	2604.3488397598267	22.64651166667109
116	487.757	551.6132	2455.094	164.10152	322.88086	115.04462	616.5693	257.5551	202.36	151.4	579999	437.04178	104.28809	687.4733	-511.8253	-440.7446	142.36755	2626.135550260544	22.639099587654247
117	275.86377	152.86598	828.9864	69.6996	956.08026	692.0053	2857.2485	318.7637	140.57143	366.2	584999	442.72418	107.93667	656.3095	-518.0579	-446.4399	159.24847	2648.676184654236	22.638258008875397
118	1030.975	751.54803	2919.8247	285.13052	878.6986	437.72122	1921.5974	424.4863	382.41666	338.7	589999	445.6408	106.75583	616.2793	-449.26016	-449.113	160.44449	2671.057244539261	22.63607835971703
119	936.62006	839.1132	3249.1162	164.00618	2166.5083	1229.37	3340.5298	528.23804	334.7857	672.4	594999	438.75186	104.748924	580.89795	-272.32788	-442.0146	155.43718	2694.7634587287903	22.64507109778268
120	936.3828	981.76685	3242.8982	60.761253	836.91046	1248.9086	3340.831	208.59065	312.83334	273.4	599999	435.73978	103.19792	581.744	-452.9646	-439.0292	160.78398	2716.921414375305	22.641011802355447
121	1216.826	840.9612	3188.0403	378.44583	1023.9207	501.70947	1980.3125	516.2935	367.2143	327.1	604999	429.9412	102.587036	569.9505	-387.05798	-433.0406	153.8475	2739.1107635498047	22.637279055335306
122	836.1579	541.0991	2344.5686	100.899315	1280.737	778.90314	2954.1365	556.7363	263.73685	383.1	609999	428.97382	102.30459	567.55493	-213.14148	-432.2565	145.47418	2761.8410124778748	22.638041101518226
123	1070.8533	526.4557	2356.704	609.62976	1455.46	632.397	2411.9355	790.6742	322.46667	464.1	614999	431.93463	104.80783	574.7026	-417.36588	-435.4186	151.3004	2784.6824548244476	22.63969477211557
124	1467.613	621.0527	2694.595	680.80133	661.2165	319.75708	1173.0927	259.37344	479.1	239.9	619999	434.03534	100.34941	554.82635	-307.20804	-437.26074	140.4856	2806.456257581711	22.632711770073062
125	1321.158	666.2134	2837.9375	386.86395	3316.11	25.657738	3347.349	3255.5254	422.58334	1000.0	624999	428.38913	97.52985	570.94946	-397.5134	-431.4145	144.72293	2831.4993526935577	22.6519948387146
126	1150.2812	387.40424	2128.9246	248.82076	1298.9222	275.32977	1789.6327	910.5216	353.6	399.2	629999	420.16312	96.94477	570.3346	-665.1636	-423.0185	135.19324	2854.4129333496094	22.65407091284555
127	1347.7178	561.0976	1905.9392	263.7199	845.8285	379.95868	1209.3356	266.22235	410.91666	256.8	634999	414.42902	95.65141	565.08685	-380.0124	-417.3336	130.53235	2876.652475118637	22.65080690383911
128	1198.3292	635.11725	2707.125	45.431057	1363.5795	654.3672	2524.6997	285.9928	359.42856	406.1	639999	415.6116	96.42275	557.83264	-269.17224	-418.7427	127.29455	2899.301940202713	22.650796422734857
129	1550.6046	411.13153	2087.045	911.685	2690.0337	476.83328	3242.5754	1631.8844	483.7	829.5	644999	416.22998	96.920235	549.282	-329.27045	-419.20746	126.25897	2923.8686599731445	22.66564854170925
130	1687.616	639.9828	3209.6184	1167.8899	1652.9934	368.06635	2533.3416	1193.2812	546.3333	526.3	649999	413.65527	95.12266	533.69147	-221.18373	-416.5875	130.07669	2946.8644120693207	22.668187799820533
131	1617.6239	555.02625	3036.7368	1002.7293	2434.357	637.17206	3416.5142	1439.4735	504.7	719.8	654999	411.57224	93.46205	534.58704	-344.1105	-414.51105	129.35164	2970.893602848053	22.678577135537417
132	1978.4475	830.0467	3490.1707	962.28613	1128.7302	120.40476	1277.9594	951.28394	591.875	337.0	659999	406.31866	91.229225	567.6556	-231.18065	-409.00458	124.00392	2992.9629776477814	22.673961966326743
133	1370.5806	747.96497	3101.0017	246.85426	420.43985	176.50528	705.5668	269.63873	423.07693	156.4	664999	401.269	90.1875	524.92487	-222.48468	-403.92175	124.01557	3014.3554100990295	22.664326404270373
134	967.92676	399.25577	1550.7537	213.15823	2297.1301	983.2898	3311.1606	750.91736	301.3125	704.0	669999	395.9967	91.28067	521.9862	-346.76685	-398.58026	114.97215	3038.2864570617676	22.6737795427664
135	812.9983	403.5594	1465.2494	149.88524	1327.4098	351.6519	2009.8052	735.886	257.75	382.5	674999	394.94562	91.34868	509.70016	-704.46497	-397.6318	113.3835	3060.5366003513336	22.670641499978526
136	1296.8619	453.82434	2219.975	561.6696	1478.4486	314.40906	2160.1094	1035.8373	389.0	423.1	679999	393.63464	91.095795	533.29816	-330.39526	-396.33615	109.9909	3083.106392621994	22.669899961527655
137	1469.606	645.726	2584.7683	430.20108	839.3004	172.95729	1016.2542	492.19852	439.0909	243.2	684999	390.7534	89.32166	530.3587	-216.86554	-393.2669	113.46505	3105.2363834381104	22.665959017120137
138	1137.3224	717.8099	2576.1294	215.54533	1645.1595	659.8223	2941.046	1098.3593	362.14285	543.1	689999	389.35776	88.267395	504.9032	-479.1141	-391.92975	108.70975	3128.413073539734	22.669659968735516
139	1325.8138	583.64935	2414.6384	152.62686	1053.9215	291.46957	1898.2816	854.33466	399.16666	296.8	694999	387.86044	88.15862	506.4783	-323.26953	-390.40842	106.66477	3150.3444957733154	22.664348902462198
140	1015.09814	387.03717	1697.9491	443.39343	1322.7609	327.01404	2186.1484	961.09894	332.375	379.7	699999	388.9769	88.82135	551.8694	-463.87503	-391.5869	105.7298	3172.793320417404	22.662809445176805
141	921.2055	815.18506	3086.9968	7.3355613	1217.3995	323.07098	1825.6852	845.7315	272.66666	376.6	704999	388.08316	87.606865	538.71423	-237.22606	-390.59595	112.63808	3195.4312512874603	22.662633003072536
142	1107.1073	712.0886	3275.8516	199.60558	1213.2239	452.0793	2106.8303	652.9724	342.92856	340.8	709999	385.18826	87.34223	589.26654	-400.28055	-387.67786	104.39571	3217.875052213669	22.661091930429702
143	1237.777	387.98376	1746.3789	400.3229	2108.475	635.8608	3267.966	1285.8673	355.14285	643.8	714999	387.34726	86.882614	513.76117	-256.96606	-390.01825	107.240974	3241.5404801368713	22.66811526071775
144	1371.8257	883.20447	3047.9326	67.92365	1932.9373	479.6017	3172.4417	1509.6722	404.0	553.2	719999	383.70792	85.18193	486.33847	-355.83334	-386.01718	105.83296	3264.398439645767	22.669433621896637
145	1298.6809	782.88495	3398.008	423.23752	1487.824	509.55933	2213.083	627.93115	382.6154	434.5	724999	377.99734	85.14029	496.14948	-415.9297	-380.2495	107.08298	3286.9169640541077	22.66839286705543
146	975.1203	525.78235	1858.7876	84.57436	1959.3138	822.98956	3456.315	1005.81036	311.0	562.5	729999	373.9745	85.133804	504.8649	-389.41776	-376.1951	102.52729	3309.8809044361115	22.67041716836903
147	1278.5862	477.12	2430.4365	587.72797	1066.0457	382.65662	1758.5333	165.2604	378.84616	306.6	734999	370.22	85.06575	479.9831	-220.78085	-372.34998	93.40876	3332.054144382477	22.66703501201811
148	1219.6855	669.67346	3101.775	189.26213	1004.55286	81.68771	1203.924	885.3024	353.7143	288.3	739999	369.97903	85.34132	513.23267	-207.64378	-372.30386	96.152435	3354.2518544197083	22.663863895712673
149	1024.9081	381.85364	1849.4111	185.9854	1027.6237	310.36246	1408.8253	206.83943	305.35294	290.9	744999	372.0473	86.74974	525.65106	-233.82448	-374.4717	100.46455	3376.270971298218	22.65953673452339
150	1327.9075	278.8439	1959.6389	960.46985	1819.2002	722.4427	3309.39	994.0174	384.46155	518.2	749999	373.72458	88.22057	499.20923	-264.976	-376.03464	97.91751	3399.266836166382	22.661778920491535
151	1065.9818	335.80978	1457.1106	379.78494	1284.777	234.03581	1599.199	908.83984	310.4375	366.3	754999	373.98032	86.73438	511.71243	-298.0248	-376.33212	96.96505	3421.750860452652	22.660601737483447
152	1063.754	752.41595	3054.057	72.47513	1338.958	460.97	2439.0396	913.6817	332.14285	386.4	759999	375.41946	87.34533	609.58453	-235.9281	-377.73367	105.079	3444.2039699554443	22.659236655423516
153	1190.5594	746.3292	2712.956	23.053892	1073.5154	1219.1708	3263.2854	179.11923	361.0	348.7	764999	376.44498	86.89426	532.8752	-310.15494	-378.94983	103.98224	3466.3413887023926	22.6558260839749
154	1370.4335	927.0203	3337.57	224.95392	1121.2649	1016.0858	3140.9307	124.78777	425.66666	443.4	769999	380.3103	86.46749	709.9998	-351.60052	-382.8147	107.09905	3489.151537656784	22.656828178987876
155	109.36072	346.34467	2371.9248	9.084088	454.93506	581.27826	1727.653	92.46232	95.96364	256.5	774999	382.9183	89.156456	633.0697	-222.43379	-385.75125	110.4902	3511.174524784088	22.652738881880236
156	338.02774	373.12244	1039.495	46.084824	1719.7653	1018.05536	3308.4553	999.0098	166.0	512.0	779999	388.5793	90.824974	570.5077	-164.34029	-391.3029	121.95389	3533.9012982845306	22.653213465825104
157	2101.1145	731.14685	3365.3804	1403.3021	2820.4055	816.09973	3369.7573	1097.1915	631.0	818.9	784999	385.78107	89.74631	677.30554	-922.3254	-388.1727	120.8255	3558.031373023987	22.66262022249258
158	2103.9229	1040.4962	3361.0574	217.3904	2738.6948	910.3229	3403.1387	916.7437	616.5	827.5	789999	382.05157	88.87895	654.68567	-339.00604	-384.3654	107.14188	3582.2673585414886	22.67257823219782
159	2190.3716	1140.9974	3384.1187	648.14276	1596.6796	429.7917	2526.7231	1025.5453	654.375	456.7	794999	383.2721	89.211334	575.0653	-252.8821	-385.76102	105.1227	3605.0925722122192	22.673538205008835
160	1557.0272	499.77557	2518.6667	723.4109	1104.5631	121.54202	1288.5092	965.2028	442.41666	312.5	799999	383.55356	88.27784	643.91296	-192.59528	-386.0058	114.620964	3627.4371786117554	22.671482379734517
161	1210.303	367.41666	2118.7478	711.54895	1546.4409	689.30725	3309.487	1053.0452	345.73334	436.2	804999	385.27332	90.13129	551.16394	-361.71848	-387.71756	109.36883	3650.028927564621	22.670987141058312
162	1885.2899	742.405	3426.0461	773.9698	1800.502	342.28436	2484.6792	1401.7347	540.44446	520.9	809999	383.5071	89.68353	544.20966	-428.56683	-385.8535	108.06497	3672.8778846263885	22.672085720815776
163	1672.0746	629.82196	2902.0793	1003.5784	1335.6207	261.39655	1600.3687	601.8594	480.9	370.1	814999	380.32318	88.65687	672.8737	-434.95163	-382.5494	103.358215	3695.2590384483337	22.670300862540497
164	1444.2057	420.96466	2365.687	951.53186	1152.6313	236.0509	1666.3921	914.61084	409.76923	330.2	819999	377.60214	87.54222	565.5674	-393.82162	-379.86768	106.13452	3717.5838906764984	22.668194465520905
165	1393.2151	643.8227	2546.1428	538.4186	1133.5483	803.5741	3401.0852	674.0684	387.53845	319.0	824999	374.3308	87.29381	524.6976	-306.5097	-376.48123	98.89648	3739.639023065567	22.664478937784832
166	1025.3206	564.1808	2989.1733	525.98193	1820.3021	789.2747	3377.7717	1062.9769	293.29413	526.7	829999	372.7383	87.53238	630.6673	-284.23376	-374.9253	97.50825	3762.5226476192474	22.66579909496997
167	565.81647	488.58762	1655.3324	9.643315	29.22173	6.200605	39.183178	19.547512	191.92308	65.4	834999	373.88168	88.02459	732.64355	-388.96344	-376.1443	109.37145	3783.8848390579224	22.657993062527595
168	662.5871	937.9768	3083.9604	16.23408	537.4102	501.18332	1384.9739	62.987537	261.77777	226.4	839999	375.52664	87.53698	528.6895	-317.0975	-377.97598	103.84972	3805.707661151886	22.653021803924016
169	930.8765	754.0704	2519.8792	61.604317	2960.09	290.00278	3174.1782	2307.3906	300.27777	949.2	844999	377.30655	88.60696	569.21185	-370.2919	-379.74286	110.31255	3830.368667125702	22.66490336705947
170	1001.5013	828.6537	2664.8157	98.76872	828.63086	198.86401	1342.5325	616.063	308.53333	217.2	849999	376.7444	87.92978	568.3512	-253.63904	-379.0256	101.74325	3852.020462036133	22.65894390554989
171	1125.6472	514.8536	2256.717	611.82684	1787.5547	1402.2499	3588.616	356.29663	321.66666	522.2	854999	374.3972	86.218994	533.44836	-396.88718	-376.5998	102.65901	3874.940714120865	22.660472024951066
172	1049.1149	723.13434	3423.1611	405.7081	1110.5696	220.52567	1691.6528	933.50146	310.35294	308.1	859999	372.13608	87.22284	528.0604	-369.4661	-374.38138	98.47888	3896.978891134262	22.656854030697843
173	1030.69	498.20312	2404.7378	77.47976	2904.5042	580.48724	3444.9785	1886.3345	293.0	856.3	864999	371.53522	88.90311	588.1898	-339.69522	-373.70694	97.952866	3921.313460111618	22.666551804955983
174	757.7879	583.7443	2161.782	307.58893	389.53928	4.1450353	395.8347	382.20755	236.19048	163.0	869999	374.5259	91.229195	645.7632	-269.6983	-377.16083	99.80804	3942.9692800045013	22.66074299949339
175	380.20627	139.76712	798.0677	97.733826	124.23289	97.13564	414.5979	83.47079	157.25	72.0	874999	391.13336	102.32389	644.75085	-241.63174	-394.4458	122.51146	3964.2342422008514	22.652767110552105
176	458.6148	251.94539	1262.8439	88.56621	536.95013	56.598717	618.56116	442.21713	176.85715	189.3	879999	416.17212	112.33139	636.63043	-229.7927	-419.82693	133.8448	3985.9454243183136	22.64741719446399
177	541.4262	235.82892	1194.8168	214.81458	761.4225	410.82672	1466.2596	152.33418	207.875	270.5	884999	432.0929	116.565384	638.99225	-485.82343	-435.60654	145.12152	4007.8996143341064	22.64350065942538
178	1408.28	982.6133	2842.882	163.22803	1950.8392	683.9398	3168.3538	1262.87	500.5	599.8	889999	443.514	118.59646	636.0073	-353.52643	-447.105	163.44893	4031.195135116577	22.64716369114565
179	2179.4358	1082.3635	3222.497	136.07588	3042.9922	419.50034	3313.893	1957.475	692.8333	917.1	894999	443.66473	117.50573	604.21234	-223.13608	-446.6208	150.7598	4055.7675819396973	22.65791946283266
180	1661.8542	1104.5751	3276.6936	133.00706	2803.4263	583.28955	3304.815	1848.3956	510.9091	833.0	899999	434.84735	113.56409	605.5989	-326.54758	-437.4387	143.52612	4079.9425423145294	22.66634746789932
181	1436.8394	1060.2905	3188.796	247.75475	1140.4493	818.49884	3150.8408	275.59125	433.66666	359.8	904999	424.7547	109.36608	608.1347	-241.52763	-427.2663	135.83658	4102.381499052048	22.665091165521527
182	1896.9738	1089.6011	3539.0645	304.41956	2883.3716	846.1128	3488.3936	967.03656	561.55554	842.5	909999	419.2415	107.71058	561.9695	-483.7001	-421.899	133.33348	4126.709844827652	22.67422992842538
183	1469.4792	976.29535	3376.3296	31.09211	688.29785	945.03827	3258.0542	56.312275	430.81818	223.4	914999	414.51968	105.82467	562.89417	-240.2455	-416.8963	129.37881	4148.422460317612	22.668975204717917
184	1353.7811	841.48126	3278.3867	79.17166	4.6952896	0.033748817	4.7480445	4.641218	396.23077	7.0	919999	408.6713	104.24602	551.3636	-247.60464	-411.1936	118.83153	4169.162884950638	22.658493951610897
185	1321.3047	541.7138	2288.101	315.91925	2342.4429	847.1607	3464.8418	752.4005	370.76923	663.9	924999	407.3135	101.95449	568.64087	-190.88058	-409.8129	126.05958	4192.510027170181	22.662216372103305
186	1142.4043	945.5539	3162.0303	27.0651	1894.1077	493.96255	2948.551	1311.689	328.5625	518.7	929999	403.77267	100.871826	555.50165	-333.37683	-406.20193	112.76306	4215.49587726593	22.663956339641285
187	1673.366	999.43823	3435.9668	85.3237	1767.3191	645.24744	3248.3184	824.1777	480.1	515.0	934999	401.9898	100.33904	592.94025	-422.97888	-404.467	117.39184	4238.398878574371	22.665234656257425
188	1904.7784	1057.1978	3528.176	523.9802	2218.612	885.42346	3302.8032	1013.6501	551.6667	635.7	939999	401.2857	100.590004	545.105	-387.4179	-403.88565	117.52586	4261.840728521347	22.66936558738668
189	1226.0168	787.7632	3382.505	289.96017	1106.7351	125.26051	1325.668	965.20746	353.0	296.3	944999	403.46298	99.83268	537.4915	-283.2947	-406.0951	110.87196	4283.708269119263	22.66512312712493
190	1146.3384	323.60968	1812.5245	761.7869	973.35187	109.02734	1048.8683	681.7017	320.33334	257.3	949999	402.00848	98.29132	563.4706	-288.24402	-404.4425	116.79425	4305.681235551834	22.661480198408427
191	1249.8035	664.8301	3056.367	535.8323	959.1188	153.42989	1271.7495	781.45483	365.5	249.8	954999	397.20975	97.081764	533.10876	-566.0803	-399.5114	107.18425	4327.624230384827	22.65771849367631
192	937.50616	355.20532	1847.299	156.47516	774.6396	33.95817	851.72736	739.68976	260.3158	229.8	959999	393.4292	97.01751	549.99677	-459.1888	-395.8403	107.19598	4349.540649652481	22.653857558965683
193	993.52625	220.77441	1567.3236	718.27545	793.5199	402.63733	1163.1488	23.382196	278.33334	223.7	964999	394.4718	98.97328	541.1999	-376.24707	-397.0372	117.40617	4371.462197065353	22.65006321575975
194	1212.5247	359.53992	2056.2024	808.84485	1631.181	166.03168	1820.8854	1301.8062	343.14285	458.1	969999	400.67563	98.76383	541.8442	-282.36658	-403.33875	112.0892	4394.17665719986	22.650395150037156
195	1308.1185	736.1946	3495.1165	305.52396	1394.7239	959.7074	3507.882	83.03423	377.42856	387.7	974999	398.4327	98.96758	606.0809	-284.66003	-400.67615	103.18814	4416.44381570816	22.648429835148345
196	1154.9788	780.78656	2904.065	93.27016	3261.8022	537.0871	3458.8684	1651.0902	355.6154	945.3	979999	394.71936	97.69777	576.0537	-272.95905	-397.0185	103.90836	4441.2175760269165	22.659273356807475
197	1424.0923	578.0598	2447.5852	638.5096	1201.0408	171.171	1401.1697	852.6768	400.3846	337.9	984999	392.33624	97.55268	556.43634	-205.55101	-394.6123	108.51167	4463.276030063629	22.656223513753282
198	1013.22766	431.69513	2008.5702	197.24577	1881.3225	625.234	3425.4329	1030.4794	293.6875	527.8	989999	391.50064	98.42565	573.303	-345.26978	-393.83075	106.456276	4486.325904846191	22.658211650270403
199	1147.7529	269.1325	1818.7273	804.01917	3052.4653	764.9919	3663.679	1505.1547	328.625	872.6	994999	392.20615	97.97053	553.91455	-405.17337	-394.61816	103.92914	4510.861746072769	22.667646973576378
200	1996.1962	903.8491	3341.2292	942.63544	2365.9136	1533.0693	3726.5627	238.63135	556.0	668.8	999999	393.067	97.97769	558.9268	-266.99017	-395.4662	107.2914	4534.437137126923	22.672185695171358
