Epoch	AverageEpRet	StdEpRet	MaxEpRet	MinEpRet	AverageTestEpRet	StdTestEpRet	MaxTestEpRet	MinTestEpRet	EpLen	TestEpLen	Time Steps	AverageQ1Vals	StdQ1Vals	MaxQ1Vals	MinQ1Vals	AverageQ2Vals	StdQ2Vals	MaxQ2Vals	MinQ2Vals	LossPi	LossQ	Time	AVG Time Per Epoch
1	1.7568427	6.5019794	37.604324	-11.784853	-7.570459	1.0059379	-6.5947895	-10.321915	20.321138	67.3	4999	2.8837428	2.9799972	15.343414	-2.943135	2.8836446	2.9787233	15.198188	-2.6148524	-4.4717383	0.26166207	16.666884660720825	16.666887521743774
2	2.2637818	5.857986	29.10656	-10.32349	-8.880707	1.6050019	-6.8420343	-11.1729555	21.32618	67.1	9999	14.452209	7.692976	52.2651	-14.216145	14.451506	7.68941	50.333416	-15.407586	-18.19419	2.464152	37.26334738731384	18.631675124168396
3	102.205315	266.16718	1052.7719	-14.131974	17.757412	8.236226	40.177383	11.157577	134.83784	32.2	14999	31.565086	12.528937	93.73207	-32.060062	31.564354	12.521071	95.42967	-34.197105	-36.266014	8.160361	59.79872536659241	19.932909329732258
4	127.06213	142.59686	484.836	-0.3659702	13.361876	9.240022	26.724918	0.23714606	104.895836	39.1	19999	47.902283	14.242545	109.30986	-31.430664	47.901604	14.239023	111.61855	-33.628143	-52.097023	18.382523	81.64199709892273	20.410499930381775
5	132.34862	137.87859	413.8392	-20.725441	192.97049	148.00996	371.7099	20.921339	125.948715	96.5	24999	54.62798	15.972367	131.4854	-53.471527	54.626217	15.978763	126.428474	-53.836365	-58.17466	23.213125	103.72657632827759	20.745315885543825
6	192.36005	144.38258	429.79553	-119.49829	150.05371	106.103165	353.56564	-33.53846	140.75	317.3	29999	59.7524	19.06872	135.94736	-53.45281	59.751892	19.076984	133.82182	-63.890182	-63.36871	26.372965	127.28464889526367	21.21410846710205
7	215.83594	120.16135	605.07837	-16.76054	24.820286	50.76984	117.772285	-62.93512	196.68	198.7	34999	64.65581	22.351566	149.34822	-46.06639	64.65399	22.355616	146.77861	-51.31833	-68.366234	29.973013	150.02841210365295	21.43263053894043
8	201.28067	158.84573	526.3145	11.036689	256.32904	111.06136	477.4208	13.757919	259.73685	200.4	39999	69.18742	24.94563	153.6033	-52.501335	69.18645	24.953152	153.44522	-57.151516	-73.047264	36.006775	172.67309975624084	21.584137707948685
9	115.96076	121.09173	445.3808	-48.729065	265.14932	108.636856	375.55472	78.03814	154.60606	211.3	44999	73.05931	26.629171	156.68573	-56.13948	73.0602	26.630747	161.51834	-58.96795	-77.03114	39.851673	195.51873469352722	21.724304146236843
10	200.6342	132.81258	417.05322	-7.482519	198.44704	112.26766	426.97775	69.48671	165.86667	208.1	49999	75.9259	28.589832	166.54643	-57.331814	75.92654	28.583162	167.31056	-60.246277	-79.742355	45.683014	218.63919115066528	21.863919305801392
11	193.1016	83.55261	409.14856	61.520947	206.40768	29.639698	277.02075	164.97824	121.82927	115.0	54999	80.029045	30.64382	173.72968	-55.19485	80.029	30.640768	173.3496	-56.44005	-84.004776	48.892483	240.94592928886414	21.904175584966485
12	245.83609	103.46592	564.74054	59.2592	257.55115	81.12764	431.316	164.09175	148.69698	110.0	59999	83.47662	31.769398	189.02185	-48.08389	83.47698	31.764421	190.78336	-51.268414	-87.598015	47.369473	263.1830985546112	21.9319250981013
13	276.51617	100.48813	465.00354	-8.621926	325.65167	79.652115	447.3798	187.68225	153.63637	165.7	64999	85.79	32.783955	193.52908	-56.346256	85.791374	32.77804	193.18912	-60.619038	-89.721985	46.343475	285.8125469684601	21.9855807194343
14	174.3599	184.17781	622.4431	-81.37736	293.49216	117.69575	409.00797	-17.020483	175.2069	182.0	69999	87.674034	33.831726	198.62303	-56.26692	87.67396	33.8296	204.89865	-55.76514	-91.53089	44.872665	308.83384442329407	22.059560452188766
15	281.51633	112.88434	510.3543	63.811935	400.5384	76.25724	561.3919	295.3496	148.75757	199.8	74999	88.45425	34.890896	198.4825	-65.14251	88.45318	34.891415	201.4449	-60.489338	-92.02679	44.232815	331.348512172699	22.089900970458984
16	382.74832	120.4891	675.1338	43.834175	517.65826	53.567474	599.15375	441.62045	170.06897	220.4	79999	90.22669	35.521576	196.28526	-61.249943	90.22655	35.522446	196.58054	-64.52701	-93.74329	42.082367	354.0762152671814	22.12976360321045
17	421.1764	141.03613	721.26825	72.41775	672.71204	196.20998	1076.7972	434.6374	182.07408	276.3	84999	92.856094	36.47712	193.3713	-64.83885	92.85428	36.482613	194.6657	-63.857876	-96.30921	38.49	377.02150988578796	22.177735973806943
18	537.04333	183.45837	1007.6112	307.2994	537.3087	84.93167	684.34595	427.06427	222.86957	199.4	89999	95.3187	38.105797	193.59529	-68.77574	95.31886	38.102043	197.47171	-94.36272	-98.40498	36.376926	400.071439743042	22.226191216044956
19	808.4114	314.16763	1486.6895	373.1515	1038.8342	341.449	1650.1481	220.54366	460.81818	565.4	94999	98.16251	39.724438	211.40692	-65.14677	98.16174	39.726757	217.48666	-80.344475	-101.27739	35.839912	424.4674115180969	22.340390217931645
20	610.2108	261.5963	1085.4822	109.09396	624.36145	135.54251	929.03204	468.44254	442.0	271.4	99999	101.3741	40.33103	210.6943	-70.40499	101.37375	40.333515	210.86127	-69.494415	-104.81199	37.01265	447.4394178390503	22.371970987319948
21	795.03815	475.551	1782.9988	330.78918	971.69727	275.3681	1186.3224	329.1215	418.9091	851.9	104999	104.52518	39.999775	211.24258	-78.1421	104.52501	39.998535	210.72401	-71.56289	-107.880104	38.603676	473.4087131023407	22.54327214331854
22	1009.8088	447.47513	1701.9663	390.79	1101.6892	10.821392	1116.547	1088.3757	651.75	1000.0	109999	108.00106	39.337055	209.91258	-71.649345	108.00124	39.334217	208.62251	-71.503784	-111.43884	39.014736	499.8538329601288	22.7206288467754
23	730.9854	505.39447	1964.5211	186.3893	337.15942	136.83467	646.8998	154.98322	412.0	184.5	114999	111.20502	38.9466	208.18768	-72.880295	111.20576	38.947697	207.94987	-69.97597	-114.58312	38.09948	522.7746727466583	22.72933369097502
24	500.35074	338.449	1370.4796	91.96644	543.67847	232.67142	1015.39624	263.75156	236.80952	230.8	119999	113.527824	38.987526	208.65161	-75.93195	113.528046	38.983093	209.23495	-71.76836	-116.73519	38.1024	545.2890536785126	22.720377306143444
25	520.3748	454.47037	2149.3074	81.87293	717.9238	374.59033	1364.9073	232.60056	235.33333	300.8	124999	114.83848	39.23597	212.02647	-83.02167	114.83869	39.23272	212.63268	-79.99087	-117.83415	38.99095	568.4942009449005	22.73976812362671
26	1002.9868	663.0391	2070.0864	251.75789	660.047	221.20885	940.3003	340.27002	408.83334	269.0	129999	116.43608	39.716545	213.20981	-77.007034	116.43665	39.71602	214.18611	-71.51102	-119.611725	40.39269	591.5685801506042	22.752637789799618
27	940.953	402.1465	1889.912	473.7293	911.44104	426.49115	1721.9365	474.11673	337.2	338.3	134999	117.96633	40.54361	215.87491	-86.77207	117.966606	40.544838	216.40524	-73.24819	-120.83456	40.89044	615.2362635135651	22.786528357753046
28	1016.948	701.8467	2403.0835	140.82594	1092.9707	488.43912	1766.6055	391.8447	418.91666	441.4	139999	119.41381	41.32319	217.84262	-86.77653	119.41425	41.32333	216.87746	-76.90695	-122.44497	42.78012	639.0095236301422	22.821768786226
29	708.22437	651.8378	2947.123	131.11455	1431.5726	799.455	3003.0906	381.3778	278.8125	475.0	144999	120.739296	42.30026	217.44777	-75.04634	120.73953	42.30764	218.4862	-88.02851	-123.68004	44.240314	662.8187420368195	22.85581874847412
30	726.77313	723.3151	2352.0935	2.3000567	1862.4375	885.1772	3029.9697	629.92676	288.5	665.2	149999	122.16376	43.302986	225.11935	-87.7166	122.1637	43.30649	218.44604	-79.05632	-125.22162	45.70325	687.4932150840759	22.916440574328103
31	1150.7384	874.6089	2649.539	144.38686	1246.5869	665.8389	2790.7522	427.36667	398.0	424.7	154999	123.9205	44.706573	224.5743	-102.787636	123.92123	44.710613	226.29057	-99.867836	-126.829666	45.928745	711.5053715705872	22.951786233532815
32	1134.5696	943.9791	3776.2417	189.88689	770.7277	820.925	3209.0703	264.81555	353.66666	289.3	159999	125.52321	45.7903	228.95409	-110.96155	125.52276	45.794	234.26706	-87.72642	-128.59233	47.59711	734.4601578712463	22.951880000531673
33	1708.062	1321.4106	3610.5042	291.24268	2017.2559	1048.2229	3279.3408	417.2734	548.6667	697.1	164999	127.61378	46.953587	237.05553	-78.987	127.614586	46.95627	233.22594	-77.965485	-130.69997	50.10843	758.9981796741486	22.99994490363381
34	2897.9214	569.997	3341.643	1779.1904	1752.1074	1147.3586	3729.0027	481.81018	904.6	523.8	169999	130.74974	48.467606	245.14682	-92.233215	130.74968	48.468094	241.20398	-79.466934	-133.9144	50.756405	782.9601898193359	23.02824093313778
35	2272.933	1108.671	3714.675	734.5459	1173.2177	1044.9172	3636.7263	528.8632	664.375	398.2	174999	134.29895	49.675545	248.2042	-83.52984	134.29884	49.68041	242.40062	-78.08141	-137.42723	49.97494	806.6035585403442	23.045816019603183
36	2275.2957	1220.5492	3477.7158	409.1997	2023.0984	997.65106	3508.1824	492.0633	668.8571	593.7	179999	137.68678	51.507095	256.82135	-83.445496	137.68741	51.510372	249.95837	-97.30173	-140.94672	51.057636	830.6659026145935	23.074052903387283
37	2181.56	1190.4125	3546.872	368.7072	2459.966	1120.6119	3520.1326	524.6165	639.375	764.9	184999	141.75134	53.105694	260.51324	-72.59355	141.75076	53.113163	258.8434	-96.65683	-144.75584	51.93486	856.271723985672	23.142479078189748
38	1851.671	1054.8331	3731.8066	826.08673	1892.3965	821.96124	3208.471	785.1745	583.2222	736.3	189999	145.81516	54.518326	264.73828	-83.056366	145.81476	54.522243	262.4553	-77.75967	-148.92563	53.78723	881.7676520347595	23.204411945844953
39	1669.0605	801.1713	2875.848	231.82599	1583.9998	1223.6616	3891.3892	300.7519	566.7778	461.9	194999	149.36557	55.712402	269.99243	-108.56483	149.36504	55.718323	266.61902	-81.000465	-152.4577	55.937275	906.0540018081665	23.232153947536762
40	1593.1875	1076.234	3986.687	222.0908	1482.0392	735.3861	3308.2192	509.90344	469.9	483.1	199999	152.65594	56.9683	278.37427	-101.73914	152.65567	56.975143	275.13538	-79.386826	-155.915	56.39817	930.3262062072754	23.258155202865602
41	1571.8845	694.6271	2639.1895	612.67126	2639.8252	1122.2015	4093.3037	1042.4725	501.4	701.0	204999	155.72098	58.50975	279.94162	-93.92433	155.72044	58.516674	276.04135	-90.049324	-159.00896	60.30921	955.8657970428467	23.313799980210096
42	2533.48	1269.3468	3929.219	144.78648	1157.0433	1174.1647	3612.059	129.73094	682.8571	331.3	209999	158.62917	59.442673	293.88766	-86.692566	158.62852	59.44865	290.2711	-101.11415	-161.95233	61.541405	979.6873004436493	23.32588815689087
43	2458.6245	1208.6716	3869.2263	562.5506	2706.4326	1280.5491	4229.366	543.6281	684.0	719.9	214999	161.41983	61.23108	292.8409	-96.45052	161.41934	61.236088	296.8046	-90.254395	-164.70267	63.52485	1005.2147080898285	23.377086279004118
44	2578.0981	1372.8418	4080.233	460.58527	2711.2554	1456.2316	4124.286	611.0905	673.125	725.3	219999	164.93384	62.536377	300.62088	-122.75984	164.934	62.540344	300.11896	-130.41896	-168.22775	67.96802	1030.736608505249	23.42583204941316
45	2816.24	1184.4193	3874.408	860.89166	2644.9207	1347.071	4096.422	532.7331	715.0	694.9	224999	168.4878	63.83324	302.17667	-103.60493	168.48792	63.839134	302.7928	-103.44524	-171.45052	66.57687	1056.1157071590424	23.469237979253133
46	2612.3208	1145.9812	4086.7288	1202.4839	2076.7302	556.45917	2867.759	1084.9469	675.0	505.6	229999	172.53058	65.73008	311.31342	-119.4746	172.53026	65.73665	313.5276	-109.4181	-175.5579	67.639595	1080.589736700058	23.491081274074055
47	1732.85	1400.9474	4461.528	327.29788	2249.3647	1658.8481	4403.2705	167.26405	472.33334	545.8	234999	176.70236	67.1822	317.85458	-107.002174	176.70158	67.18815	318.56888	-107.33613	-179.638	70.11461	1105.1739389896393	23.514339173093756
48	2598.229	1160.08	4189.6484	816.90674	2759.6616	1259.9532	4166.111	332.97577	657.875	689.4	239999	180.7295	68.80267	324.14374	-111.34374	180.72937	68.80749	320.6493	-110.15686	-183.97964	71.10851	1130.3590614795685	23.549147153894108
49	3034.4436	820.9635	3961.3567	1803.5481	2185.251	1602.4384	4268.344	463.0293	768.0	563.3	244999	184.8692	70.21392	332.34326	-104.1977	184.86879	70.21644	327.96588	-111.78031	-188.1396	71.8742	1155.0331296920776	23.572104726518905
50	2032.5087	1239.2146	3907.9487	621.8906	2445.679	903.24866	3641.2322	832.3368	543.5	690.9	249999	187.88605	71.83253	332.75183	-113.743614	187.8858	71.8373	333.54254	-106.78277	-191.12912	75.29461	1180.2512121200562	23.605024280548097
51	945.8057	1187.7783	3585.2004	19.543074	1499.0634	917.6156	3670.6643	269.25204	268.57144	389.8	254999	190.92789	73.22968	341.0114	-105.132805	190.92755	73.23521	338.699	-114.116005	-194.26521	79.5757	1204.1000304222107	23.609804555481556
52	1138.9297	979.5496	3030.0498	19.725578	2030.3766	1145.0092	4056.1396	400.8409	309.6	504.3	259999	193.88576	74.366646	341.16418	-91.89586	193.88617	74.371506	341.1522	-94.5885	-197.29672	85.45416	1228.3293070793152	23.621717480512764
53	1569.4609	840.14996	3703.7703	306.5929	3317.5476	1506.9542	4452.0083	487.53976	410.41666	788.0	264999	197.39511	75.81659	344.65915	-81.43453	197.39421	75.821526	344.8072	-82.63472	-200.98518	90.784615	1254.1445574760437	23.663104898524733
54	1841.8517	1025.0238	3848.1733	472.28265	978.62317	285.41638	1344.7284	446.20963	460.66666	276.7	269999	200.76714	77.22079	351.95392	-81.8266	200.76682	77.2264	349.0999	-77.75966	-204.24066	92.258316	1277.7866113185883	23.66271506415473
55	2362.6006	1306.0409	4391.439	987.4595	2425.2908	958.09827	3984.8901	1240.2496	575.25	560.9	274999	203.86627	78.369064	351.95084	-87.346436	203.86629	78.37047	351.38065	-82.611946	-207.31943	100.1082	1302.443088054657	23.680783449519765
56	2598.7207	875.44104	4048.25	1675.8378	2688.1917	1263.0741	4671.996	1061.975	652.5	620.1	279999	207.22726	78.7615	359.115	-74.74989	207.22731	78.76556	354.35626	-103.869354	-210.45294	104.742065	1327.843094110489	23.711483861718857
57	2295.3877	1098.3783	4248.2964	1077.4438	1683.842	1427.408	4065.869	228.14594	571.0	446.3	284999	210.49953	79.36752	364.13266	-98.960556	210.49886	79.37379	356.01166	-83.262985	-213.8703	103.457664	1352.3463106155396	23.72537390391032
58	3131.1636	1308.893	4380.6035	1012.3719	3366.7065	1565.4624	4475.4907	169.10934	763.8571	785.3	289999	213.40245	79.7942	369.8395	-93.65257	213.40219	79.800186	358.6988	-107.5364	-216.87886	104.9749	1378.4096767902374	23.765684115475622
59	3388.7754	1130.2501	4378.754	1367.651	3516.4363	722.96387	4452.1157	1943.9847	837.3333	797.0	294999	216.27603	80.334984	363.17087	-83.90028	216.2757	80.342834	361.08804	-78.73833	-219.62068	108.1444	1404.3450639247894	23.802458738876602
60	3364.7148	946.3332	4273.016	1660.9033	3253.2324	829.26697	4117.728	2025.9012	817.3333	810.6	299999	218.30672	81.21603	366.53165	-80.441956	218.30663	81.22356	361.77432	-94.06244	-221.51056	108.171974	1430.1871118545532	23.83645190000534
61	3662.3718	718.8922	4121.9844	2233.979	4030.472	94.08365	4195.407	3858.398	917.8	1000.0	304999	220.759	81.96947	365.78867	-81.41915	220.7592	81.977875	361.43784	-95.94401	-224.18375	105.1503	1456.8233125209808	23.88234942076636
62	4081.6335	125.78535	4240.1772	3875.881	4008.7583	632.5373	4437.827	2437.4395	997.2	933.9	309999	223.60423	82.15307	373.88007	-81.679535	223.60309	82.1612	367.1353	-108.916626	-226.85614	105.895676	1483.0968914031982	23.92091763404108
63	3169.605	1228.0508	4355.6216	1447.6487	4227.201	132.23883	4427.9976	4054.9126	774.2857	1000.0	314999	225.93994	83.014915	374.25354	-89.45854	225.94041	83.0176	373.0103	-106.19489	-229.27637	104.85696	1509.77055478096	23.964612014709957
64	2803.6187	1169.04	4144.993	735.18463	3131.4343	735.72626	3950.6506	1775.8436	695.2857	812.2	319999	228.26662	83.71875	369.4306	-83.39211	228.26665	83.7225	372.69467	-85.02139	-231.63095	107.64403	1535.7825202941895	23.996601909399033
65	3191.2957	1306.9309	4398.7964	1088.4584	2366.4954	1483.5459	4095.991	426.31735	778.1429	612.3	324999	230.58069	84.35251	377.14066	-96.16328	230.58029	84.35847	370.65945	-92.48166	-234.0561	110.05823	1560.7170159816742	24.011031048114482
66	3655.3953	907.2033	4312.2017	1859.0729	4045.366	426.09033	4530.976	2967.367	894.0	970.8	329999	232.34859	85.523705	378.0811	-126.04761	232.34923	85.53071	369.18988	-98.11758	-235.89952	110.36859	1587.2897305488586	24.049844431154657
67	3228.1038	852.42126	4243.651	2008.7109	3960.1929	624.7546	4441.7563	2261.338	791.5714	912.6	334999	234.25806	85.89576	385.46722	-107.88277	234.25716	85.90242	374.6067	-98.40928	-237.72382	109.06248	1613.4779081344604	24.081759858487256
68	4019.3164	582.30023	4418.0366	2870.8113	2986.3813	992.70337	4198.7563	1185.9458	943.0	732.0	339999	236.1717	86.43763	383.82913	-99.461876	236.17204	86.44568	374.76727	-90.89041	-239.28647	105.901474	1638.9737637043	24.102555383654202
69	3060.5237	1543.346	4451.7754	780.6103	2407.7407	1016.801	4679.6187	771.2809	758.2857	549.9	344999	238.3059	86.72454	383.12256	-135.16707	238.30666	86.72918	377.32056	-137.96881	-241.50394	109.614075	1664.0000712871552	24.115943093230758
70	2324.0347	1364.3983	4265.457	635.52783	3523.1035	924.9203	4140.628	1343.2689	572.75	875.0	349999	240.51965	86.89083	382.12744	-107.181725	240.52052	86.894615	376.86688	-123.98125	-243.69366	108.25683	1689.969447851181	24.142420714242117
71	3498.5608	1345.5824	4479.8384	630.545	4093.9023	572.3868	4442.7104	2390.1611	843.0	957.2	354999	242.39592	87.31321	383.4763	-125.537865	242.39708	87.31823	377.66803	-134.14964	-245.67125	111.05903	1716.3374092578888	24.173766351081955
72	2686.516	1201.9707	4432.9023	766.0928	3859.8442	1091.4972	4698.8794	903.0736	647.0	851.3	359999	244.15906	88.13762	389.32095	-122.551476	244.16023	88.14213	381.9769	-111.573	-247.47911	109.560974	1742.6056461334229	24.20285622609986
73	1710.2836	1099.353	4327.6577	42.35036	4368.972	117.363625	4555.441	4166.086	427.0909	1000.0	364999	245.89131	88.60844	381.3407	-82.418945	245.89153	88.61653	382.67474	-94.41881	-249.08372	117.09422	1769.4748940467834	24.239382136357975
74	2042.3613	1353.92	4421.5303	224.18575	3796.8892	1152.3646	4401.1943	354.11514	497.3	914.5	369999	247.37027	89.1197	391.26355	-105.74315	247.37073	89.12304	386.3431	-111.89849	-250.789	115.57462	1795.545035123825	24.26412212526476
75	3721.6433	916.7801	4387.239	1813.098	3408.8613	1301.7675	4344.8857	895.1203	845.3333	812.4	374999	248.8845	89.62459	388.29584	-112.981155	248.88538	89.63131	387.37152	-165.11087	-252.16766	119.248726	1821.1199584007263	24.281599473953246
76	2590.1392	1435.541	4462.5645	489.5632	2057.7888	491.71008	2848.6423	1309.8177	623.625	473.0	379999	250.71187	90.19616	392.45776	-94.60523	250.71388	90.20355	393.69186	-78.6339	-253.97826	121.48105	1845.4210889339447	24.281856461575156
77	2858.5713	1284.4344	4363.599	550.15546	3832.7441	927.32275	4490.5933	1913.22	667.0	871.1	384999	252.32036	90.5529	385.79428	-149.18791	252.3202	90.560295	387.82773	-195.0893	-255.93721	123.54143	1871.2817552089691	24.302360485126446
78	2927.6543	1354.8823	4654.9556	1033.5682	2418.061	1725.8007	4818.262	155.18591	679.0	543.9	389999	254.03816	90.529366	402.01395	-113.31028	254.03835	90.537094	394.6074	-152.951	-257.3709	122.43221	1895.8313767910004	24.305530499189327
79	2239.6685	1751.2166	4475.1567	208.41376	1854.5026	1855.1385	4814.166	169.73888	534.2	421.1	394999	255.8179	90.603836	395.39725	-102.06911	255.81836	90.61687	389.4265	-101.60066	-258.84723	124.52557	1919.961659193039	24.303312168845647
80	939.95	1361.2195	4325.3604	42.492702	3725.5493	976.3997	4752.108	1630.1388	261.57895	805.7	399999	257.6757	90.39584	397.65906	-97.711075	257.67465	90.40585	398.5634	-93.03564	-260.92764	123.00012	1945.7846310138702	24.322307911515235
81	1013.42645	1445.8107	4530.0557	170.30467	272.3316	9.947778	289.0623	256.77362	295.35294	179.7	404999	258.76514	91.0155	407.0188	-86.453705	258.76544	91.025826	398.95166	-95.084564	-262.14777	127.75092	1968.905767440796	24.307478633927712
82	1127.3666	1423.5969	4138.9785	275.02798	2392.733	1828.1064	4390.0225	202.67393	348.92856	599.1	409999	257.84174	92.020546	401.68024	-147.9423	257.8428	92.02826	401.18683	-115.295555	-260.76282	127.68787	1993.7840340137482	24.3144394624524
83	2548.3623	1381.4213	4418.762	616.0083	3761.5286	1170.3131	4402.996	509.448	621.75	883.3	414999	258.3026	92.82375	396.62106	-138.73242	258.30106	92.83047	400.17935	-118.566505	-261.66315	122.848816	2019.9531290531158	24.33678471036704
84	3198.2048	1173.2671	4419.486	1290.884	4421.5547	1073.7192	5019.306	1279.1527	736.1429	915.2	419999	259.913	92.660355	399.47894	-128.1977	259.91125	92.67137	396.88745	-146.8925	-262.88562	126.38144	2046.0330030918121	24.35753577663785
85	2016.0284	1005.3601	4591.8965	987.74084	1613.2805	1198.9783	4781.905	696.0655	480.44446	373.0	424999	260.79065	93.27846	398.05862	-184.1946	260.78925	93.28728	405.82224	-155.89108	-264.11545	125.19189	2070.005447626114	24.35300528862897
86	4165.894	418.89978	4491.674	3343.942	4466.6655	474.6986	4744.585	3052.7483	948.8	966.5	429999	262.36868	93.20927	414.88263	-109.46716	262.36627	93.21961	400.11685	-108.50774	-265.3247	131.17345	2096.412237405777	24.376886506413303
87	2880.1052	1175.4901	4461.601	1219.732	3425.7036	1438.1482	4527.346	1050.2025	653.44446	793.4	434999	263.53604	93.41159	400.0151	-123.41179	263.5351	93.42394	402.16922	-180.92831	-266.60248	129.45213	2122.1764783859253	24.392833104078797
88	2681.388	1575.9845	4509.576	313.57742	3685.1282	1537.6873	4863.5527	1010.35175	619.0	795.7	439999	265.1183	93.52736	400.45007	-135.00786	265.116	93.5368	402.07462	-122.06246	-268.80154	126.88822	2147.8202981948853	24.407048864798114
89	3609.8591	1161.6968	4566.932	1747.4044	3555.275	1662.2634	4783.4146	320.258	814.5	792.1	444999	266.35568	93.870735	401.55893	-145.5284	266.35507	93.886925	402.82892	-155.3204	-269.29926	130.11139	2173.6075994968414	24.422557321827064
90	3143.0962	1479.6984	4596.5215	203.41289	3995.834	1420.5352	4997.8306	311.18958	717.8571	844.7	449999	267.78873	93.64305	400.97498	-109.74185	267.78738	93.654144	407.63757	-116.03157	-270.7203	131.37248	2199.475642681122	24.43861827320523
91	4169.077	788.52673	4820.598	2679.7676	2296.19	1248.7795	4549.532	603.9388	897.0	521.6	454999	269.16653	93.46156	409.98483	-136.30397	269.16547	93.46989	405.987	-161.66733	-272.41415	130.20415	2223.7611980438232	24.43693626319969
92	4377.9224	162.44766	4530.192	4101.0596	4487.362	112.7166	4588.2544	4275.5474	990.6	1000.0	459999	270.22702	94.19273	411.30963	-180.34515	270.22485	94.203835	409.33847	-192.14845	-273.35382	127.487274	2250.3112823963165	24.459905264170274
93	4516.1675	71.39474	4643.744	4436.857	4159.693	1135.4921	4823.585	1575.9316	1000.0	886.4	464999	271.59067	94.48986	407.0666	-194.65611	271.59073	94.49762	408.48743	-221.2147	-275.00034	131.23953	2276.381274461746	24.47721802803778
94	4493.6777	129.37654	4688.4233	4347.8813	4233.257	692.7609	4633.7285	2173.588	1000.0	951.3	469999	273.71564	94.469025	408.6879	-195.78714	273.7145	94.4813	409.06967	-235.39577	-276.7008	126.47974	2302.680464029312	24.496600703990207
95	3165.48	1435.7567	4568.8696	1085.3978	1091.3724	704.60547	2899.77	345.9807	725.0	278.7	474999	275.41425	94.843185	413.3968	-235.25435	275.41373	94.850266	416.72385	-245.97878	-278.68372	127.14816	2326.071538925171	24.48496358771073
96	4348.7607	306.735	4645.271	3758.232	4284.707	912.37604	4679.3154	1557.4219	967.4	938.1	479999	276.68964	95.65778	419.13385	-276.5973	276.68958	95.670845	413.8751	-299.49466	-280.19055	129.49538	2352.3441967964172	24.503585403164227
97	4515.29	98.3434	4677.4526	4411.067	4182.9863	160.39903	4614.2095	4005.2046	1000.0	1000.0	484999	277.9273	96.33709	415.34827	-301.12292	277.926	96.34923	418.31888	-311.46988	-281.1701	134.52896	2379.0032262802124	24.525806478618346
98	2557.6172	2105.3604	4650.0527	42.339	4638.854	44.97896	4726.496	4563.7075	581.375	1000.0	489999	279.45898	96.46442	415.19882	-305.91693	279.45825	96.471825	421.6579	-330.5127	-282.87323	131.53995	2405.5932614803314	24.54687003213532
99	3826.1143	1523.4093	4701.48	426.6866	3033.559	1099.8964	4692.6807	1181.619	858.0	674.8	494999	280.171	97.27026	416.79245	-312.76437	280.17148	97.27838	423.60403	-337.24277	-283.5505	138.65437	2430.9880290031433	24.555434655661536
100	4411.2056	304.0988	4629.611	3819.197	4601.1104	70.587006	4700.2896	4470.439	966.4	1000.0	499999	281.2167	98.0806	422.31058	-311.96298	281.21753	98.087524	420.50488	-300.97607	-284.4988	134.86653	2457.5194284915924	24.575194306373596
101	4294.0596	619.71564	4680.3965	3059.1194	4263.427	1305.6981	4769.3433	351.6979	933.8	912.2	504999	283.20325	98.13679	417.42764	-296.95218	283.20212	98.14803	417.4191	-274.54285	-286.19284	131.38835	2483.905172586441	24.593120539542472
102	3326.6914	1887.9159	4597.9263	279.4427	4710.5693	91.5808	4903.768	4566.383	752.5714	1000.0	509999	285.18115	98.68069	422.97714	-275.61984	285.18295	98.68258	425.83023	-277.84	-288.345	127.1501	2510.444813013077	24.612204070184745
103	4086.3574	1256.8922	4794.2095	1282.4658	4631.458	71.02009	4745.5	4497.2607	884.3333	1000.0	514999	286.6271	99.104744	431.68506	-244.53587	286.6269	99.1176	433.20816	-245.79198	-289.91772	130.82954	2537.0314967632294	24.6313737758155
104	4559.973	167.174	4741.749	4302.7295	3945.9297	1212.5946	4459.4575	312.5389	1000.0	913.5	519999	288.30032	99.06692	427.19522	-249.62762	288.29984	99.07277	423.03833	-259.23825	-291.50543	133.31049	2563.2844581604004	24.64696596448238
105	3939.9858	1037.541	4545.226	1869.4159	3934.7024	1088.5085	4823.6504	1640.168	886.0	824.9	524999	289.80875	99.10778	425.6561	-232.52184	289.8095	99.11398	426.37128	-255.04037	-293.3109	127.918625	2589.1724400520325	24.658785161517915
106	2917.35	2169.1514	4700.3223	112.28084	4801.102	690.98395	5242.435	2757.9358	650.875	955.8	529999	291.80322	98.671364	427.08035	-204.16942	291.80173	98.6812	427.88303	-211.59608	-295.00052	128.75006	2615.5935809612274	24.67541116138674
107	4056.9436	745.4432	4743.5767	2833.9783	4714.96	93.9933	4888.2686	4593.774	890.0	1000.0	534999	292.67526	99.05365	427.10107	-194.37178	292.67325	99.07	430.96512	-170.11487	-295.74304	131.41554	2642.1728222370148	24.6932039617378
108	3985.1582	1561.4127	4817.2437	499.8178	3313.979	1838.9415	4825.6694	283.36087	859.8333	721.0	539999	293.91553	99.37388	429.78943	-178.5571	293.916	99.379616	428.5192	-189.48997	-297.03113	128.10492	2667.6126770973206	24.70011739819138
109	4511.4644	76.644844	4629.2446	4417.8687	4792.612	70.309525	4907.5815	4660.033	1000.0	1000.0	544999	295.3487	99.57895	427.70596	-161.9124	295.34787	99.585625	430.44855	-186.32373	-298.68	125.74521	2694.1535918712616	24.717005447510186
110	3773.596	1580.2222	4624.236	245.64018	3075.77	1637.4392	4714.608	177.13715	849.5	691.0	549999	296.80365	99.8283	429.90128	-175.38097	296.80368	99.83654	428.30847	-162.56226	-299.96564	125.1011	2719.479446411133	24.722540441426364
111	3547.469	1176.6516	4412.004	1227.5427	3538.1335	1735.8875	4733.7446	287.69482	835.8333	783.0	554999	298.09305	99.84301	432.79633	-179.4862	298.09262	99.85042	433.45105	-186.53534	-301.13098	126.180275	2744.9114394187927	24.728931905987025
112	3388.9636	1578.0292	4567.354	699.95764	4522.828	113.83173	4652.658	4353.7886	772.8333	1000.0	559999	299.2358	99.94991	437.36887	-165.5193	299.2346	99.96061	436.2236	-184.26038	-302.4466	130.01262	2771.62464427948	24.74664862666811
113	3302.875	1852.2998	4645.1045	88.88425	2658.4788	1441.704	4508.613	379.80927	754.1429	640.1	564999	300.30872	99.62633	433.96213	-148.66112	300.3091	99.63262	436.65222	-146.35448	-303.4963	122.22435	2796.7160346508026	24.74969943856771
114	3927.3892	916.7015	4642.717	2281.6624	4304.736	322.92715	4559.0317	3370.5999	870.2	975.0	569999	301.38727	99.77103	444.596	-238.5756	301.3875	99.77938	440.22562	-174.331	-304.4037	125.8986	2823.284964799881	24.765657600603607
115	4043.5332	486.5403	4571.376	3374.91	4664.3926	193.7457	4921.1943	4149.555	898.0	988.0	574999	302.60678	100.00655	437.28207	-158.58012	302.60483	100.02132	437.8892	-179.8347	-305.99176	129.50972	2849.7642817497253	24.780558990395587
116	3746.993	1566.2473	4679.1875	348.6004	4629.1143	101.190735	4756.8228	4371.1836	825.3333	1000.0	579999	303.89703	100.09006	436.77264	-201.68898	303.897	100.100174	438.4879	-232.40248	-307.1609	128.63188	2876.2572655677795	24.795321273392645
117	3235.385	1612.4211	4476.136	335.79257	4151.923	972.3758	4820.831	1540.8671	749.4286	910.0	584999	304.99954	99.64785	449.43948	-185.94916	304.9986	99.65936	436.88742	-223.4147	-308.00058	132.63797	2902.6831934452057	24.809258079936363
118	4151.0825	830.3451	4650.846	2500.969	4449.9624	370.5728	4723.831	3375.6116	921.2	972.4	589999	305.67126	99.3479	437.9129	-195.83899	305.6712	99.35758	444.69516	-237.94554	-308.95874	130.42242	2929.1218185424805	24.823066272978057
119	3342.2742	1803.8171	4747.2227	73.07647	4220.676	888.7844	4704.7583	1597.318	760.4286	932.2	594999	306.39148	99.39391	441.69302	-290.81262	306.3926	99.39492	441.29428	-168.88245	-309.44058	128.23453	2955.481985092163	24.83598308402951
120	2672.1062	1914.1346	4675.215	81.785736	4466.981	494.72375	4849.9907	3023.006	623.375	965.2	599999	306.78378	99.65056	437.96698	-175.99792	306.78436	99.66063	439.18	-182.17155	-309.86206	123.191124	2981.73970746994	24.84783091346423
121	4331.788	83.43131	4443.2056	4225.862	2832.6824	1138.3804	4586.372	1304.899	997.8	645.9	604999	307.54593	99.74039	439.8714	-167.52246	307.54605	99.74389	441.41602	-158.38466	-310.72632	130.06747	3006.9575910568237	24.850889200021413
122	4478.727	76.39623	4539.0415	4329.967	4162.949	1284.6989	4720.2046	318.78513	1000.0	914.4	609999	308.89087	99.2953	442.0752	-166.82536	308.89075	99.30796	441.6446	-170.34782	-311.935	133.75053	3033.456657886505	24.864398852723543
123	3260.1501	1235.419	4434.458	1394.1237	4636.5894	115.62722	4885.5996	4483.2397	755.8333	1000.0	614999	310.29633	98.911736	442.43558	-136.12303	310.2965	98.91656	441.7664	-130.16168	-313.37766	120.74225	3060.0400438308716	24.878374359472012
124	4007.8699	1117.6086	4776.9395	1644.6376	4460.1343	64.3356	4561.2974	4359.701	865.5	1000.0	619999	311.22595	98.89939	438.555	-184.09772	311.22525	98.90876	445.77054	-189.58284	-314.31238	132.89915	3086.7298645973206	24.892982794392495
125	2951.369	1805.4889	4617.2866	33.587444	4532.877	116.23151	4751.4688	4387.2134	671.375	1000.0	624999	312.1117	98.937065	447.6242	-177.02792	312.1119	98.94104	450.51923	-179.06088	-315.37247	126.05837	3113.2952167987823	24.906361753463745
126	2576.3823	1794.8251	4555.7793	405.25977	4692.0693	131.3632	4859.578	4404.6846	600.375	988.2	629999	313.1217	98.74308	446.90463	-174.16376	313.12106	98.75657	448.9914	-165.90045	-316.5028	125.77162	3139.9456927776337	24.920203926071288
127	3706.9607	1114.798	4702.177	1817.695	3542.8684	1145.6666	4680.655	1554.8046	824.6667	768.0	634999	314.03836	98.54195	446.7845	-151.0992	314.03766	98.55954	451.24637	-157.42958	-317.11908	128.4636	3165.5119178295135	24.925290706589465
128	3606.458	952.80206	4764.5054	2103.4849	3261.0493	1152.1521	4602.4165	1345.8469	795.6667	750.8	639999	315.2292	98.34047	448.81165	-141.64832	315.2286	98.34679	449.7063	-137.23253	-318.38022	133.33948	3191.067164182663	24.930212235078216
129	4711.7	121.09974	4902.662	4560.9355	3502.5247	1560.1854	4865.133	1.8101283	1000.0	770.8	644999	316.3842	98.04655	448.01364	-128.4836	316.38428	98.05851	450.10275	-204.84206	-319.84338	125.67853	3216.6788136959076	24.935494694598887
130	3592.7407	1091.748	4663.2627	1947.2649	4733.966	104.26441	4936.844	4566.3774	797.0	1000.0	649999	317.45413	97.735275	447.7168	-245.06145	317.45367	97.74171	450.0809	-107.9963	-320.35812	144.2622	3243.338185071945	24.948755286290094
131	3971.6335	698.9407	4523.2534	2801.7341	4847.522	142.90414	5057.0796	4577.411	875.6	1000.0	654999	318.30917	97.58211	447.22015	-198.96785	318.31015	97.58964	452.91254	-98.67062	-321.41034	132.57915	3269.946434020996	24.961423175025534
132	3035.0034	1906.2124	4679.4136	142.80205	4261.2246	619.6658	4572.3174	2418.5747	688.8571	952.8	659999	319.0874	97.462105	447.90057	-118.86781	319.08627	97.478745	453.32324	-166.92958	-321.95367	136.85612	3296.2503051757812	24.97159323728446
133	3258.482	1478.0939	4535.8696	422.27863	3630.3071	1381.5535	4633.0894	676.3833	747.8571	820.3	664999	320.26605	96.84881	460.6262	-191.3109	320.2667	96.85672	448.0269	-153.21579	-323.39786	142.27505	3322.1509912014008	24.978578897347127
134	3031.5364	2047.1577	4808.208	267.81857	4548.285	90.7455	4665.927	4366.4297	678.5	1000.0	669999	321.2792	96.77564	460.27686	-208.7385	321.2796	96.78625	453.01105	-170.50635	-324.29593	141.87282	3348.799437522888	24.99104059098372
135	3965.5417	1185.2407	4729.126	1612.4327	4830.286	108.92341	5022.469	4693.5093	879.4	1000.0	674999	321.91135	97.198204	454.8367	-149.17513	321.91095	97.211525	456.5814	-180.93369	-324.7895	143.00401	3375.255074262619	25.00188945134481
136	2776.1191	1983.1019	4404.4194	166.34859	2992.4312	1983.3324	4645.425	221.56923	664.375	675.9	679999	322.68304	97.15614	452.65915	-117.01199	322.6823	97.17108	457.8401	-116.5559	-325.8087	139.60747	3400.4807736873627	25.00353511642007
137	3933.7444	1377.101	4788.9453	865.27057	2319.9812	2119.8452	4708.8467	112.6412	877.6667	549.9	684999	323.53278	96.76068	451.6764	-131.9916	323.53238	96.77181	453.37808	-167.69882	-326.8681	142.15002	3425.1220767498016	25.000891086828968
138	4366.1416	129.58568	4550.515	4169.339	3633.3704	1598.2616	4774.82	353.863	1000.0	817.2	689999	324.71033	96.44961	461.95023	-147.00082	324.7103	96.46122	461.0901	-142.1001	-327.6608	139.576	3450.883638858795	25.006403193957564
139	3738.3342	1575.7478	4685.781	252.54852	4076.849	903.42255	4515.079	1385.2115	850.5	933.4	694999	325.13916	96.74863	453.4575	-120.17988	325.13873	96.76096	453.97598	-101.67419	-328.1909	137.24635	3477.173829317093	25.015639076987615
140	2743.2153	1943.5719	4728.849	9.208351	4463.609	959.18774	5046.899	2495.6914	630.125	908.6	699999	325.4156	97.43507	462.33038	-105.18131	325.41708	97.45074	457.78485	-152.14526	-328.25897	138.95206	3503.299694299698	25.023569258621762
141	4478.515	103.377655	4629.179	4318.0215	4447.8184	81.90538	4558.816	4339.9946	1000.0	1000.0	704999	325.8695	98.06633	456.95053	-120.81461	325.86884	98.0756	456.27182	-130.61284	-328.88916	139.4462	3529.979651927948	25.03531669386735
142	2673.7227	1862.0624	4617.537	1.9997963	4416.8076	842.9421	4785.244	1899.0845	637.375	944.0	709999	327.5734	97.447655	467.06122	-167.01225	327.57407	97.459915	466.9886	-213.81618	-330.50418	139.95868	3556.3421502113342	25.04466304476832
143	3986.1406	1024.4084	4585.1206	1941.1833	4397.6895	986.91455	4992.58	1591.9618	895.6	916.3	714999	328.4911	97.50662	455.33548	-129.90804	328.49106	97.52811	457.65213	-145.6093	-331.33618	147.38626	3582.825127840042	25.05472118871195
144	4054.901	628.60657	4502.5728	2812.2888	4711.4883	203.67621	4904.3257	4174.924	925.8	985.1	719999	329.4297	97.02563	459.99997	-147.18878	329.4302	97.02984	456.11032	-125.99499	-331.96332	143.73598	3609.3624379634857	25.065016945203144
145	4540.403	91.21692	4688.8115	4404.5093	4322.538	221.5424	4597.6606	3814.0818	1000.0	1000.0	724999	329.74615	97.208275	456.95093	-157.31253	329.74704	97.22058	458.63147	-117.40492	-332.40143	148.03806	3636.019989490509	25.07599994067488
146	4281.5376	255.48318	4477.528	3783.0352	4052.9805	1044.8287	4497.901	925.5732	980.6	927.6	729999	330.38092	97.59617	455.61017	-103.08554	330.3814	97.60901	458.2445	-121.40148	-333.51215	141.07974	3662.345166683197	25.084555950883317
147	2995.192	1751.4963	4518.1904	182.43784	4414.3726	119.03416	4649.177	4244.8027	688.375	1000.0	734999	331.1723	98.52877	455.89127	-110.740326	331.17194	98.541504	457.7285	-131.56409	-334.124	141.38997	3688.977647304535	25.09508604743854
148	3052.1519	1599.522	4637.5747	424.72446	4181.85	145.1488	4399.815	3948.6692	721.0	1000.0	739999	331.79382	98.59767	457.1206	-105.364006	331.79303	98.609436	458.8726	-102.85049	-334.67984	138.40656	3715.7045114040375	25.106111578039222
149	3748.336	1482.0939	4609.159	466.02115	4325.102	172.48706	4569.7974	4025.5562	859.6667	1000.0	744999	332.24945	98.514046	456.38672	-134.56464	332.24945	98.5285	456.47723	-189.95993	-334.95526	143.29207	3742.2556858062744	25.115809983055062
150	4334.293	208.49884	4576.1543	3963.7834	4814.8535	171.5044	5083.253	4506.126	983.2	1000.0	749999	332.98743	97.92826	459.3072	-121.68988	332.98697	97.94378	459.53876	-118.36778	-335.96964	147.37389	3768.8094112873077	25.125396087964376
151	2854.5298	1594.4921	4538.147	356.3822	4351.513	1121.8591	5224.7983	1766.8606	667.75	876.6	754999	333.95828	97.44887	465.19037	-121.151245	333.95886	97.46257	463.6777	-107.951225	-336.87463	143.36913	3794.8131906986237	25.131213196066042
152	4290.393	674.59753	4790.968	2965.122	3950.0195	1337.061	4759.7656	139.49806	931.0	876.8	759999	334.9392	97.15574	459.88425	-121.5504	334.939	97.173744	464.53622	-103.184395	-337.69455	141.95909	3820.925878763199	25.13767026756939
153	4485.394	97.13178	4588.46	4364.285	4464.0566	124.04401	4680.3823	4246.2314	1000.0	1000.0	764999	335.5573	97.30218	462.73322	-166.62856	335.5553	97.32397	469.7395	-181.48215	-338.25168	151.88104	3847.655360221863	25.148074262282428
154	3840.4055	1084.0052	4513.184	1685.3861	4630.5103	146.71419	4963.0933	4495.8135	878.2	1000.0	769999	336.04742	96.81445	458.6827	-131.8293	336.0485	96.83045	462.3056	-132.59631	-339.13895	147.62709	3874.165850877762	25.156921121981238
155	4008.1895	1210.2634	4745.32	1319.431	4437.37	178.4568	4751.4766	4149.895	890.0	1000.0	774999	336.8024	96.24152	466.53064	-108.130226	336.80215	96.25339	473.11682	-116.50124	-339.62338	147.53568	3900.6317834854126	25.165366365063576
156	4247.4287	362.5111	4491.6343	3531.8162	4761.0933	163.68289	4883.401	4292.673	962.4	987.3	779999	337.36523	95.74347	476.44666	-186.36389	337.36487	95.75803	479.09976	-103.363846	-340.37448	147.2062	3927.041715145111	25.173344338551544
157	3388.978	1681.7035	4943.8066	763.58203	4321.268	550.00836	4732.6216	2732.641	751.8571	958.1	784999	337.72113	95.971245	477.99747	-191.44164	337.72223	95.97338	490.32785	-142.60771	-340.59875	141.76532	3953.1709563732147	25.179432856808802
158	3439.8645	1453.2069	4855.037	405.05316	4339.605	124.369125	4498.956	4131.954	808.0	1000.0	789999	337.80118	96.62571	485.34302	-174.02373	337.7998	96.641914	486.32733	-173.26424	-340.46494	150.6513	3979.8513753414154	25.18893276890622
159	3912.239	710.1057	4650.401	2422.988	4154.383	1273.0554	4952.009	996.803	922.1667	878.3	794999	338.077	96.78821	468.51718	-176.5638	338.07727	96.79955	480.18564	-223.04726	-340.61398	144.62822	4005.8496968746185	25.194023264279156
160	3983.9956	763.2836	4574.9727	2480.4163	4608.097	105.33816	4803.233	4461.1675	917.6	1000.0	799999	338.33508	96.99564	474.6375	-122.37725	338.33463	97.00486	465.5679	-134.14684	-341.22937	148.32689	4032.42196393013	25.20263728797436
161	4378.7085	276.33224	4617.6934	3869.2498	4012.629	1314.5654	4683.1006	107.326195	1000.0	910.2	804999	338.46075	97.48311	468.06918	-120.89084	338.461	97.49978	465.66962	-152.922	-341.15338	147.67755	4058.9310431480408	25.21075183412303
162	3016.5366	1816.3989	4658.614	-0.7542393	3852.412	1337.6499	4864.601	296.3064	695.0	832.0	809999	338.68176	97.52847	469.757	-179.29967	338.6817	97.536674	467.50186	-143.98157	-341.52762	148.80667	4084.8568427562714	25.215165707800125
163	4051.966	385.55838	4490.2744	3338.0742	3783.9453	1258.7002	4617.0757	89.496284	907.0	913.4	814999	338.89944	97.841606	462.51212	-108.180786	338.9	97.85184	463.5579	-147.7561	-341.60168	144.44568	4111.344568729401	25.222972827455017
164	1846.473	2035.8121	4629.8726	2.6636093	3052.1418	1880.0486	4384.0225	6.2788324	434.33334	727.2	819999	339.41415	97.73523	465.12323	-146.9723	339.41367	97.74633	462.93628	-122.696045	-342.2872	145.10977	4136.713033914566	25.22385997452387
165	3886.0684	844.2661	4715.6914	2436.283	4070.8423	826.08527	4814.234	2363.7903	880.1667	857.7	824999	339.1912	98.5792	459.44833	-113.53794	339.18994	98.60102	466.4116	-90.65846	-342.1529	141.61385	4162.571773052216	25.227707727027664
166	4774.5615	210.40306	5060.68	4441.6035	4608.3853	675.7033	4989.455	2653.0671	1000.0	958.1	829999	339.24176	99.15883	463.7224	-128.64377	339.2416	99.17049	467.32758	-131.3501	-341.74353	140.43852	4189.024484157562	25.23508726545127
167	4305.0044	599.22174	4772.935	3120.3184	4679.744	477.0455	5049.0312	3624.6792	929.6	947.6	834999	339.44507	99.539246	461.63156	-110.58146	339.44553	99.54628	463.94296	-195.96086	-341.97025	143.2073	4215.304476737976	25.241344184932593
168	4684.7134	196.13394	4999.3506	4423.2373	2806.9417	1515.6792	4580.019	471.9665	1000.0	667.5	839999	339.23865	100.5795	467.49515	-137.42609	339.23785	100.596664	465.2044	-288.97354	-341.99448	151.30933	4240.483961582184	25.24097597315198
169	3789.033	1424.2811	4674.2437	675.48596	4249.172	888.5433	4896.9863	2046.546	837.6667	901.0	844999	339.5412	100.540375	463.25937	-130.32301	339.5411	100.54876	465.99927	-169.97115	-342.17242	143.15038	4266.580978155136	25.24604130073412
170	3378.457	1263.8431	4861.2485	1580.624	2759.4226	2145.1821	5021.5938	110.41447	746.8571	600.4	849999	340.22266	100.25765	459.25162	-158.51901	340.2241	100.26572	462.67548	-160.23817	-343.07263	148.44551	4291.4965760707855	25.2440975189209
171	3858.6887	1683.2626	4677.1655	96.70512	4072.5044	1379.4875	5003.5967	494.99744	844.0	842.9	854999	340.94324	99.23328	465.0122	-152.57498	340.94287	99.245735	462.60034	-160.95119	-343.48425	148.28294	4317.4049372673035	25.24798210183082
172	3167.05	1944.114	4689.5244	153.77574	4900.238	151.13309	5151.2705	4613.0176	713.5	1000.0	859999	341.84125	98.39501	458.5837	-163.98067	341.83963	98.40824	464.66116	-149.13658	-344.36984	145.51231	4343.941228151321	25.255472267782967
173	4576.5205	275.01492	4924.1514	4191.894	4265.6885	1401.0594	4992.57	83.16541	1000.0	906.1	864999	341.64853	98.6095	474.9	-172.08716	341.64883	98.62059	464.8897	-172.9311	-344.3723	142.3356	4370.093715906143	25.260657328401688
174	4759.9805	259.35043	5179.1597	4442.3467	4759.794	46.85995	4860.766	4683.736	1000.0	1000.0	869999	342.65308	97.392975	464.42215	-133.64479	342.65363	97.406494	467.8126	-163.60455	-344.92572	140.63712	4396.689549922943	25.268330757645355
175	4163.554	1180.8525	4862.7007	1557.099	3215.3027	1574.3868	4636.132	279.44388	895.5	762.2	874999	342.84482	97.08257	471.76697	-202.45993	342.84338	97.099884	464.10205	-233.6684	-345.54956	139.9796	4422.157676696777	25.269472449166432
176	4538.342	47.24049	4593.986	4476.699	4652.7104	94.821465	4866.62	4503.1865	999.8	1000.0	879999	343.3863	96.23931	465.35104	-121.62962	343.38525	96.25012	470.4554	-195.22408	-345.59824	141.4896	4448.7323479652405	25.276888352903452
177	3111.5269	1965.5786	4733.657	104.59983	1600.8445	784.9127	3589.0525	687.5141	687.0	377.2	884999	344.22668	95.13712	462.91592	-268.55643	344.22617	95.15033	463.13623	-157.58502	-346.94373	140.25142	4472.608518838882	25.268974693481532
178	4067.4426	1169.5038	4893.379	1501.9393	4591.0347	104.27509	4795.5303	4431.6484	891.3333	1000.0	889999	344.96118	94.909966	466.47736	-171.49353	344.96088	94.928055	466.59555	-166.43921	-347.39816	147.47984	4499.301508188248	25.27697477715739
179	4102.415	707.2288	4704.2275	3094.3584	4601.2334	125.34004	4832.7275	4442.243	878.6	1000.0	894999	344.99713	95.1668	460.2074	-222.27725	344.9962	95.17852	466.9826	-295.2549	-347.57596	137.18155	4525.921722412109	25.28447890814456
180	4490.8564	126.008224	4719.3657	4352.303	3803.5728	1272.7477	4889.8677	1800.7516	1000.0	801.5	899999	345.62433	95.254326	460.5377	-315.3245	345.62396	95.26483	464.49872	-253.44589	-347.81882	138.00037	4551.596365213394	25.286646485328674
181	4089.2336	1372.5537	4851.804	1033.3384	4841.377	109.33042	5040.095	4637.2603	879.0	1000.0	904999	345.67007	96.30809	465.66284	-157.4508	345.6704	96.31956	463.92944	-157.98671	-348.31586	142.42947	4578.33070731163	25.294644803632032
182	3398.6218	1564.9933	5075.13	500.9096	4742.0234	119.627	4864.2095	4511.519	723.4286	1000.0	909999	345.84952	96.95071	465.92865	-169.24333	345.84885	96.96166	464.0915	-168.09357	-348.55896	140.08438	4604.961056947708	25.30198384117294
183	4712.192	84.75485	4856.6323	4603.7583	4182.3975	889.89923	4678.939	1720.5604	1000.0	914.8	914999	345.71002	98.00913	462.44443	-184.76663	345.7105	98.020134	475.0393	-224.20259	-348.11096	141.67548	4631.7053399086	25.30986525712769
184	4639.6147	104.419426	4803.224	4482.7935	4044.2397	1137.1283	5092.4556	1473.3538	999.8	812.7	919999	346.10513	98.47246	461.91745	-561.3704	346.1052	98.47959	466.55176	-157.71992	-348.6861	140.15997	4657.754269838333	25.313881911661316
185	4716.263	199.22318	4963.4575	4446.904	4331.9365	959.1782	4866.918	1475.1558	1000.0	938.0	924999	346.84262	97.43369	467.57248	-184.84787	346.8414	97.44943	466.63266	-212.19897	-349.42725	142.71382	4683.880544662476	25.318273224701752
186	3894.877	1629.2808	4812.36	257.59143	3994.5808	1549.978	4955.6465	287.00653	853.3333	852.6	929999	347.69376	96.52272	462.9131	-203.59636	347.69473	96.53103	468.0731	-176.54663	-350.08832	134.00598	4709.873427629471	25.321900161363747
187	4531.529	145.05093	4690.11	4296.5005	4500.522	82.495514	4607.258	4367.1	1000.0	1000.0	934999	348.01065	96.111115	464.62863	-297.15137	348.0095	96.13092	467.28354	-158.02054	-350.30383	130.33583	4736.460631608963	25.32866648939204
188	3541.579	1383.8904	4783.732	1244.4683	4653.8564	493.41367	4944.21	3198.6519	766.6667	969.7	939999	348.462	96.24481	463.10925	-255.99557	348.46042	96.25344	468.88388	-228.23918	-350.47882	132.71353	4762.972341775894	25.33495927364268
189	4432.203	704.4722	4884.7007	2876.081	4665.794	922.92786	5098.4053	1917.8217	940.1667	943.2	944999	349.02026	96.52665	463.16998	-197.92326	349.02	96.53732	465.6581	-128.43501	-351.39102	137.87032	4789.277531147003	25.34009276748334
190	4722.743	103.17816	4833.3706	4556.5435	4716.1064	100.0169	4802.199	4537.264	1000.0	1000.0	949999	348.9159	96.95647	467.52213	-419.91125	348.91608	96.96649	469.1828	-235.62256	-351.2093	139.0965	4815.911586046219	25.346903093237625
191	3826.8474	1270.3092	4702.214	1201.6682	4710.151	177.99585	4990.568	4328.358	841.0	1000.0	954999	348.74222	97.89583	471.25955	-190.85143	348.74237	97.907394	473.39636	-198.48276	-351.2336	135.26476	4842.794425487518	25.354944647294687
192	3556.346	1740.2181	4899.1533	584.86615	4768.9062	139.25696	5044.129	4581.078	761.1667	1000.0	959999	349.14215	97.98592	468.12823	-109.65626	349.14157	97.9983	473.56598	-119.22614	-351.76413	130.29951	4869.616624593735	25.362586596359808
193	4161.686	1343.3536	5004.4976	1181.1257	3104.8625	1199.8243	4866.9146	1210.8252	883.8333	672.2	964999	349.63196	97.74432	467.13467	-175.437	349.63297	97.75228	472.83145	-315.43405	-352.07242	130.17856	4894.71070933342	25.36119539502989
194	3986.9954	1670.4965	4896.974	267.9521	4175.996	983.94275	5078.9204	2137.36	849.8333	858.7	969999	350.37363	96.915306	468.74738	-112.48253	350.3742	96.92369	467.5964	-96.43332	-352.9242	131.0063	4920.528874874115	25.36355091247362
195	4652.161	84.268875	4723.8105	4492.18	5067.251	86.75391	5288.468	4962.9653	981.8	1000.0	974999	350.64178	97.005455	470.12695	-109.16394	350.64117	97.01914	468.27246	-141.28618	-352.95425	130.36082	4947.17560338974	25.37013130799318
196	4433.9697	483.5246	4733.4697	3474.0474	4768.448	67.44698	4908.5635	4679.6636	955.2	1000.0	979999	350.91013	97.21542	466.15994	-138.9082	350.90952	97.23072	469.7057	-159.0591	-353.21692	126.5905	4973.813771486282	25.376600884661382
197	4642.7744	94.56722	4747.4004	4493.888	4804.184	52.72526	4890.405	4714.452	1000.0	1000.0	984999	351.49283	97.04342	466.0784	-144.15303	351.49268	97.05493	470.86096	-99.86186	-353.72037	132.29726	5000.618431568146	25.383849917329506
198	3940.3972	996.0569	4887.489	2471.2192	4122.197	634.0796	4707.7764	2406.5183	861.0	923.3	989999	351.8498	96.698135	471.83017	-259.8701	351.8489	96.7112	471.59518	-153.69133	-354.23795	134.84106	5026.9113845825195	25.38844134470429
199	3130.5374	1699.119	4672.9453	194.92432	4628.8447	49.990658	4718.185	4577.6504	707.7143	1000.0	994999	352.06717	96.641045	467.78168	-194.10867	352.06717	96.64845	474.7748	-201.10979	-354.30713	129.98065	5053.4668781757355	25.394305930065748
200	3370.7805	1626.2793	4589.471	850.4404	4011.901	1329.0175	4729.8354	58.172184	759.6667	905.0	999999	352.32645	96.72397	479.57095	-220.74236	352.3264	96.7327	476.3182	-217.42868	-354.7472	128.9988	5079.781508684158	25.398907554149627
