Epoch	AverageEpRet	StdEpRet	MaxEpRet	MinEpRet	AverageTestEpRet	StdTestEpRet	MaxTestEpRet	MinTestEpRet	EpLen	TestEpLen	Time Steps	AverageQ1Vals	StdQ1Vals	MaxQ1Vals	MinQ1Vals	AverageQ2Vals	StdQ2Vals	MaxQ2Vals	MinQ2Vals	LossPi	LossQ	Time	AVG Time Per Epoch
1	2.044587	6.034356	24.455898	-11.901057	-8.490696	5.1497884	-0.895312	-15.936533	20.242914	59.3	4999	3.1520061	3.2328105	19.850805	-4.0843687	3.1521544	3.233405	18.517252	-4.0136957	-4.953607	0.28728753	17.148852825164795	17.148855209350586
2	2.418573	6.631546	51.3712	-13.819156	1029.3655	23.149439	1049.7114	978.4854	21.68261	1000.0	9999	15.73436	7.9648094	59.317398	-14.21985	15.734191	7.9696717	58.93337	-17.49893	-19.609339	2.8066573	42.708765268325806	21.3543838262558
3	226.52461	278.4527	965.08905	4.146182	224.43936	10.206837	247.6981	209.76523	214.17392	121.5	14999	37.669193	12.915895	93.20536	-26.827396	37.668636	12.923736	88.12247	-30.785032	-42.431892	11.231543	65.7062451839447	21.902082443237305
4	137.92493	173.59074	889.3479	-22.92497	-14.266581	1.4443734	-12.696741	-17.236992	132.39473	63.9	19999	53.83044	13.830331	102.6686	-28.080914	53.830788	13.831355	101.08925	-31.676226	-57.80141	20.07636	88.0052273273468	22.001307368278503
5	29.951939	100.006645	451.16754	-103.40334	229.43462	195.79811	588.6799	-54.073284	100.42857	229.8	24999	60.553833	15.082709	112.45001	-63.584717	60.554817	15.07735	109.925735	-61.861576	-64.47806	25.391344	111.54119968414307	22.30824041366577
6	294.49512	212.18527	1080.1018	-13.250883	217.70634	23.078312	252.99092	172.20564	252.3	114.3	29999	64.024994	17.40608	110.71555	-54.478718	64.02504	17.409897	115.59784	-51.603607	-67.891	25.196419	134.2067744731903	22.367796142896015
7	253.40913	163.26088	598.91266	-35.514095	348.02292	151.368	694.8779	185.1424	159.6129	191.9	34999	68.902794	18.552958	123.00169	-44.30372	68.90264	18.564762	121.0392	-42.237633	-72.35718	26.305244	157.294269323349	22.470610277993337
8	205.88539	106.44658	500.19318	23.444466	233.65775	38.57054	321.99576	187.25644	123.39024	110.8	39999	73.31741	19.983265	126.2309	-54.492134	73.31766	19.988884	128.09033	-54.376984	-76.62528	28.308722	180.0019474029541	22.500243663787842
9	203.32713	93.071396	379.9577	21.251854	187.51717	51.483135	282.7169	114.41021	116.76744	110.1	44999	77.359314	21.453028	139.14359	-55.72832	77.36008	21.459341	138.74352	-48.614666	-80.61094	31.803007	202.98377895355225	22.55375345547994
10	230.5112	96.49682	410.11716	48.52929	173.33624	120.79271	395.01892	65.25084	135.02777	212.4	49999	81.31255	23.744144	144.14056	-58.03853	81.31293	23.749714	143.81143	-62.780643	-84.559044	32.360092	226.45298671722412	22.645298862457274
11	161.41154	165.40158	543.41656	5.4767556	76.676956	31.043425	141.55675	47.252266	167.74193	148.5	54999	85.65372	26.361698	148.86519	-69.42836	85.65466	26.36216	148.6445	-76.112	-89.10282	34.556232	249.46558618545532	22.67868982661854
12	237.01668	152.00325	425.78244	-5.223782	195.86438	162.22186	569.5788	66.968666	234.19048	265.3	59999	89.0207	29.081142	162.48453	-71.47202	89.020615	29.087347	157.6347	-69.31874	-92.57847	39.554905	273.1097230911255	22.759143789609272
13	237.33592	170.31432	566.6159	9.741942	524.7343	382.1065	1102.5492	134.93974	169.58621	434.8	64999	92.57536	30.78668	166.5138	-85.1974	92.57516	30.795105	165.2755	-74.40266	-96.118744	43.28041	297.4664571285248	22.88203532879169
14	394.83264	164.59254	811.1767	49.882835	298.6364	117.18155	499.22894	59.75981	223.18182	161.2	69999	95.97343	31.672289	171.22232	-78.35359	95.973366	31.676695	170.6087	-82.68027	-99.393875	43.685123	320.77812933921814	22.912723677498953
15	336.85077	98.36532	519.8512	47.237904	383.22083	69.42948	455.12027	228.56102	174.56667	159.3	74999	98.68236	32.5143	171.7843	-89.01823	98.68253	32.516647	173.81036	-91.64241	-102.20853	43.99083	343.72113037109375	22.914742183685302
16	372.2575	117.10323	599.752	56.480293	403.0823	81.555466	548.6968	273.17352	190.53847	231.0	79999	100.93725	33.02302	173.63019	-89.627525	100.93702	33.02898	175.03864	-76.67923	-104.324356	41.94674	367.04930353164673	22.940581619739532
17	415.55066	197.04543	859.0501	66.65433	451.28668	150.83615	733.5479	216.65657	278.0	227.0	84999	102.93436	32.99199	174.75082	-62.451115	102.93441	32.99331	176.68443	-72.447395	-106.05809	41.416504	390.4013407230377	22.964784860610962
18	427.34448	165.24342	818.9889	110.64987	411.93954	229.54616	745.07007	115.02844	257.89474	294.6	89999	103.905304	33.35203	175.53685	-56.806366	103.90525	33.348705	176.71014	-62.36706	-106.87317	40.162876	414.1989588737488	23.011053376727634
19	410.56802	162.62506	779.09045	23.837463	401.3326	68.92617	539.28735	309.50842	256.3	191.9	94999	104.66022	33.720444	177.44514	-61.310547	104.66028	33.721756	176.14427	-60.732773	-107.56862	39.37703	437.4557282924652	23.023985812538548
20	363.48685	79.730576	535.12866	177.57338	390.97858	92.74912	537.3513	251.85255	175.32143	158.9	99999	105.18645	34.193832	179.99892	-55.847054	105.18715	34.195652	177.49406	-63.080906	-108.01867	39.00218	460.5189392566681	23.025947058200835
21	447.38947	144.93472	920.2362	193.0695	338.9239	204.35455	573.6875	41.817356	198.76	137.4	104999	105.827126	34.577084	184.42036	-93.553276	105.82752	34.576946	182.01544	-66.319595	-108.6355	38.668697	483.55781960487366	23.026562940506707
22	472.29904	135.8273	909.4075	21.69948	483.4056	29.396778	532.3035	441.77603	183.25	173.5	109999	107.05439	34.610764	184.36598	-74.91525	107.05449	34.607227	183.90407	-73.18237	-109.94386	38.73606	506.8032531738281	23.03651160543615
23	505.319	115.58661	634.8145	32.328762	534.19183	155.43219	840.53046	350.265	184.45833	221.8	114999	109.06356	35.055725	184.79793	-65.40948	109.06313	35.051605	182.14543	-62.412373	-111.98179	37.571358	530.0052044391632	23.043704644493435
24	544.86755	210.9301	1340.3579	291.9682	470.44522	132.88109	747.89307	342.24115	213.6923	179.9	119999	111.56625	35.456524	186.1418	-71.30603	111.56636	35.455242	186.043	-65.77401	-114.49559	37.84553	553.1218795776367	23.04674506187439
25	473.978	236.17628	1490.619	274.0949	504.1894	244.69681	1010.52313	222.7436	191.26923	207.5	124999	114.05861	36.097862	192.5117	-52.377853	114.05807	36.096867	189.24246	-74.851974	-116.8747	37.42062	576.3843717575073	23.055374946594238
26	511.12692	206.24707	1185.9675	272.69305	657.4368	295.58383	1285.367	198.24495	193.07692	389.8	129999	116.16481	36.972855	191.59114	-76.05772	116.16482	36.974564	189.60669	-78.561134	-119.060616	38.660408	600.7384917736053	23.10532668920664
27	444.5068	186.98439	865.54376	272.87723	419.97705	197.7097	929.7369	278.339	184.6923	215.1	134999	118.259415	37.458633	202.06999	-58.86802	118.25905	37.460606	205.98361	-76.673294	-121.16	38.89408	623.9759721755981	23.11022126233136
28	516.1982	232.9168	1270.0674	305.8356	491.0411	109.38456	622.4093	311.36386	191.77777	167.1	139999	120.45419	38.259323	204.16685	-67.40977	120.45363	38.262516	208.63571	-66.01418	-123.37461	39.51069	646.94322514534	23.105115251881735
29	449.135	206.18053	952.4193	-55.596012	550.8147	101.85953	686.3063	332.5587	179.07143	177.7	144999	122.08589	39.536865	208.35002	-68.75132	122.08476	39.539505	211.68915	-81.56671	-124.86985	41.68362	670.5451023578644	23.122244966441187
30	484.4966	128.72214	903.5821	307.38852	477.85138	125.29022	751.44086	315.35925	161.80646	168.2	149999	123.96054	40.357586	221.1839	-72.031105	123.961	40.357716	220.5755	-75.47643	-126.96084	42.47823	693.724443435669	23.124148178100587
31	551.86194	148.24452	984.8048	328.80945	550.5532	181.38838	875.38245	374.32016	225.68182	274.4	154999	125.3372	40.744858	227.74425	-50.849068	125.33649	40.749634	226.72134	-61.232456	-128.45477	42.81726	717.4423263072968	23.14330091014985
32	712.7663	345.7461	1556.5558	161.35956	600.6517	152.06528	862.76135	356.8253	354.2857	334.5	159999	126.90025	40.76971	235.67578	-100.87067	126.89991	40.773205	230.60562	-63.861404	-129.75517	43.555557	741.3837983608246	23.168243758380413
33	661.3616	418.087	1432.8	196.16144	835.1951	628.791	2650.5933	422.48447	268.6316	341.5	164999	128.17873	41.499023	238.50633	-82.47427	128.17805	41.502605	237.52594	-64.55144	-130.99477	44.515236	765.2476665973663	23.189323302471276
34	526.6771	317.5417	1287.86	215.19374	681.3408	538.57263	1743.8213	235.60771	198.96	231.1	169999	129.81946	42.376446	245.12029	-92.03823	129.81966	42.378242	242.89915	-65.715195	-132.45267	44.724026	788.940464258194	23.204131364822388
35	508.39465	274.18396	1227.8174	260.5959	984.45105	400.20798	1709.2085	390.0908	181.84	274.8	174999	131.62952	43.605568	246.60675	-96.930954	131.6293	43.608234	248.31575	-58.688126	-134.46051	46.089237	812.5101697444916	23.21457633972168
36	796.28467	406.60123	1775.6971	373.58728	447.40762	8.603875	461.8276	434.79	238.65218	153.1	179999	134.3855	45.485687	257.12106	-95.68273	134.3856	45.490154	256.22565	-72.23139	-137.06647	48.585163	835.5608723163605	23.21002429061466
37	726.1573	286.32343	1467.6301	372.7231	1251.4275	459.0994	2383.025	645.6	215.39131	317.1	184999	137.75563	47.121773	262.13446	-85.045074	137.75488	47.123924	261.42148	-62.267014	-140.71411	49.313457	859.3651053905487	23.226083993911743
38	780.6265	242.23305	1255.3448	365.1377	396.2401	9.537496	412.52695	384.73123	226.18182	138.6	189999	140.6932	48.4655	267.04987	-79.64304	140.69308	48.471203	270.04315	-107.645645	-143.89238	51.606953	882.4906575679779	23.223438407245435
39	661.6197	220.80553	1393.2239	324.43964	820.01056	499.6671	2185.7205	410.18307	204.08333	235.5	194999	144.34389	49.55489	270.88617	-90.2229	144.34341	49.555733	269.80246	-78.13629	-147.41016	55.0629	905.7606949806213	23.22463325965099
40	895.7316	436.9323	1604.592	354.71613	881.31903	219.32928	1271.5109	584.33264	251.8	254.8	199999	147.16437	50.392544	269.0208	-86.91927	147.16405	50.397415	272.9272	-58.839046	-150.27895	55.969364	929.4884395599365	23.23721103668213
41	717.8763	308.88824	1347.225	317.2363	1533.6593	471.40094	2356.4985	704.70605	225.90909	394.4	204999	149.74405	51.358818	276.45645	-75.00926	149.74445	51.361717	272.79486	-86.32762	-152.97842	56.866608	953.5320258140564	23.256878736542493
42	900.7849	380.61414	1737.011	553.322	1011.0708	286.82214	1487.0448	672.6253	276.5	302.5	209999	152.27344	51.795757	276.29492	-81.30321	152.27325	51.79654	274.17133	-89.36885	-155.33604	57.6268	976.5925817489624	23.252204378445942
43	1231.6201	639.1914	3026.0315	599.35504	556.68414	100.21525	684.9294	416.12225	395.6154	191.0	214999	154.71945	52.525604	281.17508	-80.29184	154.71999	52.52849	277.20172	-143.77911	-157.75787	57.64915	1000.1125633716583	23.2584317562192
44	1155.0836	825.6051	3665.6511	604.2585	926.3923	341.56616	1661.4005	413.55692	402.75	275.2	219999	156.94293	53.375786	288.29745	-72.09826	156.94334	53.376465	283.07956	-125.45512	-160.169	60.644688	1023.7805716991425	23.267740309238434
45	1025.9205	400.1555	1901.6489	389.65	1239.9583	582.661	2680.8699	667.9256	334.53333	348.1	224999	158.95975	54.097637	290.8811	-76.04418	158.95949	54.103233	290.95343	-71.81003	-162.02585	62.103474	1047.7814321517944	23.284031867980957
46	1395.0724	513.2403	2288.5715	631.9322	821.28253	325.2159	1375.917	397.53738	420.25	234.3	229999	160.97244	55.11796	296.13358	-91.89131	160.97371	55.118584	293.70282	-96.35511	-163.93164	62.84566	1071.089971780777	23.284564645394035
47	1191.5729	633.2059	3151.522	415.06192	723.61206	571.403	2154.6707	411.38855	338.06668	208.3	234999	162.85986	56.221004	297.81113	-77.894775	162.86043	56.222466	298.81076	-96.78561	-165.86073	65.09444	1094.4036781787872	23.285184687756477
48	817.0544	303.40457	1595.029	352.92453	1288.725	407.97644	2044.8389	643.26324	241.5	379.2	239999	164.8299	56.975548	301.1959	-93.76357	164.83023	56.980835	299.55573	-67.049866	-167.76308	63.77794	1118.524465560913	23.302593077222507
49	1206.9629	456.09286	2226.283	574.13873	1251.9568	429.08652	1852.4495	733.0225	342.6	343.9	244999	166.23987	57.644203	303.7857	-78.4754	166.2417	57.64447	300.43433	-67.645065	-169.0439	63.1115	1142.4102704524994	23.3144953591483
50	1121.0388	531.7131	2892.2908	613.467	737.9459	819.4398	2979.5732	41.66668	333.8	293.9	249999	167.99629	57.868458	302.33145	-61.860817	167.99712	57.866787	301.3508	-72.39112	-171.00809	63.65345	1165.8786520957947	23.31757308483124
51	1037.8685	375.1137	1749.3813	526.5198	1259.3767	373.39902	2282.0178	835.6457	303.0	378.5	254999	169.40967	58.363758	306.99213	-120.24582	169.41113	58.36425	306.28955	-73.46895	-172.21883	63.647213	1189.8577845096588	23.330544841055776
52	1158.0242	657.12915	3056.093	542.03394	677.65344	127.53925	892.6925	495.67206	343.6	235.0	259999	171.44536	58.222836	310.099	-104.8479	171.44638	58.22341	306.98526	-69.09111	-174.59332	62.75651	1213.3936636447906	23.33449356831037
53	1177.453	593.5274	2872.2676	531.33624	728.8757	364.71414	1720.6628	422.23544	357.14285	252.1	264999	173.28326	58.204376	311.21024	-112.48819	173.28249	58.20632	308.46463	-136.39049	-176.32703	65.3194	1236.9126880168915	23.337975281589436
54	1362.3496	577.55646	2490.6868	526.07025	804.44934	877.7149	3173.1768	280.22995	379.35715	257.0	269999	174.98492	58.492744	312.42566	-104.39223	174.98576	58.494152	312.60712	-62.843422	-177.78409	63.581882	1260.6856315135956	23.346030252951163
55	1209.3945	716.9095	3304.7651	268.56467	1464.4923	512.363	2684.977	867.72144	347.5	399.5	274999	176.09975	59.13539	310.79922	-106.137184	176.10025	59.138626	310.9069	-75.72366	-179.09027	65.049904	1284.7506275177002	23.35910235751759
56	1300.6521	537.7604	2371.8801	616.43085	1311.9531	525.93555	2204.2332	525.87683	373.14285	380.6	279999	177.52654	59.99909	313.98282	-80.946236	177.52806	60.001324	315.75385	-62.11617	-180.40141	64.72974	1308.8117134571075	23.371637778622762
57	1531.6346	974.84894	3616.8508	624.2844	1202.3599	335.06317	1831.7843	772.0765	427.54544	359.4	284999	178.84222	60.624084	311.01324	-93.8346	178.84253	60.628532	311.93958	-86.60223	-181.6482	64.1796	1332.7604155540466	23.38176170984904
58	1182.3119	475.32886	2355.0208	630.4153	1145.2992	579.24695	1977.1313	303.7979	342.8	346.1	289999	180.60173	61.3373	317.848	-102.3635	180.60245	61.341526	317.39178	-93.90951	-183.57375	65.65602	1356.6589572429657	23.39067171359884
59	1269.0133	937.5511	3657.105	566.6465	1110.3904	205.5597	1522.4867	723.4187	367.07144	353.3	294999	182.41507	61.630302	323.30273	-159.30359	182.41566	61.633423	318.55142	-88.31169	-185.32268	66.38485	1380.758379459381	23.402684433985566
60	1327.4667	466.71503	2348.9355	779.9385	1449.7284	498.9977	2738.0078	880.09424	374.92307	418.7	299999	183.60498	62.198452	320.20273	-71.72797	183.60587	62.198315	317.12695	-85.9743	-186.42146	66.036476	1405.0008747577667	23.416681277751923
61	1281.0776	666.2977	2895.4062	544.45874	1650.1472	590.9734	2548.562	697.7905	371.23077	442.7	304999	185.22313	62.712654	323.8529	-109.61319	185.22415	62.715313	323.4453	-75.219696	-188.13301	66.82904	1429.3774302005768	23.43241692371056
62	1530.5197	677.1764	3211.355	653.95593	1961.4847	977.3031	3312.1414	834.2552	428.33334	612.7	309999	186.74059	62.745846	326.4665	-68.88697	186.74135	62.75037	327.54324	-76.392784	-189.6812	65.66325	1454.5423533916473	23.460360573184104
63	1592.0941	972.7088	3933.6384	613.2063	1339.6531	662.9817	2902.419	716.36334	426.66666	368.6	314999	188.13713	63.028442	326.05835	-134.82082	188.13715	63.030777	325.0053	-96.11223	-190.96222	64.98939	1478.5398511886597	23.468886557079497
64	1173.941	633.8358	2100.7969	322.9373	1503.3922	613.53796	2932.0894	888.12195	329.8	436.4	319999	189.05096	63.69254	326.6605	-114.82618	189.0516	63.697536	322.98352	-124.42324	-191.93948	64.97338	1502.9858453273773	23.484153863042593
65	1065.6339	600.5669	3153.915	612.79834	1339.1871	736.26196	2598.0825	475.99774	316.625	379.6	324999	189.7913	64.32387	328.4771	-103.45568	189.79163	64.32859	324.7319	-104.88771	-192.4965	66.67533	1526.8905770778656	23.490624295748198
66	1661.5656	551.7532	2732.9768	822.78845	1374.2771	507.65543	2439.7722	656.42804	452.18182	389.1	329999	190.31093	65.264946	330.7292	-122.27572	190.31088	65.26808	330.85837	-116.74502	-192.99525	68.16752	1550.9885187149048	23.49982607725895
67	1461.836	930.592	3423.6956	52.132206	2208.734	1127.109	3826.1545	790.6453	408.0	617.7	334999	191.33002	65.510544	329.3076	-91.299644	191.33018	65.51281	327.24728	-96.64291	-194.10643	67.323814	1576.0077631473541	23.522503959598826
68	1535.4828	871.79816	2635.209	35.86162	1875.9309	768.7043	3291.0059	550.3472	426.16666	528.5	339999	192.02731	66.04527	326.8596	-121.15356	192.02711	66.04826	327.80768	-102.393616	-194.64738	69.455635	1600.6822781562805	23.53944530206568
69	1991.262	866.7319	3791.0166	792.7079	1917.2742	1004.182	3853.6606	633.16626	558.1111	527.3	344999	193.08655	66.23024	332.569	-96.539894	193.08751	66.233116	334.41342	-96.32645	-195.76373	69.260284	1625.2728960514069	23.554679677106332
70	1940.1698	799.9904	3500.4622	1069.0568	1618.9128	578.78436	3059.3958	1026.9485	524.5	446.5	349999	194.04031	66.3641	328.2698	-145.14651	194.04027	66.36754	327.73376	-150.84248	-197.1507	70.600784	1649.54998254776	23.564999777930122
71	2040.7529	1011.6302	3820.8801	894.91675	1333.9907	670.90375	2880.9827	755.55133	567.1	352.3	354999	195.08897	66.642426	331.56897	-152.28282	195.08934	66.643974	329.7423	-146.6738	-197.88785	69.64005	1673.4985966682434	23.570402796839325
72	1733.1384	1164.1396	3940.0234	724.0542	1785.8629	1085.2123	3924.42	828.56793	469.1	485.5	359999	196.14969	66.88551	331.50598	-92.58532	196.1494	66.89007	330.72174	-93.06108	-198.99153	70.39366	1698.05322599411	23.58407260974248
73	2253.3057	933.03534	3766.3723	837.9819	2654.2961	1065.3853	3937.7373	1130.2366	591.1111	706.1	364999	196.99574	67.25943	333.6823	-85.51412	196.99646	67.26413	334.43732	-83.16214	-199.46353	69.05389	1723.6203873157501	23.611238211801606
74	2228.73	1127.62	3911.2087	851.2041	2332.14	901.7254	3937.203	786.485	624.25	609.3	369999	198.02745	67.38419	331.04477	-106.59963	198.02863	67.38363	329.43268	-82.4556	-200.6543	69.948265	1748.627034664154	23.63009508880409
75	2295.9243	972.0625	3641.0498	776.1226	1557.563	599.126	2853.298	927.8332	613.625	421.6	374999	198.89836	67.38415	335.41238	-86.68208	198.89885	67.38384	330.5881	-90.6908	-201.57143	70.2523	1773.0473272800446	23.640631059010822
76	1898.278	1143.8511	4051.928	683.0763	1773.1696	1052.2242	3976.169	875.5629	511.2	484.3	379999	199.9659	67.64457	338.99887	-88.58468	199.96661	67.6509	338.84973	-97.723595	-202.94237	68.33792	1797.678053855896	23.65365863160083
77	2611.9565	821.0421	3844.0889	1094.0538	2803.04	1035.3652	3988.1125	955.2038	680.2857	736.2	384999	201.13335	68.09656	338.0681	-66.77617	201.13412	68.1012	335.89648	-70.71341	-203.70839	67.91939	1823.2644414901733	23.678759008258968
78	2422.73	1168.782	3844.729	808.1745	2569.439	1189.301	4277.198	1300.7195	632.125	644.2	389999	202.34822	68.76161	332.9941	-66.5644	202.34787	68.766	332.00348	-99.16639	-205.18161	69.4305	1848.7308559417725	23.701677661675674
79	2863.552	926.66626	4001.5972	1212.1039	2412.6929	1320.2902	4043.8564	45.827568	734.0	626.7	394999	204.34496	69.12738	338.2698	-130.22937	204.34479	69.13192	334.54834	-77.138275	-207.02216	68.66567	1873.8888924121857	23.720112589341177
80	2424.9268	1145.9231	4063.149	1025.3259	2524.1477	833.2721	3905.7493	1450.463	632.6667	636.5	399999	206.03609	69.71151	339.90024	-128.2917	206.03671	69.71662	336.19376	-102.87186	-208.83327	68.77912	1899.1248121261597	23.73906017243862
81	2840.997	565.37805	3494.561	1875.8792	2295.3528	1449.3221	4141.78	13.416194	711.6667	593.9	404999	207.85938	70.568886	337.73227	-99.271774	207.85988	70.57207	338.93698	-78.05521	-210.49893	68.84008	1924.1117596626282	23.754466195165374
82	3233.248	1215.8953	4115.951	1091.8418	2403.151	1007.0208	4069.2878	1145.9912	815.1429	631.0	409999	209.9552	71.26759	345.54822	-102.4808	209.9562	71.26877	339.76892	-137.36778	-212.60786	70.88154	1949.3499751091003	23.77256069532255
83	2761.9155	1071.0006	4070.5295	1104.8572	1982.5637	923.8011	4071.5742	945.2928	700.1429	511.9	414999	211.74896	71.944115	352.13748	-87.28748	211.74928	71.9498	344.29364	-82.98395	-214.30927	70.38806	1974.0545451641083	23.78378972375249
84	2540.695	848.13763	4083.755	1474.511	2322.2222	1134.039	3988.83	856.91534	648.0	606.4	419999	213.42049	72.46656	349.70605	-201.82327	213.42097	72.468346	345.82965	-111.37909	-216.07268	72.086845	1999.0772743225098	23.798539005574725
85	2815.705	908.605	4154.6973	1462.0958	3897.1438	660.3574	4370.463	2101.2874	698.125	929.3	424999	215.28624	73.12866	354.17175	-107.5029	215.28612	73.131004	354.94684	-110.17547	-218.08305	73.1246	2025.538284778595	23.829862199110142
86	2741.9011	1039.563	4028.4067	1485.9872	2979.1147	1078.4487	3978.8518	879.8652	680.4286	774.9	429999	217.38249	73.719795	357.34998	-111.412834	217.38295	73.72282	352.8807	-90.944725	-220.28906	71.762276	2051.36239528656	23.853051132934038
87	3367.1025	1044.8914	4249.4985	1133.4536	3797.4434	206.24873	4007.9087	3241.4194	832.5	985.0	434999	219.10661	74.34522	358.28836	-91.69053	219.1076	74.34772	353.0059	-94.107025	-221.7607	71.505646	2078.1099746227264	23.88632158849431
88	3471.554	1013.43787	4011.7559	1215.6965	3819.6511	228.37897	4134.1675	3373.3237	870.5	977.0	439999	220.32298	74.889244	352.05426	-113.22802	220.32368	74.8964	354.02106	-140.40369	-223.1559	74.78897	2105.020165205002	23.9206837171858
89	2602.3464	988.4423	4091.275	1509.97	2560.9146	1677.1469	3992.9275	18.956223	657.2857	668.4	444999	221.74788	75.172714	360.04056	-114.77781	221.74905	75.175514	358.9547	-102.341644	-224.69238	75.782814	2130.3470215797424	23.936483409967316
90	3623.9443	567.4747	3931.4116	2358.2856	3745.0618	889.319	4262.2817	1105.0441	931.0	934.4	449999	222.59183	75.82593	365.1598	-88.836716	222.59212	75.83045	364.3593	-112.8961	-225.4586	75.72831	2156.9399333000183	23.965999285380047
91	2984.947	977.9546	3933.7588	1191.6294	3887.3972	325.7355	4117.9126	2929.5125	767.6667	973.8	454999	223.93695	76.08029	369.2554	-122.269646	223.93755	76.08012	361.81982	-107.44924	-226.58824	75.166695	2183.6163432598114	23.99578401544592
92	3554.9563	784.93207	4061.5156	1993.3773	3119.6313	973.1263	3959.8494	1377.9323	896.0	796.2	459999	225.19557	76.48793	371.42282	-114.76509	225.19702	76.490395	366.32736	-115.96989	-227.91681	76.360275	2209.515834093094	24.016476480857186
93	3435.861	834.5459	4071.3242	2012.2058	2924.722	1079.0135	4064.8228	1254.9318	860.3333	733.4	464999	227.03374	76.81625	372.0224	-96.42565	227.03346	76.81968	363.85114	-175.97653	-229.7866	73.80935	2235.179450035095	24.034187657858737
94	2590.1233	999.3068	3866.0916	1011.5078	3866.7656	305.46307	4136.56	3082.2065	679.875	963.5	469999	229.07437	77.087006	370.22278	-99.363525	229.07475	77.092674	367.50174	-119.40494	-231.92253	75.45194	2261.497819662094	24.05848746350471
95	3172.7595	1030.1338	4119.9463	1336.6897	4014.6792	126.283485	4297.995	3872.0254	820.8333	994.7	474999	230.80338	77.71516	373.02158	-99.71915	230.80391	77.72387	364.48865	-147.85033	-233.68956	76.574	2288.774208545685	24.09236011003193
96	2883.9102	1279.317	3994.7783	968.2044	3760.3599	582.2092	4145.4155	2053.3914	768.3333	954.5	479999	232.69804	78.22949	369.43246	-99.16088	232.6991	78.22895	366.3924	-112.23747	-235.42468	76.09365	2315.464030265808	24.119417001803715
97	3397.9375	757.57623	3857.0908	1714.2688	3410.4019	646.37775	4238.5938	2017.2489	904.3333	896.2	484999	234.10939	78.36362	374.50156	-76.05949	234.11061	78.36471	370.2632	-79.13967	-236.92639	77.286446	2341.765063762665	24.141907895963218
98	3066.5842	1030.0916	3830.073	1316.9197	3749.839	87.31377	3940.441	3624.9485	808.6667	1000.0	489999	235.45386	78.44021	368.05887	-92.235794	235.45413	78.44402	367.04346	-83.94731	-238.46364	75.84109	2368.6361548900604	24.16975670201438
99	3163.9424	982.4902	3821.462	1023.20135	3636.0007	593.28046	4063.6943	2319.3264	854.8333	922.3	494999	236.94025	78.43323	379.81744	-183.52345	236.94086	78.436455	368.64307	-156.71625	-239.88225	77.03614	2395.0994987487793	24.192924253868334
100	3579.4849	356.5121	3867.81	2876.3518	3479.6177	251.43752	3762.449	2765.2727	954.4	978.3	499999	238.17154	79.0058	372.213	-119.46917	238.17134	79.012085	372.21582	-99.2636	-240.92816	78.76269	2421.8365054130554	24.218365075588228
101	2839.7668	735.2417	3692.349	1891.9968	3730.0728	84.20597	3891.2617	3537.8962	795.5	996.6	504999	239.76027	79.0621	378.82123	-101.72659	239.76006	79.06738	371.5026	-120.922554	-242.61362	78.19903	2448.9590032100677	24.247118862548678
102	2798.359	1057.3969	3746.472	1307.3594	3226.6182	730.8917	4007.2935	1818.6527	759.5714	878.8	509999	240.8115	79.56387	373.06903	-112.42457	240.81189	79.56654	374.99924	-115.981544	-243.56168	77.1757	2475.3012688159943	24.26765951689552
103	3722.6926	135.37712	3953.4524	3564.7126	3509.7703	137.29686	3717.5789	3167.3672	1000.0	981.2	514999	241.72444	79.79376	385.0414	-71.98255	241.7243	79.802086	376.92734	-170.69489	-244.20592	79.72053	2502.078262090683	24.292021982878158
104	2839.3647	960.5653	3929.6272	1123.9008	3850.3	767.35187	4414.2183	1621.3759	775.1429	940.6	519999	243.19969	79.92904	382.4949	-121.215576	243.19992	79.930084	380.4421	-96.61378	-246.10927	77.49203	2528.8208334445953	24.315585104318764
105	3477.7512	168.98463	3756.2327	3287.271	3741.1353	121.53893	3857.3887	3418.9001	953.8	1000.0	524999	244.05832	80.6992	384.37463	-106.31931	244.05835	80.7066	378.8405	-114.29547	-246.57912	80.16814	2555.4696612358093	24.337806315649125
106	3389.8118	750.8688	3991.3965	1907.5422	3766.523	79.10628	3863.134	3628.4229	911.0	1000.0	529999	244.90263	81.114746	384.88535	-119.42949	244.90263	81.12048	380.68356	-127.787605	-247.5895	80.26895	2582.3295669555664	24.361599708503146
107	3264.247	587.7968	3873.0647	2147.363	3023.8508	698.08203	3894.313	1859.8824	879.1667	855.5	534999	245.40573	81.58748	384.0962	-155.46188	245.40645	81.59038	378.90152	-194.60794	-248.42041	82.86918	2608.550532579422	24.378976960048497
108	3319.43	517.20325	3829.2656	2473.3083	3675.086	656.48566	4122.727	1731.9373	904.0	942.7	539999	245.84918	81.53612	383.76663	-123.01358	245.85028	81.54076	378.3078	-140.78703	-248.6197	83.40944	2635.2698345184326	24.400646635779626
109	2949.7708	1349.7166	4022.5305	227.99126	3385.7026	1232.8447	4051.9402	63.77591	792.1667	868.8	544999	246.36107	81.56629	385.98468	-97.49949	246.36179	81.569435	383.1894	-125.18306	-249.15187	79.35805	2661.6034643650055	24.41838042451701
110	3344.0176	858.0181	3874.8923	1641.3428	3528.5176	777.58044	3861.5508	1203.1968	897.6	932.4	549999	246.81297	81.485435	383.46436	-192.14342	246.81331	81.48825	388.2361	-152.08417	-249.72363	82.651436	2688.324497938156	24.439313637126578
111	3561.3645	836.37463	4184.306	1725.2637	3585.4004	577.7948	4015.681	2149.9358	911.0	917.1	554999	247.41125	81.29324	386.109	-77.82531	247.4111	81.29944	383.9384	-125.18667	-250.01445	78.60924	2714.796486377716	24.457626022734082
112	2914.998	1218.1807	4188.0684	661.0804	3729.976	253.13297	4057.5042	3269.4468	759.4286	949.1	559999	248.59578	80.993706	387.2351	-170.97661	248.59607	81.0021	387.61157	-117.14375	-251.44133	78.74781	2741.3140506744385	24.476018330880574
113	3798.0012	203.41954	3981.6523	3416.6033	2032.3191	985.87585	4001.8833	1094.1323	980.4	524.2	564999	249.16638	81.41124	383.25662	-108.87377	249.16748	81.41692	383.0608	-134.95985	-252.02415	80.915535	2766.2090151309967	24.479725814498632
114	3295.2883	968.1083	4085.7207	1627.6666	3367.179	881.97076	3946.0288	1153.2985	844.1667	892.0	569999	249.84966	81.483116	380.84592	-102.4546	249.84955	81.485504	381.14072	-93.24417	-252.96187	79.45042	2792.7101554870605	24.49745752309498
115	3936.0813	131.17291	4084.301	3756.81	3995.173	126.38984	4171.16	3755.1611	990.0	1000.0	574999	250.24553	81.81088	385.5049	-127.249985	250.2444	81.82179	388.09418	-202.81398	-253.05595	82.590706	2819.5470049381256	24.517800057452657
116	3924.9133	72.49675	4054.5461	3835.901	2489.8767	1055.521	4124.9126	928.5146	1000.0	611.7	579999	250.61684	82.24573	389.74237	-156.53827	250.61664	82.25604	388.59158	-163.77684	-253.43886	79.562515	2844.6916942596436	24.52320427935699
117	3562.148	987.72534	4242.918	1607.0055	3698.5325	231.93895	4038.9585	3160.686	883.6	978.8	584999	251.27132	82.46554	389.28143	-122.43046	251.27113	82.468994	388.4293	-126.33031	-254.18648	80.08778	2871.3595032691956	24.54153423431592
118	3551.7932	671.3006	4099.1934	2169.144	3867.8145	107.65668	4073.7527	3705.4587	901.3333	1000.0	589999	251.69524	82.67299	391.56015	-109.42055	251.69595	82.67696	394.5335	-93.03879	-254.42918	81.000465	2898.107428073883	24.56023245948856
119	4018.143	90.08391	4149.2124	3910.9888	4052.6382	297.91974	4249.3804	3184.416	1000.0	978.2	594999	252.46484	83.125114	383.79764	-90.21142	252.46445	83.13296	382.61905	-119.794495	-255.04865	80.04879	2924.871019601822	24.578748079908998
120	3658.1086	889.63385	4316.9243	1897.6515	3983.4539	149.53992	4181.42	3608.392	901.6	1000.0	599999	253.56293	82.80896	384.15836	-137.53291	253.56328	82.81448	391.71747	-134.73994	-256.24164	79.70633	2951.9367864131927	24.59947323401769
121	3745.3005	605.20245	4302.587	2426.2908	3760.6714	557.7249	4348.4536	2468.2727	930.5	930.1	604999	255.05573	82.708496	386.15643	-117.05172	255.05618	82.71263	387.38354	-113.67873	-258.0691	80.15902	2978.3864414691925	24.614763994847447
122	3570.435	892.1659	4139.0	1807.901	4069.2935	174.18874	4311.753	3704.7832	890.0	993.6	609999	256.61783	82.49176	387.31302	-109.6829	256.61795	82.49676	395.73718	-112.52962	-259.42957	78.559715	3005.258085012436	24.63326301144772
123	3976.3445	88.10508	4111.5146	3888.6333	3760.905	107.81346	3943.9739	3572.2454	1000.0	1000.0	614999	258.18243	82.32071	401.1566	-145.09048	258.1821	82.32929	388.0705	-250.47568	-261.0024	76.86275	3032.024727344513	24.650607554893185
124	3587.3828	1062.5292	4214.115	1217.4435	4213.8765	191.80667	4521.833	3815.475	884.3333	998.5	619999	259.30725	82.206604	387.24478	-103.62248	259.3074	82.21177	391.74326	-127.73183	-261.8863	75.01717	3059.032324552536	24.66961553788954
125	3877.0835	444.52655	4306.7896	3076.8398	3907.481	30.898577	3970.198	3862.2544	932.4	1000.0	624999	260.34937	82.25547	387.42114	-105.946304	260.34918	82.26134	398.58875	-128.80157	-263.35715	75.77291	3086.1428859233856	24.689143102645875
126	3970.6003	148.42062	4165.3765	3799.43	3910.0085	906.9926	4315.8354	1196.8555	1000.0	932.2	629999	261.15692	82.77528	390.44482	-145.09895	261.15677	82.77858	388.44748	-85.13197	-263.91483	75.34736	3112.670634508133	24.70373520964668
127	3883.1477	102.97143	4018.066	3706.6846	3904.963	180.29863	4245.509	3726.2874	1000.0	1000.0	634999	262.29077	83.02888	390.46378	-114.77271	262.29065	83.02905	393.0936	-95.751526	-264.9662	77.66604	3139.644850730896	24.721613011022253
128	3922.9028	127.03134	4161.3794	3816.7131	3998.2766	142.17203	4221.1333	3701.7703	1000.0	1000.0	639999	263.24716	83.11618	389.10327	-154.6469	263.24738	83.12003	397.07037	-107.942215	-265.66437	76.46161	3166.4652528762817	24.738009802997112
129	4160.602	155.81601	4344.156	3882.9148	3973.9543	94.080925	4139.649	3835.5303	1000.0	1000.0	644999	263.6627	83.76279	394.1234	-116.33493	263.66312	83.76756	393.6125	-117.43804	-266.34695	77.283035	3193.4247007369995	24.755230254905168
130	3516.2903	1240.147	4231.2163	749.2651	3765.9062	598.52124	4276.5386	2039.1783	863.6667	951.6	649999	264.05948	84.30085	394.4798	-100.552734	264.06018	84.30516	394.99814	-132.5495	-266.76987	79.26878	3220.159156560898	24.770455065140357
131	3921.2427	125.09582	4103.571	3783.1406	3144.903	1172.5669	4106.906	959.24097	1000.0	803.1	654999	264.61548	84.55238	395.80936	-99.49128	264.61548	84.56071	398.55292	-110.292656	-267.44952	77.46769	3246.2728683948517	24.78070893542457
132	3726.9875	647.96234	4340.456	2338.6418	4076.2656	104.15959	4241.8486	3927.6335	930.0	999.9	659999	265.67178	84.55119	403.13596	-105.714516	265.67252	84.552666	405.54684	-97.9112	-268.2569	78.762695	3273.304705619812	24.797762939424224
133	3746.6282	399.25467	4212.0483	3030.4824	3981.8328	112.896225	4203.5283	3808.0542	948.6	1000.0	664999	266.46713	84.87429	406.2197	-109.64363	266.46567	84.88249	407.4151	-187.03152	-269.14346	77.167984	3300.141880750656	24.813096862090262
134	3924.2656	134.70364	4144.5605	3746.6206	3930.9282	98.06853	4164.6714	3785.379	1000.0	1000.0	669999	267.48407	84.45259	396.45856	-104.03883	267.48468	84.45696	396.1926	-134.87085	-270.06967	75.784195	3326.918573617935	24.82775056362152
135	3247.1433	1003.0162	4054.1882	1824.5144	3835.7974	69.66503	3961.1968	3752.2563	828.5	1000.0	674999	268.5117	84.141235	399.56204	-109.27039	268.511	84.14905	395.63354	-95.05758	-271.2194	76.32229	3353.952526807785	24.84409280706335
136	3890.2883	72.33533	3991.8818	3767.4434	4053.1406	146.17722	4267.753	3834.6047	1000.0	1000.0	679999	270.02127	83.55795	399.70978	-153.46727	270.02094	83.56365	402.8224	-131.45547	-272.56555	77.1895	3381.0006210803986	24.86029869843932
137	4015.4614	93.927925	4114.6367	3876.9883	4358.451	119.957664	4565.29	4126.689	999.8	1000.0	684999	270.48764	83.943985	399.74188	-129.16716	270.48737	83.94979	399.80707	-97.97671	-272.9574	74.95705	3407.940533876419	24.875478365125446
138	3473.881	1163.9978	4179.2485	882.9566	4244.083	154.70203	4456.5146	3998.4194	873.8333	1000.0	689999	271.86902	83.74644	404.3196	-99.01564	271.86954	83.75243	399.81378	-105.01147	-274.1927	74.49397	3434.758614063263	24.889555188192837
139	4027.3809	85.62096	4145.9453	3902.0295	4246.854	200.85684	4577.876	3974.2615	1000.0	1000.0	694999	272.5496	84.0058	402.93713	-87.94657	272.5503	84.01266	399.0765	-97.121895	-275.09378	74.5687	3461.7139172554016	24.904416686339346
140	3986.0078	196.33015	4271.361	3758.9983	3901.677	644.76355	4379.9287	1997.8429	1000.0	950.1	699999	273.33417	84.423775	406.98245	-161.96252	273.33408	84.43057	404.06693	-129.08852	-275.60483	73.67705	3488.155982732773	24.915399891989573
141	4011.4016	166.06601	4152.5195	3698.2783	4206.3975	74.71937	4351.113	4090.1902	1000.0	1000.0	704999	274.24036	84.470566	407.43286	-177.34128	274.24036	84.47509	404.25363	-155.09715	-276.87726	73.08913	3514.5222759246826	24.92568991370235
142	3845.3286	360.44098	4255.3364	3242.9563	4093.5073	104.15619	4262.08	3928.6204	932.8	1000.0	709999	274.4927	84.98899	403.1079	-132.19101	274.49225	84.99798	404.59802	-136.2196	-277.06586	72.78065	3541.3883862495422	24.939354847854293
143	4131.1787	124.288025	4342.859	3966.6194	3833.8171	84.78612	3983.9614	3700.1333	1000.0	1000.0	714999	275.47733	85.22004	406.24887	-120.880264	275.47757	85.221405	409.08255	-112.09696	-278.00095	73.920944	3568.401526927948	24.953856846669336
144	4016.3945	204.17783	4256.12	3685.1145	3658.5933	700.027	4378.131	2510.2817	1000.0	867.4	719999	276.2571	85.52797	408.10867	-112.26672	276.25735	85.536	408.24655	-133.19867	-278.65082	73.65772	3594.613602876663	24.962594477666748
145	1646.8242	1812.213	4267.8057	49.166435	3337.1	1163.5712	4363.0024	1335.205	423.33334	795.5	724999	277.17853	85.49982	408.7796	-146.41847	277.179	85.50402	415.36978	-114.16626	-279.61444	74.5241	3620.645238161087	24.96996717453003
146	4117.61	212.4971	4396.4233	3754.9106	4115.9727	104.36524	4315.1606	3959.9292	1000.0	1000.0	729999	278.1526	85.57871	413.678	-116.10911	278.15192	85.58738	411.15787	-113.03092	-280.67276	76.18574	3647.683567762375	24.984134040466728
147	3898.621	104.91854	4004.5203	3727.6938	3876.5808	897.71716	4493.011	1226.9098	1000.0	932.5	734999	278.99942	85.80682	410.04163	-106.78403	278.99963	85.81262	412.3614	-117.89287	-281.62454	75.80392	3674.2304980754852	24.99476530600567
148	3958.2395	102.592476	4064.8962	3765.5916	4027.9563	66.13322	4100.3276	3890.9685	1000.0	1000.0	739999	279.20868	86.27676	407.95932	-112.7806	279.20956	86.283356	409.1614	-138.82326	-281.44922	77.42292	3701.0278391838074	25.006944875459414
149	3915.7102	103.61651	4091.066	3812.9678	4263.304	199.61314	4569.9043	3891.7825	1000.0	1000.0	744999	280.16858	86.19623	412.72757	-129.11798	280.16885	86.19935	410.5989	-130.58812	-282.53442	76.52283	3727.904223680496	25.01949145009854
150	4126.1714	120.51666	4325.1567	4001.3013	3897.4414	209.15031	4230.448	3544.8425	1000.0	1000.0	749999	280.8162	86.171646	412.2744	-137.8915	280.8158	86.18078	411.94724	-145.75204	-283.23038	75.65527	3754.6356790065765	25.030904539426167
151	4037.6	123.2095	4207.0396	3822.9097	4376.969	131.87819	4550.7803	4131.2056	1000.0	1000.0	754999	281.51727	85.98654	414.124	-105.182755	281.51807	85.9951	413.23898	-145.19975	-283.9457	75.38706	3781.5816044807434	25.043586798851063
152	3733.1812	988.91943	4454.781	1773.3804	4114.438	112.933075	4316.9844	3962.6648	887.6	1000.0	759999	282.34723	86.09848	413.39224	-119.12887	282.34747	86.10297	414.67276	-133.12448	-284.86404	75.39274	3808.527404308319	25.056101356682024
153	4119.6143	111.35943	4245.7656	3964.6426	4052.1792	61.235497	4132.7583	3913.9487	1000.0	1000.0	764999	283.11102	86.19974	413.396	-150.15602	283.11172	86.20518	411.42957	-137.29727	-285.88977	77.06884	3835.1442403793335	25.06630223872615
154	4173.3994	94.736694	4305.112	4028.2046	3905.184	593.86395	4543.9473	2672.381	1000.0	934.0	769999	283.16116	86.13855	415.4332	-143.57921	283.16183	86.146675	415.56918	-155.94753	-285.53934	79.194725	3861.5675020217896	25.075113663425693
155	4173.3735	103.20914	4276.819	4007.052	4304.01	62.708702	4399.243	4160.3677	1000.0	1000.0	774999	283.53705	86.14051	412.55783	-133.13954	283.53888	86.144104	413.44702	-152.24467	-286.11398	75.9447	3888.5547609329224	25.08745008437864
156	4139.301	121.63196	4336.7437	4004.0464	3982.722	178.30229	4341.88	3763.455	1000.0	1000.0	779999	283.89136	86.2389	413.9887	-151.4701	283.89206	86.24552	415.5999	-168.52223	-286.52484	75.70301	3915.346967458725	25.09837801181353
157	3756.8147	830.3222	4227.1826	1907.8629	4251.2275	82.65788	4374.241	4113.349	910.1667	1000.0	784999	284.69943	85.648315	414.8635	-148.41493	284.69824	85.654495	412.57755	-111.07117	-287.04324	75.2222	3941.841876268387	25.10727310939959
158	3555.5017	1126.1348	4173.316	1041.2961	4309.366	89.94965	4450.2114	4141.8516	882.1667	1000.0	789999	285.30023	85.57695	416.96655	-113.69684	285.30148	85.58359	421.09152	-101.42816	-287.99823	74.36596	3968.822834968567	25.11913188047047
159	4201.827	162.83693	4466.989	4033.4692	4256.819	126.51741	4403.1064	3950.157	1000.0	1000.0	794999	286.06638	85.15528	420.61124	-110.75433	286.06668	85.16422	417.26877	-99.31557	-288.5751	74.541626	3995.4890599250793	25.12886202410332
160	4118.617	290.89383	4388.4785	3607.8584	4110.0396	38.98115	4178.955	4048.6084	973.4	1000.0	799999	286.5191	84.96762	416.30338	-132.82285	286.5188	84.97257	418.06384	-179.78171	-289.07755	72.15434	4022.5525362491608	25.1409533649683
161	4158.9854	79.115364	4218.142	4007.157	4228.4395	81.72097	4364.5425	4058.198	1000.0	1000.0	804999	287.15936	84.44543	422.45996	-126.53229	287.16043	84.4535	419.94574	-104.031845	-289.5936	70.5701	4049.3440430164337	25.151205247973802
162	4308.8975	46.832592	4380.9897	4236.9053	4332.144	92.78719	4429.4414	4189.8306	1000.0	1000.0	809999	286.9645	84.72007	420.18564	-91.094376	286.96423	84.73269	419.95486	-107.79259	-289.46735	72.837616	4076.33603310585	25.162568118837143
163	4053.2134	425.54013	4345.3154	3209.7063	4346.85	65.77893	4426.955	4180.068	955.0	1000.0	814999	286.94623	84.88387	420.81985	-123.713264	286.94647	84.89569	420.2989	-158.63725	-289.57742	74.66801	4103.278177499771	25.173485763233863
164	4247.208	98.64723	4354.2207	4123.3984	4262.793	117.50017	4405.6245	4044.1125	1000.0	1000.0	819999	286.89008	85.0542	421.29517	-183.2638	286.89056	85.058815	422.19617	-178.2219	-289.34067	73.7095	4130.007127523422	25.182970302860912
165	4141.832	291.83893	4373.6763	3569.4685	4295.782	283.41592	4503.759	3502.5745	955.6	977.8	824999	287.09274	84.90129	421.513	-178.0922	287.09253	84.90827	423.55148	-151.28839	-289.69644	75.454636	4156.816889286041	25.192829646486224
166	3919.366	965.81964	4554.679	1776.6174	4273.868	72.29073	4414.209	4180.4517	905.6667	1000.0	829999	287.71573	84.20616	427.22342	-110.49679	287.7169	84.20958	424.3038	-96.52933	-290.49277	75.89605	4183.536521911621	25.202027251921503
167	4110.6865	324.92117	4400.9136	3484.229	4484.622	123.69689	4703.3794	4261.4995	959.0	1000.0	834999	288.68835	83.45421	423.73663	-150.96259	288.68912	83.4555	426.58548	-103.79227	-291.1041	75.904625	4210.434094905853	25.212180221865992
168	4134.365	113.99252	4275.6064	3951.2205	3982.564	966.71246	4506.9844	1105.2529	1000.0	922.5	839999	289.45764	83.039154	423.8378	-85.124596	289.4581	83.043236	422.92786	-138.06676	-291.9869	70.409164	4237.1720905303955	25.221262456405732
169	4263.5894	88.22395	4367.1147	4119.876	4226.671	129.22287	4430.5566	4031.9453	1000.0	1000.0	844999	290.18112	82.76184	432.10355	-118.607254	290.18045	82.76908	427.10474	-155.16092	-292.9769	68.34294	4263.888316392899	25.230108393719917
170	4279.3667	172.3447	4520.6675	3982.6719	4071.1125	766.4098	4508.1865	1942.281	1000.0	929.2	849999	290.6775	83.06541	429.12766	-124.703545	290.6777	83.07158	426.7337	-116.60187	-293.4459	69.699844	4290.330913543701	25.237240679123822
171	3852.386	610.6339	4316.025	2648.8406	4037.0786	958.88464	4523.085	1205.5144	924.8	932.8	854999	291.5457	83.12312	426.5624	-111.0374	291.54593	83.13095	426.18994	-125.48556	-293.88733	66.7034	4316.846364021301	25.244715590226022
172	4056.3586	391.45706	4369.583	3206.755	4192.169	836.4423	4565.2397	1691.2083	957.8333	941.0	859999	292.73807	83.073235	422.20166	-137.59645	292.7371	83.083176	424.43347	-118.67768	-295.179	66.67889	4343.293103933334	25.251704105111056
173	4304.1587	37.46126	4366.117	4252.153	4317.107	359.99014	4539.7876	3308.259	1000.0	980.0	864999	293.02432	83.58554	426.01306	-91.222015	293.02393	83.596725	426.80554	-119.69823	-295.44095	67.0859	4370.118158817291	25.260798616905433
174	4156.9126	134.98058	4359.7285	4016.2656	4255.182	131.6539	4397.8213	3954.7693	1000.0	987.7	869999	293.82166	83.62807	427.09164	-84.48158	293.82285	83.63112	425.4549	-108.82369	-296.10367	67.16605	4396.958427190781	25.269876029299592
175	4195.458	59.33537	4284.516	4133.384	4136.6826	216.16966	4369.6914	3619.0366	1000.0	985.0	874999	294.39737	83.775246	427.46017	-97.57252	294.3976	83.779854	426.46054	-117.67804	-296.7924	69.02767	4423.787040948868	25.278783102035522
176	3907.476	329.46817	4145.0215	3257.3994	4317.3467	82.77404	4421.3975	4160.9805	955.6	1000.0	879999	295.30075	83.64245	425.59143	-130.93715	295.3011	83.64905	427.3001	-181.34029	-297.51807	69.94666	4450.6502161026	25.287785330956634
177	3927.605	744.4517	4391.7505	2446.163	4377.423	108.235275	4546.1904	4199.336	916.4	1000.0	884999	296.2889	83.615616	426.60355	-239.66174	296.2897	83.61688	427.0439	-122.72123	-298.84903	67.36095	4477.472230434418	25.296453291413474
178	3703.1921	1015.59937	4343.941	1450.8075	4031.448	474.2045	4392.0435	2757.033	894.5	944.3	889999	296.95245	84.02288	429.55008	-130.22598	296.95306	84.03243	432.50888	-104.12597	-299.7822	66.84512	4504.38725733757	25.305546401591783
179	4262.404	127.19422	4407.157	4085.9438	4281.961	231.20244	4441.383	3625.915	1000.0	982.0	894999	297.15314	84.76342	428.26617	-198.5706	297.15305	84.77202	432.88635	-105.87141	-299.4175	67.8854	4531.251713991165	25.31425539741303
180	4106.3804	310.17593	4379.763	3519.6755	4040.1245	250.09465	4285.828	3377.184	956.2	1000.0	899999	297.86545	85.15661	426.30484	-113.85121	297.8655	85.16481	433.6246	-98.92526	-300.28546	68.43905	4558.457787036896	25.32476549545924
181	4222.8813	125.510635	4367.0522	4013.91	4320.879	111.35095	4458.0527	4028.919	1000.0	1000.0	904999	298.46893	85.32926	427.24652	-126.765274	298.46875	85.33411	431.69708	-91.153244	-300.92374	68.86292	4585.098252296448	25.332034552294903
182	4137.73	307.03705	4486.665	3672.3943	4354.858	149.25998	4560.6274	4140.0234	1000.0	1000.0	909999	299.40244	85.32948	426.45517	-116.182915	299.40265	85.33964	434.47812	-138.46315	-302.00958	69.97561	4611.806068897247	25.33959379693964
183	3943.781	995.2035	4627.514	1741.9913	4443.2163	73.165504	4540.3096	4298.1763	901.1667	1000.0	914999	300.42593	85.50407	428.50894	-104.82014	300.42572	85.50791	435.5244	-92.09133	-302.90573	71.443726	4638.436721324921	25.346648762134908
184	4377.0757	155.80049	4554.5986	4134.1597	4504.1143	92.67794	4607.381	4289.4414	1000.0	1000.0	919999	301.3099	85.64308	431.45032	-139.72987	301.31027	85.648895	436.1115	-87.6091	-303.76608	67.78178	4665.039532184601	25.35347573005635
185	4401.8296	124.59716	4567.3833	4236.233	4405.6626	63.890026	4522.671	4289.4424	1000.0	1000.0	924999	302.44485	85.52281	432.05402	-100.27697	302.4463	85.526825	427.6967	-89.52526	-304.68845	69.40288	4691.901229858398	25.36162827981485
186	4292.239	101.45386	4449.316	4158.853	4519.336	56.736374	4602.382	4435.2617	1000.0	1000.0	929999	303.13712	85.997475	425.91675	-109.81815	303.1373	86.00092	434.00073	-134.24924	-305.4055	69.15395	4719.010277748108	25.371023010182125
187	4425.1367	40.225002	4475.4233	4362.127	4403.814	72.26208	4494.6562	4282.279	1000.0	1000.0	934999	304.3758	86.13229	427.8998	-98.8332	304.3753	86.13945	429.66837	-99.48199	-306.85037	69.031456	4745.852764844894	25.378891803364066
188	4125.936	633.1358	4523.752	2865.765	4442.61	48.744816	4521.5435	4344.802	938.8	1000.0	939999	304.92334	86.67807	427.43604	-134.63911	304.9236	86.68246	428.8981	-140.07309	-307.42615	69.7495	4772.809621810913	25.387285232543945
189	3963.4358	724.1147	4481.603	2626.0754	4401.34	68.60269	4505.7783	4272.6475	895.3333	1000.0	944999	306.04062	86.28964	430.1645	-124.957825	306.04065	86.2945	432.3177	-181.55032	-308.1765	70.32699	4799.5594346523285	25.394494374593098
190	3679.0664	1017.4348	4489.3066	1750.3289	4456.1704	58.472645	4536.1587	4360.9243	844.4	1000.0	949999	307.2508	86.27986	429.3632	-183.63083	307.25107	86.284515	431.47745	-97.67794	-309.5349	69.87155	4826.352680444717	25.401856221650775
191	4389.273	93.14009	4541.6367	4287.593	4499.776	78.19006	4641.0425	4353.4424	1000.0	1000.0	954999	307.98294	86.4364	430.03552	-101.092	307.9831	86.44315	431.68607	-99.47853	-310.40427	68.013954	4853.165066719055	25.409241198245144
192	4366.246	128.75046	4454.8486	4081.4102	4476.168	70.53798	4570.7173	4364.7734	989.3333	1000.0	959999	308.8707	86.49097	433.5373	-188.3351	308.87042	86.50016	432.76205	-103.513336	-310.98615	68.62085	4879.927473306656	25.416288934648037
193	4392.463	42.090458	4465.143	4337.7866	4330.805	740.16907	4802.895	2137.1646	1000.0	949.5	964999	309.8262	86.517746	430.72177	-145.19191	309.82626	86.526115	433.0905	-119.652695	-311.95316	66.636566	4906.379901409149	25.421657530137296
194	4000.0425	931.5779	4565.326	2143.7546	4523.282	60.23395	4586.168	4408.7944	899.8	1000.0	969999	310.34738	86.80289	434.92374	-161.84319	310.34805	86.803894	432.3385	-116.10403	-312.90787	68.04506	4933.389544010162	25.429843018964394
195	4439.978	89.804184	4546.364	4300.3247	4417.4463	371.96384	4605.1606	3309.2559	1000.0	974.8	974999	311.22446	86.97376	432.0051	-141.63374	311.22464	86.978195	438.068	-116.05113	-313.28378	68.79423	4960.079801559448	25.436306685667773
196	4408.118	139.84999	4643.7603	4224.241	4454.9873	50.049286	4529.174	4366.179	1000.0	1000.0	979999	312.0823	86.72837	437.89603	-130.04085	312.08234	86.738365	437.394	-122.793495	-314.5443	67.8353	4986.9462678432465	25.443603417094874
197	4471.2964	97.1209	4631.5513	4369.766	4494.6035	94.351654	4600.9927	4301.286	1000.0	1000.0	984999	312.69342	86.76423	436.4743	-148.56973	312.69373	86.76643	434.64905	-111.37483	-315.09756	68.86592	5013.83761715889	25.450952381046896
198	4411.7563	9.128362	4425.1074	4397.1597	4602.2285	91.47548	4725.9893	4439.589	1000.0	1000.0	989999	313.57498	86.021545	435.68082	-150.55357	313.5757	86.02926	437.18497	-141.73369	-315.57016	68.592834	5040.6268010139465	25.45771112706926
199	4441.0264	123.37657	4644.4775	4259.882	4395.893	61.88677	4502.014	4309.596	1000.0	1000.0	994999	314.1216	85.918076	438.4238	-132.32146	314.1216	85.92428	438.65558	-127.06182	-316.48245	68.45245	5067.497150659561	25.464809813092103
200	4442.872	103.56429	4588.4556	4308.6978	4341.6704	689.95026	4662.4585	2277.7192	1000.0	952.3	999999	315.2237	85.79287	439.4524	-165.48013	315.22418	85.800255	438.95398	-275.18872	-317.62338	65.19949	5094.149450540543	25.470747262239456
