Epoch	AverageEpRet	StdEpRet	MaxEpRet	MinEpRet	AverageTestEpRet	StdTestEpRet	MaxTestEpRet	MinTestEpRet	EpLen	TestEpLen	Time Steps	AverageQ1Vals	StdQ1Vals	MaxQ1Vals	MinQ1Vals	AverageQ2Vals	StdQ2Vals	MaxQ2Vals	MinQ2Vals	LossPi	LossQ	Time	AVG Time Per Epoch
1	2.1829772	6.219691	33.350185	-10.361784	71.68872	17.000717	97.11853	46.357235	21.459227	184.6	4999	3.443256	3.4728339	16.50638	-4.304921	3.4432428	3.4716012	17.041414	-4.5126348	-5.525109	0.28376058	17.581873893737793	17.581876277923584
2	2.2519097	6.1397815	30.48483	-12.074698	72.166176	18.50273	106.70374	50.51747	21.15678	185.1	9999	19.496326	9.347632	56.037575	-21.974073	19.496717	9.344711	57.207993	-18.555044	-24.573143	3.4251633	39.82359981536865	19.91180121898651
3	104.446724	107.941055	436.42276	-17.846556	266.37766	30.790844	341.54916	217.76402	145.72728	146.8	14999	42.349834	13.185544	84.87868	-49.074104	42.34937	13.181418	85.876015	-49.375065	-47.31545	14.171995	62.4769811630249	20.825661261876423
4	224.70367	277.5701	755.87024	-2.715608	380.1818	359.58258	835.5515	8.165307	337.13333	550.5	19999	54.227978	14.604065	130.89218	-38.034237	54.228096	14.60339	126.04379	-36.03096	-58.615055	22.146017	87.67005777359009	21.917515218257904
5	230.83928	158.05043	749.1361	52.07488	226.93372	142.21849	580.65137	28.516253	282.8889	202.4	24999	62.686047	14.520998	121.825485	-31.400719	62.686523	14.527267	116.10529	-31.584023	-66.85889	27.09185	111.16554117202759	22.23310856819153
6	143.29207	99.10409	338.57312	-33.117477	68.87414	67.94491	162.97142	-36.569366	154.3125	220.0	29999	68.97935	15.116205	129.6673	-48.68445	68.98066	15.122054	130.34108	-43.038033	-72.51119	30.468388	134.28528928756714	22.380881865819294
7	204.9205	105.96658	405.94714	-33.85504	232.34932	83.94267	380.4708	143.10118	155.74193	164.7	34999	71.47079	16.53847	129.48666	-44.40236	71.47163	16.545511	132.16243	-40.563663	-74.66692	28.894878	157.2231481075287	22.46045003618513
8	224.26407	77.92315	387.41992	10.671362	221.20932	48.788494	298.1298	143.51457	175.76666	120.3	39999	74.21927	18.144175	123.39997	-44.25265	74.21928	18.148127	126.81061	-44.692257	-77.440186	30.405718	179.91377902030945	22.48922261595726
9	230.1401	178.91959	773.31226	7.8384433	273.90338	114.47914	394.20822	23.400024	177.57143	155.0	44999	77.459305	18.844242	130.02661	-45.295452	77.45894	18.850222	125.99472	-52.07947	-80.54729	30.937456	203.62042450904846	22.624491877026028
10	264.49188	131.42538	661.7292	36.585716	258.50635	89.77712	405.7978	91.002975	165.23334	177.9	49999	80.30339	19.149035	134.44122	-51.877396	80.30255	19.151274	131.77303	-59.21598	-83.24768	32.656868	229.93492007255554	22.993492245674133
11	361.13257	145.31111	665.1952	36.2342	359.87543	105.27884	591.09344	241.39192	206.58333	186.7	54999	82.82475	19.748821	135.42218	-66.45985	82.824036	19.75763	133.95517	-54.741024	-85.712685	29.710457	255.10409808158875	23.191281817176126
12	360.6735	112.43975	622.1028	138.33667	326.6032	71.247314	456.7141	212.30013	205.08333	152.5	59999	85.19018	20.486416	140.43369	-57.651142	85.189835	20.49109	139.88878	-57.50747	-87.763016	28.012337	278.9525043964386	23.246042172114056
13	365.09784	118.12806	606.8114	108.96604	300.00568	80.80345	483.1808	206.54944	178.58621	140.5	64999	87.56593	22.053564	146.42177	-48.89077	87.56528	22.060726	144.84221	-38.930454	-90.24667	29.28911	303.24232840538025	23.326333082639255
14	357.34418	133.7495	603.0966	110.167404	258.41144	49.202847	382.0864	203.81366	166.66667	124.9	69999	90.73769	23.73401	155.7845	-61.193993	90.73872	23.73379	157.48093	-47.52323	-93.467285	30.144222	327.52294063568115	23.3944958959307
15	349.5002	175.32112	726.37775	6.6238084	380.54214	136.50093	583.0302	147.61871	169.72414	170.0	74999	94.544495	25.193974	165.74168	-58.362286	94.54499	25.197355	166.51097	-55.63181	-97.18785	32.5049	350.35879468917847	23.357253154118855
16	356.753	173.96762	780.37994	85.69585	398.24652	179.14676	861.1171	178.55902	186.2963	191.9	79999	97.929855	26.725515	171.40227	-61.22628	97.93021	26.729033	168.15717	-100.45625	-100.662926	34.998726	375.8931827545166	23.49332405626774
17	411.27744	140.67574	639.6782	111.22038	375.14282	244.93369	893.04517	23.424295	197.79167	209.9	84999	101.16373	28.29002	173.60196	-60.938503	101.16352	28.289026	173.56897	-63.85313	-103.992294	36.793514	399.1067759990692	23.476869302637436
18	490.2857	290.44168	1271.394	80.30558	467.47403	89.828804	597.5925	340.77597	260.4	198.3	89999	105.0107	29.683043	178.13373	-48.97335	105.01088	29.685528	177.37494	-57.28909	-108.0068	38.631454	423.03375148773193	23.50187521510654
19	451.69058	188.65494	977.60205	200.96437	319.38678	147.50653	658.9407	143.98921	205.45833	140.2	94999	108.51998	30.892353	180.77867	-57.820232	108.520706	30.889814	178.6136	-54.794495	-111.48186	39.083923	445.84286189079285	23.46541388411271
20	396.64047	156.72124	792.321	128.76036	228.78214	194.61533	536.3597	59.891403	189.03703	129.8	99999	111.2338	31.874834	178.29936	-54.538548	111.23461	31.872221	180.29787	-61.047985	-114.1717	39.87812	468.4070363044739	23.420351934432983
21	448.2693	177.15903	819.3948	169.1519	518.3529	116.62026	742.80695	365.3155	206.75	214.2	104999	113.174736	32.92998	181.44257	-59.356842	113.17469	32.92965	184.55832	-72.69644	-115.94609	39.5696	492.3609211444855	23.445758251916793
22	453.07214	214.06947	933.2424	88.24834	432.32675	382.44583	1483.7844	79.52407	208.41667	183.9	109999	114.69956	33.584873	185.20695	-56.228348	114.699776	33.582127	186.3718	-58.563137	-117.20693	39.203796	516.6497812271118	23.48408108407801
23	488.47824	222.61017	918.7374	156.68367	506.81012	123.42447	801.4068	362.26953	203.76	216.8	114999	115.78478	34.10808	189.42213	-56.87266	115.78525	34.104107	190.8638	-56.105667	-118.3751	38.121105	542.196943283081	23.57378025676893
24	609.65497	356.37958	1331.27	136.57358	737.26404	276.80838	1190.0278	286.92667	277.72223	349.1	119999	116.85159	34.40646	205.46347	-54.61713	116.851906	34.40506	205.7039	-58.238663	-119.387985	37.857037	567.1681830883026	23.632007708152134
25	699.14606	377.95544	1316.2805	100.385925	108.15724	7.363969	118.664986	93.53373	319.73334	81.3	124999	118.25677	34.362503	206.48132	-93.84898	118.25771	34.358753	206.25325	-59.955235	-120.648895	38.467186	589.6166741847992	23.584667053222656
26	652.7461	357.5484	1240.0793	175.79413	566.06445	455.7688	1658.1061	163.78333	300.5625	307.6	129999	119.74988	34.496334	208.4856	-92.59786	119.74985	34.49364	206.54381	-100.09293	-122.08547	38.59636	613.2403788566589	23.586168536773094
27	705.347	484.89856	1922.5884	131.12183	824.46094	561.64844	1796.5117	186.69728	341.2	449.1	134999	120.88894	35.071377	209.02705	-91.239555	120.88823	35.073044	202.42584	-111.71552	-123.23421	39.186245	636.8600072860718	23.587407765565096
28	830.56134	403.40588	1876.6234	303.191	1253.8278	638.9765	2282.9958	284.87802	372.07144	643.8	139999	122.25285	35.65885	210.06291	-95.84249	122.253334	35.657223	201.2795	-85.20686	-124.46447	38.450405	660.9913418292999	23.606833696365356
29	647.66095	418.43164	1544.5276	188.73495	520.9667	241.28778	909.05035	231.42902	295.2353	200.7	144999	123.61271	36.036392	208.1622	-77.55564	123.61228	36.0344	205.72148	-80.988495	-125.91509	40.122524	684.1922709941864	23.592837004825988
30	991.6005	346.7605	1535.4329	399.34366	952.7731	278.75156	1708.7229	713.387	409.91666	364.3	149999	125.02124	36.549465	211.8572	-139.61487	125.021	36.546272	214.13808	-67.03579	-127.47134	39.57039	707.152051448822	23.571735119819643
31	850.8161	347.293	1540.8589	30.173357	773.70514	156.07335	1137.0562	560.13525	377.3846	309.1	154999	126.59936	37.371292	214.74863	-73.152954	126.59871	37.370403	216.8128	-77.73184	-128.89896	40.452183	729.84299659729	23.54332254009862
32	786.3232	206.28091	1331.3348	497.40274	671.2673	208.92943	995.6101	376.83276	281.83334	217.1	159999	128.18329	38.10209	213.85162	-76.035385	128.18277	38.097954	217.03494	-83.726776	-130.5015	41.208492	752.1283757686615	23.504011817276478
33	626.9849	155.47708	846.01355	391.78717	598.9912	254.83693	1033.7681	316.46667	224.86957	239.2	164999	129.4947	38.77933	217.06915	-87.97495	129.49423	38.777542	217.46524	-95.762825	-131.76633	39.26956	776.0857319831848	23.517749526283957
34	587.54156	156.2432	823.2951	266.2274	667.35144	160.26837	831.91	277.47086	216.60869	242.8	169999	130.8263	39.438263	221.4803	-97.58114	130.8266	39.43706	222.12288	-86.42926	-133.2713	39.319016	800.8922848701477	23.555655493455774
35	693.7341	191.87633	1011.4195	309.80164	765.1305	158.5051	1161.746	615.4684	242.15	259.6	174999	132.35622	39.980583	224.46513	-90.721664	132.35564	39.9825	225.89067	-98.09475	-134.67032	39.31666	824.65984416008	23.561709887640816
36	732.4561	223.19061	1232.6669	349.87845	829.94727	118.29347	1053.7914	680.67267	255.85	277.0	179999	134.4938	40.796062	227.93614	-86.09652	134.49402	40.79751	228.90778	-99.791336	-136.79239	39.447296	849.6556551456451	23.601546035872566
37	834.99347	261.21848	1446.8617	351.31866	1074.2815	446.89975	1705.6545	460.31192	280.33334	397.8	184999	136.39912	41.675045	229.1792	-100.78018	136.39902	41.674767	230.52666	-90.52976	-138.8211	39.491974	875.1300127506256	23.652162558323628
38	695.3169	304.27274	1467.464	17.501263	746.6795	254.08337	1446.0988	462.31912	259.3684	262.3	189999	138.8813	42.168297	235.24544	-83.67347	138.88123	42.170715	235.03781	-99.30587	-141.15485	39.231125	899.295928478241	23.66568238484232
39	839.3467	279.81964	1406.3755	432.78162	812.5919	345.463	1344.297	329.12857	285.29413	310.4	194999	140.70813	42.98793	239.5098	-104.87361	140.70802	42.993015	239.1485	-121.242294	-143.14854	39.04206	922.4616386890411	23.65286257939461
40	792.3768	178.81996	1127.3624	410.6418	1314.4474	628.4067	2468.5583	418.26724	274.6842	475.3	199999	142.63953	43.89439	246.04863	-132.83522	142.63948	43.895206	247.23918	-158.23453	-145.04503	41.0238	946.3187217712402	23.657968097925185
41	803.47235	258.09665	1428.5952	393.73404	763.5168	256.27612	1235.9894	486.69104	266.58823	231.9	204999	144.85638	44.642826	249.9862	-161.23547	144.85616	44.646606	252.4865	-158.14452	-147.38872	42.059692	968.9915833473206	23.633941109587507
42	851.4794	410.37628	1781.837	58.363	831.7882	281.08417	1256.3777	474.70724	291.66666	302.5	209999	146.91652	44.948532	254.28734	-149.51999	146.91637	44.952175	254.77242	-178.49423	-149.50072	43.49288	994.3258938789368	23.674426101502917
43	918.7248	278.90564	1612.2	540.29913	812.8141	426.86023	1610.251	315.3579	303.64706	305.6	214999	148.7026	45.672874	252.94142	-151.48438	148.70296	45.675117	256.0132	-167.37852	-151.26085	42.515656	1018.6246495246887	23.688945382140403
44	987.675	378.15036	1723.651	350.81226	598.59607	48.205788	684.06335	535.5662	327.2	180.6	219999	150.50552	46.203186	252.35147	-166.67348	150.5054	46.20922	256.98248	-200.52618	-153.08292	42.45865	1042.9158082008362	23.702632053331897
45	867.6521	432.31482	2339.7375	467.3388	1007.188	394.9053	1751.5955	630.63196	282.44446	324.1	224999	152.05058	46.650925	255.44894	-160.65701	152.05072	46.65252	256.38782	-183.30377	-154.48131	40.06797	1068.3074700832367	23.74016604423523
46	952.99854	381.25067	2260.1335	374.8354	1013.99493	297.4541	1721.6162	674.48676	297.70587	321.0	229999	153.97247	46.773464	262.92203	-159.51405	153.97247	46.775486	261.2291	-163.47414	-156.50214	41.21106	1092.0273008346558	23.739723977835283
47	888.6835	291.27393	1536.8264	465.7846	1542.8276	737.3755	2959.396	490.38428	274.58823	475.3	234999	155.79124	47.535656	262.75122	-114.22335	155.79158	47.536488	266.97745	-118.03801	-158.22986	41.577557	1117.6367361545563	23.77950507021965
48	1166.5881	476.3046	2447.107	480.33725	1043.2063	393.3263	1948.797	612.63385	382.92307	320.7	239999	157.657	48.117287	265.0755	-151.9154	157.65683	48.119377	266.43655	-105.12177	-160.06415	40.60358	1142.5031535625458	23.802149082223576
49	1017.63824	554.3644	2552.275	236.19113	1505.1248	512.8482	2327.3484	675.591	331.9375	492.5	244999	159.81717	48.486305	264.03818	-87.59938	159.81796	48.486652	264.76926	-107.017624	-162.42152	40.443344	1167.8273639678955	23.833211553340057
50	1171.4094	642.34216	2895.3027	604.69574	1723.6207	771.3708	3414.2068	625.2759	373.92307	543.0	249999	161.78568	49.00699	267.04846	-127.128006	161.7867	49.007492	269.06006	-144.08327	-164.21936	42.05048	1193.7749614715576	23.87549928188324
51	1394.3453	807.5997	3250.9172	590.4796	2294.7734	684.977	3245.9128	1507.5518	436.81818	731.7	254999	163.35538	49.80471	269.24936	-136.42049	163.35545	49.808884	271.34518	-156.88663	-165.74904	41.461422	1219.269342660904	23.907242055032768
52	1191.6571	652.1646	2778.8047	425.52954	1283.3947	341.07318	1969.9666	856.83636	366.7857	376.0	259999	165.10703	50.357643	269.3784	-134.27654	165.10748	50.360817	267.31494	-177.47464	-167.52051	43.783493	1244.2980120182037	23.928807969276722
53	1454.5382	692.7059	2694.43	641.93555	1024.7429	546.48956	2032.0544	386.0947	443.9091	370.7	264999	166.72084	50.87159	274.52457	-149.50131	166.72148	50.8727	272.7117	-141.39903	-169.25485	42.80762	1269.7394704818726	23.957348540144146
54	1704.812	999.2569	3145.73	616.137	1940.8219	786.38495	3301.889	771.23724	524.3333	561.5	269999	168.32396	51.53557	279.69382	-150.90504	168.32404	51.536945	275.62125	-164.39102	-170.84892	43.026	1295.8629353046417	23.997461800222045
55	1351.1531	540.2689	2511.7092	682.7617	1429.4546	492.2019	2239.5203	781.51447	414.46155	466.1	274999	169.89899	52.095848	277.4904	-148.11765	169.89941	52.098972	277.20053	-184.7638	-172.44196	43.729664	1320.081734418869	24.00148611502214
56	1385.2367	773.43567	3423.8472	430.5297	1247.1047	538.92676	2015.9368	552.31134	417.5	383.0	279999	171.522	52.69691	281.69156	-145.38548	171.52205	52.7007	278.96988	-161.82106	-174.04195	43.398212	1343.9230456352234	23.99862585748945
57	1345.0208	634.11	2764.4468	643.566	1418.7906	484.90527	2666.682	870.99744	392.6154	404.9	284999	172.6696	53.3936	283.1029	-123.24299	172.67073	53.39253	281.8384	-133.62747	-175.0082	44.374905	1367.9402363300323	23.998951548024227
58	1643.1262	750.2667	3078.0444	484.57803	1054.7349	290.3243	1409.444	404.98883	463.81818	294.4	289999	174.14532	53.64793	286.03848	-146.85605	174.14531	53.648308	288.53113	-164.33528	-176.65129	44.983704	1390.9687848091125	23.982220464739306
59	1612.6167	668.7817	3205.736	696.1879	1618.5719	544.5671	2851.393	883.7703	454.54544	431.0	294999	175.731	54.114304	286.39035	-112.41809	175.7306	54.117317	289.56766	-111.99066	-178.27522	43.272182	1414.6041045188904	23.976340786885405
60	1365.7208	503.84283	2611.4978	550.91565	2015.9824	881.91736	3596.2478	1091.1569	389.66666	577.3	299999	177.49577	54.47783	285.56598	-95.18212	177.49602	54.481823	290.69775	-83.69312	-180.02129	45.293293	1439.68386220932	23.994731080532073
61	1911.5416	651.30115	3001.425	1158.3301	1682.6035	927.46625	3903.4758	935.17267	537.7778	439.7	304999	179.04604	55.013416	286.3545	-108.43252	179.04677	55.015484	290.04633	-109.17063	-181.4947	46.488537	1463.5453217029572	23.99254629260204
62	1387.2057	598.6305	3081.586	808.83075	1558.6248	643.4416	3306.824	1087.8759	394.2857	450.3	309999	180.83762	55.78265	291.97308	-112.97468	180.83855	55.785286	296.3527	-119.25921	-183.0934	45.697746	1487.5132904052734	23.992149879855493
63	1871.7179	507.35425	2957.6853	1119.3623	2505.5767	914.2864	3439.7397	1069.6804	552.3333	752.1	314999	182.31189	56.184525	294.28778	-136.60059	182.31223	56.18563	297.65546	-168.44846	-184.80592	46.131653	1514.2986931800842	24.036487223610045
64	1699.8052	506.43442	2448.8167	890.38855	2428.6938	671.0916	3379.772	1574.4487	481.1111	701.2	319999	184.2726	56.650738	299.79175	-129.37045	184.2729	56.651485	303.43396	-122.51492	-186.75441	47.889355	1540.139925479889	24.064686372876167
65	1627.8622	812.40204	3678.351	538.2021	1982.5022	967.191	3701.1016	924.90924	458.58334	546.9	324999	185.98741	57.236355	298.1282	-130.60701	185.98758	57.24235	302.4177	-142.66158	-188.60033	48.099102	1565.1771757602692	24.0796488908621
66	1854.9763	1184.119	3587.4138	564.194	2497.3188	807.37787	3443.3057	1119.144	520.3	712.7	329999	187.63618	57.395355	298.9867	-112.62613	187.63626	57.39424	302.96674	-100.57201	-189.97754	48.65958	1590.72137093544	24.101838982466496
67	1732.692	642.59216	2803.4475	825.3681	1735.2083	658.7199	3555.0818	1198.4736	486.0	459.4	334999	189.12447	57.961784	303.77606	-140.22318	189.12474	57.96538	304.71976	-137.465	-191.50774	50.92871	1615.7234063148499	24.115274753143538
68	1937.051	903.66205	3303.1191	622.9898	3068.5771	804.5065	4006.2856	1833.2788	546.3333	790.2	339999	190.94	58.24952	305.1898	-97.649475	190.93974	58.252235	304.80417	-99.94729	-193.84103	49.341568	1641.923906803131	24.145939858520734
69	2008.4724	1172.0735	3751.426	336.0374	2374.8657	1079.7222	3817.5808	1046.0659	553.3333	627.7	344999	192.54683	58.7347	305.8032	-129.18213	192.54767	58.73735	309.2759	-117.20814	-195.08932	52.21915	1668.6058320999146	24.182693246482074
70	2886.6797	949.9092	3790.2017	1386.415	3572.0652	748.6047	3955.5852	1335.5647	785.0	936.6	349999	193.67792	59.42488	309.00745	-166.09943	193.6782	59.423805	308.28763	-132.26642	-196.30714	54.250393	1695.2079575061798	24.217256559644426
71	1999.342	1271.1686	3826.2983	320.0478	1751.5205	832.0587	3585.6687	809.866	540.5	453.6	354999	195.34543	59.819374	317.51495	-97.05681	195.34575	59.82153	315.09766	-100.03954	-198.05905	54.26164	1719.273497581482	24.215119714468297
72	2203.5166	848.9425	3726.6392	995.204	1364.6162	1153.1805	3798.5872	445.1605	595.0	379.2	359999	196.92548	60.247437	321.8224	-116.77452	196.92676	60.249123	319.99582	-119.52575	-199.5103	56.51247	1743.5820016860962	24.21641673313247
73	2184.9224	987.7302	3608.1724	786.1966	2537.734	1129.8928	3601.4414	689.4997	601.125	711.7	364999	198.35057	60.80241	321.17862	-126.71185	198.35088	60.804314	319.57745	-122.779465	-200.80162	56.93277	1769.2616245746613	24.236460633473854
74	2472.6626	1262.8849	4024.536	419.7986	1734.5592	773.8419	2858.5857	725.63043	675.2857	456.3	369999	199.69962	61.066376	320.68573	-116.95939	199.6997	61.069622	320.21185	-113.39605	-202.41272	59.47605	1794.4989004135132	24.249985169720006
75	2065.8975	927.7796	3740.9436	389.77402	3555.4175	868.19226	4051.6887	1011.448	568.6	917.0	374999	201.19572	61.374695	320.07965	-111.631355	201.1961	61.37983	321.35205	-103.77643	-203.87689	60.02437	1821.725359916687	24.289671490987143
76	2896.9568	732.02026	3552.2566	1691.671	1628.0377	594.3064	3155.1333	1017.779	795.0	501.4	379999	202.55022	61.66639	327.50845	-134.3499	202.5508	61.664818	323.6152	-137.46556	-205.23672	59.938507	1845.9185495376587	24.288401989560377
77	3202.9485	658.20447	3985.8105	2119.0642	2441.938	1020.4247	3766.491	1035.9149	878.3333	709.3	384999	203.86311	61.888752	329.46463	-133.65056	203.86415	61.89198	326.1956	-119.958885	-206.54857	62.587288	1871.5597455501556	24.3059707492977
78	2842.9275	977.14026	3726.9438	1278.4481	3196.5383	799.0444	3768.275	945.8143	798.5	909.3	389999	205.25102	62.0418	333.1059	-151.92418	205.25197	62.04196	329.86853	-129.86356	-207.90335	62.607826	1898.9657518863678	24.345714792227135
79	3528.2383	231.5785	3805.9333	3106.938	3581.6047	329.48514	3892.7822	2650.5115	1000.0	989.8	394999	206.55196	62.265743	334.06686	-145.85252	206.55276	62.26624	333.3556	-134.67964	-209.3243	60.40982	1927.410628080368	24.397602914254875
80	3197.4846	492.62012	3669.9321	2382.4558	2487.3188	1372.4072	3626.9778	447.29813	959.6	720.9	399999	207.65169	62.886215	336.4893	-162.63983	207.65244	62.88863	334.61325	-164.8785	-210.29747	62.27585	1953.1752870082855	24.41469111740589
81	3589.0242	129.33272	3812.388	3433.0713	3673.3516	52.49997	3770.3323	3594.1309	1000.0	1000.0	404999	209.02202	63.16303	339.48294	-176.82939	209.02292	63.164936	335.7461	-167.12405	-211.57684	61.72987	1979.322023153305	24.4360743864083
82	3119.7615	808.5719	3786.3103	1649.0021	3289.4067	675.7781	3728.078	1400.2877	859.8333	900.6	409999	210.10132	63.88277	340.20688	-173.40514	210.10146	63.886555	338.54266	-181.62917	-212.7422	61.854923	2004.1010947227478	24.440257273069243
83	3100.0642	1215.5261	3955.8118	444.8384	3817.276	40.615673	3874.0408	3738.0942	848.5	1000.0	414999	211.49532	64.13521	342.29956	-152.56543	211.49583	64.13717	334.9089	-148.31116	-214.24472	61.934464	2029.5609273910522	24.452541319720716
84	3473.3496	503.34204	4077.5623	2569.5278	2800.6052	1015.1794	3787.7974	702.81635	933.2	767.1	419999	212.56615	64.71708	346.25867	-152.7092	212.56648	64.72309	347.76797	-144.586	-215.07498	60.988564	2054.103542804718	24.453613627524604
85	3702.5964	47.409344	3762.3745	3639.2544	3628.8882	450.44876	3961.7942	2301.709	1000.0	961.5	424999	213.7459	65.0176	347.25928	-145.1155	213.74677	65.01894	345.96698	-159.5678	-216.36853	59.8792	2081.1015226840973	24.483547345329733
86	3217.0032	838.4902	3744.7007	1356.018	3451.4487	605.69965	3922.5564	1705.2264	894.8333	940.1	429999	215.09575	65.2393	349.75253	-166.94164	215.09698	65.24	350.18674	-177.06781	-217.82388	61.161476	2109.433249473572	24.52829362070838
87	3246.2095	1040.8037	3895.1292	1174.153	3604.6758	297.2391	3908.5105	2880.6523	863.6	967.9	434999	216.77206	65.263504	351.08044	-170.64058	216.77228	65.26772	353.0762	-144.65002	-219.33199	61.972725	2134.6332092285156	24.536013923842333
88	3101.3472	873.29596	3725.327	1379.5742	3602.4546	381.39072	3820.6267	2470.695	840.0	963.7	439999	218.2766	65.10219	351.65494	-167.30026	218.27756	65.10701	349.4191	-170.83138	-220.8945	61.423706	2161.3998067379	24.56136147000573
89	3476.567	575.2799	3892.4368	2336.2927	3663.392	207.8782	3965.9373	3402.6658	918.4	1000.0	444999	219.33257	65.04368	354.2703	-219.01884	219.33308	65.04924	351.5325	-223.57286	-222.11395	62.364426	2188.501171350479	24.58990082847938
90	2530.2124	1385.6201	4017.2058	504.31094	3604.39	489.46692	4165.868	2211.7488	667.875	957.7	449999	220.4662	65.4496	355.89682	-183.01263	220.46684	65.45236	357.05954	-132.68271	-223.40816	61.914642	2215.227780818939	24.61364204618666
91	2672.1663	1286.8875	3799.9614	592.5852	2716.1956	1638.7974	4091.721	216.76753	721.6667	696.5	454999	221.63184	65.71637	355.9665	-118.163925	221.63197	65.716354	356.37943	-146.52438	-224.2506	61.25567	2240.3729174137115	24.619482632521745
92	2797.9265	1563.4171	4047.5342	293.09634	2865.061	1327.2177	3954.519	318.20996	717.0	797.3	459999	223.10445	65.85552	358.03934	-88.37531	223.10489	65.85691	356.80917	-82.55513	-225.98915	63.148724	2265.150548219681	24.621201631815538
93	1851.3899	1577.7258	3904.7761	233.56165	3482.4465	842.9549	4225.1265	1815.2246	490.3	869.8	464999	224.21944	66.20858	362.4563	-80.71246	224.22057	66.2093	356.45334	-104.808426	-226.86891	64.49433	2291.521761417389	24.64001896048105
94	3167.9016	1103.5084	3988.7292	847.3892	3435.484	545.9591	4042.3076	2014.9559	826.0	944.6	469999	225.32565	66.48631	370.67123	-111.80516	225.32635	66.49436	363.5663	-115.84276	-228.02042	64.91042	2317.607536315918	24.655399345337077
95	3770.0383	425.54944	4152.5195	2968.4565	1485.1057	1231.558	3303.2717	258.7859	958.6	428.7	474999	226.50009	66.73177	364.31235	-115.968666	226.50166	66.7384	357.89835	-128.95868	-229.3823	65.62443	2341.400318145752	24.646319163473027
96	1637.5964	1140.4481	3970.364	234.45598	3504.9563	787.7923	4150.676	2098.7415	450.63635	886.8	479999	227.42351	66.96232	369.3829	-133.28748	227.42435	66.96296	364.89536	-167.80264	-230.37952	63.925224	2367.814126253128	24.66473050415516
97	3366.9773	971.48004	4066.2441	1222.1235	3192.5735	949.41595	4011.4768	1241.4534	886.0	839.2	484999	228.39757	66.98937	370.167	-161.93507	228.39815	66.99316	368.8672	-148.35957	-230.86156	64.05104	2395.104615211487	24.69180017648284
98	3644.7942	281.32294	3989.3035	3318.5054	3142.6187	647.5771	3753.604	2003.5236	977.4	867.3	489999	229.01	67.6428	373.24048	-134.87785	229.0103	67.64517	368.70532	-188.46378	-231.76804	66.42374	2423.6013374328613	24.730625911634796
99	3413.6414	521.4701	3966.949	2724.828	2173.3496	1571.4829	4102.529	348.5226	926.4	586.4	494999	230.04697	67.92662	373.4374	-193.64763	230.04799	67.93035	367.10498	-167.535	-232.88089	68.1902	2448.574958562851	24.733080411198163
100	2453.121	1123.5283	3913.8572	301.48096	3103.2432	1286.8643	3961.1367	343.08112	688.625	811.2	499999	230.97241	67.89103	371.23535	-137.53345	230.97281	67.891716	370.94376	-139.1151	-233.6499	69.94739	2475.883969783783	24.7588397192955
101	3104.6077	1179.2292	3781.6372	752.23706	1943.5092	1309.6493	3590.9607	286.54016	848.6	579.5	504999	232.0449	67.60779	374.34985	-160.19588	232.04564	67.61249	375.0938	-165.12953	-234.6372	68.12909	2501.7487280368805	24.769789407748988
102	3635.22	247.88129	3988.9517	3248.2095	2131.173	1481.7699	3843.7266	297.82584	971.6667	597.8	509999	233.01845	67.50754	376.00513	-116.016106	233.0186	67.51452	371.5697	-134.58621	-235.59724	69.33772	2527.9561624526978	24.78388396431418
103	3828.411	65.94983	3896.3142	3738.044	3744.8796	434.59042	4111.9473	2661.2698	1000.0	951.1	514999	234.15851	67.310776	371.89197	-141.08424	234.15968	67.31649	369.89343	-125.994896	-237.06831	66.87226	2554.774835586548	24.80363921285833
104	3421.379	814.8811	3960.0994	1814.4135	3434.463	960.4227	4260.815	1069.2811	910.8	861.0	519999	234.78087	67.65351	374.1621	-131.87732	234.78122	67.65692	372.54465	-115.84882	-237.37093	65.37671	2581.0770921707153	24.818048981519844
105	3688.9922	207.77301	3877.5374	3293.9302	3566.6948	662.6568	4053.4238	2184.0283	973.4	894.0	524999	235.52568	68.020004	376.4199	-127.03825	235.52547	68.030785	376.6731	-127.43405	-237.99612	66.62173	2606.674051761627	24.825467180070422
106	2616.4192	1284.4805	3866.1685	644.77545	3558.3691	702.3257	3977.5173	1475.5579	706.4286	940.1	529999	236.07489	67.99773	374.47977	-115.612625	236.07538	67.99944	374.14008	-141.81139	-238.5448	67.98681	2633.0457532405853	24.840054296097666
107	3662.3472	339.8974	3898.19	2987.7617	3651.9585	502.63034	3952.7737	2193.1785	953.6	946.1	534999	236.86186	67.918976	372.0763	-96.51845	236.86246	67.92326	372.27286	-126.25187	-239.38219	67.93439	2662.720598936081	24.88523926467539
108	3420.6726	822.47046	4216.6655	1977.0975	2517.9136	1533.6863	4083.9172	586.18567	867.0	643.1	539999	237.7696	68.05657	374.87955	-105.93971	237.77003	68.0604	375.55408	-111.990295	-240.26743	66.32237	2688.431624650955	24.892885439925724
109	2307.702	1013.77637	3831.7246	732.98035	1867.946	1139.8624	4117.3335	778.0824	604.2222	478.6	544999	238.47624	68.39174	376.60095	-93.25982	238.47684	68.395424	380.27322	-159.59889	-240.92624	64.830215	2715.194915533066	24.910045118506897
110	2864.3594	1006.14197	4121.0713	1317.5552	3889.616	512.4046	4145.385	2366.127	742.0	961.6	549999	239.00124	68.9229	376.58264	-135.60442	239.00127	68.92528	376.70703	-94.40879	-241.54951	68.86386	2743.446184873581	24.940419881994075
111	3481.1199	832.22314	4039.852	1842.285	3898.4836	122.730385	4132.705	3730.9597	896.2	1000.0	554999	239.54478	68.99376	384.8074	-122.68005	239.54579	68.99555	384.64178	-143.65309	-241.92886	69.58272	2770.6227056980133	24.960564935529554
112	3264.7197	998.875	3944.377	1242.0061	3329.293	1098.2415	4197.4497	871.92035	852.3333	840.5	559999	240.34575	68.79829	380.79474	-116.15327	240.34671	68.801956	382.83185	-195.05852	-242.77637	69.09805	2796.702316761017	24.970556416681834
113	3096.597	1474.8447	4333.8237	276.82013	3605.1362	699.6769	4107.694	1869.6234	776.6667	917.7	564999	241.17812	68.67919	386.49496	-192.96684	241.17816	68.681625	379.76666	-157.63544	-243.60213	67.0093	2824.8683931827545	24.998835356889572
114	4022.1172	99.22589	4137.351	3908.0408	3901.4297	122.02218	4108.469	3737.6218	1000.0	1000.0	569999	242.22838	68.68231	389.16873	-140.5232	242.22862	68.687706	380.04916	-132.51743	-244.77098	68.955475	2851.835988521576	25.01610517920109
115	3360.4836	1173.3885	4142.1807	768.0231	3673.1172	481.0598	3957.1528	2238.5527	871.3333	958.2	574999	243.12047	68.48951	380.24225	-144.92015	243.12079	68.49326	381.29843	-89.8453	-245.74472	70.186935	2879.647849082947	25.040416097640993
116	3697.2422	662.5433	4113.574	2388.975	3654.7046	1009.79956	4189.2334	643.2574	916.4	912.5	579999	243.83388	68.6435	382.65424	-159.04562	243.83429	68.64969	379.7339	-199.76852	-246.22945	68.644615	2905.087188243866	25.043855087510472
117	3607.373	887.317	4194.945	1664.2826	3696.6843	703.94525	4283.999	2302.743	915.0	924.6	584999	244.66399	68.86914	392.8299	-114.24871	244.66429	68.87268	382.29025	-130.33905	-247.21349	69.64609	2931.8478910923004	25.058529004072533
118	3909.873	45.57775	3975.0022	3852.8684	3807.4062	94.85695	3953.5261	3634.9143	1000.0	1000.0	589999	245.48094	69.16617	392.1815	-155.80124	245.48128	69.16886	385.1261	-119.537346	-248.18533	68.57939	2958.726880311966	25.073956626956747
119	3971.3992	98.29864	4139.8945	3837.101	2622.8416	1348.7852	4330.9224	918.48083	1000.0	633.9	594999	246.0701	69.40425	387.87195	-129.62971	246.07082	69.40395	383.73978	-100.0092	-248.64542	69.371864	2984.1359338760376	25.076772573615322
120	3738.1614	262.35715	4010.1667	3250.144	3327.5356	885.3993	4032.9102	1159.9559	956.2	859.1	599999	246.6343	69.4819	392.92612	-185.93675	246.6341	69.48623	388.68768	-93.51269	-248.9677	69.95881	3011.240708589554	25.09367259144783
121	3878.0945	82.34211	3985.4475	3752.2913	3730.35	798.8294	4140.566	1339.9064	1000.0	936.4	604999	247.51256	69.00441	388.90155	-111.93014	247.51285	69.00509	383.31168	-88.64497	-250.14955	69.564064	3037.149704694748	25.100410802305237
122	3681.1133	397.54706	3949.7559	2892.0957	3151.7825	1404.3252	4271.3687	425.30566	950.0	790.8	609999	248.03125	69.09592	382.11923	-117.01338	248.03096	69.10073	380.92856	-108.82797	-250.54437	66.66886	3061.2042775154114	25.091838355924263
123	3675.6887	528.2929	4187.3403	2577.579	3882.4675	83.74435	3980.5955	3713.8538	942.0	1000.0	614999	249.07571	68.75118	383.8122	-153.08347	249.07632	68.74975	382.56805	-124.186035	-251.38548	69.87784	3085.891049861908	25.088545138273783
124	3301.0618	1334.0203	4019.8657	321.67096	3692.8086	558.5356	4005.1384	2199.8894	856.5	934.0	619999	249.77211	68.73748	388.8931	-88.74708	249.77217	68.73881	384.0558	-95.952866	-252.08514	66.89656	3110.5103895664215	25.084761221562662
125	2896.4277	1413.6528	3979.4875	333.5565	4191.419	80.511185	4312.556	4032.5542	761.3333	1000.0	624999	249.92726	68.74366	382.1274	-142.4275	249.92822	68.74184	378.5066	-131.15816	-252.2732	67.97505	3135.4440591335297	25.083552488327026
126	3776.8262	71.2666	3840.624	3646.5686	3946.5593	80.73005	4070.171	3791.5444	1000.0	1000.0	629999	250.20369	68.86764	386.34027	-103.28582	250.20276	68.87459	379.64487	-133.22504	-252.51077	69.40376	3160.291316509247	25.08167713218265
127	3871.1167	147.11632	4072.3003	3692.278	3416.6724	1067.2158	3891.791	223.8559	1000.0	911.3	634999	250.72331	68.98435	383.17297	-138.44995	250.7239	68.98604	378.74796	-149.80055	-253.22235	68.241615	3184.7086544036865	25.076446112685318
128	3921.9517	177.72246	4098.7324	3581.5625	3425.8892	1028.4769	4080.6633	839.9546	1000.0	877.8	639999	251.03352	68.94115	381.2178	-123.249565	251.03374	68.94334	379.50217	-162.17339	-253.50937	68.78009	3209.165388584137	25.07160461321473
129	3344.9521	854.9243	4024.5623	1961.6173	2725.1099	1554.5625	4044.665	361.56772	866.6667	702.4	644999	251.51363	68.92299	382.79688	-98.546364	251.51408	68.925964	384.79517	-135.92773	-253.92842	68.31876	3232.875293493271	25.06104880155519
130	2937.0078	1468.472	4004.3638	807.08746	3160.1055	1406.515	4038.1758	381.92267	749.6667	805.7	649999	252.31126	69.002106	384.9118	-106.44557	252.31155	69.00395	382.96796	-101.65981	-254.49841	69.47329	3256.8421351909637	25.05263182383317
131	2841.6094	1460.6527	4063.5037	59.8716	3752.1401	84.06307	3930.9902	3663.5854	733.0	1000.0	654999	253.03004	69.04387	385.42245	-128.22444	253.03021	69.0459	383.31506	-124.03944	-255.61295	68.53447	3281.5633454322815	25.05010188990877
132	3070.3254	960.6322	3859.572	1644.7382	3630.5	381.13452	3926.431	2531.7944	833.6667	971.2	659999	253.49057	69.281075	388.96573	-125.52347	253.49066	69.282005	387.07227	-121.710365	-255.70087	68.41651	3306.120807170868	25.046369765744064
133	3902.0183	64.705826	3986.8694	3790.621	4004.9663	83.88801	4121.7344	3793.8066	1000.0	999.2	664999	253.88905	69.28298	383.2374	-114.67337	253.8901	69.285	385.6066	-149.44604	-256.34882	71.9731	3330.929562330246	25.04458318975635
134	3518.9617	880.791	4088.7014	1763.2002	3042.474	1473.4888	4012.9417	273.92154	897.2	784.6	669999	254.32716	69.38415	389.573	-124.84854	254.32681	69.38963	385.50494	-122.44394	-256.78766	70.405685	3354.9686007499695	25.037079126087587
135	4041.3386	74.05581	4177.1724	3953.9414	3490.602	1145.0919	3985.3792	62.327183	1000.0	903.5	674999	255.13223	69.162025	388.29553	-118.71264	255.1325	69.16947	384.70523	-115.27564	-257.58456	69.760086	3379.305654525757	25.031893749590274
136	3360.3857	1316.809	4041.5432	418.49332	3696.7422	428.4966	3994.9702	2432.2136	857.3333	970.3	679999	256.20584	68.79812	387.36847	-117.54743	256.2064	68.80507	386.3071	-109.338585	-258.55728	69.07926	3404.102876186371	25.030168223030426
137	3297.4246	1452.0242	4039.3562	53.418068	3914.3	97.63272	4137.778	3809.1833	839.1667	1000.0	684999	257.00778	68.83941	388.8948	-151.79031	257.00735	68.843956	387.91635	-199.80537	-259.2345	67.327484	3428.765778064728	25.027487446791934
138	3682.9224	385.4586	4112.416	2969.8557	3973.6616	71.847305	4068.2393	3840.0115	949.2	1000.0	689999	257.89606	68.72079	388.87244	-98.97885	257.8968	68.72122	389.83997	-99.48908	-260.43262	68.89453	3453.5144739151	25.0254672161047
139	3855.487	65.224724	3968.609	3782.0754	2795.6392	1684.92	4129.489	218.51707	1000.0	730.1	694999	258.3774	69.119385	388.5914	-84.34309	258.3779	69.12359	387.30154	-116.94984	-260.5244	67.722336	3477.2021346092224	25.01584270875231
140	3949.3242	105.78608	4089.635	3812.277	3396.3535	1052.8463	4009.42	1266.8942	1000.0	869.9	699999	258.89706	69.23291	388.5789	-114.775055	258.89807	69.23408	384.85413	-112.04417	-261.17426	67.685585	3501.486238002777	25.01061599935804
141	3925.9233	74.880905	4051.4553	3824.5413	2927.9414	1695.054	4250.503	332.60278	1000.0	740.4	704999	259.5887	68.99353	389.965	-168.63309	259.5894	68.993675	390.81024	-136.19624	-262.02625	69.072334	3525.2507231235504	25.001778191708503
142	3900.9973	75.858734	4028.141	3827.9705	3834.8901	53.83647	3920.357	3733.5183	1000.0	1000.0	709999	260.78348	68.66433	390.85968	-172.1787	260.78357	68.66958	389.9018	-170.70857	-263.23758	68.888	3549.9781334400177	24.999846025252005
143	3875.069	87.99196	3991.6655	3760.146	3532.8774	945.1906	4129.565	1205.435	1000.0	889.6	714999	261.85498	68.35674	391.39148	-159.3476	261.8554	68.36069	387.29288	-152.32309	-264.41394	69.05801	3574.313278913498	24.99519776964521
144	3949.0247	104.55461	4120.578	3824.131	4084.0376	96.6653	4240.455	3989.0005	1000.0	1000.0	719999	262.48502	68.63856	390.10315	-118.90388	262.4852	68.64404	397.60074	-165.5578	-264.88098	68.71028	3599.062166929245	24.993487283587456
145	3959.382	66.77872	4052.2327	3850.5327	3830.2551	76.39293	3928.9062	3667.8193	1000.0	1000.0	724999	262.51727	69.206696	392.4745	-128.09782	262.5173	69.20751	393.42596	-166.80121	-264.84775	69.3712	3623.8910818099976	24.992352303143207
146	3295.2205	1335.2881	3967.1716	310.62085	4031.0703	90.5176	4168.2134	3850.8003	856.0	1000.0	729999	263.19678	69.302025	394.77393	-138.04463	263.19812	69.30187	391.95822	-152.94785	-265.61133	67.99475	3648.8250794410706	24.99195261360848
147	3430.1826	1051.8093	3949.9814	1079.8347	3514.6316	1241.3627	4233.321	217.39339	889.5	867.5	734999	264.0568	69.078865	400.40457	-122.42115	264.0571	69.08761	393.53238	-127.39079	-266.54596	66.71127	3673.0383598804474	24.986655520744065
148	4018.5952	45.149498	4073.705	3944.3813	3904.8706	102.14976	4109.112	3732.0093	1000.0	1000.0	739999	264.93158	69.234344	400.23688	-139.25516	264.93195	69.23517	394.8569	-147.63437	-267.24924	69.33651	3697.845536708832	24.98544283009864
149	3460.129	1063.0427	4157.0615	1351.6211	3815.86	429.21628	4152.156	2549.951	870.8	968.7	744999	265.35873	69.67797	396.4699	-141.41266	265.35916	69.677155	395.58765	-136.22978	-267.84912	68.222336	3722.541707277298	24.98350140232368
150	3904.5247	181.15587	4044.8406	3563.159	3672.116	1066.5042	4184.0723	482.64447	1000.0	914.9	749999	266.11957	69.665	401.07773	-168.57628	266.1196	69.67229	399.2688	-144.9267	-268.39847	70.55183	3746.9849741458893	24.979899838765462
151	3195.2786	1233.2693	4233.853	597.83044	4082.9116	93.47387	4228.5317	3891.8381	798.0	992.6	754999	266.81723	69.52479	402.92816	-124.58421	266.81754	69.53196	398.67944	-135.8667	-268.972	66.92411	3771.6744067668915	24.977976217964628
152	4073.3918	86.44439	4199.6777	3967.0059	3460.041	1549.0361	4408.4883	344.0804	1000.0	821.8	759999	267.0566	69.974556	401.65292	-142.40216	267.05646	69.98265	392.94687	-133.98193	-269.39612	68.1855	3795.829804420471	24.972564516883146
153	3985.4155	100.040825	4129.4897	3848.2708	4098.3467	71.82335	4225.8623	3994.898	1000.0	998.7	764999	267.49826	69.97519	395.7456	-136.2892	267.4993	69.975914	393.11075	-132.4776	-270.07684	68.48287	3820.5051279067993	24.970621766607746
154	3631.356	806.46484	4099.334	2024.2512	3599.0203	1024.884	4123.1616	543.2121	901.4	919.0	769999	268.44882	69.58553	395.15582	-232.89137	268.4486	69.5927	393.2752	-140.74802	-270.7447	69.14158	3845.0285518169403	24.96771788132655
155	4035.3074	106.316795	4151.0356	3850.877	4047.5767	63.670475	4147.195	3929.8555	1000.0	1000.0	774999	269.07504	69.28815	397.06757	-130.3587	269.07574	69.29064	393.32114	-132.70163	-271.33206	66.82776	3869.792640686035	24.96640414730195
156	3994.2183	81.456635	4090.392	3881.3362	3374.248	999.1825	4297.4683	1757.5217	1000.0	811.6	779999	269.9322	69.25282	396.48788	-129.03445	269.93234	69.25275	395.7602	-119.74472	-272.2406	64.100845	3893.856968164444	24.96062160608096
157	3190.478	1357.7795	4119.041	255.77399	3945.8914	79.3956	4080.0354	3795.8752	804.1429	1000.0	784999	270.44516	69.12897	393.9642	-132.42825	270.44537	69.13946	395.4997	-116.04867	-272.6334	64.85554	3918.744707107544	24.960157382260462
158	3908.9812	116.67686	4100.404	3743.5713	3761.121	728.83813	4098.3574	1583.1669	1000.0	941.8	789999	270.53674	69.38294	399.50378	-175.68085	270.5367	69.387314	393.49927	-116.86974	-272.90442	66.7332	3943.3829691410065	24.95812006841732
159	3957.3218	46.372276	4018.0398	3890.2107	3907.3875	37.755287	3953.1758	3838.663	1000.0	1000.0	794999	270.87875	69.43615	396.36743	-123.799255	270.87872	69.43876	403.95688	-104.67093	-273.09177	67.856285	3968.0990126132965	24.956597575601542
160	4005.0327	63.757847	4121.421	3939.4497	4306.1904	72.46453	4399.3247	4156.646	1000.0	1000.0	799999	271.54498	69.26486	395.59512	-120.406296	271.5449	69.27055	396.63602	-162.44199	-273.8227	64.72898	3993.0429787635803	24.956518630683423
161	4132.004	71.756584	4218.7905	4008.6516	4098.949	60.372723	4232.903	4007.9514	1000.0	1000.0	804999	271.91357	69.62589	393.90912	-142.04257	271.91437	69.626945	399.00397	-129.57185	-274.117	65.83868	4017.6845355033875	24.954562345646924
162	3995.3618	37.202736	4023.4036	3926.492	4053.3442	49.536713	4124.2065	3979.1228	1000.0	1000.0	809999	272.8387	69.82106	394.43195	-133.35081	272.83945	69.823654	396.4263	-142.09271	-275.09433	65.50655	4042.7097494602203	24.95499846670363
163	3887.705	178.95926	4116.2217	3602.3325	3528.931	1067.6411	4023.5444	335.77267	1000.0	916.1	814999	273.27866	70.06069	398.8975	-118.324455	273.27844	70.06756	397.27597	-117.06178	-275.62436	64.51642	4067.1957337856293	24.95212107787103
164	3639.929	708.77466	4062.369	2228.7634	4036.4531	70.41564	4117.9463	3898.344	914.6	1000.0	819999	273.8611	69.97382	400.6883	-132.60704	273.8619	69.97841	395.29358	-143.2424	-276.44467	64.387344	4091.844185590744	24.950269438871523
165	3701.1145	774.0396	4214.9824	2158.8066	4041.963	69.22876	4156.7783	3911.1038	908.0	1000.0	824999	274.32684	69.77397	398.6382	-143.74321	274.32715	69.77684	396.90482	-138.70369	-276.60284	65.34175	4116.819710731506	24.950422500841544
166	4020.9062	82.01234	4144.6855	3887.1946	3133.8745	1216.7015	4140.7905	935.7155	1000.0	782.6	829999	274.70624	69.75564	395.53598	-147.26424	274.70648	69.761986	399.37238	-148.97229	-276.912	64.34855	4140.656985044479	24.94371679030269
167	3396.0742	1406.6376	4154.629	255.17896	4115.446	61.31405	4233.8813	4024.1719	852.5	1000.0	834999	275.23032	69.93825	399.3053	-132.50076	275.23114	69.94002	397.09564	-125.654076	-277.28488	65.62438	4165.575968503952	24.943568686525264
168	2279.128	1789.7542	4015.6091	257.24884	2650.7195	1649.4514	4122.592	261.43857	612.7778	667.9	839999	275.4622	70.29335	396.60278	-120.68252	275.46286	70.29809	412.00293	-108.058426	-277.73398	66.315216	4188.99417424202	24.934489145165397
169	4035.4734	43.62174	4099.258	3966.7559	4151.8037	67.52087	4279.6465	4034.3794	1000.0	1000.0	844999	275.78232	70.51785	399.15005	-122.86558	275.78372	70.5228	397.82928	-149.59225	-278.09613	67.42374	4213.9218962192535	24.934449101340842
170	4114.2583	115.712845	4272.521	3930.1863	3997.7058	38.83723	4066.262	3947.3772	1000.0	1000.0	849999	276.402	70.62573	398.8554	-144.15556	276.4019	70.63113	397.3597	-134.46655	-278.5618	66.0603	4238.744209289551	24.933789479031283
171	3957.1335	60.22709	4036.7937	3850.0398	3697.304	702.4019	4001.249	1598.7535	1000.0	938.7	854999	276.79907	70.57003	400.39154	-124.50768	276.79944	70.57606	401.18488	-106.39188	-278.97015	65.60223	4263.311335802078	24.93164525115699
172	3965.0027	35.254265	4007.4368	3917.2966	4127.2056	128.27219	4289.6777	3914.5574	1000.0	1000.0	859999	277.00076	70.52689	400.89062	-147.73471	277.00055	70.53893	399.24002	-150.09138	-279.20282	66.81667	4287.993117809296	24.93019255787827
173	3789.85	480.82303	4101.6987	2831.1404	4133.3916	38.049942	4204.484	4066.5151	941.2	1000.0	864999	277.14124	70.28964	396.29816	-117.63799	277.14124	70.297676	394.7048	-120.9396	-279.4034	65.91127	4312.857197761536	24.929810402710313
174	3939.2896	118.18491	4077.3293	3739.9292	4066.235	45.37179	4157.2217	3976.9438	1000.0	1000.0	869999	277.05258	70.20739	392.9871	-195.56456	277.05322	70.20945	390.15176	-209.74974	-279.34088	68.10833	4337.928993225098	24.930626411547607
175	4056.778	29.248102	4090.4377	4009.5393	3596.6567	670.9419	4013.5898	1747.8501	1000.0	917.2	874999	277.45404	69.57502	396.3931	-121.57348	277.45428	69.582245	391.69388	-131.05975	-279.63925	63.674637	4362.481065034866	24.92846323830741
176	3953.7368	62.774704	4057.808	3887.3806	4102.5674	85.56691	4256.011	3989.5754	1000.0	1000.0	879999	277.54712	69.6372	395.57474	-145.5795	277.54727	69.64302	398.94244	-147.98712	-279.7834	66.11422	4387.300450325012	24.92784347859296
177	3907.0852	91.91829	4073.909	3831.9177	3504.0007	1040.6052	4116.6797	454.96344	1000.0	897.4	884999	277.95776	69.677124	394.49307	-140.97255	277.9583	69.67889	392.1985	-126.18697	-280.08755	65.59065	4411.705837011337	24.924891753385296
178	3976.384	119.544395	4180.992	3830.315	3976.4512	43.366425	4024.289	3894.9138	1000.0	1000.0	889999	278.3391	69.56149	395.26553	-137.344	278.33932	69.563385	394.24588	-193.95863	-280.3948	63.811363	4436.611618041992	24.92478438173787
179	3789.4263	122.286705	3934.1833	3570.097	4010.873	62.827232	4094.7576	3907.553	979.2	1000.0	894999	278.894	69.44078	398.70825	-127.238174	278.89447	69.445076	396.23953	-105.03341	-281.0496	64.56804	4461.475280761719	24.92444292127087
180	3957.3687	67.77939	4032.408	3867.8079	3661.7024	1126.3806	4189.5684	288.96402	1000.0	913.2	899999	279.62448	69.68551	399.3243	-121.584755	279.62445	69.69422	396.34277	-123.0712	-281.6803	62.636524	4485.822013139725	24.92123341957728
181	3402.8018	1301.1627	4111.9287	497.59042	4104.7407	41.729885	4172.3555	4032.069	863.0	1000.0	904999	280.47836	69.94813	397.7309	-127.286865	280.47885	69.953125	399.32135	-128.39342	-282.487	64.14969	4510.855179071426	24.921851827294788
182	4056.6157	120.0671	4238.894	3870.3528	4036.2769	53.009396	4129.228	3935.5264	1000.0	1000.0	909999	280.90265	70.42674	400.69366	-154.42528	280.9031	70.42712	396.70877	-152.00925	-282.97903	64.16931	4535.61407494545	24.92095646622417
183	3945.5554	48.575756	3999.4146	3857.526	4106.0474	108.66407	4313.0825	3896.7036	1000.0	1000.0	914999	281.3668	70.58852	398.39948	-124.43242	281.36737	70.59316	399.129	-140.90657	-283.50272	65.34176	4560.3596839904785	24.919998284897517
184	3945.5156	74.94431	4082.6873	3870.4866	3546.2104	1111.6125	4178.265	831.2439	1000.0	872.2	919999	281.76492	70.47679	397.15503	-99.07853	281.7648	70.48091	402.82825	-108.18528	-283.8677	64.24014	4584.717177391052	24.916941191839136
185	4112.2915	113.951035	4245.556	3918.755	4038.6523	329.1951	4218.788	3060.4937	1000.0	976.4	924999	282.35913	70.50154	403.45776	-169.95174	282.35962	70.50563	402.82217	-123.37842	-284.36157	63.004025	4609.409002542496	24.915724347088787
186	4037.1172	64.18968	4092.5789	3917.981	3448.9907	1083.3936	3972.6494	222.1134	1000.0	912.6	929999	282.6933	70.51626	403.36533	-147.64598	282.6926	70.5221	400.78275	-216.1576	-284.79358	64.08819	4633.707771539688	24.912407384123853
187	3636.3713	867.1148	4121.715	1701.7058	4102.525	129.5865	4320.835	3818.2234	911.6667	1000.0	934999	282.87875	70.62931	401.69406	-108.16933	282.88004	70.63505	402.30035	-145.47665	-285.0056	63.856762	4658.608814716339	24.91234661423586
188	4013.0942	131.92264	4199.5103	3835.6714	3894.468	778.42316	4260.1763	1563.7012	1000.0	941.6	939999	283.31888	70.52653	404.57156	-159.66823	283.3191	70.534546	400.06274	-147.96536	-285.30072	63.67408	4683.355316877365	24.911464462889
189	4123.4976	110.746605	4281.595	3992.747	4117.0176	50.349068	4191.1934	4051.3599	1000.0	1000.0	944999	283.69324	70.54543	396.04855	-147.05067	283.69363	70.551674	395.77533	-174.61703	-285.73843	62.103706	4708.079090118408	24.910471387641138
190	3805.8691	607.8126	4201.8677	2598.373	4128.3975	95.044655	4296.9253	3924.4292	922.2	1000.0	949999	284.14563	70.48889	402.20178	-128.57918	284.146	70.497055	400.12878	-108.15693	-285.9201	62.633606	4732.935570240021	24.91018722182826
191	3524.4343	1276.964	4151.4863	672.30115	3282.3445	907.75305	4149.9585	1522.2141	874.8333	827.2	954999	285.15244	70.18488	398.87695	-150.09204	285.1528	70.186104	398.17136	-162.90073	-287.24966	62.847527	4756.94219994545	24.90545655669966
192	3989.1921	34.84834	4050.9863	3950.5386	4149.473	61.796066	4246.4146	4031.666	1000.0	1000.0	959999	285.8283	70.22403	401.54504	-117.33559	285.82858	70.23292	400.82294	-116.85976	-288.08585	60.20614	4781.788329601288	24.905147561182577
193	3487.7637	1373.7173	4245.2905	420.4438	3316.7915	1534.7618	4151.228	232.10963	863.6667	818.4	964999	286.09277	70.241516	407.4132	-117.79252	286.0923	70.246826	398.57614	-110.72342	-288.12695	61.77232	4805.627998828888	24.899626948055207
194	4073.7559	94.71195	4179.935	3898.8088	3648.3735	1114.4302	4102.3135	308.04944	1000.0	912.4	969999	286.64386	69.94911	402.658	-121.87837	286.6439	69.957954	400.58264	-212.19586	-288.70703	59.34186	4830.185082912445	24.8978612619577
195	4058.7778	56.21692	4132.22	4010.661	3693.2715	975.81323	4140.5854	771.97626	1000.0	923.7	974999	286.88388	70.25224	405.3445	-125.995834	286.8835	70.26263	400.4609	-98.060265	-288.8421	62.736233	4854.592439413071	24.895345854147887
196	4051.9172	101.9156	4242.444	3941.0479	4077.5535	90.95643	4265.5317	3973.5657	1000.0	1000.0	979999	287.14893	70.44573	406.01062	-125.58328	287.14996	70.44958	404.83817	-111.7256	-289.24823	61.040764	4879.426486730576	24.895033106511953
197	3310.472	1499.8325	4134.3345	313.48816	3683.026	1098.3574	4140.302	392.19296	825.4	914.6	984999	287.14026	70.92123	399.30612	-129.67767	287.14035	70.927216	401.4724	-133.59453	-289.3879	64.37731	4903.757901191711	24.89217209815979
198	3460.4753	1411.7264	4223.412	310.65305	3681.5325	1030.9751	4184.9053	597.52185	850.5	921.8	989999	287.06644	71.27821	401.98135	-88.20295	287.06784	71.28524	398.37247	-88.95174	-289.18326	63.048977	4928.460445404053	24.891214381564748
199	4072.3066	99.980774	4198.088	3892.1816	4131.9756	242.045	4356.3013	3461.3882	1000.0	984.9	994999	287.77444	70.856636	408.3097	-87.99015	287.77454	70.86333	403.03784	-105.52421	-289.85843	60.878788	4953.140129566193	24.890151413241824
200	3311.0002	1208.125	4231.5923	1255.9528	4027.6953	50.209663	4125.1494	3969.462	805.3333	1000.0	999999	288.2427	70.65189	412.74994	-157.64061	288.24252	70.65762	406.07315	-94.774	-290.3655	62.7322	4977.948677539825	24.889743398427964
