Epoch	AverageEpRet	StdEpRet	MaxEpRet	MinEpRet	AverageTestEpRet	StdTestEpRet	MaxTestEpRet	MinTestEpRet	EpLen	TestEpLen	Time Steps	AverageQ1Vals	StdQ1Vals	MaxQ1Vals	MinQ1Vals	AverageQ2Vals	StdQ2Vals	MaxQ2Vals	MinQ2Vals	AverageLogPi	StdLogPi	MaxLogPi	MinLogPi	LossPi	LossQ	Time	AVG Time Per Epoch
1	-54.879738	92.550766	30.909065	-309.99347	26.838474	255.94144	380.1929	-417.70068	187.3077	719.2	4999	7.9438195	5.5001807	37.400814	-8.99869	7.9438586	5.5014195	36.60933	-9.262068	-3.8521361	2.0471106	18.888603	-13.40535	-9.215603	1.2779975	36.62663292884827	36.62663507461548
2	-50.09947	95.94602	38.90599	-375.46732	-217.44382	404.85846	13.367924	-1032.3151	151.15152	228.9	9999	32.215794	11.014154	79.49645	-9.630951	32.213898	11.020802	80.75659	-8.805114	-0.42430457	3.5099478	25.59499	-15.560118	-34.337486	6.1173863	77.23947167396545	38.61973714828491
3	-140.71138	221.58635	15.500217	-727.49524	179.62607	174.46178	503.38065	16.629892	298.35715	390.5	14999	51.918903	8.778335	90.946175	-27.31553	51.918888	8.78883	88.6315	-20.900766	-1.7749611	2.8945808	22.32518	-15.250589	-53.13975	10.215231	120.89017605781555	40.2967263062795
4	-32.505905	105.47025	90.82683	-319.32172	363.79388	264.5269	749.46	13.357366	277.85715	555.8	19999	48.6795	8.554706	87.65224	-25.257519	48.679367	8.562962	86.62876	-29.45059	-2.6873872	2.2797008	18.812939	-17.992853	-49.49154	8.616438	165.5435175895691	41.385879933834076
5	21.66153	74.87812	159.99536	-176.13269	557.35974	190.7202	734.0276	45.616642	353.69232	904.7	24999	45.302223	7.8958087	82.816414	-25.8298	45.302128	7.904652	81.13527	-27.536562	-2.939681	2.1422584	23.36687	-14.1565	-46.01783	7.603753	212.85556507110596	42.5711133480072
6	18.915564	47.98541	90.30153	-85.013245	597.792	247.53625	923.99445	146.26451	448.36365	850.6	29999	43.21699	7.484144	78.89504	-36.549156	43.216732	7.487955	80.59686	-29.459513	-3.0486283	2.0864398	23.720379	-14.302184	-43.90543	6.6974826	259.680538892746	43.28009017308553
7	68.31556	45.80926	124.091835	-21.314102	814.35876	144.84296	906.87396	391.34485	742.0	1000.0	34999	42.2707	7.1191626	73.981865	-30.021887	42.270485	7.122844	74.47384	-33.172157	-3.113566	2.0327578	28.79728	-14.620026	-42.941288	5.7517605	307.74787068367004	43.96398179871695
8	185.17921	129.43912	455.7962	35.995335	716.49786	261.47546	902.05524	95.8919	482.4	907.3	39999	43.272217	7.4084334	76.236916	-38.778255	43.271854	7.4138427	76.645454	-29.90971	-3.1126032	2.0083952	25.718943	-15.436234	-43.93102	5.741883	355.3063485622406	44.413293808698654
9	131.18901	84.40034	297.28842	21.222435	695.1273	58.686306	787.3832	560.817	506.9091	1000.0	44999	44.920727	7.3767853	87.75555	-36.732994	44.92052	7.378965	91.16089	-28.179363	-3.1238568	1.9964932	22.792997	-15.797317	-45.5796	5.595097	403.34852743148804	44.816503286361694
10	229.84023	153.13411	600.0298	54.116432	757.5898	324.7796	1060.526	81.785164	401.5	824.0	49999	47.49756	7.4123874	89.190025	-30.974043	47.49721	7.4128447	89.31214	-33.28795	-3.104463	2.0024633	24.761312	-16.192472	-48.136745	6.001958	450.15335059165955	45.01533527374268
11	225.56197	165.1728	531.3249	16.221334	849.3164	23.65098	888.60626	816.2487	639.5	1000.0	54999	50.019794	7.357331	91.3035	-50.887947	50.01973	7.359021	93.34982	-42.622456	-3.068628	2.0181408	29.692135	-15.394171	-50.648563	6.1685743	498.0194628238678	45.274496815421365
12	164.53767	102.53453	315.5937	16.345877	607.4069	294.6135	940.06433	57.01727	508.33334	741.0	59999	52.63143	7.3575797	93.95785	-33.816814	52.631203	7.357712	94.09558	-38.53334	-3.0478792	2.0433939	27.243109	-16.767305	-53.277386	5.6464405	544.4873979091644	45.37395000457764
13	198.3477	106.95649	347.9736	68.41825	745.25476	420.25583	1584.9337	167.73279	574.8889	626.8	64999	55.35527	7.4798927	96.54938	-28.54205	55.355152	7.4791756	97.37387	-35.19037	-3.0291674	2.0610375	31.061874	-14.239563	-55.996494	5.7660975	590.0405173301697	45.38773228571965
14	382.50912	136.50848	556.9847	182.38194	508.21234	361.0604	1041.2627	39.03513	739.0	514.3	69999	58.1257	7.595889	96.626	-31.33383	58.125717	7.593024	97.353065	-50.9008	-2.991069	2.0902495	34.948147	-14.935956	-58.769024	5.670718	634.5682621002197	45.32630457196917
15	230.9795	186.29178	602.94604	4.702202	996.50146	174.29126	1484.2228	837.54224	426.23077	1000.0	74999	60.853893	7.746546	99.09165	-38.987614	60.854046	7.740775	97.41986	-31.971928	-2.998717	2.1180444	38.205257	-14.698442	-61.49427	6.4244123	682.5216987133026	45.50144672393799
16	221.35661	126.34595	463.67758	21.953638	762.8553	348.95706	1103.2762	76.68051	734.7143	734.4	79999	63.268234	7.9099584	102.01024	-48.814045	63.26838	7.907818	103.379875	-42.561348	-2.9650674	2.1644328	37.77817	-16.07557	-63.904774	6.4220204	728.4865527153015	45.53040969371796
17	285.68146	76.0679	437.16693	211.7629	744.4226	378.6249	1306.3969	291.156	723.1429	634.7	84999	65.57548	8.088806	103.37388	-43.683956	65.57553	8.080071	104.22133	-31.733232	-2.9638462	2.1738439	42.23207	-14.790835	-66.21494	6.2880573	773.8641905784607	45.52142310142517
18	346.56778	232.04031	939.1067	16.29761	549.755	402.7035	1049.6038	74.550095	469.8	493.9	89999	67.78878	8.390018	106.15915	-61.35333	67.7888	8.38969	107.44205	-54.967102	-2.963647	2.1628895	34.849377	-16.151747	-68.41369	6.799609	817.7888939380646	45.43271643585629
19	418.22287	278.75702	940.0271	104.82484	766.62134	546.224	1303.496	43.569374	584.125	623.5	94999	69.750786	8.780155	108.58158	-38.118916	69.75095	8.778181	106.68221	-51.973682	-2.8971207	2.207991	27.670528	-14.220789	-70.36024	7.11287	863.1525597572327	45.429082230517736
20	367.12808	160.89499	609.18536	58.092075	835.1066	338.99304	1273.6486	230.84009	695.5	705.4	99999	71.6618	9.165247	110.89297	-52.03377	71.66179	9.163575	110.76934	-59.595642	-2.888503	2.2344034	34.30451	-15.990798	-72.27235	7.199352	908.7142286300659	45.43571153879166
21	299.71265	113.31936	458.94095	104.512695	714.542	454.50137	1191.4749	86.7887	714.6667	641.9	104999	73.24261	9.477395	113.02123	-47.219044	73.2421	9.476697	112.63389	-37.82897	-2.8556678	2.2703848	34.967033	-19.0626	-73.85592	7.1329165	954.4485802650452	45.4499324843997
22	305.59857	204.15489	590.5932	34.13069	620.8412	395.65155	1077.3413	74.39768	583.55554	561.0	109999	74.87917	9.870511	117.36196	-59.514717	74.8793	9.870034	117.348434	-51.97099	-2.834793	2.3088372	32.02382	-15.1316	-75.48978	7.267303	999.2977747917175	45.422626213593915
23	331.9324	78.49304	491.62668	230.11526	606.98596	490.10284	1331.8478	45.558937	679.2857	509.0	114999	76.36263	10.233518	116.48876	-44.57577	76.36258	10.236922	117.19545	-52.23149	-2.862151	2.308904	32.299343	-15.532481	-76.97977	7.7496624	1044.6588180065155	45.41994868154111
24	355.585	192.63287	652.597	33.34135	995.9834	367.5249	1437.1573	199.17656	639.2222	736.1	119999	77.68015	10.580654	117.79057	-53.36223	77.68002	10.582313	119.55098	-45.873344	-2.88835	2.3082905	35.23009	-15.960896	-78.298965	7.370187	1090.8161087036133	45.45067129532496
25	310.7518	172.23782	634.6688	60.43067	1409.184	406.003	2070.913	914.827	839.3333	943.9	124999	78.887985	10.945383	120.144775	-51.509365	78.887794	10.946075	120.49618	-42.334366	-2.8803167	2.3328364	40.894768	-15.01776	-79.50174	7.429297	1138.336600780487	45.533464107513424
26	288.40286	73.028336	425.61642	230.08629	1098.9382	425.8892	1790.6838	314.23236	828.2	784.8	129999	80.094315	11.430233	122.147766	-48.743217	80.09433	11.429827	121.39138	-58.63566	-2.8720057	2.3478167	36.77173	-18.436218	-80.722984	7.420044	1184.5704147815704	45.560400651051445
27	323.5119	191.05435	687.73126	35.67923	1316.5154	360.74124	1791.621	535.15283	562.3	928.3	134999	81.38012	11.952115	126.806946	-41.540054	81.380066	11.955104	124.7268	-44.71486	-2.8841636	2.3697186	42.351837	-16.926088	-82.003044	7.6096096	1231.9146373271942	45.626468119797885
28	578.1739	229.38077	911.07983	278.76038	1767.4353	639.01996	2412.744	40.944874	656.75	902.5	139999	82.35994	12.254612	127.86856	-59.121273	82.36006	12.252078	127.10069	-42.1302	-2.8917277	2.3754857	51.134193	-15.892329	-82.97177	8.025028	1279.0547749996185	45.680527738162446
29	377.50458	350.12537	1245.3872	26.336252	1192.388	369.566	1614.4037	301.30527	505.0	912.9	144999	83.30429	12.6070795	127.81602	-46.381496	83.30428	12.613166	128.42319	-40.807037	-2.8521373	2.3797822	40.98862	-15.108467	-83.90078	8.487904	1326.3698909282684	45.73689286462192
30	598.3837	268.62833	1112.5264	320.467	819.0488	711.923	2542.0564	168.60748	701.0	378.5	149999	84.02715	12.852594	128.83867	-55.419983	84.02716	12.858552	130.28615	-50.879528	-2.8505056	2.4226282	50.5803	-15.992094	-84.629616	8.878828	1369.8927204608917	45.663090753555295
31	770.29926	533.2306	1800.7023	155.35472	1496.4944	598.6962	2256.8296	478.77908	822.4286	820.0	154999	85.11069	13.638606	137.02078	-63.086063	85.11085	13.641588	136.54533	-51.173088	-2.803274	2.4339006	51.898533	-14.523576	-85.69596	9.051639	1415.9634578227997	45.6762406364564
32	711.79956	565.616	1726.4867	32.836918	1526.1968	539.0307	1967.9873	452.8084	475.1	924.4	159999	86.38017	14.728641	140.78726	-46.840363	86.38032	14.733439	141.01779	-63.063267	-2.7418046	2.4864545	57.410725	-16.682117	-86.96237	9.422047	1463.3766417503357	45.730520114302635
33	593.7069	460.5238	1412.2506	183.15193	2072.8022	332.94965	2256.8052	1092.0135	1000.0	1000.0	164999	87.679535	15.806933	144.44475	-60.069626	87.679825	15.811613	147.4592	-65.33868	-2.699617	2.5417204	68.94303	-14.846642	-88.2679	10.036017	1510.8158504962921	45.78229855768608
34	450.128	241.3239	887.913	62.532993	745.11755	491.9847	1357.7153	47.063766	611.75	579.7	169999	88.82063	16.74533	145.21036	-59.70321	88.82078	16.74488	145.39851	-47.560005	-2.6464024	2.5728505	43.21145	-15.541947	-89.406364	10.325078	1555.8151185512543	45.75926824878244
35	666.4974	252.8683	1050.1917	329.5429	2021.3666	362.15768	2387.1948	1344.7089	739.7143	964.8	174999	89.98201	17.858768	151.86725	-45.883446	89.98166	17.862312	152.09975	-56.75379	-2.6575675	2.6015642	41.252506	-15.313927	-90.57415	10.30561	1603.0269877910614	45.800771134240286
36	791.8224	220.00026	1103.7019	520.2206	1696.608	633.0039	2155.6343	53.919388	892.8	903.4	179999	91.10324	18.90419	152.20583	-46.36202	91.10343	18.905836	152.41669	-57.98404	-2.6206212	2.624711	57.8861	-16.173733	-91.68608	10.875421	1650.352759361267	45.8431324561437
37	964.78174	716.52435	2097.8179	75.235954	2359.2593	378.21356	2680.8103	1600.8479	840.5	1000.0	184999	92.263374	20.079018	154.1344	-44.671707	92.26319	20.077967	153.55536	-64.877884	-2.5598578	2.6756682	50.161148	-15.092658	-92.853584	11.46758	1697.6443662643433	45.882280227300285
38	1011.6642	624.1582	2212.8733	176.5515	2401.6616	801.8174	2814.259	14.509613	561.0	901.3	189999	93.70695	21.4331	160.78563	-66.64084	93.70715	21.435186	159.6419	-63.6828	-2.5455563	2.6903849	38.019115	-14.792976	-94.28179	11.852105	1744.6750512123108	45.91250139788578
39	473.75134	352.47104	1110.2792	44.161304	2080.9211	132.66206	2282.193	1873.5762	489.44446	1000.0	194999	94.923096	22.549187	164.37738	-59.035267	94.922775	22.54698	165.09627	-48.54522	-2.5113387	2.698613	37.1481	-14.724886	-95.493614	12.815053	1792.2160506248474	45.9542577511225
40	1563.2579	816.94196	2515.1484	226.14084	2574.8267	774.2376	3272.9153	955.5641	754.5714	930.7	199999	96.45275	23.900984	167.0963	-49.870205	96.452774	23.903782	165.8368	-49.94091	-2.4088533	2.7721386	39.049908	-14.856567	-97.004524	13.395956	1839.4919605255127	45.987299060821535
41	1550.2947	808.37775	2431.8005	80.43239	2333.459	881.6503	3450.067	1032.2883	698.2857	809.1	204999	98.6305	25.891003	175.97195	-50.961113	98.63058	25.892496	173.60553	-56.81342	-2.2965496	2.8592143	37.898563	-14.549273	-99.19313	14.369358	1885.7293326854706	45.99339840470291
42	1464.7676	742.54425	2495.2307	658.32196	2301.4106	1063.376	3388.8335	170.07329	810.0	816.9	209999	100.906456	28.129972	178.37262	-53.59987	100.9064	28.135279	177.00667	-61.19604	-2.1912992	2.9105473	49.63015	-14.304337	-101.46075	15.995803	1932.1798737049103	46.00428275834946
43	1103.5203	763.375	2622.5706	36.688168	853.8078	255.72711	1500.6597	545.96545	547.0	1000.0	214999	103.18759	30.435202	185.55011	-74.71161	103.18788	30.439657	185.82562	-73.00557	-2.149483	2.9697354	41.62428	-15.159086	-103.74215	16.16768	1980.1930470466614	46.05100113846535
44	1423.493	872.6324	2923.8105	324.1837	1516.1807	1256.9165	3585.533	155.62051	874.1667	508.3	219999	105.6097	32.7751	191.60696	-99.1588	105.61	32.77605	190.04567	-69.029655	-2.021219	3.0696795	48.138153	-13.887299	-106.16405	17.176437	2024.5643565654755	46.01282633976503
45	1876.5863	981.38885	2962.7466	395.89188	1466.0394	1095.4989	3338.638	67.58915	691.1429	428.2	224999	107.91755	35.12081	199.46292	-49.693558	107.917564	35.11933	199.4905	-75.618034	-1.9725257	3.0919461	38.276287	-15.410534	-108.46573	18.625013	2068.220610141754	45.960458056132
46	1221.3809	953.70496	2646.6516	116.875435	1452.3635	1093.6527	3456.3794	179.73192	634.7143	579.0	229999	110.628586	37.59734	209.9258	-116.87621	110.629	37.60139	208.23242	-165.98788	-1.8377945	3.1917734	45.931465	-13.922653	-111.17577	20.851328	2112.8140110969543	45.93073941313702
47	2019.1826	613.7529	2903.91	975.46027	2719.2185	924.16174	3565.6033	1146.7256	949.5	1000.0	234999	112.60242	39.573597	210.04672	-52.130356	112.60289	39.572266	211.95895	-77.491	-1.7905751	3.189618	51.242466	-15.451546	-113.1408	20.344034	2160.1997561454773	45.961696984920096
48	1383.6039	1071.1201	3137.7078	25.150667	2611.7976	1236.554	3824.838	113.71654	706.0	715.0	239999	114.90045	41.843647	214.72182	-79.20967	114.90009	41.84494	218.3311	-91.34133	-1.7195834	3.2585084	44.263443	-16.09282	-115.45211	21.809015	2205.5383467674255	45.94871559739113
49	1134.5668	856.5249	3011.484	219.25519	2987.025	676.6537	3495.3813	1391.0051	620.875	940.1	244999	117.11037	44.052868	220.39911	-113.23507	117.110855	44.05481	220.31134	-76.64867	-1.6471839	3.3126564	54.08981	-15.324646	-117.65143	22.668911	2252.631610393524	45.972073720425975
50	2177.8083	1118.5292	3200.651	399.13504	2813.142	1107.0236	3613.0256	573.17596	728.4286	1000.0	249999	119.68677	46.285496	226.53647	-143.21579	119.686455	46.28618	225.80235	-60.516582	-1.5823041	3.3692625	49.45941	-14.875416	-120.226974	24.687265	2299.911344051361	45.99822692394257
51	1630.291	1113.5817	3416.4236	442.52026	3390.5176	864.58734	3810.8848	810.80676	559.375	924.3	254999	122.34539	48.41257	232.87758	-72.45977	122.346176	48.4148	231.00403	-61.829414	-1.4639246	3.4523818	37.75148	-19.069138	-122.87359	26.0335	2347.0263545513153	46.02012464111927
52	1848.5326	1257.8951	3371.634	50.30116	1755.0492	1184.6721	3871.153	207.34598	714.1429	588.6	259999	124.863106	50.777515	237.13477	-84.79049	124.86305	50.781616	234.73587	-130.73248	-1.3488148	3.492346	56.105064	-14.864565	-125.4004	27.822613	2391.4893646240234	45.99018013018828
53	1677.825	1301.2617	3460.9094	19.18879	2370.5984	1448.0695	4275.1016	241.82336	507.4	672.7	264999	127.4694	52.97854	242.18158	-74.13361	127.46935	52.97864	238.46135	-131.22488	-1.294906	3.549675	52.0966	-15.26901	-127.97672	29.703997	2437.159646987915	45.98414432327702
54	2547.0857	775.4617	3554.486	1539.6294	3426.7292	1023.935	4179.4814	1196.1775	759.7143	908.0	269999	130.47075	55.42471	247.60101	-86.23146	130.47058	55.424877	248.14343	-95.25536	-1.1509145	3.6056108	62.393387	-16.8111	-130.99478	31.41719	2483.9020442962646	45.99818604522281
55	2289.1545	1317.0245	3947.3887	78.036385	3430.9407	1187.8533	4265.3896	1002.7198	651.7143	856.6	274999	133.92326	58.279568	253.1937	-71.64946	133.9229	58.28292	250.266	-94.63483	-0.9992401	3.7074256	52.128582	-14.669875	-134.45944	34.738125	2530.6149792671204	46.0111814845692
56	1999.0497	1292.7645	3492.0916	177.12701	2047.6022	1343.4613	4563.4937	640.66296	586.2222	596.5	279999	137.5928	60.781296	257.6868	-105.328514	137.59323	60.78161	259.68768	-104.63141	-0.92279977	3.7377226	58.508484	-15.002812	-138.1211	36.3398	2575.4634482860565	45.99041874919619
57	1383.0741	1265.9918	3741.5674	168.33481	1224.8136	867.57916	3238.8608	107.52259	464.1	579.5	284999	140.72165	63.16662	262.0674	-121.90161	140.72179	63.16867	261.34586	-103.65597	-0.8681178	3.739864	44.086273	-16.321222	-141.24092	37.097034	2620.0786740779877	45.966292569511815
58	2320.5945	1509.0702	4094.9907	171.42006	2805.268	1716.2375	4419.064	84.94163	622.2222	665.4	289999	144.09543	65.518425	267.0592	-99.93971	144.0957	65.5225	265.64462	-107.983246	-0.7652414	3.794056	39.625347	-14.938009	-144.5988	40.732475	2665.601310491562	45.958643317222595
59	2658.3413	1314.9022	3949.7566	720.27057	4210.151	89.97685	4382.739	4082.0112	996.0	1000.0	294999	146.65779	67.74299	275.10083	-80.83766	146.65782	67.745895	273.22635	-94.4145	-0.7545327	3.8284934	48.576954	-14.416459	-147.15001	38.883205	2712.7600281238556	45.97898355985092
60	2736.4683	1054.9598	3980.6396	1394.9365	549.9338	303.848	1013.8803	40.878323	720.1429	162.8	299999	149.84274	70.08401	280.59314	-102.247635	149.8428	70.08687	278.06915	-161.07738	-0.6685887	3.8355608	59.519142	-14.449373	-150.32594	41.079056	2754.5066788196564	45.90844468275706
61	2315.7024	1677.7827	4026.4653	199.77449	4041.6199	1112.5527	4888.585	1014.83685	601.7143	924.5	304999	153.49055	72.40814	281.29898	-99.839615	153.49074	72.40698	281.39694	-93.89331	-0.5349486	3.8900661	69.627495	-17.00129	-153.9872	43.249588	2801.604719877243	45.9279462587638
62	4005.3887	229.83247	4381.6025	3754.1465	1396.512	1081.3116	3672.1702	69.40144	1000.0	365.7	309999	156.86711	74.60427	288.7687	-153.04527	156.86693	74.60815	287.6569	-127.98288	-0.49853608	3.9190643	56.09426	-14.955001	-157.32988	44.3474	2844.7256560325623	45.882671902256625
63	2380.1133	1349.481	4082.1506	983.64685	1932.4391	1573.449	4530.9443	172.07097	728.5	563.0	314999	160.13374	77.08786	294.3147	-96.22961	160.13425	77.08909	294.1451	-77.15746	-0.36063176	3.973689	52.86241	-15.257005	-160.62086	45.238705	2889.401623249054	45.86351785962544
64	1934.188	1432.903	4341.962	102.677246	4166.0557	1209.7051	4985.2817	1728.2325	551.375	877.8	319999	163.37938	79.40584	302.64804	-153.92488	163.3789	79.40831	300.69156	-129.09982	-0.2697124	4.0201077	57.082115	-14.569252	-163.85144	48.489784	2935.977062225342	45.87464162707329
65	3155.2815	1475.9547	4453.309	732.5467	4372.6353	1000.87616	4803.2036	1387.7644	732.1429	928.5	324999	166.402	81.54702	305.916	-138.63667	166.40202	81.551476	307.44608	-181.20262	-0.21054862	4.0936804	63.296513	-13.494876	-166.88942	49.449276	2983.0832328796387	45.893588234828066
66	3842.1182	540.2662	4436.933	2978.7695	2598.964	2059.2	5087.1655	42.826324	906.5	555.0	329999	170.52495	83.78521	306.5507	-131.2981	170.52585	83.78654	307.95856	-138.80023	-0.13997033	4.110599	59.851032	-13.029212	-171.00455	49.541954	3027.6554625034332	45.8735676425876
67	2036.9062	1209.4684	4447.2607	32.481384	4307.9	537.10455	4852.424	3284.6763	466.55554	975.9	334999	173.8649	86.084435	315.8686	-150.79234	173.86476	86.09009	316.3062	-142.89458	-0.04777052	4.129449	59.618256	-14.893024	-174.3293	54.436863	3074.993661880493	45.89542782128747
68	4345.466	248.30687	4660.734	3897.448	3406.1855	1786.938	4986.582	592.0682	1000.0	774.8	339999	177.28325	88.22447	318.00488	-138.66241	177.28397	88.22823	318.80283	-114.77701	0.056641318	4.1651573	59.879913	-14.703175	-177.74683	59.678936	3121.3795943260193	45.902641128091254
69	3053.1484	1673.5563	4714.415	305.6127	4896.111	454.30447	5177.51	3578.3264	764.7143	1000.0	344999	180.35268	90.454895	329.84708	-169.5972	180.35254	90.46199	324.9702	-114.899445	0.16829145	4.2002606	62.70264	-15.357792	-180.81526	57.93324	3168.94287443161	45.92670835619388
70	2657.1738	1971.392	4776.653	118.81295	4736.157	308.75882	5104.061	3963.9841	665.75	1000.0	349999	184.0679	92.69748	333.87546	-102.776184	184.0679	92.702	333.19382	-159.58452	0.21339741	4.2343917	83.99027	-13.813435	-184.53493	60.703026	3216.649255514145	45.95213225228446
71	2571.237	1707.1122	4600.0674	773.59	4621.9346	869.5011	5165.6978	2080.5364	673.1429	940.4	354999	186.81412	94.572464	335.13394	-234.42163	186.81444	94.57637	333.993	-191.2544	0.27698612	4.2356176	63.480545	-15.116289	-187.27223	63.99903	3263.268246650696	45.9615246309361
72	2530.3184	1674.905	4699.653	81.18419	3363.856	2016.979	5118.3535	42.77457	561.2222	682.4	359999	189.66588	96.09907	341.13034	-97.02872	189.66663	96.10183	336.51425	-111.781105	0.33168817	4.273549	110.23412	-19.170368	-190.13658	63.948032	3309.169560432434	45.960688369141685
73	4593.752	57.236946	4663.628	4528.4614	4338.495	936.87714	5169.334	2785.0474	1000.0	880.3	364999	193.08928	98.23572	341.88446	-129.89348	193.08942	98.23734	338.49997	-92.652916	0.40517074	4.2851105	59.567085	-16.716398	-193.52122	66.57182	3355.524703502655	45.966091851665546
74	3355.3586	1239.511	4636.0703	1310.0891	2350.4863	2037.3992	4995.512	23.555927	880.6667	497.2	369999	196.12517	99.96533	343.93393	-173.19173	196.12611	99.96815	343.59772	-128.34756	0.49321824	4.3173532	59.358147	-13.46171	-196.59097	63.99252	3399.8785483837128	45.94430473688487
75	3138.1191	1446.1613	4672.1875	1027.4913	2874.7473	1896.6581	5580.3716	91.007744	825.8333	554.7	374999	198.4813	101.59777	347.8147	-157.03387	198.48212	101.60127	345.31375	-127.87616	0.5402439	4.3620296	46.429047	-15.953171	-198.92238	67.23408	3445.026736021042	45.93368984222412
76	3906.1213	919.2853	4834.091	2525.3633	4228.931	1210.9934	5022.3267	1777.4884	847.1667	882.9	379999	201.25647	103.04529	353.0293	-96.0405	201.25691	103.050064	350.32806	-100.69518	0.5967417	4.3659005	59.83692	-16.04967	-201.69145	66.31781	3491.35990524292	45.93894614671406
77	3244.476	1640.1013	4886.994	611.93726	4211.336	1580.0476	5406.3438	1206.6283	716.4286	925.9	384999	204.58017	104.55727	354.1854	-172.07655	204.58022	104.559135	354.01492	-157.13774	0.6248822	4.4263864	56.07589	-15.372374	-204.97585	65.690544	3538.399233818054	45.95323682450629
78	3214.5798	1080.4481	4675.792	1937.3538	4860.368	479.8727	5161.4604	3436.9814	786.5	1000.0	389999	206.94954	105.60504	356.34894	-160.47115	206.95004	105.61188	355.1267	-189.51602	0.6640415	4.3873453	58.35986	-13.775124	-207.33607	69.18283	3585.580851316452	45.968985300797684
79	3359.3147	1603.4764	4749.946	141.9605	4181.446	1533.0863	5225.1313	225.40222	793.6667	834.8	394999	208.70383	106.87941	359.9081	-228.31706	208.70384	106.88926	360.06482	-183.22562	0.66654295	4.4560013	77.05094	-15.015199	-209.11105	73.55543	3632.2905266284943	45.97836112372483
80	3584.661	1307.6332	5072.7456	1571.7715	4365.3247	1289.9524	5271.6133	1387.0533	756.5714	872.5	399999	211.15547	108.03373	364.15454	-167.4917	211.1559	108.044205	365.01514	-162.25888	0.7517745	4.4952083	80.45665	-15.2198925	-211.5472	74.5505	3678.9043202400208	45.986304023861884
81	4824.457	145.66399	4948.2173	4557.5522	5330.4717	444.08582	5696.1343	4042.3867	996.8	998.8	404999	214.16292	109.16794	364.58694	-183.13118	214.16281	109.173676	365.97125	-198.63554	0.84366435	4.4777017	61.6867	-14.895569	-214.56438	77.27712	3726.732739210129	46.00904618957896
82	2995.924	2080.8945	5148.2583	5.754362	4091.207	1285.0319	5219.4067	988.8457	769.5	821.7	409999	216.20328	110.49563	365.202	-161.10121	216.20384	110.50117	365.67477	-138.84387	0.8620843	4.484255	55.81289	-13.905529	-216.5922	73.70379	3772.7735114097595	46.00943308632548
83	2682.922	2004.3527	4968.1543	30.199327	3857.5054	1628.6022	5397.7812	1361.619	561.6	821.1	414999	218.78459	111.75782	367.90997	-193.11678	218.78448	111.769585	372.48907	-149.0136	0.92376006	4.4584217	58.19336	-15.395462	-219.15994	75.3255	3819.1164314746857	46.01345101034785
84	3834.8782	1252.6129	4904.2686	1381.5552	1990.7412	1449.53	4307.145	187.79736	821.1667	398.4	419999	221.78229	112.87711	373.9104	-193.59413	221.7819	112.88345	373.3363	-214.52074	0.95517004	4.4934387	61.403027	-15.506192	-222.13185	78.59733	3862.456198692322	45.981621432872046
85	3498.7031	1723.9731	4996.6284	706.5328	4847.538	406.26688	5097.1123	3641.8643	729.8571	974.5	424999	224.12617	113.84246	376.8214	-180.33276	224.12648	113.85323	377.62692	-170.77916	1.0663011	4.4998093	54.359676	-14.6095	-224.5026	80.28494	3908.8786256313324	45.986807385612934
86	3200.9265	1777.1741	4958.425	40.954914	4503.7173	1155.246	5344.2056	1987.8002	660.7143	890.8	429999	227.22227	114.89255	376.57147	-185.17688	227.22191	114.89968	381.39215	-173.46335	1.074621	4.5016656	58.099308	-17.738121	-227.54652	78.17476	3956.1302931308746	46.0015150613563
87	3401.6394	1724.8883	4904.4204	175.46368	4493.2065	1308.9973	5397.5483	1429.3618	866.1667	863.0	434999	228.75417	115.68099	378.46747	-150.43991	228.75499	115.687675	378.82907	-147.92018	1.0809982	4.4820614	75.289505	-15.129745	-229.10208	80.120384	4003.0367708206177	46.011916927907656
88	3502.4421	1646.5698	4847.971	39.99404	4119.6436	1829.1777	5600.6265	524.0219	738.6667	790.7	439999	230.44334	116.26502	379.55502	-219.25786	230.44328	116.27148	381.56555	-160.3507	1.0970945	4.490222	80.543945	-14.406292	-230.7586	83.19629	4049.5979459285736	46.01815849813548
89	4159.484	1255.8757	5063.1504	1434.0598	4563.921	1028.1823	5458.9297	1945.4772	860.3333	979.0	444999	232.8209	116.69809	379.63596	-168.42984	232.82063	116.703156	384.3949	-190.35077	1.1205909	4.5024214	56.18875	-15.952223	-233.11336	80.10877	4097.161070346832	46.03551766577731
90	4120.8677	900.94806	4856.852	2334.2375	2578.6985	1818.6934	5263.6743	132.77768	874.8333	504.3	449999	234.8256	117.2419	383.8028	-127.58055	234.82484	117.25201	386.3533	-238.19571	1.1743357	4.537423	61.98556	-14.298033	-235.1164	80.578026	4141.376628160477	46.01529589494069
91	3866.4133	1505.2401	5074.9243	889.92163	5005.414	1160.7438	5537.205	1536.6279	796.5	929.8	454999	236.67052	117.55688	386.549	-159.7675	236.6706	117.56626	387.56415	-163.75009	1.2381155	4.5219874	61.522743	-15.262224	-236.95117	86.95635	4188.289999008179	46.02516484784556
92	3346.343	2084.3235	4938.6177	123.10256	2825.2747	1854.1598	5241.7886	39.602966	858.3333	555.5	459999	238.29147	118.02398	389.63464	-171.38545	238.29218	118.02915	386.55374	-152.64264	1.2364037	4.5449376	66.61753	-13.242539	-238.55106	82.60683	4233.4743638038635	46.01602571425231
93	3922.021	1758.6049	4939.393	430.1673	4826.525	1201.7976	5679.9824	2271.5237	977.8	892.7	464999	239.60895	118.78464	389.82928	-217.4436	239.60846	118.79192	387.81512	-185.88611	1.2358859	4.492845	63.14049	-14.287453	-239.87695	85.00344	4280.597008466721	46.02792484273193
94	3155.8574	1711.9584	4896.663	35.382935	3893.129	1691.1923	5268.752	828.3275	668.5714	823.0	469999	241.26044	119.30597	389.5753	-225.20227	241.26065	119.31776	390.49454	-196.89766	1.3049188	4.5099583	83.938995	-15.929588	-241.5171	87.33402	4327.444661855698	46.03664535918134
95	3348.852	1570.166	5077.7114	884.46136	5466.261	105.3383	5642.4365	5334.8696	694.75	1000.0	474999	242.89005	119.60933	391.30972	-163.63916	242.88953	119.61668	392.95493	-207.95166	1.3226975	4.507541	96.73754	-13.547853	-243.13788	83.90919	4375.014413833618	46.052783323589125
96	4961.79	197.47455	5171.5215	4630.239	3116.5186	1746.1884	5249.3535	214.143	992.8	615.4	479999	245.2158	120.19341	393.69205	-196.22142	245.21533	120.19638	391.12704	-144.47752	1.4084805	4.5078187	73.93004	-22.451582	-245.47565	85.18771	4420.156342744827	46.0432952567935
97	3821.1062	1666.8752	5216.462	918.71106	4065.9446	1708.859	5397.402	840.32635	775.6667	765.0	484999	246.87294	120.80427	391.35	-313.13654	246.87225	120.81285	391.6979	-290.927	1.3407338	4.5253234	81.18257	-13.101082	-247.11363	85.67229	4465.926052808762	46.04047479580358
98	4378.7407	1078.354	5276.936	2074.476	4850.1313	1127.2908	5388.6943	1483.9095	902.0	1000.0	489999	249.06346	121.16736	398.34805	-205.28577	249.0623	121.17435	392.93405	-264.6444	1.3923048	4.5389695	67.78881	-13.99889	-249.30525	83.63534	4513.885735750198	46.06005854995883
99	5020.281	88.98495	5171.487	4927.9424	4939.823	1258.8224	5488.584	1177.8306	1000.0	923.8	494999	250.91011	121.67276	394.90485	-224.59001	250.91014	121.678406	394.73282	-185.2296	1.4309319	4.578927	72.88332	-14.001228	-251.15105	85.86329	4560.788578033447	46.0685715145535
100	4237.974	984.2538	5050.3975	2253.967	3779.77	1719.9058	5576.439	259.2523	847.1667	805.9	499999	252.75264	121.680565	396.00693	-179.81067	252.75217	121.68975	397.90637	-202.9461	1.5311327	4.6314025	62.10602	-14.173539	-252.98457	89.877235	4607.715841293335	46.07715843439102
101	3674.7449	1915.373	5034.684	473.0677	4022.7156	2602.4402	5474.9834	-1441.7408	739.8333	1000.0	504999	255.20573	122.278595	511.0075	-236.76843	255.20662	122.2819	534.3845	-293.08948	1.8100638	4.8843184	69.74046	-13.480146	-255.5206	103.50883	4655.59681558609	46.095017994984545
102	2723.1477	2366.4211	5163.48	-858.74176	3312.9856	2598.3984	5700.7397	-319.88727	898.3333	1000.0	509999	258.76273	124.19394	572.2181	-205.11469	258.76144	124.20549	554.2614	-193.04305	1.6952051	4.4909105	69.3749	-15.2722645	-259.00916	118.24808	4704.070422410965	46.11833749565424
103	3980.3896	1787.6025	4997.0127	11.241169	4045.1433	2124.1938	5827.2036	-327.49496	825.6667	897.5	514999	259.56403	124.16379	516.04443	-242.57378	259.5633	124.17321	524.346	-266.23926	1.5808673	4.45719	76.94764	-13.468326	-259.75995	110.46399	4751.415998458862	46.130252430739915
104	4758.0513	471.43546	5088.147	3837.132	3536.2925	1713.7382	5215.3633	660.48456	948.8	708.8	519999	259.2088	123.58691	444.2578	-144.65009	259.20883	123.58977	439.4097	-231.0295	1.5289057	4.547371	78.86486	-18.725624	-259.35556	95.13984	4797.215452671051	46.12707167863846
105	4031.7637	1163.8844	5134.74	1988.0406	5360.2383	109.514534	5628.8403	5192.1416	806.5	1000.0	524999	260.1957	123.7345	399.25824	-229.2101	260.19522	123.74269	399.5404	-199.00017	1.5102258	4.5372233	89.34961	-13.704813	-260.3481	91.25527	4845.2367124557495	46.145111569904145
106	3371.5608	1986.3501	5355.089	648.34314	5168.0986	732.5833	5712.657	3079.701	790.1429	946.3	529999	260.25122	123.99603	403.12704	-277.41208	260.24954	124.00628	405.64297	-173.37004	1.5083497	4.527617	88.7691	-16.233131	-260.3771	93.68627	4892.722005367279	46.15775479010816
107	3897.9863	1696.0605	5155.068	1076.6425	5380.427	96.11791	5520.2935	5229.9546	783.3333	1000.0	534999	261.30643	124.70323	406.7681	-274.10712	261.30588	124.70882	404.43756	-190.80437	1.5740917	4.5140224	55.282616	-13.113723	-261.455	94.79596	4940.737379312515	46.17511571233518
108	4486.7134	1172.862	5234.83	1888.4911	5429.7656	114.450386	5590.25	5186.834	899.1667	1000.0	539999	262.74326	124.76899	405.74725	-209.07664	262.74246	124.77603	403.53995	-249.02013	1.5909827	4.4741535	70.93224	-15.958647	-262.8877	94.99651	4988.218410491943	46.187207522215665
109	5007.2725	221.9305	5273.363	4625.043	5114.1587	491.98355	5412.2886	3674.6938	980.4	968.2	544999	264.2385	125.01307	404.04953	-260.58447	264.239	125.01717	403.21945	-275.24493	1.595777	4.5398054	70.05736	-14.923069	-264.38544	90.87837	5036.14071559906	46.2031258530573
110	4545.338	1035.4415	5174.8403	2480.04	4951.8584	1361.8148	5561.8364	873.64545	896.8	918.2	549999	266.58517	125.01309	407.59454	-167.28462	266.5834	125.02031	407.33527	-242.7235	1.6187439	4.5235524	60.56403	-15.74408	-266.70966	92.07331	5083.463750600815	46.21330684098331
111	4904.0864	425.4783	5224.3135	4066.375	5494.364	123.15046	5671.731	5271.343	963.8	1000.0	554999	268.70035	125.54306	404.58337	-184.51466	268.69937	125.5537	403.7656	-214.18912	1.7149407	4.495411	69.80124	-15.071146	-268.83032	90.32795	5131.297765254974	46.227907814421094
112	4422.145	1262.4845	5101.1743	1605.0991	4919.8486	924.1938	5494.667	2199.9817	890.8333	947.0	559999	270.12054	125.991104	411.06107	-156.12634	270.11917	125.99744	408.22958	-166.2251	1.7354242	4.549038	103.07853	-15.604062	-270.2632	93.65024	5179.1521916389465	46.24243030164923
113	3407.7036	2191.7063	5194.731	26.826702	4460.7324	1687.3075	5646.015	612.6281	682.5	857.9	564999	272.1325	125.7749	409.6849	-225.50992	272.1321	125.77976	411.01254	-217.74315	1.6789628	4.524591	114.9885	-14.873512	-272.2592	89.80982	5226.503368616104	46.2522422170217
114	4159.7764	1885.9081	5209.094	396.4742	5346.478	189.274	5564.299	4892.199	1000.0	1000.0	569999	273.61374	125.72384	414.55545	-243.96313	273.61304	125.73158	408.91602	-249.71883	1.7006762	4.4812846	85.91967	-17.812277	-273.73294	88.2584	5274.244466781616	46.26530235901213
115	5169.177	77.21121	5256.088	5049.6514	5356.7173	73.17526	5463.488	5249.555	1000.0	1000.0	574999	274.58752	126.426506	412.98145	-180.04352	274.58786	126.43037	411.91992	-238.28552	1.7882612	4.5633554	77.47848	-13.730276	-274.71426	88.32836	5321.96186375618	46.27792926871258
116	3548.839	1788.6307	5168.0347	880.29474	5549.415	76.663025	5662.5376	5423.0005	743.5	1000.0	579999	276.3643	126.8108	417.01474	-200.61069	276.3636	126.81373	410.1509	-174.64798	1.8084841	4.5283523	72.12294	-14.691414	-276.46664	89.3843	5369.4615478515625	46.288461637908014
117	5104.5674	150.4399	5311.4883	4858.802	5567.261	127.79866	5712.1665	5271.2656	1000.0	1000.0	584999	277.66342	126.71432	412.69913	-290.69028	277.66345	126.72486	412.60422	-267.2347	1.7982212	4.5550275	116.769684	-14.1573925	-277.74377	97.06241	5417.323412895203	46.30190953230247
118	5127.772	171.93492	5380.714	4847.7773	4556.8696	2048.3064	5728.419	103.342766	1000.0	821.9	589999	278.59	126.834595	419.8933	-191.7095	278.5895	126.8415	414.3537	-172.91911	1.8552084	4.5545654	69.27559	-14.435409	-278.6513	90.24469	5463.933630943298	46.30452231431411
119	4045.368	1373.8048	5217.402	1396.9125	5565.797	105.58079	5716.7275	5343.5977	905.6667	1000.0	594999	279.5977	127.23339	415.1384	-189.26091	279.5966	127.23637	416.32474	-146.37991	1.8087896	4.536975	112.47715	-13.457122	-279.67035	89.674324	5511.767049789429	46.31737018232586
120	4473.174	961.6987	5462.933	2677.852	5454.4414	125.38913	5665.7725	5265.1226	867.3333	1000.0	599999	281.07114	127.407295	417.28528	-218.53006	281.06995	127.41623	414.1018	-234.32545	1.9119742	4.558239	103.98278	-17.42135	-281.142	92.234634	5559.92501616478	46.33270848592122
121	3808.4006	2048.1836	5366.842	139.75345	4824.82	1581.9742	5548.4	87.429565	735.0	903.7	604999	282.13495	127.482574	418.55017	-177.96675	282.1339	127.49399	419.2447	-173.26003	1.9161552	4.556282	123.929405	-14.174521	-282.19476	97.3754	5607.130915641785	46.339924944333795
122	5200.439	116.06722	5361.292	5090.6567	4309.841	2001.3995	5736.2217	547.21423	1000.0	782.3	609999	283.17706	127.637505	416.42288	-170.5791	283.17645	127.6474	416.14905	-280.8994	1.9668683	4.5743475	96.99121	-14.546204	-283.2521	95.71165	5653.785676717758	46.342505562500875
123	3912.9458	2061.3906	5357.625	655.4778	5120.1543	837.11005	5572.976	2635.0337	756.5714	951.2	614999	285.0311	127.84395	417.43924	-266.46893	285.03186	127.84536	421.3425	-162.07327	1.9320337	4.5810094	98.62653	-14.0555525	-285.07925	94.39117	5701.171509742737	46.35098789959419
124	5009.388	284.71805	5357.091	4531.9316	5309.808	77.45484	5459.9155	5170.463	978.8	1000.0	619999	286.28812	127.89661	419.3612	-172.49417	286.28796	127.90438	420.72443	-140.66321	1.8947039	4.6013904	109.914246	-14.883795	-286.303	90.5215	5749.104258060455	46.36374403199842
125	4300.9834	1793.343	5221.9272	295.5336	5448.868	119.681946	5594.116	5231.7456	846.6667	1000.0	624999	287.14783	127.79053	417.09775	-307.07806	287.14783	127.79119	420.2962	-322.61053	1.8863991	4.5644784	97.36956	-12.935961	-287.14255	94.7642	5796.476685762405	46.37181350326538
126	5132.6	184.536	5381.242	4827.9507	5477.6074	75.381096	5566.974	5322.0757	1000.0	1000.0	629999	288.31305	127.58358	421.732	-286.57483	288.31277	127.59081	418.16315	-386.08246	1.9399624	4.5538363	82.861465	-13.268637	-288.34494	93.16045	5844.132118463516	46.38200095721653
127	4783.2744	864.52325	5366.4546	3063.0056	5327.9976	414.60452	5598.1914	4159.7793	923.6	980.7	634999	289.11237	128.0183	419.38712	-171.95392	289.1114	128.0268	420.58987	-270.8546	2.0000494	4.5255136	67.95091	-15.285215	-289.1252	92.50773	5891.472856760025	46.38955007012435
128	5259.2334	91.433685	5364.938	5121.5137	5473.4077	122.00139	5572.347	5145.598	1000.0	1000.0	639999	290.1529	128.31108	423.13535	-320.13977	290.15295	128.31659	419.764	-269.36325	2.0549984	4.5719876	168.62592	-15.427482	-290.1565	92.780365	5939.293516159058	46.400730611756444
129	4737.5615	1010.04236	5234.198	2483.4246	5615.099	95.21219	5727.0054	5437.888	912.6667	1000.0	644999	291.45645	128.35263	423.44046	-185.48532	291.45557	128.3589	422.1529	-231.14267	2.06625	4.5720415	93.9534	-13.819331	-291.46317	92.54907	5987.011699438095	46.410943419434304
130	5013.7764	349.3582	5330.8604	4343.1675	5495.6904	107.66546	5659.382	5288.1895	965.8	1000.0	649999	292.8908	128.1468	422.42984	-213.85637	292.89017	128.1491	425.17276	-223.18007	2.0409236	4.581881	119.12703	-13.248145	-292.86725	97.68836	6034.606257677078	46.42004814881545
131	4238.303	2075.448	5371.0107	88.81893	5415.005	861.13666	5843.554	2854.593	1000.0	949.8	654999	293.10675	128.60345	424.8646	-345.0341	293.1064	128.61412	422.55054	-294.6253	2.0320513	4.546359	77.897514	-15.781326	-293.08405	91.79956	6082.463263034821	46.43101729145487
132	4608.3413	1474.4011	5372.4126	1316.2122	5705.046	106.244225	5821.6543	5475.107	878.6667	1000.0	659999	294.60596	128.66399	424.72708	-187.01892	294.60565	128.67438	425.53568	-148.09546	2.0726113	4.585637	94.10824	-12.980358	-294.62408	90.17299	6130.131204366684	46.44038792631843
133	5160.6396	102.000626	5298.505	5033.433	5441.1924	384.46246	5717.807	4331.3525	1000.0	981.7	664999	296.12457	129.08788	426.3819	-306.03375	296.12347	129.09306	425.46585	-273.0166	2.0972195	4.592108	95.3426	-16.590513	-296.1116	90.32518	6177.690264701843	46.448798998854215
134	4053.1445	1871.9388	5386.1304	365.73114	5144.9385	785.45276	5610.839	2812.7754	777.5	954.9	669999	297.02356	129.13998	427.74353	-215.52669	297.02322	129.15082	426.86642	-207.25032	2.1263063	4.638282	136.3952	-13.410751	-296.99768	97.21033	6225.231916189194	46.45695461444001
135	3395.1045	2243.3489	5326.169	166.01	5601.8877	446.97458	6001.696	4304.8296	660.625	975.7	674999	298.21616	128.91129	426.7013	-205.93362	298.2166	128.91972	425.75803	-370.09882	2.0909777	4.584802	116.22266	-12.874716	-298.1986	91.54135	6273.060057878494	46.46711155750133
136	5332.583	105.789764	5452.6714	5145.989	5500.46	142.20168	5799.6323	5262.847	1000.0	1000.0	679999	299.62152	128.90482	426.84586	-193.66388	299.62225	128.90552	428.392	-263.74316	2.1154892	4.5728188	116.95872	-14.407519	-299.5953	90.91925	6321.055348873138	46.47834816925666
137	5329.4385	64.0554	5402.141	5234.453	5487.9756	75.99978	5654.7783	5420.296	1000.0	1000.0	684999	300.77655	129.35258	431.46948	-284.96432	300.7772	129.35489	427.0934	-266.46622	2.1991653	4.599787	115.88649	-13.549296	-300.7371	92.461716	6368.901681423187	46.48833345496742
138	4527.4053	1524.006	5443.934	1486.6439	5741.8486	103.420265	5909.601	5581.376	1000.0	1000.0	689999	301.7927	129.77852	430.407	-224.00688	301.79303	129.78749	433.6926	-285.6135	2.176174	4.613768	102.541824	-15.08361	-301.7466	94.40324	6416.8263120651245	46.498741407325305
139	5378.663	102.45831	5486.5923	5221.694	5694.166	163.79271	5897.7964	5381.047	1000.0	1000.0	694999	302.81277	129.65137	429.53085	-328.5887	302.81277	129.66168	430.54807	-410.01718	2.1453302	4.620249	95.87418	-14.152734	-302.7696	90.30415	6464.797953605652	46.509337809446045
140	5257.0693	117.396255	5440.508	5102.1606	5482.6177	108.887276	5669.552	5346.675	1000.0	1000.0	699999	303.60007	129.98795	432.17343	-189.61389	303.60126	129.98936	432.45612	-221.004	2.200853	4.572326	105.14912	-13.772394	-303.53818	95.20988	6512.504464149475	46.517889043263025
141	5284.871	95.00366	5413.1616	5173.0376	5542.303	115.5166	5762.076	5371.721	1000.0	1000.0	704999	304.8263	129.82765	432.85052	-195.54007	304.82684	129.83423	434.40366	-198.21596	2.2029574	4.5232015	105.22681	-14.023425	-304.77432	90.0591	6560.338893175125	46.52722621640415
142	4542.1777	1495.7355	5499.113	1562.3522	5693.8076	90.34102	5803.2217	5522.411	1000.0	1000.0	709999	305.7353	130.08893	430.67798	-222.55864	305.73557	130.09998	430.95157	-230.7666	2.2449718	4.560316	120.33796	-12.660961	-305.65674	92.74027	6608.124625682831	46.536088926691406
143	4481.728	2000.0283	5521.5786	12.056943	5575.8145	182.585	5801.6606	5071.2896	835.5	1000.0	714999	306.8726	130.01982	432.23242	-177.38649	306.87238	130.02017	433.30698	-262.89786	2.205295	4.529069	89.170944	-16.741367	-306.81876	90.38189	6656.3188099861145	46.54768400092225
144	4871.2236	1018.78076	5538.8486	2843.5222	5527.13	74.49783	5680.639	5387.4067	907.6	1000.0	719999	308.1408	129.99167	432.6831	-179.80077	308.14154	129.99979	431.57544	-197.65918	2.2063837	4.5687933	104.95512	-13.931265	-308.0712	88.92078	6704.327775478363	46.55783178740077
145	5379.7	165.30217	5544.424	5111.9663	5249.0693	1375.6636	5849.654	1139.4219	1000.0	921.0	724999	309.08536	130.36374	433.69125	-338.25323	309.084	130.36835	432.39926	-181.6647	2.2455091	4.576366	105.61522	-13.88386	-309.0046	94.355606	6751.40088057518	46.5613853980755
146	5332.7734	68.17299	5407.964	5236.3364	5347.4453	589.5139	5771.056	3603.9824	1000.0	968.9	729999	310.30252	130.4854	436.842	-189.548	310.3039	130.49342	435.8149	-166.29008	2.2869449	4.604939	134.56541	-15.441397	-310.24377	93.90328	6799.027617931366	46.568682329295434
147	3647.568	2050.115	5457.563	833.7636	5646.2417	68.48033	5731.018	5509.4497	683.2857	1000.0	734999	311.62323	130.58292	437.6651	-231.6095	311.62415	130.58716	439.27136	-214.1389	2.2645853	4.619498	141.0058	-15.3658695	-311.5438	91.55837	6846.675593614578	46.576024460954734
148	4936.3823	840.4972	5509.0073	3073.5427	5694.4536	157.5092	5945.895	5412.591	927.3333	1000.0	739999	312.28635	130.88313	436.0072	-202.03502	312.28528	130.8968	434.0842	-236.04913	2.4102528	4.6270733	111.263504	-19.082796	-312.19037	94.87429	6894.521901369095	46.58460745779244
149	3948.3916	1742.0614	5448.1133	534.25635	4612.5596	2118.0764	5800.8076	-1134.4954	799.3333	946.4	744999	314.56873	130.47731	843.3825	-226.08197	314.5716	130.48145	834.2908	-229.91588	2.6459098	4.9350758	107.735176	-14.270152	-314.6034	109.02695	6942.117576599121	46.591393145938845
150	50.94697	1505.6453	2851.719	-1335.1235	-251.43977	260.52173	277.6277	-564.3305	1000.0	1000.0	749999	328.4377	124.369064	961.48004	-305.10837	328.43646	124.36319	956.52124	-188.05573	4.088322	4.733538	97.54582	-14.317866	-329.68848	215.38423	6990.1325006484985	46.60088335196177
151	-848.81494	439.5977	14.559225	-1311.89	-661.5467	193.19424	-408.32147	-1155.53	839.6667	1000.0	754999	358.17462	117.3535	798.92145	-187.88162	358.17145	117.38019	794.37067	-292.6472	3.633216	3.9746032	160.35735	-14.955174	-359.4288	191.77754	7038.308305025101	46.611313292522304
152	-643.73303	283.29477	-117.65777	-951.17444	1229.3506	1387.5951	3650.1667	-132.83159	1000.0	1000.0	759999	365.7725	112.48204	622.4664	-238.73422	365.77185	112.493805	612.52234	-299.1423	2.9333634	3.687765	79.32978	-15.601166	-366.13034	129.36473	7086.3182780742645	46.62051500144758
153	3657.2976	1832.1744	5116.6816	110.72913	5338.6396	102.626175	5468.299	5166.9824	1000.0	1000.0	764999	356.63028	109.07799	466.33337	-268.10553	356.62967	109.09081	465.08505	-398.4315	2.6925123	3.8091638	239.52756	-16.360584	-356.64755	114.595665	7134.443646907806	46.630350647408974
154	5030.4155	275.8666	5363.9756	4567.7793	5098.6553	1296.3822	5680.88	1224.867	1000.0	924.1	769999	348.25085	107.30529	464.9122	-256.12506	348.24902	107.31032	463.23203	-282.93954	2.8687532	3.8235054	105.30927	-14.819787	-348.3094	116.14586	7181.572892665863	46.633590224501376
155	4457.441	1784.6476	5390.163	473.82535	5627.7983	146.62956	5790.7314	5318.4844	854.3333	1000.0	774999	343.36456	106.99597	457.95767	-377.90823	343.36444	107.00448	458.9589	-202.02205	2.7812357	3.8704875	118.95307	-14.254621	-343.38464	102.238716	7229.330250501633	46.64084033812246
156	3769.2825	1904.2538	5439.881	291.6752	5723.631	86.82732	5870.101	5581.4624	718.7143	996.9	779999	339.52002	107.92122	455.80368	-235.34332	339.51874	107.93647	454.59442	-209.34514	2.7025414	3.9907725	90.03141	-12.944425	-339.50705	104.9457	7277.6717348098755	46.65174190356181
157	4847.54	657.6555	5582.569	3981.375	5546.9316	118.1193	5708.691	5328.193	920.8	1000.0	784999	335.4968	110.83875	453.80008	-214.45425	335.49518	110.84331	452.92615	-209.38777	2.544899	4.0421953	80.53183	-14.4763775	-335.4593	98.33296	7325.90968132019	46.66184511761757
158	3905.6382	1828.3737	5462.935	345.57242	5532.323	95.04921	5658.0825	5390.9106	788.1429	1000.0	789999	332.23553	113.73701	448.4955	-210.6236	332.23438	113.747734	449.9277	-317.44443	2.5336814	4.1324015	99.38088	-16.534956	-332.17575	100.19664	7373.421450376511	46.66722438305239
159	5360.9956	37.749233	5403.261	5290.0957	5622.5933	292.1745	5820.043	4767.1304	1000.0	984.6	794999	329.4202	116.592384	443.6676	-179.49292	329.42004	116.59798	444.0695	-210.20636	2.4959803	4.279778	93.146255	-13.439829	-329.34305	97.874176	7421.114781618118	46.673677885307455
160	5278.646	120.827324	5401.079	5057.8687	5462.907	543.95483	5715.6616	3834.5278	1000.0	971.9	799999	326.84906	120.05538	444.2956	-198.77385	326.84802	120.06711	446.27725	-294.7124	2.417404	4.2909846	184.60745	-14.116932	-326.73447	94.0689	7468.534774541855	46.67834235280752
161	5277.7354	153.6866	5419.4355	5043.9746	5640.5723	73.22387	5764.6875	5495.608	1000.0	1000.0	804999	325.75113	122.76306	445.1327	-336.8598	325.75006	122.778	442.96756	-255.46396	2.300871	4.3693542	283.04837	-14.215675	-325.66794	97.153625	7516.269876718521	46.68490607842155
162	5380.782	48.034977	5437.0977	5294.2417	5705.811	60.193954	5808.738	5616.1924	1000.0	1000.0	809999	324.3882	124.71972	444.67627	-195.01228	324.38687	124.729935	447.6229	-229.776	2.325202	4.384389	97.138504	-13.70159	-324.27747	97.50012	7564.093505144119	46.691935228712765
163	5344.5156	32.99273	5381.9883	5295.662	5606.1914	69.38319	5713.0293	5499.875	1000.0	1000.0	814999	323.4908	126.255455	444.06598	-189.57983	323.49	126.26529	442.24948	-209.13516	2.3145587	4.4110675	102.405304	-13.4461155	-323.37115	101.73864	7611.833678245544	46.69836613737001
164	5371.1343	72.06546	5481.7607	5281.8003	5437.3003	754.0423	5827.1875	3192.7598	1000.0	957.7	819999	323.26376	127.1388	443.31015	-174.14752	323.2641	127.14286	441.71475	-240.22432	2.360502	4.416815	76.426994	-15.597348	-323.13095	95.48001	7659.927281141281	46.70687367567202
165	5351.538	67.28099	5427.099	5263.9287	5771.581	109.75081	5982.939	5586.133	1000.0	1000.0	824999	323.7438	127.85913	444.16382	-297.83112	323.7438	127.8661	442.6	-209.72496	2.3288252	4.4092813	97.49435	-17.308947	-323.6411	94.604485	7707.69441485405	46.71329949552363
166	5439.4014	84.12454	5559.396	5354.8545	5772.419	105.95373	5900.7607	5540.6313	1000.0	1000.0	829999	324.0403	128.82391	443.90268	-208.93866	324.03888	128.83324	442.0526	-179.38562	2.3144157	4.448409	173.24979	-13.746622	-323.91296	95.678	7755.877050638199	46.72215091894908
167	5375.4297	110.84478	5564.264	5223.387	5612.9717	81.31654	5739.4126	5478.6826	1000.0	1000.0	834999	324.5983	129.17876	444.22873	-180.66827	324.59875	129.1843	443.90125	-273.48267	2.329142	4.447684	99.16226	-13.794893	-324.4827	96.40785	7803.44701218605	46.727227630729445
168	4537.3633	1846.7574	5419.3057	409.4177	5589.617	108.28649	5797.4995	5426.5947	849.5	1000.0	839999	324.5783	129.87334	443.2834	-231.74666	324.57864	129.87968	443.67255	-326.29648	2.289327	4.473565	129.75426	-12.910108	-324.43616	95.45665	7851.229412555695	46.733508422261195
169	5280.8306	82.289024	5396.3447	5156.939	5521.833	45.121292	5600.8604	5448.611	1000.0	1000.0	844999	325.6008	129.89938	444.70505	-180.67961	325.59933	129.91017	442.46436	-221.16284	2.365877	4.4386396	78.80557	-14.573042	-325.5002	92.228935	7898.726179599762	46.73802474264563
170	4509.9604	1922.8359	5429.721	212.43002	5467.728	877.58716	5909.3594	2852.7632	843.3333	949.0	849999	326.50418	130.42245	443.77454	-272.69644	326.50473	130.42355	444.77356	-262.13507	2.3761978	4.425728	147.74611	-14.16264	-326.39056	89.43969	7946.223823070526	46.74249308670268
171	5391.0483	72.0607	5493.328	5280.685	4336.7705	2131.2212	5831.712	821.248	1000.0	762.5	854999	327.14163	130.48566	444.87845	-259.88022	327.13986	130.50085	444.18564	-225.70465	2.3463557	4.4183545	120.04489	-13.52067	-327.03726	94.13646	7992.134668111801	46.73762965062905
172	5326.828	86.852036	5482.4106	5221.3003	5627.937	90.23114	5810.06	5431.071	1000.0	1000.0	859999	327.8622	130.60023	447.7211	-487.4594	327.86246	130.60867	448.6619	-483.6598	2.3273232	4.4341683	167.03575	-14.801054	-327.7164	90.806885	8039.92698097229	46.74376152975615
173	4105.3965	1731.9833	5389.775	1181.303	5739.337	107.45773	5838.7495	5494.0576	784.1667	1000.0	864999	328.85904	130.759	447.09146	-173.7708	328.85953	130.76404	445.50085	-247.89105	2.3841023	4.431784	98.62151	-13.886361	-328.75467	90.70831	8087.170762062073	46.74665181623029
174	4928.5825	1079.6843	5545.6724	2772.3435	5815.103	107.89722	5964.598	5562.0093	909.4	1000.0	869999	330.19272	130.51823	448.44263	-191.92624	330.19348	130.51817	448.75952	-202.44447	2.3651524	4.4156203	83.70416	-15.317903	-330.0627	88.00856	8135.255376815796	46.75434125839979
175	5369.743	137.63823	5531.8154	5134.382	5695.3086	94.65122	5840.601	5528.4854	1000.0	1000.0	874999	330.9594	130.43407	448.95377	-206.58884	330.9591	130.44275	451.0201	-189.61864	2.4171462	4.473549	152.5939	-13.246744	-330.80975	92.0642	8183.204477787018	46.761168456758774
176	4485.075	1736.3551	5420.3794	1014.15985	5854.8286	118.38197	5980.1025	5579.4375	1000.0	1000.0	879999	330.70667	130.67831	448.52902	-213.0198	330.70694	130.69142	447.5071	-314.37057	2.392094	4.409564	83.01565	-13.651432	-330.557	96.16306	8230.78187084198	46.76580609516664
177	5424.7646	103.27587	5516.4194	5232.6914	5022.4307	1624.5151	5718.636	166.00174	1000.0	898.4	884999	331.5217	130.571	448.38983	-228.10597	331.522	130.57584	449.42456	-276.47293	2.4015484	4.436546	202.82684	-14.282083	-331.3949	90.40516	8277.918209791183	46.76789950112165
178	5389.53	181.54063	5576.668	5047.267	5135.0225	1562.9087	5796.662	456.98322	1000.0	909.3	889999	332.0733	130.60706	448.82336	-218.05026	332.07318	130.61757	448.3978	-231.89378	2.435013	4.4389133	121.4346	-14.172035	-331.90695	94.17647	8324.89597606659	46.7690785292829
179	5383.836	66.89058	5477.712	5287.8477	5458.54	914.7877	5914.6587	2739.1558	1000.0	994.6	894999	332.72668	130.8094	452.2902	-272.8852	332.7269	130.8192	447.58014	-286.6705	2.3985946	4.408864	139.2746	-15.6419	-332.5898	94.59529	8372.925687551498	46.776121170161154
180	4669.3164	1738.9601	5588.816	785.13904	5179.994	1524.1713	5909.666	653.51807	862.6667	907.3	899999	333.76398	130.97412	451.94843	-163.37769	333.7642	130.98376	449.84265	-206.20898	2.3681624	4.4849615	131.9784	-13.019228	-333.63657	91.576866	8420.01747751236	46.77787488698959
181	4889.362	1287.696	5696.8003	2038.3188	4905.75	1637.5573	5843.756	238.83786	899.1667	863.0	904999	334.2111	131.16478	454.49255	-251.06004	334.21085	131.16835	451.4226	-310.1541	2.4067388	4.421449	96.10218	-14.026037	-334.0463	93.184616	8467.001761198044	46.77901526577565
182	4662.0166	1572.3335	5572.8438	1520.87	5785.7856	79.65262	5942.324	5638.467	863.2	1000.0	909999	334.81744	131.21506	453.3233	-215.81964	334.81738	131.22339	453.52103	-250.60796	2.4320607	4.4543433	136.91974	-15.104488	-334.659	94.57631	8514.690712690353	46.78401491668198
183	5517.5337	107.95784	5674.328	5339.7637	5795.252	49.76929	5876.1597	5732.969	1000.0	1000.0	914999	335.94928	131.16196	454.40414	-386.88147	335.9496	131.15968	454.4084	-270.70822	2.4554923	4.4364514	146.35674	-14.3927	-335.77353	90.84784	8562.479666948318	46.78950638718944
184	4655.1294	1618.8394	5502.7915	1040.232	5457.8145	989.845	5915.074	2506.4465	867.6667	944.5	919999	336.5803	131.01144	455.01468	-218.97752	336.58038	131.02094	455.25766	-189.33641	2.521779	4.431529	157.53807	-14.832428	-336.415	94.430084	8609.928815364838	46.793091399514154
185	4879.3813	637.33307	5452.8633	3527.1616	5491.9976	972.7502	5946.4663	2582.6753	927.6667	946.6	924999	337.11755	131.16794	453.20764	-291.92062	337.11798	131.17311	453.1649	-220.73134	2.5224535	4.437395	101.09079	-15.96039	-336.96216	94.04443	8657.48094367981	46.79719430175987
186	5490.3022	89.8413	5652.2344	5376.825	5521.7344	783.50775	5913.79	3184.6948	1000.0	958.1	929999	338.30426	130.65257	455.81494	-236.1314	338.30365	130.66434	454.88916	-247.44678	2.5086634	4.4454393	115.751625	-13.894146	-338.11993	97.07565	8704.367287158966	46.797673597130725
187	4870.133	1227.8079	5517.2495	2415.0955	5378.7427	1115.2688	5923.0815	2046.3276	1000.0	937.5	934999	338.6129	131.12645	454.16837	-271.3156	338.61255	131.13197	452.71893	-212.75084	2.489148	4.4564705	89.202644	-15.207277	-338.42502	94.106766	8751.638010501862	46.800203280015424
188	5149.816	495.73206	5467.2	4176.7915	5257.5283	1555.1458	5932.7734	599.15344	948.0	911.6	939999	339.65942	131.00832	455.26648	-166.1984	339.65894	131.01456	453.89932	-275.92377	2.567855	4.4753556	157.20514	-14.24917	-339.4968	94.08324	8798.826591730118	46.802269115092905
189	4575.5767	1961.5818	5603.485	196.6616	5727.4634	159.627	5890.3525	5424.488	842.5	993.2	944999	340.37	131.20839	454.2653	-331.47565	340.37064	131.21274	452.378	-291.04047	2.5292234	4.435395	180.45886	-13.244644	-340.21982	93.11527	8846.583982229233	46.80732266865079
190	5444.5303	98.34023	5632.7876	5355.89	4760.7876	1955.8115	5842.838	62.635086	1000.0	835.7	949999	341.47943	131.06519	465.19427	-188.46231	341.4789	131.0747	454.42505	-199.21625	2.4657857	4.448427	122.70378	-15.588903	-341.28745	90.91166	8893.345155954361	46.80707977947436
191	5434.6406	111.547264	5561.243	5239.0874	5482.1064	1176.3173	6080.3413	2038.9396	1000.0	921.6	954999	341.8914	131.08304	457.67178	-324.7083	341.89243	131.08453	457.66568	-189.80629	2.5032358	4.4649096	172.64096	-13.780022	-341.7097	93.63039	8940.430501461029	46.80853666809841
192	4570.4204	1735.2349	5496.1797	1100.5131	5111.506	1639.353	5800.4136	204.6975	1000.0	905.8	959999	342.31345	131.31657	456.22314	-285.20047	342.3124	131.32338	456.6547	-213.39655	2.5943918	4.493467	134.5369	-16.483742	-342.1033	93.28677	8987.587008714676	46.8103490161399
193	4532.8896	1983.1223	5645.932	106.402214	5707.857	88.083015	5835.5815	5579.027	840.6667	1000.0	964999	342.859	131.51654	455.4848	-281.67496	342.85867	131.515	456.12723	-297.44452	2.534857	4.41787	99.392784	-14.9467125	-342.65384	89.840385	9035.28006196022	46.81492260947746
194	5555.5522	90.9351	5665.8193	5409.555	5248.4937	1729.4099	5933.761	64.846405	1000.0	902.8	969999	343.64722	131.24127	454.9357	-204.23836	343.64703	131.24669	456.09152	-198.89659	2.6296668	4.417345	89.73378	-12.770727	-343.47098	90.4156	9083.24743270874	46.82086306503139
195	5476.892	61.060154	5569.922	5389.3076	5085.3325	1824.6971	6072.134	114.85672	1000.0	864.7	974999	344.33713	131.12778	456.64825	-166.23622	344.33734	131.1395	455.2901	-211.30276	2.5940146	4.4217176	95.67125	-13.105715	-344.14474	93.605934	9130.02908372879	46.82066197884389
196	5365.7563	108.176865	5482.507	5187.4604	5630.5244	250.20653	5881.4697	4958.345	1000.0	980.3	979999	344.95047	131.29613	459.28317	-225.36162	344.94952	131.30312	456.64163	-272.36627	2.5681899	4.4715447	107.46219	-12.968697	-344.75644	91.95035	9177.89611196518	46.82600058463155
197	4960.7563	1136.8846	5701.8413	2698.4937	5514.8257	909.2646	5969.7715	2813.1172	897.2	950.0	984999	346.04272	131.0246	460.15164	-357.74734	346.0444	131.01593	457.7221	-155.09993	2.630082	4.484655	164.40965	-13.924292	-345.8432	91.900665	9225.36877989769	46.829283157581
198	4519.7085	1263.7391	5557.8623	2187.6372	5410.027	1717.363	6297.3804	274.26373	840.3333	906.2	989999	346.3946	131.07074	459.43207	-290.42654	346.39453	131.07533	459.27316	-373.69043	2.5381866	4.4180226	169.26929	-14.015722	-346.1742	91.534386	9272.609330892563	46.83136026546209
199	4028.204	1930.2173	5490.5063	970.15594	5638.5635	188.55046	5949.741	5225.633	856.1667	1000.0	994999	347.2066	130.71812	458.48315	-237.6771	347.20715	130.72974	457.08356	-180.59808	2.5392187	4.42935	86.021645	-14.397996	-346.9992	88.17947	9320.324451446533	46.83580127433317
200	4790.848	1644.0961	5662.622	1123.2262	5726.892	73.18216	5802.0815	5600.536	871.0	1000.0	999999	347.5621	130.77797	459.36267	-314.81793	347.5614	130.77896	456.46667	-155.77402	2.5960467	4.4337277	95.32993	-14.942825	-347.3432	91.898125	9368.190673589706	46.84095337867737
