Epoch	AverageEpRet	StdEpRet	MaxEpRet	MinEpRet	AverageTestEpRet	StdTestEpRet	MaxTestEpRet	MinTestEpRet	EpLen	TestEpLen	Time Steps	AverageQ1Vals	StdQ1Vals	MaxQ1Vals	MinQ1Vals	AverageQ2Vals	StdQ2Vals	MaxQ2Vals	MinQ2Vals	AverageQ3Vals	StdQ3Vals	MaxQ3Vals	MinQ3Vals	LossPi	LossQ	Time	AVG Time Per Epoch
1	2.1804225	6.2566175	46.15198	-13.243666	-8.7538805	0.974262	-7.364748	-9.923858	20.829166	67.1	4999	1.8523768	2.3413012	12.126248	-3.5270283	1.8527642	2.3416233	11.981775	-3.394662	1.8527116	2.341239	12.132395	-3.438012	-3.3737297	0.26262796	17.840694189071655	17.840696573257446
2	2.7562659	6.178635	33.97374	-10.139421	116.458664	113.57866	456.23456	60.95784	21.054852	206.1	9999	10.403767	5.8213873	35.628036	-7.9118094	10.404274	5.821835	35.69645	-6.8862987	10.404249	5.817941	37.758636	-6.783521	-13.809158	2.0604038	40.044808864593506	20.02240550518036
3	196.42737	159.01338	632.6585	-34.71743	66.870865	290.14813	933.5161	-91.36413	169.41379	236.9	14999	21.853064	8.634007	54.452965	-23.749468	21.853037	8.637865	53.28124	-23.783705	21.85246	8.630735	51.54737	-23.121897	-24.879114	6.1407275	63.600825786590576	21.200275977452595
4	110.02676	174.00095	782.9846	-33.628437	308.99835	170.9585	753.7699	152.2298	171.72414	338.8	19999	27.691462	10.002175	60.89228	-24.852015	27.691763	10.006472	61.55357	-26.647318	27.692005	9.998835	57.89498	-26.599504	-30.482199	10.071226	87.36629486083984	21.841574251651764
5	230.71037	148.68192	704.49963	-33.700977	170.02158	43.262863	248.53806	83.42122	242.14285	100.2	24999	33.090168	10.59828	73.11736	-29.35376	33.090607	10.599251	73.9308	-25.168112	33.090908	10.594718	72.65787	-27.260777	-35.900955	12.6342	110.25817155838013	22.051634740829467
6	142.59517	157.2893	937.02637	-35.992596	103.475845	1.4179018	105.59051	101.33317	151.69698	71.3	29999	36.65721	11.665281	72.43743	-37.339424	36.6574	11.671741	74.04099	-36.670273	36.657497	11.665433	75.40484	-38.436993	-39.007366	15.339078	133.02896189689636	22.171494046847027
7	153.07214	91.06179	679.5284	92.77982	195.27473	42.690384	313.56046	162.84314	116.53488	142.0	34999	39.21526	13.311771	78.601166	-44.730366	39.21518	13.319565	77.42716	-45.16637	39.215088	13.314923	78.907776	-47.706753	-41.710064	16.379091	155.9788248538971	22.282689605440414
8	138.92023	53.741768	282.52985	-12.509165	180.88782	51.95323	245.83167	45.77536	109.8	126.0	39999	42.072857	14.850523	80.97209	-73.24294	42.07319	14.857847	81.64192	-70.1359	42.072605	14.857212	82.57733	-72.210655	-44.730812	19.904009	179.0325870513916	22.37907364964485
9	178.24852	39.915565	286.78018	104.27032	163.82217	27.606947	224.75946	124.94076	111.71111	103.3	44999	44.312767	16.452694	88.83444	-71.61921	44.312946	16.460657	89.18357	-68.17515	44.31243	16.455458	88.24193	-70.441666	-47.00955	22.976084	202.12749886512756	22.458611249923706
10	228.51624	45.503647	364.0079	134.88237	253.43814	93.23983	443.40463	102.8938	135.78378	159.0	49999	46.543163	17.372557	90.52086	-88.90183	46.542892	17.378801	90.00998	-81.9942	46.542595	17.37521	89.51827	-84.76245	-49.70955	23.962282	225.4355390071869	22.543554067611694
11	224.04672	47.707565	313.7406	66.331375	225.63115	45.923725	297.06183	163.39546	135.62163	130.4	54999	49.02181	18.32891	93.50795	-90.91193	49.021843	18.33301	93.42447	-82.53571	49.02125	18.330845	93.80675	-80.05221	-52.177044	23.456528	248.5833740234375	22.598488742654975
12	220.54828	44.672928	324.14865	134.2248	176.6289	17.209492	205.47423	154.49669	126.07692	91.8	59999	50.961906	19.2332	94.614136	-77.58837	50.962597	19.237059	97.46072	-79.384674	50.96169	19.23498	95.66438	-80.177345	-53.966034	22.891727	271.50302147865295	22.625251948833466
13	256.68573	57.72885	354.43613	62.187687	243.48303	31.334038	302.49683	207.71002	152.09091	129.0	64999	52.584103	19.816042	95.66068	-79.386475	52.584557	19.819632	96.97445	-77.38262	52.584267	19.81751	93.77853	-83.20951	-55.535957	22.092012	294.6141474246979	22.662626871695885
14	289.661	70.1582	426.20364	161.55998	244.03195	59.73551	330.67282	176.6556	150.57576	121.5	69999	54.059105	19.927753	93.58321	-71.29479	54.05928	19.93202	94.061554	-85.24469	54.058994	19.932026	92.71982	-89.06528	-56.984013	21.103016	317.640878200531	22.688634293419973
15	300.31573	66.72458	430.679	169.35965	337.32465	64.16821	443.9518	260.21384	159.0625	184.9	74999	55.92756	20.295763	94.97421	-71.989815	55.92759	20.29832	99.241325	-72.84693	55.92762	20.29835	94.822136	-77.11771	-58.701767	19.962723	340.87815976142883	22.72521079381307
16	464.61774	95.05964	709.1221	336.118	420.81366	137.66512	580.0774	79.51137	313.0	274.3	79999	57.40221	20.56149	96.75111	-71.94695	57.40292	20.56423	99.76615	-70.60888	57.402473	20.564413	95.38879	-70.90597	-60.017212	19.39763	364.34499335289	22.771562188863754
17	364.00623	170.33388	659.11835	58.226994	289.1117	209.70093	582.4892	76.899216	271.94736	228.7	84999	58.530567	20.593916	96.13963	-74.746445	58.53116	20.596737	97.034744	-70.0379	58.530556	20.596699	97.42623	-70.00653	-60.91381	19.546429	387.8565409183502	22.81509074042825
18	364.82855	67.05243	478.6517	145.11725	393.92734	39.632008	490.48822	347.4961	249.05	219.9	89999	59.43799	20.848783	102.42749	-79.133545	59.438324	20.853092	102.43692	-75.90475	59.43784	20.852293	106.04054	-82.180336	-61.757195	19.308767	411.4451310634613	22.858062929577297
19	396.511	126.52461	583.6254	141.9274	379.664	92.49287	435.68774	106.69835	290.125	223.2	94999	60.22979	21.630299	101.215645	-83.01146	60.230175	21.633942	99.285164	-73.80087	60.229813	21.632763	100.317276	-75.081856	-62.55081	19.908691	434.8123276233673	22.884859461533395
20	387.51865	127.11362	669.2742	135.65102	493.12897	187.4877	818.8491	276.37012	238.17392	310.2	99999	60.50809	22.93955	101.75238	-99.99627	60.508427	22.941181	101.673584	-91.79456	60.508183	22.94258	103.33912	-94.98008	-62.86206	21.096794	458.78240633010864	22.939120411872864
21	445.69922	115.54965	741.71014	239.5925	441.96002	15.123797	463.87457	420.1026	239.1	220.9	104999	61.251556	24.540041	109.50166	-94.86781	61.251797	24.543695	107.71503	-90.270195	61.25133	24.544971	107.08455	-98.49081	-63.653522	22.155823	482.21090841293335	22.962424289612542
22	409.6963	72.55462	578.8514	248.13963	289.16705	34.26404	336.31656	214.5576	184.46428	133.4	109999	62.01957	26.068617	110.6999	-88.450066	62.02015	26.068617	112.913414	-87.587006	62.019897	26.072567	111.31684	-92.40658	-64.24717	22.4731	505.3297469615936	22.969534028660167
23	411.81012	60.70208	586.47986	216.59053	374.29587	23.2146	397.3362	311.08585	181.96428	170.0	114999	63.138035	27.574509	112.540886	-87.63828	63.1385	27.576563	113.24195	-87.01355	63.137974	27.578709	113.69905	-92.99004	-65.55088	23.04	528.1849389076233	22.96456265449524
24	462.478	54.799942	579.5302	347.2989	446.6933	33.55508	521.0552	406.2524	223.31818	219.3	119999	64.80335	28.897224	116.25537	-89.35591	64.803795	28.900759	117.51261	-84.673965	64.80386	28.90184	115.818344	-89.31558	-67.30774	22.932903	552.0321824550629	23.00134101510048
25	402.87433	149.35507	551.5229	56.557766	289.0371	140.45004	494.8718	116.41361	230.68182	390.2	124999	66.35915	29.983238	122.1058	-84.676926	66.35865	29.985342	120.65986	-90.17548	66.35883	29.989182	119.567024	-94.120766	-68.768745	22.939457	576.3981363773346	23.055925521850586
26	487.8502	57.64654	581.0404	334.39816	469.7745	29.536924	518.2513	413.63672	209.04167	200.7	129999	67.93297	30.89324	128.3447	-85.63347	67.93336	30.89641	129.05515	-91.025925	67.93287	30.897049	128.38611	-89.893845	-70.398544	22.796906	599.7686939239502	23.068026781082153
27	459.2751	32.680878	520.30237	401.98352	449.12347	13.440381	474.79675	430.41623	185.96153	170.5	134999	69.97604	31.845736	134.4678	-79.35192	69.97621	31.848331	135.8856	-77.12034	69.97616	31.849285	134.45242	-78.39289	-72.411415	22.815535	622.9702250957489	23.072971370485092
28	460.50467	79.68334	716.696	358.68585	450.08368	32.674454	512.88934	406.24652	185.48148	183.4	139999	72.03768	33.110336	146.74985	-85.514946	72.03813	33.113007	145.3767	-87.79186	72.03795	33.114243	144.98016	-90.04686	-74.596596	23.112568	646.136691570282	23.07631048134395
29	431.20117	60.066498	632.22345	315.57886	461.7256	22.01663	498.8283	422.85495	173.3793	177.6	144999	74.26201	34.380966	152.92714	-102.568985	74.262825	34.382565	153.68106	-98.0616	74.26236	34.384315	153.00734	-98.235985	-76.6937	23.106052	669.1940100193024	23.07565558367762
30	461.18085	41.121956	530.2117	359.42523	493.9378	5.4308796	500.88586	481.98962	181.92857	190.7	149999	76.42755	35.658817	159.90086	-111.30975	76.42798	35.66134	159.21184	-113.25444	76.427505	35.662354	160.00914	-104.98053	-78.83483	23.44466	692.4404580593109	23.081348657608032
31	490.64117	28.461494	561.9886	438.42606	528.0928	34.37469	612.1272	492.25757	193.65384	209.1	154999	78.44107	36.99433	167.31923	-104.92042	78.44186	36.99597	166.35738	-101.26494	78.44088	36.998695	164.69527	-102.78257	-81.00386	24.196304	715.7294843196869	23.088047935116677
32	548.04724	90.592674	835.60187	443.16797	520.41113	9.621174	536.9396	505.58063	214.21739	194.4	159999	80.421425	38.09536	181.87885	-111.036125	80.42212	38.098408	175.67189	-106.716896	80.42182	38.098324	179.2779	-103.80473	-82.929955	24.6593	739.1038236618042	23.096994541585445
33	483.66342	29.697603	529.53656	382.22406	520.7211	9.852933	539.50696	509.82895	189.6923	198.3	164999	82.361374	39.127956	181.21954	-91.46682	82.36166	39.130917	181.2376	-93.18881	82.36135	39.129955	182.14705	-93.671875	-84.78962	25.04681	762.5924191474915	23.108861244086064
34	508.03625	42.077133	654.08435	432.71658	511.93326	4.1044126	518.3511	501.90936	199.76	186.8	169999	84.502464	39.873333	182.65489	-84.64905	84.50243	39.875557	182.1888	-83.33194	84.5018	39.876865	181.12265	-81.58148	-86.99476	25.364735	785.8611233234406	23.113562499775608
35	494.66068	33.1581	610.95996	444.17456	480.58197	15.725162	511.0086	453.90945	183.46428	176.2	174999	86.67344	40.943542	183.82945	-95.34732	86.67415	40.944782	182.6918	-96.86137	86.673676	40.945427	180.08838	-96.31459	-89.02829	25.44549	809.368616104126	23.124817657470704
36	509.55334	87.82736	790.5777	420.19183	658.09033	17.91374	696.1445	618.944	188.38461	235.1	179999	88.671646	42.36426	185.43987	-100.91653	88.671486	42.36718	181.79358	-105.62719	88.67134	42.368397	182.42233	-101.38304	-91.30444	25.989073	833.0956280231476	23.141545289092594
37	681.3709	184.72589	1134.9471	497.34756	682.94226	207.47849	1022.44574	421.46936	290.05884	254.1	184999	90.539505	43.473324	185.33786	-115.53966	90.53966	43.475906	183.22456	-122.57747	90.53985	43.47473	182.67815	-125.46765	-93.18205	26.948557	856.7544622421265	23.155526064537668
38	538.55695	96.17361	830.5449	398.9581	561.223	47.66746	667.227	493.40613	209.95833	211.3	189999	92.26421	44.282543	190.32832	-107.87382	92.264854	44.284195	188.73691	-111.90005	92.26365	44.28572	185.92383	-112.680695	-94.698326	27.629831	880.2573130130768	23.164666175842285
39	547.83124	100.69391	771.3834	383.17178	526.1399	86.95736	673.278	414.66003	213.95833	202.6	194999	93.8588	45.255447	192.7105	-98.29555	93.85848	45.259464	191.22484	-100.97889	93.85895	45.258118	188.42679	-93.682045	-96.38781	27.9767	903.6888859272003	23.171509944475613
40	527.9661	85.14404	763.5144	445.63016	671.05774	46.76876	728.456	599.40497	201.5	245.9	199999	95.881325	46.02827	195.92545	-95.48885	95.881714	46.03088	194.45854	-98.28334	95.88141	46.030685	197.47432	-97.72235	-98.292885	28.725206	927.1828789710999	23.179572016000748
41	540.1136	80.52942	791.5714	459.00983	474.6526	22.794216	495.41803	430.07523	215.08333	198.5	204999	97.89603	46.614468	195.8674	-111.69533	97.89589	46.618835	195.49951	-111.58357	97.89526	46.618824	197.63316	-115.40359	-100.50559	28.838135	950.4801971912384	23.18244388045334
42	536.23627	68.20978	753.4458	457.66248	613.6252	31.513306	659.2608	554.82935	213.73914	265.2	209999	99.514435	47.133945	196.39604	-132.38995	99.51488	47.13525	194.10297	-123.628006	99.5145	47.135418	197.54314	-124.159706	-102.20622	29.230272	974.1487455368042	23.19401779061272
43	538.61444	71.187584	719.895	437.0603	507.1496	25.333042	541.15625	449.5978	207.375	184.9	214999	101.30431	47.431786	196.36888	-136.6295	101.30386	47.434937	198.33685	-140.67293	101.3048	47.43306	198.17938	-135.53928	-103.75344	29.065374	997.4381070137024	23.19623509673185
44	522.223	42.58787	620.78357	463.0306	533.81323	22.071783	560.34094	489.82678	193.11539	203.4	219999	102.825325	48.024353	199.01219	-119.13449	102.82613	48.024914	199.8322	-117.26745	102.82563	48.025448	197.71892	-121.47821	-105.51498	29.521559	1020.6166412830353	23.195832799781453
45	564.82355	58.33699	700.8443	475.22577	616.25574	23.057405	661.2585	576.4771	210.83333	210.7	224999	104.185455	48.342075	200.29434	-110.06419	104.18553	48.343975	201.84451	-115.18459	104.1855	48.34297	200.78325	-111.37811	-106.93702	29.60735	1044.1103522777557	23.20245231522454
46	600.18854	63.76684	752.49384	510.041	595.18994	9.455509	615.7162	580.73346	221.5	224.0	229999	105.358894	48.572353	199.04697	-107.01811	105.35984	48.57332	201.14445	-107.97416	105.35969	48.57354	201.65344	-119.77711	-107.83144	29.606813	1067.669420003891	23.210204818974372
47	618.72675	60.34674	730.54095	511.88855	681.3793	32.402313	753.8093	640.6722	223.17392	248.0	234999	106.48676	48.769123	197.55446	-106.656715	106.4866	48.771084	201.48605	-117.565834	106.48664	48.770985	199.00089	-116.52532	-109.19187	29.573	1091.0547783374786	23.21393148949806
48	606.1845	75.77051	841.9888	511.5415	732.98627	9.132769	747.3032	717.33154	231.5238	246.0	239999	107.71595	48.77575	198.6262	-107.15976	107.715576	48.779087	199.88556	-112.3578	107.71551	48.778378	201.04066	-114.49331	-110.27375	29.276035	1114.4189720153809	23.217061961690586
49	673.20325	85.602715	832.2468	523.1884	671.02936	55.63833	767.8193	603.8523	256.73685	224.5	244999	108.94068	48.645985	200.22021	-133.9291	108.94134	48.647846	200.8467	-129.17662	108.94061	48.648773	200.8686	-130.62003	-111.43004	29.579838	1137.7631809711456	23.21965680317003
50	729.424	113.25742	1013.89667	538.93164	906.25134	36.644825	957.10596	847.1327	269.26315	291.9	249999	110.08189	48.55787	203.83769	-115.24678	110.08203	48.55972	203.62354	-111.66107	110.08186	48.560772	203.8537	-115.92015	-112.61875	28.728182	1161.5658078193665	23.231316199302672
51	743.65	98.90487	912.49176	567.56177	839.5086	39.242634	908.7857	770.63837	247.95	300.4	254999	111.50278	48.40163	208.16373	-113.9563	111.502525	48.40473	208.38002	-110.67809	111.502426	48.40448	207.443	-114.638535	-114.02319	28.431166	1185.309576034546	23.241364273370483
52	734.1297	135.85698	959.371	513.0121	966.61456	65.08761	1058.1848	811.76855	255.95	303.9	259999	112.350296	48.520344	207.49731	-115.13188	112.35069	48.522205	206.69629	-112.85387	112.350105	48.52155	205.92102	-112.43347	-114.939354	28.959856	1209.0118944644928	23.250228776381565
53	736.18445	130.63295	1153.3308	561.4128	798.08997	32.50123	885.35767	769.2178	247.25	258.3	264999	113.88644	48.322414	212.4196	-95.560265	113.88671	48.32359	213.1383	-94.52781	113.88689	48.322334	212.38692	-91.51408	-116.28636	29.206102	1232.4317510128021	23.2534293003802
54	675.39795	109.05782	881.1896	464.39453	783.2509	153.96304	1157.097	578.0002	215.04347	233.6	269999	115.131966	47.734333	208.19606	-92.25529	115.132614	47.734562	210.22849	-93.93902	115.13203	47.735794	215.90572	-97.539894	-117.720505	30.19148	1255.2946887016296	23.24619797424034
55	714.2029	134.73149	1020.8471	457.827	825.2581	64.087746	888.77277	724.79913	221.39131	246.7	274999	116.35364	47.64553	202.39221	-82.00481	116.35394	47.64761	206.21346	-84.217766	116.35402	47.646828	209.37047	-79.76478	-118.895874	30.1048	1278.6132950782776	23.247514486312866
56	735.81506	125.32034	1018.5432	474.39838	867.6002	122.02556	979.11365	622.5524	232.31818	254.9	279999	117.72951	47.236126	203.74004	-91.95836	117.72944	47.23732	202.79088	-92.79321	117.729614	47.236343	206.43695	-94.43914	-120.23719	31.114687	1302.1160953044891	23.25207316023963
57	795.87317	197.97719	1364.0927	511.3111	609.7774	239.09288	763.2195	93.10126	258.94736	266.8	284999	118.68713	46.62806	204.12515	-101.90874	118.68701	46.63144	205.2124	-102.47332	118.68712	46.631027	205.12389	-107.482796	-121.47935	32.014385	1325.7057638168335	23.25799588571515
58	498.84338	340.85513	1059.7848	58.49055	87.71933	24.390694	131.59889	57.344265	235.09525	140.2	289999	119.42704	46.293514	206.29315	-104.000916	119.42742	46.29716	208.19382	-119.55027	119.42705	46.29734	212.19255	-102.723785	-122.26462	32.382732	1348.8748967647552	23.256463774319354
59	777.73517	491.01044	1568.5099	70.72044	988.0475	64.4757	1099.3491	919.6032	287.35294	289.4	294999	120.19111	46.955414	224.81207	-87.130226	120.19144	46.956978	223.12407	-94.73154	120.19049	46.95936	226.53877	-90.8152	-123.01228	33.233162	1372.4566888809204	23.261977809970663
60	1033.0491	287.76743	1859.9325	726.2018	1111.0583	335.76245	1848.7584	583.9259	298.52942	316.8	299999	121.64612	48.07431	234.60449	-111.73042	121.647705	48.07209	234.69502	-109.64699	121.64595	48.075275	233.46092	-109.11415	-124.38619	35.206432	1396.4286170005798	23.2738103111585
61	985.37366	315.13815	1967.2418	659.4154	1136.5383	405.0238	1833.387	747.4062	303.5625	335.5	304999	123.31448	49.187603	253.9217	-117.54305	123.31562	49.191284	262.84018	-118.27931	123.31461	49.18997	245.51973	-114.07386	-126.10622	36.58273	1420.2453653812408	23.282710943065705
62	986.025	242.93878	1502.0345	567.99866	767.1262	27.734768	820.8331	731.2217	310.35294	245.7	309999	124.608025	50.203884	246.70795	-118.721	124.608345	50.20685	245.70744	-116.75957	124.60771	50.206955	249.27747	-124.06839	-127.37897	38.136223	1443.670482158661	23.285007803670823
63	880.86633	287.55734	1705.9518	559.3126	1063.0403	243.15134	1630.1354	687.0168	283.875	349.0	314999	125.63441	51.11532	255.2701	-128.19286	125.63408	51.12198	257.6748	-138.89037	125.6328	51.12218	259.56326	-148.5799	-128.10953	39.673367	1467.4704806804657	23.29318226329864
64	1568.9921	481.59857	2666.203	916.2182	977.61914	210.17836	1426.8323	692.52203	455.66666	319.1	319999	126.813545	52.234344	258.64355	-119.915	126.814354	52.237335	255.66827	-131.75368	126.81297	52.238346	258.97086	-147.12453	-129.61761	40.90199	1491.2300662994385	23.30046981573105
65	1092.263	210.17804	1491.4587	753.7973	943.9299	119.44832	1146.0376	736.0259	376.46155	301.3	324999	127.901375	53.121155	263.8842	-123.51322	127.90165	53.122482	263.45877	-128.4615	127.90133	53.12273	257.60178	-121.81314	-130.71983	41.754433	1514.8297936916351	23.305073782113883
66	1029.6891	282.86368	1709.5151	688.2468	1230.8201	445.04202	2504.199	939.1518	309.125	334.1	329999	128.96805	53.96467	262.19016	-113.85586	128.96854	53.967747	263.52576	-120.50877	128.96758	53.968906	260.27563	-121.69256	-131.62373	42.947933	1538.7073502540588	23.313747760021325
67	1300.8132	383.21896	2148.9333	776.8534	1196.7699	107.41188	1302.4003	887.79456	365.7143	364.8	334999	130.57272	54.64153	266.7605	-112.75743	130.57277	54.645016	262.34525	-132.94897	130.57248	54.64346	261.88867	-126.68307	-133.44925	44.5884	1562.616328239441	23.322631793235665
68	1067.6892	455.10614	1733.8909	74.94999	776.7566	32.65623	824.21643	724.2185	331.4	237.2	339999	132.10358	55.248234	268.78802	-116.321556	132.104	55.249557	259.3256	-122.30445	132.10355	55.249817	265.34082	-139.44301	-134.73747	45.13545	1586.1022779941559	23.325033527963303
69	998.0217	295.13928	1784.4023	666.77216	1439.8805	155.36745	1565.887	995.8293	285.70587	330.0	344999	133.43062	55.730015	267.50027	-107.98918	133.43243	55.72794	269.58777	-99.93319	133.43114	55.72903	267.27335	-127.44311	-136.29395	46.376556	1609.9143834114075	23.332092533940855
70	1252.5756	340.72	1862.715	588.1669	1354.6814	229.80252	1730.2744	992.5739	324.625	346.4	349999	135.03615	56.69883	286.94498	-95.13039	135.03723	56.69894	286.01343	-108.58959	135.03584	56.7	286.33743	-104.72738	-137.97333	48.05615	1633.9851479530334	23.3426449911935
71	1299.3014	337.19467	2223.5925	887.6995	1689.9469	369.20645	2592.9675	1297.8528	357.57144	436.0	354999	136.26965	57.818424	295.65997	-92.80736	136.2704	57.818745	288.99225	-92.69167	136.2691	57.821106	284.10657	-90.640945	-138.97519	49.520576	1658.1675980091095	23.35447324161798
72	1394.9844	376.88376	2225.608	792.2603	1006.8327	65.0901	1152.923	924.24274	371.69232	278.9	359999	137.98277	58.698063	285.43246	-91.31619	137.98311	58.700047	286.6312	-104.78542	137.98381	58.696323	288.8663	-112.39646	-140.97713	50.55151	1681.5021896362305	23.35419710477193
73	1230.1571	235.69693	1654.9637	939.0669	1272.9016	41.643658	1366.1617	1205.3873	344.6	384.7	364999	139.56784	59.5926	293.83206	-91.39083	139.5683	59.59381	295.24576	-98.43929	139.56879	59.58926	293.8944	-102.06022	-142.62837	51.560112	1705.3329339027405	23.360725144817405
74	1373.3512	449.35016	2401.9065	748.9907	1926.0745	747.8487	3883.6284	1277.0945	405.41666	541.8	369999	140.90195	60.394085	292.0427	-88.35166	140.9028	60.3929	298.706	-92.77314	140.9014	60.39547	294.84824	-93.01234	-143.54242	52.777767	1730.1924724578857	23.380979383313978
75	1385.7914	270.44144	1954.6102	1067.0947	2219.3447	572.2998	2970.2754	1458.1519	424.66666	644.9	374999	142.06828	61.39103	296.0188	-103.56166	142.06915	61.39138	301.50272	-94.43962	142.06966	61.389324	301.584	-94.95036	-144.95534	55.191345	1755.5087826251984	23.406783790588378
76	1631.6638	521.53784	2611.1235	1122.805	1911.2195	314.604	2299.7004	1463.3029	480.9	530.8	379999	143.49246	61.818172	303.55768	-89.956154	143.49403	61.816967	302.31308	-90.50025	143.49359	61.81591	306.11163	-88.82524	-146.72467	56.2183	1779.9774477481842	23.420755913383083
77	1554.9542	518.05554	2518.194	537.3283	880.7635	227.85332	1380.3934	547.11304	424.83334	256.7	384999	145.09114	62.41174	300.92084	-95.35947	145.09238	62.41141	300.3732	-83.82734	145.09227	62.41078	301.06564	-87.05703	-148.19727	55.993786	1803.272879600525	23.41912832817474
78	1794.3773	884.968	4013.6094	1005.47125	834.56036	168.93967	1070.3975	592.90045	467.18182	231.0	389999	146.47679	63.14469	302.9938	-92.78609	146.47818	63.144688	309.7891	-91.95512	146.47714	63.145798	303.5754	-97.53564	-149.51048	58.015514	1826.4703471660614	23.41628652352553
79	1330.24	522.6678	2608.4392	902.1154	1247.0582	362.2101	2137.578	949.1088	335.7857	310.3	394999	147.6716	63.65751	298.95355	-100.82858	147.67203	63.6588	301.49658	-98.57947	147.67201	63.658657	299.64633	-92.76108	-150.83556	59.05492	1850.0960783958435	23.418937722338907
80	1501.5303	685.9349	3560.724	948.6791	1188.4865	127.71362	1552.3959	1063.1516	368.92856	308.0	399999	148.06213	64.57429	300.44113	-114.60095	148.06226	64.575775	302.66144	-127.5867	148.06221	64.57578	301.1245	-110.485725	-151.05753	60.237736	1873.7284719944	23.421605923771857
81	1450.5729	384.2759	2185.0762	865.682	1420.6803	335.9433	2091.1538	981.8092	372.0	349.0	404999	148.98979	65.17068	307.29984	-111.67658	148.99063	65.17335	306.80203	-110.17273	148.98898	65.17461	303.88318	-116.13278	-151.98325	59.723137	1897.5988068580627	23.4271457872273
82	1219.0222	335.91745	1951.182	663.8547	1176.9514	71.38222	1340.9943	1052.5717	307.35294	334.3	409999	149.72173	65.53313	307.02454	-98.40329	149.72156	65.53617	309.0081	-114.820786	149.72112	65.53675	312.55325	-103.93422	-152.87206	60.434505	1921.603677034378	23.434191209513966
83	1104.6599	387.67572	1982.8619	539.1889	998.76807	65.34093	1053.4202	849.94214	297.29413	278.9	414999	149.99452	65.92205	314.3619	-115.24281	149.99623	65.919975	316.64285	-113.52524	149.99516	65.921684	311.3063	-127.40868	-153.1742	61.53819	1945.1830697059631	23.435940618974616
84	965.495	350.86438	1689.4006	516.0212	1110.9327	65.12799	1219.2216	1005.0982	268.0	286.6	419999	150.5035	66.07485	315.9578	-127.19737	150.50513	66.0758	314.1739	-142.18262	150.50435	66.07543	316.38132	-128.16	-153.61319	61.818905	1968.845972776413	23.438642555759067
85	1188.9537	339.59906	1901.0521	581.05725	1841.7908	349.22897	2278.5093	1092.8005	300.375	463.7	424999	150.92587	66.21654	315.81332	-110.45931	150.92682	66.21758	315.97952	-108.07647	150.92471	66.21706	319.79785	-98.81324	-154.32777	62.4872	1993.0085513591766	23.44715945299934
86	1313.2584	385.898	2148.0007	888.9176	1192.0957	66.42891	1318.4	1106.6084	342.26666	306.0	429999	151.65608	66.40264	325.8116	-99.55	151.65698	66.40457	318.5653	-91.48192	151.65598	66.404686	316.21912	-100.59368	-155.13629	62.734688	2016.855753660202	23.45181111125059
87	1130.905	340.73676	1604.7942	234.95937	1025.4613	101.86816	1289.875	894.7381	295.58823	266.2	434999	152.49	66.4477	313.6437	-98.51381	152.49155	66.448975	316.542	-86.02709	152.4905	66.44645	317.26987	-91.2278	-155.72534	62.2326	2040.340285539627	23.452187212034204
88	1170.4913	369.00266	2443.6313	837.0024	1078.3737	342.27606	2066.979	815.18054	304.11765	308.5	439999	152.9446	66.56798	315.44934	-114.56913	152.9454	66.5683	314.86813	-125.14741	152.94368	66.56999	320.05957	-123.794975	-155.95497	62.793114	2064.02881026268	23.454872865568507
89	1069.4552	190.14012	1431.9806	812.57214	1007.39954	168.158	1414.1823	834.0919	286.29413	276.6	444999	153.39946	66.93326	318.55896	-142.10837	153.40033	66.935974	327.56787	-146.54047	153.39961	66.93436	318.96387	-143.83011	-156.59186	64.6691	2087.452659845352	23.45452429203505
90	1161.2599	236.2437	1600.1061	879.3127	931.63885	221.01663	1281.3744	600.659	295.29413	239.4	449999	154.07466	66.59435	317.25247	-102.55541	154.07553	66.595024	312.12207	-111.33404	154.07376	66.59702	319.62634	-129.54257	-157.17496	63.40635	2111.0238795280457	23.45582090748681
91	1254.8225	354.78394	2021.6775	882.95715	1483.194	761.5513	3351.7036	926.285	306.29413	357.3	454999	154.6011	66.51477	311.91544	-109.33245	154.60356	66.51356	307.7225	-107.115005	154.6022	66.512276	313.60327	-103.62855	-157.51497	63.516537	2134.8235187530518	23.45959912813627
92	1145.3647	229.75337	1698.4833	899.3568	1006.0858	76.01094	1134.2042	937.6479	292.17648	274.7	459999	154.99611	66.49867	322.04016	-111.35026	154.99628	66.50231	306.83698	-107.64226	154.9949	66.50364	314.9463	-110.25531	-158.08983	64.841576	2158.4303784370422	23.46119978894358
93	1400.6853	572.3013	2740.2944	899.72577	1044.1663	16.371368	1080.7704	1021.29126	351.07144	282.3	464999	155.43568	66.53822	306.62744	-127.28382	155.43631	66.540306	300.58365	-130.98346	155.43576	66.53965	301.26617	-134.9836	-158.74208	66.48931	2181.82732796669	23.46050892081312
94	1498.0063	800.56525	4017.839	915.6668	1508.2141	461.47482	2783.8342	997.836	372.53845	360.0	469999	156.16768	66.81464	304.31427	-146.69743	156.16829	66.8186	307.53888	-141.79768	156.16724	66.818695	304.48077	-155.7484	-159.50488	63.912773	2205.5561895370483	23.463363741306548
95	1442.1188	289.90546	2357.0454	1035.834	1712.4584	466.74368	2988.8027	1173.1572	358.64285	413.3	474999	156.53027	67.370544	303.2154	-151.04959	156.5297	67.3748	319.1741	-147.75507	156.5289	67.37324	305.90714	-158.84348	-159.52094	65.01351	2229.6129450798035	23.46960997079548
96	1574.3934	596.2613	2929.6604	964.35284	1074.8396	188.90596	1606.9247	949.50507	374.23077	290.6	479999	157.2532	67.730934	318.85486	-150.36139	157.25209	67.73837	311.80527	-145.81967	157.2527	67.73423	309.71954	-143.34674	-160.38612	66.43899	2252.834114074707	23.46702203899622
97	1271.4476	297.56866	1937.6068	694.7383	1474.5632	189.73987	1826.9658	1040.3843	324.7143	354.4	484999	157.92615	68.01678	309.66882	-149.8457	157.92676	68.01904	313.98828	-179.26442	157.92596	68.019005	309.9859	-152.70148	-160.97095	66.83751	2276.2911489009857	23.466919080498293
98	1637.7828	713.5531	3686.4937	920.9577	1255.0685	254.59624	2000.2465	1055.72	404.14285	310.1	489999	158.82617	68.50611	309.6511	-160.46242	158.82675	68.50969	312.67108	-173.4385	158.82555	68.50866	313.68677	-155.79779	-162.08122	66.09014	2299.972327709198	23.469105404250477
99	1275.1467	251.86263	1753.3236	1061.3883	1231.0603	303.69647	2130.8442	1049.8713	333.35715	333.2	494999	160.00804	68.96418	311.675	-143.66321	160.00768	68.967865	309.13843	-148.77005	160.00735	68.9668	314.07666	-145.00034	-163.11563	66.21889	2324.017600297928	23.474925272392504
100	1642.1101	779.17523	3526.0735	757.6877	1277.5076	278.85388	1905.0035	993.75116	407.76923	331.8	499999	161.28264	69.86282	313.45023	-144.49864	161.2823	69.86716	321.9006	-146.82364	161.28166	69.864296	315.54642	-137.99567	-164.33829	67.174	2347.7580831050873	23.477580850124358
101	1642.0476	483.76413	2805.8862	981.1201	2748.6667	519.5531	3585.4448	1726.3624	400.23077	661.8	504999	162.48856	70.42283	311.6221	-162.42488	162.48727	70.42891	319.35355	-163.17302	162.48756	70.42626	314.34384	-167.27678	-165.56071	68.46067	2372.55282998085	23.49062209790296
102	1829.7935	810.3978	3857.04	1176.6436	1321.3231	213.9405	1943.1406	1104.6876	440.72726	351.2	509999	163.77393	70.55632	320.1551	-139.03223	163.77345	70.56133	319.4462	-134.24129	163.77272	70.5606	323.44135	-134.57549	-166.88939	67.15024	2396.194444179535	23.492102412616504
103	2062.7678	676.8852	3378.8767	1385.3953	1767.4531	396.62064	2340.5928	1307.4469	481.8	423.5	514999	165.13864	71.26901	317.92075	-149.01424	165.13971	71.269844	315.90707	-146.53362	165.13908	71.270546	315.79227	-138.97472	-167.94482	64.80707	2420.255237340927	23.497623684336837
104	1705.1799	214.59473	2091.9504	1461.9099	1917.6936	881.2731	4146.9575	1283.5408	401.30768	451.9	519999	166.2201	71.92622	323.41403	-125.76057	166.2206	71.928665	322.83987	-127.92752	166.21895	71.92768	320.12656	-118.321266	-169.22334	64.58931	2444.2916116714478	23.50280397442671
105	1947.5356	720.1056	3528.6963	1078.8151	1996.866	282.9869	2324.5972	1342.008	466.18182	473.9	524999	167.37833	72.212204	320.94775	-141.08165	167.37926	72.214386	324.5185	-126.909195	167.37866	72.213486	320.04315	-142.36995	-170.45145	66.59072	2468.4161279201508	23.508725048246838
106	2047.1218	476.80716	2785.8838	985.28156	2211.3733	1116.0225	4423.074	1482.7443	484.3	507.6	529999	168.17097	72.90494	326.83865	-155.20125	168.17123	72.9093	324.40994	-167.32225	168.1707	72.90788	325.1317	-148.80313	-171.73152	67.06961	2492.6171832084656	23.515256461107505
107	1833.3915	501.68033	2997.6548	1172.0641	1752.5847	393.2284	2787.5234	1227.441	430.36365	419.8	534999	169.41539	73.31654	327.13324	-150.98752	169.41681	73.314926	323.0268	-129.88481	169.41591	73.31575	322.9325	-170.59866	-172.17844	65.86654	2516.7334275245667	23.52087317003268
108	2074.9187	587.2886	3056.2776	1489.0464	2142.7483	427.4052	2914.4048	1577.4352	478.0	490.5	539999	170.20744	73.96066	326.552	-147.96947	170.20746	73.96207	325.7969	-139.17964	170.20676	73.961685	327.90366	-131.47997	-173.16418	66.02035	2540.966379404068	23.527466493624228
109	2102.6423	825.68896	4005.5356	1115.6697	1216.3807	37.855083	1268.4604	1166.8352	487.8	320.7	544999	171.00659	74.90395	328.06256	-125.5349	171.00711	74.9054	329.86197	-125.13851	171.0069	74.90567	333.65042	-136.4225	-174.28189	66.11489	2564.6655457019806	23.529041723373833
110	2123.9612	786.53284	3333.861	1110.4368	1645.2507	906.97205	3827.502	1014.58453	483.4	426.1	549999	171.99098	75.72145	333.21466	-116.838905	171.9925	75.720116	332.95886	-120.23177	171.99106	75.7221	330.74335	-116.093254	-175.42537	66.94464	2588.7636082172394	23.534214639663695
111	2261.015	937.0224	3997.081	1021.1204	3196.2864	1186.6532	4753.2563	1661.961	517.2	681.1	554999	173.07338	76.30236	331.24133	-122.482834	173.07458	76.30196	334.83105	-122.59409	173.0751	76.30128	332.71744	-148.8292	-176.275	67.58723	2613.5481231212616	23.545478601713437
112	2544.2	972.18945	4584.6045	1182.6869	2670.0618	489.4542	3595.214	2006.7238	567.7778	570.6	559999	174.16747	77.37122	331.89325	-130.23105	174.16858	77.37158	336.465	-135.85744	174.16895	77.36924	343.57675	-132.55708	-177.26268	68.7349	2638.227290391922	23.555600821971893
113	2380.0637	1011.62427	4151.285	1131.3038	1971.5686	638.9285	2906.419	1164.8165	518.0	442.5	564999	175.45619	78.17066	339.56146	-120.72217	175.45738	78.16984	339.51663	-124.00094	175.45764	78.167885	335.91333	-131.40594	-178.81117	68.51142	2662.519194841385	23.562116785387023
114	2614.7139	943.0687	4364.7866	1275.9734	2608.8257	862.4811	3999.886	1436.2506	591.125	565.2	569999	176.98982	78.868996	344.80493	-112.74142	176.99007	78.871765	341.37955	-110.774925	176.99092	78.869026	342.6698	-120.00274	-180.04135	68.29143	2687.173768520355	23.571699740593893
115	2712.8098	1022.6611	4247.803	1505.1112	2573.2449	738.9169	3922.3584	1485.9851	586.2222	552.8	574999	178.13689	79.5171	345.12036	-116.62366	178.13681	79.52028	347.13544	-103.99951	178.13683	79.519	343.49158	-109.67886	-181.16985	69.254036	2711.6350407600403	23.579435151556265
116	3820.1365	786.5004	4678.553	2239.0737	3438.6028	1207.3767	4963.808	1751.8337	812.0	723.6	579999	179.38724	79.613014	345.59467	-112.08536	179.38763	79.61481	350.3918	-104.44737	179.38684	79.615204	341.4622	-103.44138	-182.53055	70.596016	2737.0700023174286	23.595431072958583
117	2912.0547	987.63586	4511.472	1646.017	3080.6626	1299.5262	5143.849	1480.5206	638.25	651.2	584999	180.32642	80.18311	348.5347	-98.00301	180.32713	80.184494	348.00745	-100.54883	180.32674	80.18449	343.51523	-100.78185	-183.80585	70.57622	2762.061165332794	23.60736040172414
118	3436.837	1031.35	4545.8555	2096.2095	2188.872	886.5012	4481.463	1419.0734	750.8333	528.7	589999	181.52017	80.646095	348.0334	-129.82852	181.52118	80.64876	352.18726	-112.40295	181.5209	80.646545	343.21732	-104.18756	-185.01476	72.7372	2786.504686832428	23.614446512723372
119	2836.8767	1075.5825	4695.2427	1441.4165	2603.9817	851.6768	4837.558	1564.3809	619.125	548.0	594999	182.49277	81.11561	345.10635	-94.48312	182.49182	81.12066	352.4381	-103.30972	182.4926	81.115456	342.2332	-118.891174	-185.45192	75.98539	2810.98854470253	23.621752492519988
120	3493.1965	880.8949	4790.144	2219.3987	2929.7117	1069.3785	4663.6396	1146.0381	749.1429	610.2	599999	183.77267	81.50413	346.69446	-126.703026	183.77171	81.508675	350.99432	-130.39029	183.77115	81.51077	343.70294	-120.677704	-187.02872	75.734726	2835.521632909775	23.62934695680936
121	2940.7014	999.25476	4703.9097	1596.1249	3853.812	1149.1256	4603.7876	1543.8363	639.625	872.2	604999	184.7723	81.91217	343.65503	-107.95785	184.772	81.91493	341.23007	-117.52122	184.77141	81.91651	339.7931	-122.05298	-188.10281	78.856926	2861.423574447632	23.648128734147253
122	3523.4268	928.00543	4670.2305	1972.4657	2056.7024	613.57837	3295.709	1449.9554	766.5	501.6	609999	186.06856	82.15933	348.89584	-140.97108	186.06882	82.162155	347.83542	-137.92967	186.06776	82.16281	342.06555	-129.95012	-189.17204	80.12111	2885.8810954093933	23.65476309666868
123	3076.877	1184.8057	4637.0215	1525.2959	2483.775	1025.169	4339.612	1213.7026	688.75	569.1	614999	187.57236	82.11747	347.9602	-158.50133	187.57283	82.12231	344.95865	-174.06589	187.57224	82.12126	343.93112	-148.5961	-190.86223	79.935814	2910.2968666553497	23.660950150916246
124	3303.25	1029.2219	4601.1177	1653.8325	2391.2393	997.0393	5063.9	1572.1975	724.7143	507.6	619999	188.72932	82.63154	347.3622	-147.9887	188.72993	82.636116	348.04062	-150.55537	188.7274	82.63797	348.82336	-159.45515	-192.34383	80.84743	2934.7589473724365	23.66741088128859
125	3803.961	757.6061	4487.334	2322.4282	4078.8098	538.7128	4637.4165	2893.1025	833.8333	897.7	624999	190.53156	82.76178	352.24805	-121.8396	190.53098	82.76797	348.61407	-119.004814	190.5309	82.765686	345.50455	-140.12135	-194.01	80.124084	2960.6425564289093	23.685140464782716
126	3367.0007	1027.2717	4377.0967	1446.1667	1615.5942	404.5151	2514.378	1093.7556	777.1667	380.0	629999	191.23059	83.081436	351.77377	-130.09193	191.23119	83.08601	354.5038	-158.94447	191.23074	83.084236	350.27036	-143.58345	-194.502	81.79298	2984.7659974098206	23.688619044091965
127	2506.7107	1180.2822	4196.2407	229.85826	2791.3062	1272.3889	5151.6104	1561.0607	550.1111	576.4	634999	192.17647	83.27814	356.1139	-158.93504	192.17714	83.28301	355.05905	-144.1907	192.17815	83.27801	348.962	-160.71532	-195.14632	81.26016	3009.6381599903107	23.697938284536047
128	1838.9517	1177.4211	3510.2925	224.49593	3747.0327	1011.3991	4911.958	2064.1016	425.91666	810.8	639999	192.98943	83.36275	353.75992	-165.30856	192.99002	83.36493	350.6639	-198.76614	192.99052	83.36187	352.99924	-147.206	-196.23526	81.88409	3035.294813632965	23.713240744546056
129	2648.9966	1032.9961	4829.698	1421.6805	1605.6184	528.4521	2659.0122	1165.083	578.5	398.5	644999	193.53102	83.49833	358.48077	-171.0947	193.53325	83.49823	354.51007	-167.83565	193.53299	83.49776	355.80936	-159.59187	-196.53798	80.98388	3058.97571849823	23.7129900806634
130	3371.8997	1209.01	4803.3516	1151.0211	2098.5288	803.77386	4136.019	1550.636	732.7143	451.4	649999	194.24641	83.61593	354.07614	-122.51078	194.24649	83.61858	355.7763	-136.65346	194.2475	83.61421	353.86267	-113.84116	-197.359	80.52072	3083.318677663803	23.71783599670117
131	2759.275	1175.7601	5129.058	1440.1254	3385.2852	1199.5779	5158.7295	1996.167	586.8889	697.5	654999	195.348	83.75866	357.10913	-128.37112	195.34976	83.76129	356.7475	-135.9113	195.34917	83.7612	359.6249	-122.95327	-198.50519	79.44717	3108.1786110401154	23.726554297308887
132	2371.4875	868.62305	3366.1838	1042.2968	2767.7493	1027.9099	4737.8193	1735.3973	507.0	613.2	659999	195.98701	83.99393	356.99127	-130.48798	195.98755	83.998314	355.25943	-141.93704	195.98775	83.99626	356.96713	-154.12297	-199.38878	79.39523	3132.920217037201	23.734244084719457
133	1857.7604	1299.0685	5011.76	351.8594	2361.7583	1154.8264	5012.901	1469.4744	431.0	521.4	664999	195.86238	84.162544	357.343	-139.3523	195.86299	84.16504	355.5647	-142.91774	195.86221	84.16464	357.03357	-135.39317	-198.77641	81.37688	3157.490151166916	23.740527466723794
134	2298.3523	1029.5876	3903.7915	527.7127	3170.8118	873.2987	4297.515	1767.1594	500.33334	675.6	669999	195.8845	84.80567	359.12497	-162.4372	195.88432	84.80934	358.1484	-165.09056	195.88564	84.80417	357.04678	-148.38634	-198.65118	81.22838	3182.513749361038	23.750102621405873
135	2615.323	539.2276	3375.7537	1825.9564	2595.7712	900.56464	3947.3574	1526.2948	560.7778	547.5	674999	196.16063	85.9312	361.24677	-163.6367	196.16214	85.93292	362.37723	-158.85835	196.16154	85.93318	361.2729	-163.86732	-199.27448	81.59731	3207.1088905334473	23.75636216622812
136	2135.2021	729.73474	3479.8835	968.14124	2082.7632	361.13052	2755.5723	1630.634	461.81818	446.0	679999	197.42838	86.11018	368.8378	-156.62914	197.42918	86.11208	362.48013	-165.63286	197.42982	86.10863	366.7572	-152.55026	-200.3849	82.868576	3231.268252849579	23.759325404377545
137	2260.975	511.35312	2910.7297	1526.8792	2633.7847	764.62744	4119.5703	1758.2802	474.0	542.9	684999	198.10014	86.797035	369.5314	-162.70435	198.10205	86.79975	364.7725	-164.6355	198.1019	86.79969	371.5574	-165.24017	-201.40411	82.27307	3256.0531499385834	23.766811325602287
138	2832.0967	784.0744	4244.19	2017.8732	2575.0122	454.78787	3308.4373	2199.5994	590.0	531.9	689999	199.30774	87.02463	368.28192	-161.8531	199.308	87.02674	363.0921	-149.63026	199.30737	87.02647	363.0754	-141.62717	-202.39049	81.13074	3280.5064454078674	23.771785850110263
139	2903.7979	1009.4896	4997.631	1386.672	2677.5684	627.00305	3620.776	1919.9298	593.375	552.0	694999	200.6241	87.28217	368.60727	-157.7339	200.62593	87.28366	368.26447	-161.0719	200.62457	87.28518	367.6976	-157.19708	-203.94919	84.98398	3305.0220057964325	23.777136744355126
140	2875.8264	803.0293	4064.2268	1955.1685	3559.8691	821.01685	4952.8647	2462.583	595.1111	745.6	699999	202.06447	88.092354	368.18503	-203.55057	202.06462	88.09846	369.78778	-165.63133	202.06462	88.094925	364.769	-151.03288	-205.13837	84.93722	3330.4497916698456	23.788927100385937
141	3106.848	819.4293	4327.023	1426.4492	2880.275	1470.0717	5096.749	1642.3864	620.375	606.4	704999	203.42815	88.788605	369.12317	-159.59082	203.42818	88.79416	371.79507	-151.71703	203.42801	88.791626	370.98987	-155.09691	-206.20808	85.98541	3355.341822862625	23.7967505302835
142	2838.294	1341.5587	5174.703	1493.2902	3641.964	1422.8114	5075.1177	1607.0962	593.25	751.7	709999	205.1048	89.13114	372.19983	-186.1586	205.10536	89.135544	367.43765	-173.19836	205.1057	89.13208	371.54803	-183.78867	-208.2335	86.50866	3380.6697328090668	23.80753334307335
143	3399.228	1191.6301	5061.2944	1512.3002	3399.1887	1366.5073	4943.1167	1624.9456	686.0	715.2	714999	206.25154	89.68225	373.95227	-163.5194	206.25163	89.68916	372.93524	-158.10051	206.25027	89.6873	375.56772	-166.89064	-209.24529	90.024185	3405.986388683319	23.81808664915445
144	3042.6936	1365.4045	5214.502	1421.6179	3218.3145	1090.2867	5057.0303	1580.6718	633.125	656.8	719999	207.60147	89.99069	376.07513	-184.26526	207.60184	89.99857	373.96295	-193.17076	207.60106	89.995674	373.376	-197.16312	-210.873	87.423615	3431.0271067619324	23.826577143536674
145	3031.0605	1166.766	4449.394	1479.902	4123.9536	907.5971	5000.441	2453.6663	651.2857	865.9	724999	208.60474	89.63197	380.28757	-200.32495	208.60439	89.63765	370.25064	-190.79617	208.60358	89.63806	380.47675	-173.83081	-211.79366	88.05299	3457.0116629600525	23.84145975935048
146	2974.3884	1553.7644	5249.172	1478.2802	3481.0757	1380.4398	4984.1753	1906.0118	617.5	729.2	729999	209.41562	89.90896	376.67105	-207.6386	209.41359	89.91959	369.0786	-186.59763	209.415	89.91343	374.8938	-197.39806	-212.51395	86.587395	3482.1412839889526	23.850282781744657
147	3309.3489	1397.1943	4963.5947	1638.2937	3939.4395	1218.6475	5269.98	1898.2631	699.0	770.4	734999	209.782	90.21391	377.631	-201.98398	209.782	90.22054	375.86356	-196.58649	209.78209	90.21791	379.2277	-194.82715	-213.14009	87.577675	3507.531795501709	23.86076052659223
148	3304.6772	1095.1382	5302.439	1508.2695	2396.513	1211.8921	5340.1235	1354.5045	656.125	507.6	739999	210.7483	90.56907	371.50653	-214.66562	210.74908	90.571785	374.88058	-188.42966	210.7487	90.56971	374.4936	-190.47437	-213.70288	88.22965	3532.0250205993652	23.865033935856175
149	3320.112	1229.3812	5063.63	1385.9208	3503.743	1195.8757	4981.0195	1470.7661	674.5	733.1	744999	211.65154	90.69867	376.4115	-198.62228	211.65327	90.69925	377.65024	-199.23093	211.65222	90.69918	369.87662	-203.6947	-214.60884	86.74134	3557.366544008255	23.874943261178547
150	4165.422	950.2461	5093.0586	2685.2236	4466.926	418.63202	4905.002	3451.6262	839.6	945.3	749999	212.03514	90.79477	379.9418	-193.81067	212.03522	90.79817	380.14584	-186.2346	212.03506	90.796646	381.22662	-185.99487	-215.05971	85.87041	3583.163238286972	23.887754934628806
151	4089.8103	1064.3435	5129.5186	1896.7185	4306.2827	147.95718	4641.925	4063.9421	861.8333	1000.0	754999	211.62799	90.829575	380.23843	-198.47382	211.62817	90.833496	378.38434	-178.57376	211.62823	90.83152	381.57782	-164.04533	-215.08072	88.28198	3609.6041312217712	23.90466313330543
152	3468.5334	1029.6066	4837.2837	1962.064	4713.9404	199.83426	4955.2246	4315.3433	739.4286	990.3	759999	212.98979	91.384285	375.42236	-188.26024	212.98978	91.388885	374.92392	-168.09235	212.98857	91.3878	377.89206	-162.22801	-216.02193	88.694115	3635.6664247512817	23.918858070122567
153	4409.02	1064.3578	5210.275	2311.1045	4331.919	969.4189	5077.7935	2054.7656	880.8333	891.5	764999	213.9306	92.104065	376.3383	-175.38208	213.92952	92.110146	377.34198	-177.3149	213.92932	92.11082	378.69925	-172.95755	-217.54436	89.05273	3661.5909657478333	23.931967108857396
154	3491.4304	717.3989	4569.136	1995.6909	4447.3843	1058.9553	5249.0796	2032.7098	700.7143	870.7	769999	215.31013	92.59657	379.95975	-175.4406	215.31047	92.59973	377.0129	-186.84082	215.30983	92.600624	380.19046	-191.84251	-218.34305	86.85433	3687.038864135742	23.941810816913456
155	3177.5679	1162.8851	4964.8545	1549.1359	4724.661	412.0011	5135.374	3590.2866	639.5	975.4	774999	216.45222	92.185036	380.1508	-169.62685	216.45312	92.18697	380.71912	-156.711	216.45229	92.1875	385.14224	-164.8584	-219.67639	87.50807	3713.112289428711	23.95556316991006
156	4784.718	636.6878	5344.4844	3544.2795	3688.4336	1371.1377	5562.331	1701.0187	926.2	707.7	779999	217.16316	91.98136	381.23666	-168.57327	217.16296	91.984505	378.79657	-158.00244	217.16272	91.98471	379.5061	-163.23766	-220.3226	87.482925	3738.1767637729645	23.962671574873802
157	4244.2915	1226.9323	5220.1665	1722.4098	5052.581	94.72097	5169.3096	4885.0938	819.0	990.9	784999	218.68314	92.09535	380.4932	-152.1617	218.6825	92.10217	378.95682	-151.34389	218.68294	92.09973	379.41263	-165.63792	-222.13991	85.829575	3764.4177463054657	23.97718310963576
158	4808.484	661.50055	5421.919	3561.3635	4178.4634	1211.966	5397.7793	2551.108	897.6667	797.9	789999	219.80922	92.436676	382.40033	-172.61133	219.80861	92.442345	381.92053	-174.50235	219.8083	92.442444	388.4544	-177.53181	-223.02303	88.10681	3789.782643556595	23.985966112040266
159	3788.6995	1689.5698	5262.2373	1463.6317	4981.2695	250.77725	5240.127	4303.9033	747.3333	984.8	794999	220.30125	93.256004	384.92102	-204.25668	220.30067	93.263145	386.89633	-212.14922	220.30042	93.26198	381.37054	-220.88817	-223.46231	91.81579	3816.010445833206	24.000065707560605
160	4518.734	1168.8754	5318.8193	2057.7046	5010.4253	558.0671	5420.222	3437.2585	873.6667	954.5	799999	221.58365	93.650795	388.20065	-202.74788	221.5842	93.65475	387.3656	-195.50203	221.58441	93.653015	389.36432	-225.25359	-224.74039	90.56495	3841.959169149399	24.012244819104673
161	4368.8013	868.912	5052.3613	2930.0596	5071.15	77.261	5209.6606	4888.949	877.8333	1000.0	804999	222.20692	94.26284	386.14258	-193.12459	222.20673	94.26645	389.12723	-187.44196	222.20683	94.26835	390.14838	-194.38916	-225.31187	91.421295	3868.1559443473816	24.02581333077472
162	3978.282	1651.0891	5418.319	1377.2538	3721.55	1679.3334	5219.6357	1427.1132	793.6667	757.0	809999	223.12778	94.66924	386.10812	-199.20287	223.12785	94.67433	385.56525	-191.14447	223.12721	94.67237	384.48566	-189.03418	-226.28342	90.7908	3893.2651765346527	24.032501101493835
163	4553.651	1425.339	5342.963	1377.3035	4231.711	1410.7523	5348.1943	1681.2238	888.6667	827.1	814999	224.0101	94.80993	385.1055	-200.85107	224.01108	94.81278	385.4667	-199.15079	224.01099	94.81221	383.82162	-208.07646	-227.4938	90.48925	3918.885617017746	24.042243062352842
164	4411.6655	1051.6337	5321.5015	2707.3525	4394.5986	1095.9424	5305.538	2044.5613	855.0	853.5	819999	224.85698	95.47082	396.23596	-211.19499	224.85692	95.47587	389.61563	-200.18275	224.85698	95.47689	388.35144	-212.35974	-228.25235	91.7465	3944.5137135982513	24.051912902331935
165	4581.0117	976.1893	5402.3623	3066.7068	2966.2144	1288.7047	5041.551	1485.186	876.6667	590.1	824999	225.80406	95.6745	387.79138	-230.7207	225.8046	95.679016	394.13055	-198.43498	225.80334	95.679756	386.81073	-258.41174	-229.2088	91.80398	3969.245888233185	24.056035699266374
166	4138.3447	1378.3362	5473.651	1495.3372	5048.833	132.62741	5302.827	4866.2495	788.2857	1000.0	829999	226.56905	95.96537	398.3961	-174.38797	226.56863	95.9705	395.26703	-181.33157	226.56895	95.970146	392.79178	-192.26668	-229.72289	92.749275	3995.690892934799	24.070427077362336
167	4506.302	1469.879	5523.292	1366.2815	4089.489	1039.15	5464.0596	2245.23	853.5	791.3	834999	227.56334	96.01749	395.37466	-182.50146	227.56476	96.02147	394.1483	-163.76949	227.5621	96.02501	392.72458	-171.5111	-231.01062	92.79674	4021.0583984851837	24.078194012898884
168	4477.3203	1165.4069	5483.92	2532.9226	5152.1465	533.31476	5630.7344	4043.843	844.0	945.7	839999	228.32178	96.25182	390.72415	-202.15092	228.32196	96.25366	392.90552	-206.75934	228.3221	96.25442	392.648	-190.53271	-231.65668	93.969	4047.102710723877	24.08989709899539
169	4113.8467	1226.9268	5264.3345	1913.5975	3541.0847	1373.9677	5553.5117	1372.18	795.8571	674.6	844999	229.07907	96.65436	396.4881	-214.32945	229.07944	96.660995	394.57886	-211.57242	229.07878	96.660965	395.7328	-203.41034	-232.14262	94.87737	4072.2286047935486	24.096027259995953
170	4325.772	1419.9435	5320.157	1476.1383	4689.257	652.2841	5452.2925	3057.2412	832.8333	926.6	849999	229.93651	96.676	400.14975	-190.85934	229.93535	96.68207	403.0019	-166.86273	229.93517	96.682045	399.61075	-171.17747	-233.26024	96.46898	4098.3515565395355	24.1079503438052
171	3781.4026	1483.2579	5568.6646	1927.22	5117.6416	689.5516	5538.1562	3069.4907	721.8571	959.4	854999	230.84474	97.22791	398.35196	-216.28918	230.8455	97.231735	398.413	-189.59059	230.84439	97.23369	402.8802	-215.159	-234.33313	95.40751	4124.562703371048	24.120249737075895
172	3662.836	1212.5814	5237.8096	1546.6877	3029.9856	1127.9825	5119.794	1418.3468	708.7143	592.6	859999	231.96133	97.48821	406.72244	-195.71118	231.96156	97.49346	405.79114	-178.24342	231.96118	97.495155	408.53113	-190.71277	-234.86494	93.26322	4149.193307161331	24.123216911803844
173	3620.5305	1105.2435	5289.9907	2149.1047	5192.1963	263.8829	5547.7544	4881.8867	719.5714	991.0	864999	232.7287	98.012794	404.3359	-194.63449	232.72948	98.01412	406.80072	-202.73601	232.72838	98.01974	408.78592	-202.93607	-236.40814	97.415886	4175.583869695663	24.136322957242843
174	4450.7075	1091.2384	5488.285	2143.6016	4951.0684	109.266075	5127.5815	4773.7837	855.6667	1000.0	869999	233.47505	98.50237	409.32397	-190.33867	233.47531	98.50798	406.241	-219.27565	233.47496	98.50756	410.1279	-200.5024	-236.64536	97.279465	4201.959958553314	24.14919517369106
175	5120.068	406.6154	5664.8745	4546.1143	4407.895	1031.4233	5317.231	2206.9915	972.2	888.6	874999	234.35666	98.78726	405.46692	-198.58456	234.35599	98.79555	406.663	-204.42271	234.35616	98.79295	409.1491	-216.225	-237.22275	101.51243	4227.613788366318	24.157793084553308
176	3856.6553	1072.3075	5183.275	1765.1298	5154.4053	395.43805	5664.5933	4135.538	738.5	980.5	879999	235.55289	99.06672	410.21298	-223.38489	235.553	99.07047	414.4065	-200.06194	235.55109	99.075806	411.87045	-202.35995	-239.2147	100.70074	4253.516143798828	24.16770537333055
177	4065.4304	1231.4042	5389.282	2097.0398	4925.6445	96.15152	5069.1504	4735.4805	807.1429	1000.0	884999	236.6009	99.085014	408.55984	-193.75333	236.60107	99.09048	408.44022	-180.88055	236.60051	99.08933	412.43182	-184.2199	-239.68709	101.65084	4279.834354400635	24.17985511903709
178	3488.6047	1546.3446	5402.546	1018.899	3869.9714	1202.0017	5170.015	2322.803	676.1429	780.9	889999	237.11041	99.387314	406.9916	-220.419	237.10976	99.39588	412.89722	-219.41927	237.11024	99.393776	409.92892	-239.24702	-240.46954	102.64548	4305.249570608139	24.186795349871176
179	4759.65	814.89746	5588.562	3244.363	4442.106	868.93665	5480.1694	2862.2153	904.4	836.3	894999	237.83131	99.53557	413.10962	-215.44498	237.83163	99.53908	413.47772	-196.70634	237.83154	99.53992	416.4449	-224.82628	-241.39565	104.74795	4330.755745172501	24.194166186135575
180	4649.2827	1180.4436	5527.5176	2058.0876	3841.123	1439.7676	5599.446	2071.2473	877.8333	723.9	899999	237.81895	100.460266	407.6888	-210.25172	237.81752	100.469345	413.5297	-214.66895	237.81856	100.464584	413.13535	-209.79256	-241.25372	104.66614	4355.873125553131	24.19929515255822
181	4677.9917	941.05804	5570.4863	3311.8174	4926.823	583.97125	5354.756	3251.3933	883.1667	949.4	904999	238.1077	101.1001	415.16702	-222.41905	238.10695	101.10704	413.27197	-222.38406	238.10713	101.10722	415.1893	-238.73572	-241.6885	105.858475	4381.806164264679	24.208873846254296
182	3633.5574	1185.7614	5316.8296	2030.237	5294.501	94.077614	5430.603	5105.8677	708.4286	1000.0	909999	237.59195	102.04025	411.7778	-218.5828	237.59172	102.04422	418.35986	-213.57098	237.59126	102.045265	411.53906	-234.84633	-241.16014	104.76494	4407.895299911499	24.219204953738622
183	4111.7573	1282.9369	5496.952	2021.1239	4627.9126	1050.6624	5376.7007	1975.2517	796.5	907.2	914999	238.0839	102.43537	414.40778	-207.35193	238.08357	102.43904	409.71106	-207.13055	238.08382	102.43997	411.3984	-206.93176	-241.4535	108.71773	4433.691959857941	24.227824927679176
184	4225.068	1328.3794	5311.7334	1812.2653	5188.3896	1123.0425	5857.6255	1989.6185	820.6667	923.2	919999	238.62903	102.54116	413.4626	-218.38643	238.62924	102.54703	411.33456	-226.6596	238.62827	102.55025	411.4956	-208.93518	-242.35837	109.250565	4459.434877157211	24.236059124055117
185	4267.201	784.29816	5392.267	3259.5044	5307.4434	148.37814	5535.5195	4992.3203	790.6667	1000.0	924999	239.23375	103.06677	415.01364	-250.25891	239.23476	103.07171	411.44684	-222.21042	239.23413	103.07238	413.61652	-223.41017	-242.6822	108.85839	4485.576164484024	24.246357656169582
186	4261.2886	1017.217	5617.7314	3047.8477	4503.0596	999.0689	5139.2925	1910.4587	808.1429	893.3	929999	239.81393	103.84692	414.4209	-210.38849	239.81345	103.85445	414.27408	-238.00323	239.81326	103.853096	413.36096	-192.98685	-243.46678	115.04915	4511.400391578674	24.25484082519367
187	5274.419	175.79007	5614.7915	5111.971	5006.943	1183.3176	5735.412	1903.095	1000.0	910.6	934999	240.47511	104.55934	415.65976	-196.31337	240.47473	104.562744	418.53677	-220.47609	240.47438	104.564415	414.00616	-211.2678	-243.88794	117.68826	4537.242995262146	24.263331603238928
188	5292.446	123.95205	5443.422	5065.4087	5359.2007	105.04436	5493.3867	5181.14	994.8	1000.0	939999	240.99568	105.01121	414.10443	-194.12512	240.9968	105.01454	414.9394	-215.92665	240.99586	105.015884	415.65085	-208.71071	-244.57323	116.18022	4563.457688331604	24.273711117024117
189	4798.4395	1230.9353	5617.453	2350.0806	4893.1025	765.5358	5570.653	3365.1138	898.6	920.6	944999	241.72868	105.54758	416.6774	-207.45491	241.72981	105.550964	415.1481	-205.26376	241.72888	105.55052	414.3049	-197.90349	-245.30762	115.971535	4589.167303800583	24.28130849580916
190	4223.7393	1332.9303	5512.989	2106.614	4651.657	952.56476	5101.5522	1815.3309	800.4286	940.6	949999	243.21504	105.57069	420.90305	-190.10472	243.21576	105.57391	420.71976	-190.66696	243.21315	105.57897	420.26962	-211.01054	-246.63419	115.254364	4614.953076839447	24.28922673024629
191	4837.956	1190.6759	5544.172	2469.0486	5066.553	623.2153	5560.8315	3588.2524	903.0	931.5	954999	243.63376	105.5085	420.28827	-205.96094	243.63432	105.513855	417.81244	-209.76297	243.63289	105.5193	418.41437	-194.17464	-246.83322	115.24974	4640.811035394669	24.29743998462617
192	5030.897	843.3267	5587.965	3353.8784	5025.7285	1225.9252	5537.3286	1355.9052	928.6	934.0	959999	244.42491	105.66781	414.8477	-191.93936	244.42586	105.66928	414.61374	-204.55197	244.4246	105.67155	414.00027	-201.05789	-248.12202	113.76455	4666.817136049271	24.306339261432488
193	4835.8013	1056.8334	5637.967	2536.0142	4826.483	893.93585	5383.978	2809.5205	918.1667	914.3	964999	245.04033	106.36221	418.75815	-200.05988	245.04079	106.368126	418.10358	-188.01402	245.04082	106.367035	415.6844	-203.48154	-249.02177	116.01891	4692.779948234558	24.314922018989996
194	5375.1597	160.75932	5548.871	5174.291	5342.423	881.02325	5883.4927	3355.8696	991.8	933.6	969999	245.05243	106.949295	416.3983	-219.65317	245.05228	106.95368	419.10852	-201.4852	245.05042	106.95681	418.14905	-189.45224	-248.44885	116.33595	4718.613070487976	24.32274779708115
195	4896.7837	797.1813	5625.7515	3232.5583	4289.348	1257.7224	5504.23	2188.9336	902.1667	806.9	974999	245.17914	107.26866	420.3212	-184.19278	245.17926	107.27525	419.26343	-202.49799	245.17853	107.27587	421.67267	-184.8458	-249.10515	117.68672	4744.259959697723	24.329538264641396
196	4403.025	1268.2128	5693.934	2414.9814	5339.529	137.16599	5551.227	5108.1895	808.1667	996.8	979999	245.37526	107.42467	417.80804	-196.1012	245.37553	107.427826	419.6284	-220.3173	245.37468	107.432365	418.8414	-231.01747	-249.24188	120.068985	4770.424903392792	24.33890257684552
197	5230.84	308.60388	5561.933	4668.4785	5268.2153	737.4716	5753.032	3308.246	965.8	944.3	984999	245.77318	107.1623	425.0967	-232.5345	245.77328	107.16956	420.00955	-233.16107	245.77281	107.17033	419.7156	-212.64757	-249.0709	118.44639	4796.166498184204	24.34602284310433
198	5251.4717	255.1741	5660.4185	4895.8765	4984.5654	826.65076	5532.7705	3299.1633	983.2	916.2	989999	245.6631	106.911415	426.4293	-225.11745	245.66246	106.919685	420.7428	-226.03795	245.66226	106.91957	425.44977	-252.68102	-249.17613	121.52207	4821.962407827377	24.353345506119005
199	4903.8086	924.5825	5495.655	3060.7993	5252.2256	70.98946	5333.607	5092.5547	919.6	1000.0	994999	245.57623	107.24009	424.98773	-229.94637	245.5768	107.24623	428.07684	-221.20645	245.57504	107.249954	423.48328	-243.9121	-249.3135	122.0809	4848.282314300537	24.36322771724145
200	5159.353	955.3226	5875.6353	3057.3062	4616.079	1212.8115	5461.062	1951.5758	928.0	868.7	999999	245.50383	107.72182	427.77438	-230.61055	245.50264	107.728226	425.37567	-234.89137	245.5029	107.730606	426.09174	-241.34271	-249.55042	122.17877	4873.9075655937195	24.36953783631325
