Epoch	AverageEpRet	StdEpRet	MaxEpRet	MinEpRet	AverageTestEpRet	StdTestEpRet	MaxTestEpRet	MinTestEpRet	EpLen	TestEpLen	Time Steps	AverageQ1Vals	StdQ1Vals	MaxQ1Vals	MinQ1Vals	AverageQ2Vals	StdQ2Vals	MaxQ2Vals	MinQ2Vals	LossPi	LossQ	Time	AVG Time Per Epoch
1	1.5737815	5.1223283	25.956985	-8.14618	83.519936	19.223663	115.311775	55.167496	19.87251	197.4	4999	3.1191373	3.2004352	16.95365	-3.3546445	3.1189957	3.1987097	17.187193	-2.978339	-5.0307393	0.25924993	16.60819101333618	16.60819387435913
2	1.6192914	5.058285	25.52057	-12.290113	74.32344	12.828297	91.263336	56.441452	19.399225	187.8	9999	18.390291	9.134776	51.76619	-12.202429	18.389877	9.131675	50.671448	-12.07121	-23.103348	2.6710532	36.91126370429993	18.455633282661438
3	230.59961	207.59537	935.4984	-3.7486703	79.602104	59.707355	176.65797	-15.641002	222.31818	127.2	14999	37.068	12.621588	90.83085	-15.036493	37.06795	12.616777	90.93456	-14.817511	-41.479748	8.966669	58.37311577796936	19.457705895106
4	469.54233	340.27106	948.4166	-19.283197	494.9201	346.38303	994.5043	7.220446	582.375	497.4	19999	48.4612	12.223536	88.13704	-29.978804	48.461082	12.210212	89.21344	-29.90391	-52.086674	11.078345	81.14449906349182	20.286125242710114
5	196.79959	162.39236	814.4037	-13.794182	107.62618	67.00281	227.44658	-29.904919	196.14815	129.9	24999	54.356407	12.343126	87.761604	-25.582338	54.35715	12.331281	87.74505	-25.170483	-57.43192	13.221102	102.35464143753052	20.470928764343263
6	156.15508	109.057304	476.23453	-12.855877	446.56305	176.30147	905.56537	261.3046	157.48387	402.8	29999	57.57079	13.269228	97.00788	-40.40747	57.57257	13.256163	105.40467	-42.32952	-60.500767	16.695509	124.62105584144592	20.77017629146576
7	199.40196	108.397705	511.22183	10.436161	235.05725	50.067253	361.34387	160.37541	202.11539	145.7	34999	60.62906	14.295655	110.69246	-51.871395	60.629906	14.288595	110.58151	-44.260136	-63.54127	17.622578	145.97912001609802	20.85416034289769
8	276.46335	188.2816	948.63214	-22.181953	260.636	50.850746	337.02362	156.11687	236.8	152.2	39999	63.89952	14.961514	120.83897	-53.304134	63.89984	14.952128	115.36068	-51.45881	-66.5805	18.622538	167.30112099647522	20.912640392780304
9	305.87222	168.65361	913.79535	91.89737	156.08618	102.63867	265.50244	-56.3741	216.125	169.6	44999	66.69311	15.207256	119.04412	-46.421135	66.69418	15.194312	117.891655	-52.528122	-69.30173	18.474388	188.98258996009827	20.998065789540608
10	202.08054	107.740776	520.5435	8.092033	262.8191	81.1891	389.51422	147.94777	177.18518	203.2	49999	68.8416	15.510386	119.43089	-80.52397	68.842834	15.497101	118.011765	-79.74508	-71.26405	19.048176	210.60761618614197	21.060761833190917
11	272.63116	120.27988	739.4492	174.8204	227.75029	16.682459	256.21906	206.3547	182.6207	121.1	54999	70.82373	16.143665	125.15568	-111.68225	70.82559	16.124117	124.517365	-124.630936	-73.29669	19.32902	231.88371872901917	21.080338217995383
12	255.57387	59.77427	400.13943	171.23154	291.34702	9.353338	312.5772	278.56027	146.82353	159.7	59999	73.783325	16.895678	132.14586	-85.49139	73.78513	16.880737	130.68668	-77.30539	-76.30991	18.066694	253.34450030326843	21.112041850884754
13	304.2756	91.38529	625.9247	210.61797	278.8999	40.695583	375.1296	239.16962	204.22728	142.4	64999	76.53844	18.033758	134.23149	-79.0777	76.53888	18.025663	134.50989	-77.267265	-79.01759	16.968834	274.87401700019836	21.14415531892043
14	320.51303	75.054985	528.36804	166.96895	388.23694	46.254448	444.75113	317.93857	198.91667	184.1	69999	79.08406	18.761658	135.91188	-75.78284	79.084335	18.751808	138.39772	-72.00723	-81.39914	17.001225	296.4229564666748	21.173068472317286
15	348.26285	172.31224	1047.4502	149.09016	453.39224	130.87666	702.35394	191.75789	225.48	253.3	74999	81.82161	19.29311	142.6989	-78.3284	81.821304	19.28679	140.49486	-78.31979	-84.163895	18.277948	318.28530764579773	21.21902068456014
16	345.425	89.245094	583.45856	189.90091	400.40018	70.76963	473.8651	228.71748	191.53847	206.0	79999	84.2228	20.510195	143.39655	-60.651947	84.22395	20.502129	143.34093	-67.59846	-86.53279	18.490774	339.9022991657257	21.24389384686947
17	366.78558	95.94351	610.2975	184.93192	457.1474	126.55072	666.8158	274.20267	189.92592	267.7	84999	86.05386	21.978174	142.3377	-89.32735	86.05568	21.971983	142.51997	-78.61848	-88.337776	18.383047	361.8277955055237	21.283988069085513
18	345.81042	128.36621	612.322	134.68999	220.0502	232.07039	730.8479	36.927193	183.34616	192.3	89999	88.210495	22.929035	141.61922	-89.24364	88.2123	22.921833	141.59286	-83.66334	-90.482445	18.838684	383.6056182384491	21.31142332818773
19	520.0022	159.86346	814.14246	35.79966	562.6714	136.57143	737.5413	355.69156	290.27777	372.9	94999	90.9508	23.886528	152.65446	-66.50725	90.95269	23.879662	155.16133	-64.6212	-93.308365	20.706095	405.97613286972046	21.36716500081514
20	400.5192	211.58797	921.647	65.03753	425.54922	135.47014	595.11163	63.215393	274.27777	219.9	99999	93.64967	24.72638	157.49113	-66.48929	93.65166	24.717009	158.58426	-62.970047	-96.088524	23.78949	427.50651359558105	21.375325798988342
21	398.85547	219.9291	712.231	41.567932	472.22495	198.67854	781.00006	143.65648	286.41177	248.5	104999	95.21383	25.45712	159.30841	-62.543003	95.215546	25.449968	158.4247	-72.129616	-97.736755	26.804756	449.4116566181183	21.400555179232644
22	386.97232	176.58641	721.7188	61.615803	370.76627	149.83662	712.8145	200.32117	215.33333	168.3	109999	96.015594	26.433428	166.62294	-61.026894	96.01697	26.429712	168.95825	-62.05578	-98.413155	28.462994	470.91225481033325	21.405102599750865
23	375.0728	122.97888	590.0589	149.01724	359.03818	63.948227	448.13123	214.30127	172.89655	149.3	114999	96.74919	27.747442	172.9056	-89.78409	96.750656	27.743893	174.06615	-70.3031	-99.329155	29.560131	492.3522665500641	21.406620388445646
24	402.23712	144.17946	643.4051	48.023632	508.55438	186.2053	673.99066	13.332949	183.51852	243.8	119999	97.644264	29.031279	180.2774	-79.3497	97.64576	29.029055	180.85991	-71.175224	-100.43814	31.11275	513.9890174865723	21.416209161281586
25	332.56247	179.01999	649.06396	-5.0312257	405.88586	12.2245865	431.58325	389.68512	184.03703	193.3	124999	98.9812	29.818462	186.16641	-63.12542	98.98176	29.82142	186.92659	-58.078278	-101.727135	32.346275	535.6256670951843	21.425026769638063
26	339.13754	134.28928	706.6646	135.16487	374.2521	142.16747	666.36237	188.83263	164.90323	173.7	129999	99.78226	30.104673	185.2422	-65.80205	99.78255	30.103376	185.94498	-65.93192	-102.534004	32.01724	557.0264205932617	21.4240931731004
27	371.76505	168.7758	674.8058	33.795296	450.6107	148.0556	754.11194	233.31743	177.21428	199.9	134999	100.20097	30.55838	184.9428	-61.013725	100.20083	30.558764	183.51245	-51.971786	-102.96899	32.438683	578.7751505374908	21.436116766046595
28	451.3257	211.97026	956.4649	2.9529502	628.90393	146.10916	850.26306	444.8582	192.07692	218.8	139999	100.763214	31.322645	185.08176	-66.109535	100.7633	31.323116	183.09207	-74.165565	-103.37018	33.858715	600.4329197406769	21.44403291600091
29	547.8368	171.47763	1021.0738	349.5089	569.3571	73.26207	693.9231	491.92645	203.29167	213.6	144999	102.092155	32.007145	183.57866	-53.097725	102.09154	32.008667	185.32689	-48.248337	-104.702354	33.443966	622.01269364357	21.448713639686847
30	531.3885	160.91739	934.0409	325.32193	669.21814	166.5368	861.3066	407.23962	195.8077	226.4	149999	104.23259	32.54337	185.27718	-61.181347	104.23228	32.542156	181.87875	-64.416145	-106.878624	34.25053	643.9060711860657	21.463535769780478
31	480.51138	229.35294	1199.1511	329.47678	748.8563	279.5825	1242.1725	350.38022	178.14815	236.1	154999	106.80702	33.223984	188.12204	-66.35124	106.80682	33.22078	187.29544	-68.53058	-109.412186	34.626705	665.6642327308655	21.47303984242101
32	848.137	339.78186	1993.2206	594.4035	384.9604	21.326807	414.84833	359.95215	269.42105	156.4	159999	109.559425	33.937153	205.58963	-57.669144	109.55927	33.934113	205.25204	-57.704536	-112.133606	35.524693	687.0324578285217	21.46976436674595
33	760.02454	302.8116	1412.8346	367.69733	911.51013	261.85135	1486.1091	626.04047	249.7	289.4	164999	112.337494	34.763336	212.20956	-73.47392	112.33683	34.76024	215.71371	-71.91252	-114.96246	36.942997	709.0305073261261	21.485773007074993
34	1214.6995	566.1889	2538.05	481.2064	1978.6097	1088.7854	3358.0012	787.7598	391.76923	634.1	169999	115.67297	35.182907	224.83986	-85.22233	115.673096	35.177593	219.47227	-83.29505	-118.17005	39.04552	732.6526076793671	21.548606164315167
35	1312.892	800.5683	3305.4932	494.9249	866.87244	519.7046	2403.3342	547.5493	417.16666	275.8	174999	118.88981	35.844265	210.61194	-93.485405	118.89001	35.83942	211.99626	-89.84428	-121.63296	40.621395	754.6448633670807	21.561281871795654
36	1166.8855	549.6721	2470.8118	529.59973	967.61163	595.3948	2556.328	586.74005	373.84616	304.1	179999	122.16475	36.45392	216.52193	-98.787186	122.16464	36.450813	217.27328	-93.792114	-124.90356	40.809708	776.7551157474518	21.57653104596668
37	1457.4766	916.3995	3467.4517	523.5449	554.53564	22.038235	594.3116	525.3272	425.41666	193.2	184999	125.38147	37.348053	228.00615	-101.53974	125.3816	37.341206	232.64787	-97.50006	-128.10405	43.07415	798.304584980011	21.575799652048058
38	893.9976	449.0492	2025.2344	326.35107	1046.4958	292.44766	1505.4518	728.3948	284.52942	313.2	189999	128.29755	38.245163	233.84714	-104.47991	128.29756	38.243244	232.3652	-100.119026	-131.02095	43.622757	820.3579683303833	21.588367637835052
39	1427.1556	786.41644	3229.3767	620.95233	1838.0862	835.8798	3954.88	821.46704	423.41666	480.4	194999	130.91316	38.955425	229.74425	-92.86006	130.91405	38.94805	234.33374	-90.34633	-133.3854	44.409218	842.7631182670593	21.609310779816067
40	1249.6737	893.1716	3768.711	181.35396	943.90753	587.19617	2082.4033	118.166916	373.0	275.1	199999	133.33826	39.835854	239.1233	-75.29571	133.33899	39.828987	241.72408	-73.68896	-135.93834	45.162292	864.688960313797	21.61722405552864
41	1287.6608	815.7702	3208.486	304.51135	1114.7253	244.31937	1467.4553	545.04553	363.2143	320.5	204999	135.7358	40.978436	251.86156	-78.53081	135.73619	40.97488	245.92738	-79.63367	-138.31181	47.473904	886.6800584793091	21.626342936259945
42	1703.8164	1003.4511	3930.455	340.83273	1321.9299	496.5412	2174.3154	181.64119	480.6	362.6	209999	138.26463	42.350765	250.85333	-81.740685	138.26488	42.345345	251.11055	-76.70473	-140.92313	47.79255	909.0841841697693	21.64486156758808
43	1410.5884	815.17377	3118.088	169.8768	1883.4485	992.916	4106.077	1008.23444	397.6154	505.9	214999	141.04868	43.66906	261.09195	-69.65285	141.04971	43.662434	266.34027	-80.450195	-143.85442	48.47049	931.7787115573883	21.66927241170129
44	1955.3969	896.4604	3945.0222	743.80994	2072.4023	906.1788	4184.8286	770.2396	514.5	545.3	219999	143.80354	45.41087	271.3796	-123.875565	143.80318	45.405735	278.5191	-76.11535	-146.55057	50.93532	955.1240222454071	21.707364190708507
45	2546.8257	796.05194	3507.9502	1350.554	2417.6448	794.1555	4184.1265	1268.7689	647.0	585.9	224999	146.93477	47.115948	279.7341	-93.8781	146.93489	47.11216	290.7049	-85.53357	-149.60672	52.91134	978.4526104927063	21.743391386667888
46	1665.7675	716.23206	2980.3591	670.48	1395.7875	302.99472	1850.2417	767.7087	464.16666	347.0	229999	150.09366	48.61247	286.4326	-77.858505	150.09367	48.6068	285.38892	-73.52341	-152.98204	55.6999	1000.6165552139282	21.75253385046254
47	1925.8271	891.00366	3965.6047	760.7016	1142.2521	665.1065	2513.8093	434.434	494.8	324.1	234999	152.66582	50.41528	287.5503	-81.25005	152.66727	50.410046	293.43185	-81.34272	-155.61404	57.6232	1022.7166860103607	21.759929535236765
48	1132.6953	961.6279	3543.999	125.29036	1269.8495	897.7219	2812.47	135.23285	318.93332	353.4	239999	155.03099	52.27724	295.4864	-97.48329	155.0314	52.274345	298.90018	-88.4975	-157.79086	59.822525	1044.9312417507172	21.76940091451009
49	1269.1991	1046.4557	4326.5073	167.22142	2071.1604	964.49475	3699.83	774.89404	350.73334	531.7	244999	157.62587	54.222065	314.81363	-95.456276	157.62732	54.216743	313.78787	-85.47443	-160.42545	63.159863	1067.8939244747162	21.79375360449966
50	1476.4987	967.6946	4047.154	578.4107	3145.7087	1278.6986	4369.721	941.19086	398.16666	787.5	249999	160.16495	55.87777	310.7766	-88.863495	160.1644	55.87621	315.48666	-88.42702	-163.21019	65.55346	1092.0804126262665	21.841608295440675
51	1822.1215	1471.5574	4240.0347	148.37587	3249.9248	1084.35	4257.947	761.9335	486.9	810.5	254999	162.59995	57.43059	323.32278	-89.54404	162.60118	57.42682	316.77063	-77.876816	-165.38225	68.004814	1116.3624484539032	21.889459806330063
52	1643.448	980.7327	3934.55	642.56537	1563.4668	854.9928	2551.3923	274.24286	456.0	465.2	259999	165.1555	58.884094	327.15442	-82.30315	165.15587	58.882465	323.71927	-76.57801	-168.06133	69.00003	1139.1803140640259	21.90731377326525
53	1349.6919	1019.26227	4098.0684	382.97546	2185.1658	812.274	3213.858	907.2728	398.84616	590.5	264999	167.44386	60.079052	332.37885	-81.84651	167.44475	60.07675	330.97177	-90.732025	-170.44438	73.06095	1162.4429841041565	21.932886533017427
54	1529.2675	900.6594	3406.4402	638.9728	2767.391	1488.2716	4343.722	762.07434	461.45456	688.9	269999	169.89622	60.938393	335.2323	-82.19476	169.89647	60.933018	336.64224	-85.71263	-173.05754	73.096725	1186.0911524295807	21.964651001824272
55	2555.014	1303.6254	4081.4714	604.3162	1253.1362	977.88995	3794.1912	625.17847	695.8333	406.3	274999	172.71104	62.110214	336.13995	-78.632576	172.71089	62.109432	334.1222	-86.383125	-175.85033	74.17056	1208.5460863113403	21.97356524467468
56	2472.672	1433.5366	4244.1753	658.20087	4257.145	163.34471	4424.4844	3868.9937	645.2222	1000.0	279999	175.41629	63.041122	338.12808	-82.42278	175.41713	63.038357	337.09512	-89.77644	-178.55719	76.26287	1233.6178257465363	22.028889783791133
57	2724.844	1292.1744	4257.26	602.47815	3053.3909	1194.2631	4154.4834	1112.644	700.3333	800.9	284999	178.72044	64.04226	351.59567	-91.404976	178.72073	64.04688	347.8945	-88.306366	-181.97124	76.95636	1257.7603557109833	22.065971186286525
58	3330.2485	1194.2339	4301.94	1336.3478	3086.7866	937.5668	3864.678	832.3752	824.1429	846.5	289999	182.12866	64.55087	352.71457	-86.37	182.12968	64.55014	349.43042	-89.68909	-185.12566	77.29968	1281.9633238315582	22.1028159651263
59	2535.692	1370.1375	4313.7627	666.81415	2943.092	792.52	3666.1675	1215.8708	692.1429	882.5	294999	185.12004	65.10811	349.88214	-72.24895	185.11955	65.10618	353.9489	-77.033195	-188.24797	78.721466	1306.3767004013062	22.14197800927243
60	2340.0918	1340.6265	4248.008	504.90692	2069.0994	1409.1013	4317.7124	577.17566	648.875	546.2	299999	187.5523	66.09458	353.83026	-79.00816	187.55283	66.08939	356.39667	-76.481735	-190.64955	80.91135	1329.359364748001	22.155989440282188
61	2436.9844	1530.3871	4201.5254	583.3967	3839.8176	650.8151	4519.8315	2433.271	632.2857	884.5	304999	189.96329	66.68071	353.8852	-85.428116	189.96342	66.6775	359.89566	-78.41101	-192.9217	81.05256	1353.893389225006	22.19497362902907
62	3842.207	424.9917	4222.14	3000.1482	3782.1594	707.3926	4403.938	1972.7932	939.6667	927.8	309999	192.69182	67.39341	359.53085	-80.761154	192.6934	67.39338	357.8131	-89.862976	-196.09956	82.49058	1378.702481508255	22.23713682928393
63	2115.1868	1407.7418	4139.5176	562.7115	2630.8782	1378.7319	4307.006	838.0884	619.1429	695.4	314999	194.7043	67.90437	362.4797	-73.5732	194.70529	67.89857	364.43372	-70.46203	-198.13857	82.024254	1402.2773354053497	22.258370429750475
64	3536.962	1304.7867	4287.3193	628.7541	1452.9224	1691.2135	4471.3384	354.3465	872.6667	399.8	319999	196.67117	68.39888	363.27658	-77.302	196.67299	68.39664	365.18307	-85.148796	-199.86906	83.37909	1424.8221950531006	22.26284682378173
65	3608.3455	1030.443	4187.4644	1325.789	2961.5254	1425.721	4260.792	145.65468	901.8333	756.1	324999	198.70494	69.262314	363.78333	-67.87282	198.70567	69.26317	365.62164	-64.79746	-202.17007	83.601685	1448.7629368305206	22.288660599635197
66	4075.77	201.39546	4331.593	3753.7754	3259.7415	872.82776	4073.3496	1035.9784	981.6	837.3	329999	200.4236	70.22546	362.1238	-73.7883	200.42615	70.22497	363.69284	-92.07741	-203.83047	83.45465	1473.012983083725	22.318378564083215
67	3183.0557	1497.2549	4396.139	133.75441	2915.5894	1527.922	4648.366	587.969	776.8333	747.0	334999	202.23338	70.91691	370.00513	-72.44291	202.23254	70.92269	365.55258	-85.000786	-205.04399	84.525185	1496.8699741363525	22.341342922466904
68	3116.3809	1225.7697	4443.99	1310.3395	3953.8425	717.2989	4545.4585	1995.9973	771.0	945.8	339999	204.07257	72.10265	363.16806	-93.81908	204.07349	72.09925	361.60593	-99.15162	-207.17644	85.22504	1521.513114452362	22.37519288413665
69	3800.474	290.26675	4154.616	3420.8994	2905.4792	1017.68994	4138.593	534.01794	1000.0	755.9	344999	205.7545	72.92382	372.8288	-82.18164	205.75407	72.92339	371.3081	-88.56771	-208.8231	85.97016	1545.6166093349457	22.400240742641948
70	4029.621	620.1024	4438.2075	2680.6572	2285.6062	1520.243	4364.7017	587.9264	954.3333	630.2	349999	207.81021	73.527855	370.89325	-86.511024	207.81241	73.52675	369.62643	-90.29013	-211.18346	85.65083	1569.0417325496674	22.414881924220495
71	2978.3496	1466.0671	4454.4565	698.9294	3454.5898	1358.5708	4312.182	544.36224	805.3333	851.3	354999	210.12067	74.163124	369.75223	-84.2626	210.11987	74.16478	368.79666	-91.01239	-213.14474	84.9853	1593.266042470932	22.440366822229304
72	4016.4004	582.1567	4454.6157	2871.4138	4386.505	233.75667	4784.7217	4032.2944	964.8	1000.0	359999	211.52203	75.2391	374.04257	-88.33168	211.52234	75.24145	374.13577	-87.45865	-214.52565	87.20794	1618.2645676136017	22.475896798902088
73	4115.9116	298.99646	4497.7617	3669.6328	3846.9985	760.3023	4637.49	2340.0984	1000.0	928.6	364999	213.33316	75.83928	386.91788	-93.71231	213.3334	75.84187	379.1719	-102.142456	-216.28809	87.580086	1643.1224722862244	22.508527043747577
74	4248.353	181.81416	4442.9014	3937.4248	4026.6218	221.45691	4355.0293	3671.4155	1000.0	1000.0	369999	215.44612	76.5652	384.43933	-91.20792	215.4486	76.561295	381.17465	-104.74255	-218.32872	90.1534	1668.0194292068481	22.54080312316482
75	3793.5425	698.12317	4350.6855	2421.8752	2036.5004	1670.4778	4378.031	569.5467	939.4	543.2	374999	217.21214	77.36694	385.07227	-100.81032	217.21324	77.36501	384.6518	-128.3121	-220.50925	88.53621	1690.9964621067047	22.546619520187377
76	3734.5117	1065.6167	4553.929	1383.813	3915.7332	1064.4753	4563.164	755.9476	899.1667	930.7	379999	218.89745	78.100006	389.48282	-77.462425	218.90009	78.09751	391.00128	-79.52351	-221.91217	90.17828	1715.737090587616	22.57548806228136
77	4138.54	179.99242	4463.1494	3924.0833	3507.7026	1449.1112	4730.507	517.0952	1000.0	833.1	384999	220.94614	78.912315	392.66595	-126.6904	220.94594	78.91601	388.33896	-135.0542	-223.92834	91.31169	1739.8858325481415	22.59591992799338
78	2913.884	1326.3542	4364.481	624.0283	4026.911	190.93565	4372.1006	3726.704	759.7143	997.6	389999	222.68536	79.40907	410.9693	-190.37532	222.68607	79.40896	404.19266	-206.33514	-225.75371	93.91944	1764.8661823272705	22.626489544526123
79	3462.6516	1468.3666	4566.0337	579.5623	3335.8914	1192.6497	4695.521	1787.6648	842.8	761.9	394999	224.00163	80.172646	406.92453	-138.44193	224.0027	80.17514	405.48547	-147.3532	-226.87555	93.08239	1788.8045585155487	22.643095704573618
80	3514.2341	1024.6912	4359.334	1419.4028	3920.2598	377.6932	4472.515	3176.9663	916.1667	1000.0	399999	225.18027	80.79215	418.8091	-105.05485	225.17995	80.79492	422.2448	-125.78229	-228.1934	95.55816	1813.8589181900024	22.67323650419712
81	3425.8186	965.66736	4325.4663	1993.8394	3635.048	1271.1761	4628.663	712.5885	842.1667	869.0	404999	225.8533	81.40287	411.26163	-121.05813	225.85503	81.40252	411.3174	-123.94168	-228.94444	95.782326	1838.3444805145264	22.6956108999841
82	3228.668	1313.8302	4414.7217	687.72705	3727.082	1026.1589	4535.373	910.619	779.6667	893.6	409999	226.91876	81.709404	417.17398	-126.03777	226.92018	81.71117	411.04785	-125.45794	-230.18149	97.68728	1862.817845582962	22.71729082305257
83	2268.6975	1543.0739	4164.0825	311.0823	3245.019	1321.0637	4688.867	526.834	602.75	799.5	414999	228.09264	82.054344	414.55063	-122.26808	228.09406	82.057556	411.54715	-122.327095	-231.04576	98.418015	1886.944226026535	22.734267809304846
84	3433.656	1140.1251	4820.6675	1522.637	3185.518	1302.3032	4200.364	581.4806	810.0	805.6	419999	228.78856	82.59717	414.09738	-118.563965	228.78944	82.59626	407.74887	-132.55374	-231.76933	97.4875	1911.0792977809906	22.7509440439088
85	3527.2734	1723.308	4853.739	117.59005	3509.909	1343.0417	4738.8086	762.3907	832.4	800.6	424999	229.8026	83.337036	414.9528	-121.9993	229.80249	83.339325	411.77563	-137.79597	-232.81786	97.73371	1935.1784627437592	22.76680546648362
86	4410.1357	205.6105	4705.2075	4114.21	4428.0234	190.92194	4614.123	4112.3	1000.0	994.4	429999	230.45009	84.038666	417.15942	-143.49493	230.45184	84.041695	417.24634	-134.70732	-233.38728	98.80303	1960.0058760643005	22.790766022926153
87	4293.185	400.3667	4788.103	3570.4426	3907.1782	672.3501	4621.5537	2255.0862	963.6667	958.6	434999	231.5836	84.83959	420.32806	-138.53647	231.58496	84.83718	416.79532	-151.9494	-234.57011	99.7988	1984.8064770698547	22.813867577191058
88	3657.5637	1011.2425	4710.0913	1866.2262	4305.889	994.33984	5139.2036	2412.0503	848.6	890.3	439999	232.4027	85.47735	419.41983	-171.48228	232.4026	85.484436	417.46362	-162.96729	-235.73341	99.04775	2009.3302869796753	22.833298737352546
89	4041.9797	649.0285	4822.1143	2765.3079	4147.9854	1124.5962	4961.498	1383.1302	936.1667	875.1	444999	233.62512	85.75228	420.97028	-159.0531	233.62473	85.75909	419.78857	-152.40099	-236.48602	98.65161	2033.557648897171	22.848962371268968
90	4713.862	466.46964	5058.0234	3797.9658	4341.6426	270.8371	4650.977	3829.9155	968.4	1000.0	449999	235.13937	86.392006	419.61066	-139.30443	235.14026	86.39443	414.65497	-142.0867	-238.0485	98.30514	2058.411609888077	22.871240128411188
91	4386.701	300.65768	4735.894	3843.605	4674.106	127.600266	4873.4927	4503.531	1000.0	1000.0	454999	236.425	87.04227	419.69214	-135.38168	236.42552	87.04902	414.40298	-138.82265	-239.20459	100.95719	2083.2417285442352	22.892766266078738
92	3778.3567	1000.46356	4687.218	1926.6981	4165.17	711.0494	4722.002	2261.5818	861.6667	939.8	459999	237.9079	87.657364	417.50336	-151.16078	237.90688	87.66425	416.78488	-138.27245	-240.83629	102.22758	2108.077045440674	22.913880949435026
93	3995.9858	1217.7987	4801.2974	1573.5823	4136.9365	477.0071	4604.1494	2818.602	883.6	953.7	464999	239.28784	88.065216	426.80695	-131.65846	239.28888	88.06893	427.90686	-132.68948	-241.82982	99.83793	2132.7439439296722	22.932730602961716
94	4332.991	363.88654	4966.4893	3904.3022	4598.003	216.23553	4979.82	4273.3477	1000.0	987.9	469999	239.97542	88.56883	427.30222	-161.00534	239.9752	88.57558	425.16525	-159.10776	-242.98434	102.416016	2157.5858335494995	22.95304080019606
95	3689.035	1291.4116	4803.276	1444.2169	3627.3003	911.2167	4751.238	1926.763	837.8571	828.6	474999	240.73709	89.37975	431.64847	-140.43607	240.73738	89.381996	434.46738	-147.72708	-243.54985	103.56868	2181.9801952838898	22.968212604522705
96	4596.8853	136.70898	4759.7217	4415.6904	4163.2114	826.4554	4931.385	2171.1057	1000.0	935.7	479999	241.97725	89.71428	430.71027	-151.64992	241.97823	89.71646	430.44022	-153.59335	-244.85883	102.588615	2206.7549324035645	22.987030568222206
97	4685.1694	107.03797	4845.5957	4520.3604	3997.56	909.47064	4638.4233	2032.4199	1000.0	908.9	484999	243.25449	89.97645	423.99622	-145.02217	243.25462	89.984886	419.6438	-178.1695	-246.25026	103.92483	2231.374035835266	23.003856059202214
98	4474.5146	341.82745	4843.434	3921.3804	4506.589	197.58928	4865.7393	4173.964	1000.0	1000.0	489999	244.48503	90.16895	429.75894	-142.87828	244.48447	90.17592	427.67233	-195.31714	-247.54974	103.49446	2256.196290254593	23.02241114694245
99	4564.484	366.28455	4880.068	3860.141	4822.861	154.05464	5033.672	4527.747	1000.0	1000.0	494999	246.07715	90.17577	431.2942	-129.92902	246.07736	90.17818	426.20355	-114.457664	-249.03323	101.98695	2281.061802625656	23.04102832620794
100	4694.4785	228.43546	4872.597	4251.8467	4616.3545	204.64299	4820.9116	4073.4841	1000.0	1000.0	499999	247.72676	90.47945	433.2905	-110.00689	247.72697	90.48169	429.96384	-158.51915	-250.35739	102.12983	2305.813571214676	23.05813572883606
101	4688.002	159.07094	4862.298	4397.18	4512.5146	270.42447	5147.5693	4146.456	1000.0	1000.0	504999	249.28572	90.57324	431.74033	-134.84135	249.28688	90.579414	426.682	-184.23938	-252.11354	101.63485	2330.6645658016205	23.075886811360274
102	4757.849	227.93297	4945.0337	4325.068	4845.58	76.32014	4946.718	4675.4795	1000.0	1000.0	509999	251.21033	90.569275	432.33038	-123.16815	251.2102	90.56882	430.96817	-108.66368	-253.96964	100.39794	2355.696768760681	23.095066381435768
103	4070.8035	1171.2878	4819.673	1740.7517	4755.754	286.7616	5027.7534	4007.9888	891.2	987.3	514999	252.95006	90.88958	428.259	-103.157776	252.95084	90.89535	430.68002	-119.63885	-255.86874	98.56469	2380.472299337387	23.111381563168127
104	4669.044	189.56328	4908.467	4392.718	4304.0654	618.3383	4887.115	3003.5923	1000.0	935.4	519999	254.28369	91.225426	429.39865	-122.833176	254.28435	91.230484	426.34564	-175.71005	-257.1846	99.36302	2405.1592197418213	23.12653097968835
105	3908.7102	1274.7264	4712.175	1212.809	4813.0273	118.701225	5044.7207	4575.6875	852.3333	1000.0	524999	256.1313	91.12629	429.38257	-120.206505	256.1319	91.123695	429.49265	-108.86423	-258.80872	99.415215	2430.0286667346954	23.143130175272624
106	4369.852	629.88196	4848.208	3141.6497	4696.509	388.08676	5032.5796	3680.3633	944.8	1000.0	529999	257.617	90.977325	435.9132	-140.83847	257.61652	90.98654	429.3215	-137.45364	-260.29788	100.08668	2455.034162044525	23.16069965992334
107	4371.5234	651.09503	4780.002	2929.1934	4785.1343	403.36395	5055.1255	3588.7778	950.0	985.2	534999	259.11172	90.8775	428.80975	-171.82579	259.1133	90.8739	438.87152	-144.39767	-261.72595	100.73785	2479.984591960907	23.177426110918276
108	4402.539	508.67947	4864.7705	3446.1924	4405.9814	171.539	4625.0444	3999.4583	962.8	1000.0	539999	260.0682	91.072586	430.47577	-143.00458	260.06885	91.07453	432.44455	-141.18092	-262.9469	101.24988	2504.8335320949554	23.19290309261393
109	4580.1147	252.63655	4825.6826	4137.2197	4039.8313	441.60895	4476.001	2826.7742	1000.0	970.1	544999	261.42694	91.69115	432.84943	-148.39856	261.42685	91.6928	433.2783	-145.81946	-264.26712	100.5592	2529.608192205429	23.207414627075195
110	4583.4	190.62373	4892.0205	4307.574	4875.3745	224.50648	5154.089	4255.3154	1000.0	1000.0	549999	263.0704	91.76697	434.86502	-164.67809	263.0703	91.772545	435.99448	-154.18771	-265.833	103.34209	2554.5262775421143	23.222966181148184
111	3393.763	1630.8397	4733.8857	38.586895	4542.743	661.347	4894.001	2577.5708	773.8333	958.4	554999	264.13876	92.123726	436.2865	-169.32007	264.13873	92.1299	433.21796	-168.17389	-266.93463	100.53562	2579.246095895767	23.236451333707517
112	4543.3345	156.8111	4776.871	4303.2812	4627.9326	198.59409	4941.539	4280.9043	1000.0	1000.0	559999	265.27344	92.34492	433.33902	-182.23656	265.27432	92.34419	431.9844	-212.09148	-268.1485	100.53621	2604.2271535396576	23.252028173633985
113	4682.5444	155.06853	4930.5605	4462.527	4118.1377	272.26007	4520.6255	3762.1848	1000.0	1000.0	564999	266.52512	93.022095	435.11273	-204.23708	266.52643	93.024796	432.77524	-175.5802	-269.32892	100.43675	2629.2073879241943	23.26732203390746
114	4319.425	153.95793	4569.1045	4105.131	4039.4946	1302.3972	4864.377	241.38577	1000.0	923.7	569999	267.72964	93.250206	440.28357	-176.80022	267.73047	93.25086	438.6867	-172.39293	-270.51733	98.77673	2654.0284039974213	23.28095092898921
115	4108.627	830.6931	4619.266	2266.962	4327.698	930.5522	4825.1685	1554.0677	926.0	942.0	574999	269.0679	93.58127	434.645	-212.86896	269.069	93.58802	435.76184	-186.87689	-271.6624	98.83556	2678.6847455501556	23.292910847456557
116	3615.5293	1078.332	4660.239	2107.8726	2069.5298	1545.701	4204.633	629.5068	827.6	586.2	579999	270.42166	93.648636	439.49796	-174.75517	270.4216	93.648926	442.68423	-175.24702	-272.9923	101.74081	2701.841095685959	23.291733599942305
117	4492.843	322.19302	4904.9897	4126.659	4221.5796	139.79199	4475.209	4010.0066	1000.0	1000.0	584999	271.6316	93.9172	443.94788	-143.67212	271.6332	93.92141	442.72137	-161.13597	-274.2371	101.783714	2726.877337217331	23.306643922104794
118	4566.134	196.20332	4854.3145	4247.113	4317.796	224.03087	4627.3213	3788.0432	1000.0	992.1	589999	272.5793	94.13552	445.63284	-146.59645	272.57977	94.13658	447.29654	-166.43797	-275.20898	102.62473	2751.857318162918	23.32082474837869
119	4346.759	198.23886	4541.385	4077.8875	4143.8525	1155.9995	4829.374	1427.8594	1000.0	892.9	594999	273.6138	94.709366	444.52426	-171.79466	273.61465	94.715294	444.47687	-163.03479	-276.27435	101.536354	2776.486578464508	23.33182000713188
120	4535.568	349.44763	4992.565	3905.2979	4755.7144	84.92274	4860.2905	4613.0723	974.3333	1000.0	599999	274.7791	95.123405	447.87848	-156.74452	274.77942	95.12359	449.06577	-164.98878	-277.6044	100.38448	2801.3515117168427	23.34459594686826
121	4718.871	245.89948	5146.3853	4380.288	4792.1733	119.34626	4991.9644	4548.084	1000.0	1000.0	604999	276.19983	95.38231	449.2406	-153.52217	276.20218	95.384254	448.1516	-156.7637	-278.54584	100.40225	2826.4270770549774	23.35890148099789
122	4038.1719	1563.0846	5083.426	957.73395	4357.4375	1163.6772	4835.0645	869.46985	839.6	923.3	609999	277.21606	95.270546	452.2168	-177.33458	277.21506	95.275734	451.43274	-276.3303	-279.62106	101.00445	2851.069390773773	23.369421253438855
123	4540.5537	107.67848	4716.745	4404.1943	3551.0344	1743.5443	4803.0825	160.84091	1000.0	786.7	614999	277.9503	95.64649	449.95612	-193.97049	277.95004	95.64774	449.35986	-233.49255	-280.6892	101.89419	2875.0787448883057	23.374623957688247
124	4338.9355	710.24255	4911.374	2814.1243	4504.1934	146.37776	4724.5454	4274.175	940.6667	1000.0	619999	278.9144	96.109505	453.29495	-136.11171	278.9163	96.10935	452.3777	-215.15872	-281.22668	99.714966	2900.033474445343	23.387366744779772
125	4731.1973	137.68259	4926.7246	4517.0854	4179.505	933.83203	4941.913	2149.8367	1000.0	882.2	624999	279.66507	96.95243	451.6042	-173.0639	279.66492	96.95658	452.7058	-153.19757	-282.444	99.74708	2924.4622139930725	23.39569772720337
126	4747.398	63.705917	4816.98	4646.2227	4386.6367	1451.8955	5160.796	68.615364	1000.0	898.0	629999	280.8667	97.38941	455.7848	-171.52429	280.86853	97.385506	455.04642	-164.86801	-283.54022	102.07098	2948.9848494529724	23.404641675570655
127	4193.6045	980.21436	4947.9565	2258.3833	4407.1226	791.9661	4919.642	2204.3313	909.0	934.4	634999	281.82428	97.91967	456.15228	-143.55794	281.82535	97.92193	454.74203	-150.86018	-284.57437	102.64149	2973.8172566890717	23.415883927833377
128	4387.271	804.55304	4876.5938	2600.2588	3594.4797	1163.3683	4876.057	2102.6013	932.3333	770.5	639999	282.9935	98.2331	454.77573	-202.65437	282.99466	98.23081	454.71347	-179.57458	-285.4585	110.3405	2997.8490154743195	23.420695450156927
129	4287.447	1029.5054	4902.514	2233.1755	4450.5527	130.89977	4653.1445	4140.797	905.2	1000.0	644999	284.45068	98.522	459.67545	-166.1228	284.45242	98.52189	459.10034	-163.20079	-286.75705	102.94194	3022.8348820209503	23.432828561280125
130	3905.8547	1271.6813	4591.949	1071.4457	3098.66	1326.7291	4690.6616	1085.9847	884.1667	703.7	649999	285.64767	98.83113	455.5763	-170.67992	285.64944	98.82848	459.38	-174.84023	-288.3547	104.64407	3046.6895673274994	23.43607360949883
131	4066.185	538.75885	4740.332	3208.3123	3491.0598	1339.1902	4798.8	1412.1376	893.4	809.9	654999	286.701	99.192764	459.14246	-176.19595	286.7015	99.19834	460.6667	-163.60455	-289.62228	105.70335	3070.867287635803	23.441735034680548
132	4666.6406	153.0033	4844.126	4459.323	4060.4155	1019.3067	4648.9155	1034.0974	1000.0	928.9	659999	287.89377	99.42142	460.76968	-188.23901	287.8933	99.422386	458.74048	-168.95602	-290.59027	106.62925	3095.645774126053	23.45186194145318
133	3477.8262	1378.5505	4684.3555	973.52966	4541.0312	55.19213	4599.9097	4408.1416	780.1429	1000.0	664999	288.6582	99.89968	460.8809	-233.79675	288.6589	99.90264	458.16858	-224.52719	-291.27768	109.67086	3120.6319437026978	23.4633980890862
134	4622.93	184.36415	4794.178	4269.739	4164.454	1011.9272	4820.3174	2012.4702	996.6	884.4	669999	289.49185	100.07169	458.75757	-214.9667	289.49258	100.0734	457.03998	-220.46915	-292.15027	106.57425	3145.11332821846	23.47099499915963
135	4708.5776	194.90054	5033.2856	4420.97	4301.575	371.19846	4692.481	3472.2717	989.4	967.1	674999	290.5337	100.13164	460.5235	-232.58257	290.53342	100.13291	459.27115	-238.84508	-292.95145	107.45389	3169.957543373108	23.48116700384352
136	4595.3193	143.78372	4760.3223	4384.827	4636.3145	169.78362	4919.1206	4318.3555	1000.0	1000.0	679999	291.42422	100.2646	459.92706	-191.68985	291.42438	100.26328	460.05173	-190.68947	-294.18317	107.61565	3194.950460910797	23.492282816592386
137	4204.455	728.83765	4924.8447	2809.4534	4238.8335	709.5474	4601.99	2141.7754	931.4	952.2	684999	292.21307	100.56091	461.61972	-193.94882	292.21448	100.55986	460.0589	-198.3808	-295.24213	106.0933	3219.683883190155	23.501342226989077
138	4558.414	166.0601	4784.047	4355.526	4558.773	256.86948	4826.7354	3908.6692	1000.0	1000.0	689999	292.9117	100.69304	462.1584	-178.6125	292.91257	100.689926	461.67612	-161.97229	-295.58035	103.474846	3244.7527871131897	23.512701369714044
139	3620.4688	1512.9879	4747.625	40.767525	3876.7703	950.2216	4946.529	1697.9292	812.0	825.1	694999	293.93442	100.87205	466.55164	-174.36449	293.933	100.87967	462.14728	-177.62227	-296.6397	107.76602	3268.9662051200867	23.517742496600253
140	4722.9565	138.1459	4945.5815	4533.2134	4709.915	78.3115	4788.608	4553.714	1000.0	1000.0	699999	294.58698	101.222015	465.64606	-152.32724	294.58667	101.2235	462.9658	-160.97957	-297.0878	104.82672	3293.82648062706	23.527332019805907
141	4804.8506	96.12806	4976.6816	4706.1626	4865.7334	87.999016	4957.51	4679.351	1000.0	1000.0	704999	295.90024	101.53947	465.00433	-172.67007	295.89993	101.543755	463.62906	-180.35788	-298.32755	108.4301	3318.901605129242	23.538309271453965
142	4628.416	167.44301	4840.248	4339.3716	4912.5967	127.78555	5080.877	4598.1074	1000.0	1000.0	709999	296.35745	101.97547	467.07193	-164.2534	296.35648	101.979355	464.74286	-168.68987	-299.22122	110.401985	3343.8779015541077	23.54843593986941
143	4397.272	263.34262	4719.8276	3946.7107	4720.441	171.81595	4913.48	4336.3706	973.4	1000.0	714999	297.34705	101.642975	470.61908	-184.41176	297.3472	101.646255	467.62115	-206.96451	-299.872	108.1481	3368.7563874721527	23.557736987000577
144	4774.3955	164.26411	4980.6587	4540.881	3733.6218	1292.3684	4726.4536	1058.7899	1000.0	848.8	719999	297.89676	101.70924	467.00317	-206.38258	297.8965	101.709625	464.02115	-240.71767	-300.93915	114.3993	3393.0547626018524	23.562880309091675
145	4252.2217	1156.3938	4990.166	1945.4465	4200.5884	1139.3872	4862.49	1061.5378	896.2	899.2	724999	298.7886	101.75716	476.10126	-203.13768	298.79037	101.7537	465.7831	-199.70958	-301.2031	109.75151	3417.677186727524	23.570187507826706
146	4239.8413	463.76135	4753.7104	3381.0647	4667.612	164.36833	4968.3057	4369.51	949.0	1000.0	729999	299.7049	101.72906	467.43155	-201.73969	299.70453	101.73	463.07635	-199.6739	-302.38058	107.66405	3442.6455414295197	23.579763993824997
147	4827.321	100.47564	4984.4517	4696.4873	4626.06	169.7288	4762.86	4197.3833	1000.0	1000.0	734999	300.13943	101.87527	465.82642	-250.99371	300.1402	101.87497	467.46188	-253.0471	-302.95593	111.52545	3467.6021299362183	23.589130151839484
148	4290.5405	782.6995	4849.1973	2574.5535	4745.1646	192.95332	4911.645	4247.41	932.0	1000.0	739999	301.00366	101.83282	470.13956	-178.47447	301.0021	101.83644	464.85638	-204.58449	-303.7934	108.50188	3492.680926799774	23.599195464237315
149	3838.8574	1074.5197	4730.015	1733.9885	4537.788	164.76382	4857.8696	4199.9785	836.8333	1000.0	744999	301.79715	101.80326	466.20087	-179.60918	301.79755	101.80778	464.08527	-183.43034	-304.3888	109.840775	3517.5142073631287	23.60747791456696
150	4753.3604	160.87094	5074.1724	4657.8867	5037.257	113.09786	5282.5757	4866.687	1000.0	997.8	749999	302.4292	101.8179	465.57935	-156.58061	302.42923	101.82157	463.39325	-174.86633	-304.98407	109.6552	3542.6162507534027	23.61744168440501
151	4540.002	370.9232	4872.9727	3849.2524	4783.1465	353.26395	5022.825	3735.4944	1000.0	984.3	754999	303.2242	102.09218	467.75226	-187.57137	303.22726	102.08991	466.1524	-204.52655	-305.9199	107.89575	3567.4734268188477	23.62565184428992
152	4422.9634	509.89868	4779.2915	3414.9197	4720.9297	240.18251	4978.5054	4119.4004	952.6	990.9	759999	304.0013	102.06219	468.3357	-122.69922	304.002	102.062225	467.55893	-185.79541	-306.3962	108.031975	3592.5529041290283	23.63521648864997
153	4710.596	38.9801	4759.5312	4643.222	3869.677	1245.0597	4982.0396	1531.2701	1000.0	820.5	764999	304.8358	102.25644	467.38773	-170.04646	304.83533	102.25909	475.417	-193.20009	-307.94412	108.809	3616.7311794757843	23.638765891393025
154	4029.2664	1151.2037	4663.004	1468.5829	4670.0425	139.20775	4851.031	4449.4854	899.1667	1000.0	769999	305.846	102.0167	466.3165	-504.63702	305.84598	102.01851	468.25226	-322.09253	-308.73215	116.9651	3641.7848794460297	23.647953775021936
155	4766.834	68.4708	4882.218	4684.4897	4298.0044	404.57343	4638.977	3195.0496	1000.0	976.4	774999	306.5254	102.159874	466.46313	-254.44826	306.52737	102.15394	468.1086	-252.64105	-309.27396	116.396576	3666.877256155014	23.657272634198588
156	4469.1885	190.34871	4693.41	4124.5825	4573.7656	45.14562	4642.7876	4500.81	1000.0	1000.0	779999	307.71567	102.01485	464.332	-322.73224	307.716	102.01844	467.10464	-381.0202	-310.53088	111.75272	3691.438236474991	23.663065629127697
157	4419.875	680.4291	4903.1816	3074.0325	4329.8135	862.27734	4847.2637	1803.1416	943.2	935.7	784999	308.51645	101.823746	466.31174	-204.98619	308.51697	101.82019	466.41544	-194.71187	-311.2173	105.62453	3716.483551263809	23.671869766939977
158	4653.062	206.75514	4953.6426	4387.763	4487.356	162.17682	4811.4526	4274.634	1000.0	1000.0	789999	309.4231	101.74182	465.88055	-168.73752	309.42215	101.74623	467.24265	-183.78238	-312.21997	108.40464	3741.7685840129852	23.682079657723634
159	4554.7676	162.35684	4810.666	4388.8022	4084.9324	1170.133	4760.6343	1721.5852	1000.0	888.3	794999	310.6278	100.97936	468.2157	-228.16074	310.62976	100.97722	467.98444	-208.77734	-313.18918	107.02954	3766.601053714752	23.689314815233338
160	4174.531	867.0102	4825.177	2465.2236	4805.5513	190.55121	4999.2583	4436.138	913.0	1000.0	799999	311.22763	101.019196	469.08817	-268.44928	311.22894	101.016045	472.67142	-286.4546	-313.71033	105.86257	3791.842032432556	23.699012713134287
161	4379.74	342.26123	4755.168	3707.287	4674.9634	136.56511	4963.0083	4470.6772	941.8333	1000.0	804999	312.09235	100.84134	470.72562	-235.48091	312.0923	100.84546	473.32697	-282.1646	-314.665	106.32762	3816.9429450035095	23.70772017010991
162	4521.242	191.57692	4689.2686	4164.5938	4399.67	244.28548	4662.369	3791.5127	1000.0	1000.0	809999	312.6982	100.481895	473.27505	-238.31796	312.6998	100.48056	472.36453	-310.15118	-315.25177	109.4487	3842.1131358146667	23.716747763716143
163	4588.3374	201.2609	4845.8354	4245.753	4590.298	226.39732	4869.051	4204.7563	1000.0	997.2	814999	313.15717	100.36989	475.76868	-315.6069	313.15637	100.3798	472.14206	-325.70575	-315.39102	102.646515	3867.2593700885773	23.7255176210696
164	3973.14	1263.9388	5126.697	1617.2473	4137.6475	608.5163	4551.2764	2342.4495	849.5	956.6	819999	313.95898	100.46814	470.38254	-362.31848	313.96027	100.46478	468.95135	-328.3715	-316.5339	105.07344	3892.081441640854	23.732203924074405
165	4775.1	186.66432	4962.2817	4497.3604	4761.073	254.07356	5042.889	4129.898	1000.0	988.3	824999	315.20798	99.90869	472.13882	-308.9365	315.2088	99.91095	469.9406	-268.16666	-317.66626	103.47734	3917.1788454055786	23.74047786394755
166	4826.1763	154.93745	5065.867	4650.3623	4485.424	96.79636	4624.3237	4340.7603	1000.0	1000.0	829999	316.18542	99.89754	474.74988	-430.60895	316.18613	99.89462	477.70084	-300.7506	-318.72772	105.07762	3942.321229696274	23.74892308194953
167	4789.874	114.78186	4972.536	4630.1743	4867.8545	77.62041	5017.5225	4756.4844	1000.0	1000.0	834999	317.0446	100.19446	474.6242	-337.89197	317.0443	100.19972	476.11746	-314.89597	-319.85574	104.37358	3967.2593264579773	23.75604388385476
168	4200.892	1249.9219	5057.421	1719.6741	4625.7744	140.73586	4853.122	4397.659	882.0	1000.0	839999	318.1549	100.33292	479.08154	-362.29013	318.15497	100.33202	475.67093	-354.7147	-320.66452	106.13136	3992.245545864105	23.763366355782463
169	4752.0864	110.39412	4958.771	4628.0186	4659.2354	105.40551	4931.144	4537.506	1000.0	1000.0	844999	319.03156	100.07062	479.50882	-317.19864	319.03165	100.07134	478.36542	-233.73811	-321.50867	106.28855	4017.383730649948	23.77150137748944
170	4740.5728	138.78107	4916.3315	4570.258	5007.919	94.529274	5161.688	4824.029	1000.0	1000.0	849999	320.1807	100.28353	478.17685	-178.47127	320.1814	100.28469	477.04013	-215.10535	-322.92096	106.57887	4042.5279536247253	23.779576211817123
171	4747.1055	151.68481	4911.7983	4468.112	3017.308	1078.3422	4661.66	1626.5889	1000.0	668.7	854999	321.20367	100.15032	479.94	-227.64539	321.20438	100.15013	475.47696	-223.63437	-323.3976	101.33784	4066.2963321208954	23.77951072531137
172	4492.216	637.3012	4959.884	3080.0142	4331.1123	164.26305	4492.7856	3969.811	950.0	1000.0	859999	321.73856	100.00665	479.38937	-303.54102	321.73837	100.0089	475.921	-303.90897	-323.81567	104.15035	4091.4047360420227	23.787236849929013
173	4912.997	139.74252	5090.1313	4696.1636	4848.398	189.63199	5069.309	4408.5347	1000.0	1000.0	864999	322.09097	100.09457	481.86807	-201.4899	322.09174	100.09975	480.20163	-212.97638	-324.84457	102.3562	4116.240909814835	23.793300069136425
174	4786.732	189.36414	4998.7725	4548.125	4468.505	723.3245	5052.0825	2529.5474	1000.0	937.0	869999	322.71564	100.72259	477.7581	-379.3192	322.716	100.72502	480.46814	-422.2358	-325.3066	101.4684	4141.000321388245	23.798852431363073
175	4682.501	116.95485	4901.165	4574.8926	3522.2988	1315.0659	4895.2295	1297.7993	1000.0	771.8	874999	323.40698	100.92086	481.09637	-419.19116	323.4069	100.92451	486.50098	-462.5063	-325.5074	105.6193	4165.134933948517	23.80077106339591
176	4662.5776	97.78216	4802.5186	4535.609	4823.438	130.63313	5050.4814	4632.6055	1000.0	1000.0	879999	324.4678	101.045815	482.8642	-314.15775	324.46777	101.04445	481.61017	-319.07712	-326.92242	101.29246	4190.329706430435	23.8086915246465
177	4560.885	491.01837	4872.61	3582.3032	4103.0127	1309.3558	4927.4683	1250.7554	951.8	875.0	884999	325.03583	101.52033	483.04135	-238.15907	325.03708	101.51939	482.94666	-188.95717	-327.4467	98.01705	4214.901930570602	23.813005266890013
178	4765.4	106.66889	4966.8096	4655.486	4575.6206	62.020992	4715.5176	4478.472	1000.0	1000.0	889999	325.36566	101.81824	484.1739	-318.23474	325.36646	101.82173	480.96857	-359.09592	-327.97485	105.72396	4239.960242271423	23.820001371790855
179	4637.4634	120.89024	4759.322	4463.368	4723.2705	161.31322	4920.5303	4450.6206	1000.0	1000.0	894999	325.9255	102.15013	485.70206	-289.89767	325.9247	102.156715	482.39108	-319.46152	-328.20673	102.62257	4265.146031856537	23.827631476205156
180	4449.854	595.6662	4977.961	3303.889	3723.0522	1051.2843	4910.9165	1788.396	948.8	822.0	899999	326.48413	102.44146	487.81476	-186.65056	326.48373	102.44649	491.54666	-172.9584	-329.0311	100.62986	4289.257252454758	23.82920696735382
181	4734.0728	621.79504	5093.374	3491.889	4651.4307	222.2406	4905.0796	4121.385	954.0	1000.0	904999	327.1622	102.57161	487.22278	-252.77496	327.1615	102.581116	485.07974	-272.22415	-329.77966	107.69015	4314.0834608078	23.834715264936836
182	4879.241	159.98743	5052.276	4662.713	4954.999	88.90379	5088.3096	4777.148	1000.0	1000.0	909999	327.9161	102.4893	488.57706	-207.35576	327.91742	102.48767	485.9016	-206.96857	-330.29422	108.23377	4339.224548101425	23.84189313191634
183	4738.368	333.69208	5238.4863	4246.375	4607.677	104.22123	4752.3516	4353.4	1000.0	1000.0	914999	328.62198	102.21597	486.89313	-145.36761	328.62296	102.21715	486.14548	-160.17029	-331.04022	103.62208	4364.265795469284	23.848446981503013
184	4794.6104	181.39447	5064.0815	4504.4653	4663.107	485.35773	4974.006	3249.456	1000.0	970.3	919999	329.1175	102.15552	488.87808	-199.48196	329.11707	102.16185	486.58646	-243.53868	-331.78522	102.51813	4389.193402767181	23.854311983222548
185	4905.491	105.53997	5064.9775	4784.6675	4758.9736	227.56145	5120.5923	4265.336	1000.0	992.7	924999	330.18604	101.751625	488.27924	-230.17914	330.1869	101.7567	489.97107	-223.49184	-332.6954	102.83766	4414.2912521362305	23.861033805640968
186	4908.609	177.99738	5127.103	4582.115	4557.244	528.3134	4983.9126	3124.1267	1000.0	964.4	929999	330.71082	102.0678	487.2493	-303.0493	330.71103	102.074356	486.15784	-322.6486	-333.32413	102.1632	4439.142174482346	23.866355788323187
187	4252.436	1315.3763	5012.75	1330.9938	4144.6475	1327.8406	4965.9854	1078.3474	892.5	874.0	934999	330.21912	102.47585	488.702	-298.52997	330.2203	102.485504	491.0841	-328.07785	-332.54807	102.55476	4463.656412601471	23.869820399717852
188	3951.4285	1245.7076	5013.0923	1420.4984	4781.3447	80.4236	4912.509	4653.419	826.1667	1000.0	939999	330.81223	102.43456	485.30917	-420.6373	330.8118	102.43911	489.40594	-335.58444	-333.14792	103.27769	4488.934050559998	23.87730879098811
189	4750.13	144.11472	4865.9746	4499.9624	4868.497	83.28627	4995.97	4754.6826	1000.0	1000.0	944999	330.9959	102.34279	487.19595	-251.03503	330.99585	102.35021	487.76367	-314.38992	-333.61374	105.18271	4514.005970001221	23.883629480997723
190	4259.9536	1364.1979	5102.162	1257.6091	3812.858	1241.5217	5103.1245	1698.4827	867.6667	782.5	949999	331.2708	102.17872	483.42084	-351.98398	331.27005	102.189156	485.3533	-324.74585	-333.5751	103.323326	4538.156021595001	23.885031702643946
191	3931.9495	1211.3645	4933.782	2142.4795	4937.3057	79.246284	5084.1694	4759.524	850.1667	1000.0	954999	331.88205	102.35684	485.56204	-354.24377	331.8823	102.356895	485.32642	-321.5282	-334.5025	104.443665	4563.055024385452	23.89034045179477
192	4682.697	375.73093	5124.3735	4045.2854	3225.896	1138.9762	4951.97	1807.0647	968.0	691.1	959999	332.3113	102.4514	487.29547	-271.62292	332.3125	102.45394	485.807	-256.87582	-334.3623	99.20214	4587.0060477256775	23.890656509747107
193	4858.868	146.93976	5082.6445	4657.3174	4742.826	151.50504	5001.302	4542.0454	1000.0	1000.0	964999	333.18643	102.39193	486.92065	-199.07567	333.18658	102.39391	486.5273	-200.90344	-335.55997	104.7271	4611.87437748909	23.89572217427387
194	4301.36	1193.6454	4990.5244	1919.0521	4917.9976	153.73846	5159.0293	4613.941	888.8	1000.0	969999	333.6398	102.84473	487.21368	-279.5625	333.63995	102.85173	487.25598	-324.2444	-335.9739	101.911766	4637.057571172714	23.902358624124034
195	4738.7407	222.30031	5038.477	4443.1504	4546.8174	104.886086	4707.267	4365.7915	1000.0	1000.0	974999	333.93787	103.15424	487.8497	-327.13507	333.93887	103.1557	487.28284	-338.0009	-336.16	101.54912	4662.048435688019	23.907940705617268
196	3875.1838	1198.7015	5123.6323	1721.6659	5155.7524	171.03235	5355.9287	4762.056	824.4286	1000.0	979999	334.4339	103.0125	488.26248	-328.65128	334.4337	103.01131	489.81506	-366.63446	-336.6597	105.2325	4686.884850502014	23.912677818415116
197	4755.1294	221.79442	5095.185	4493.1387	4368.0073	997.0206	5069.8623	1777.8925	984.4	909.3	984999	334.66916	103.0528	490.6406	-223.44247	334.6708	103.05159	490.93655	-292.83658	-336.8746	103.54266	4711.472121477127	23.916102147949527
198	4692.4414	232.78491	4909.2285	4277.4443	3991.5493	1156.5895	5233.2993	2415.3545	1000.0	816.8	989999	335.48273	103.007416	488.21405	-198.10994	335.483	103.0105	489.6996	-231.29555	-337.65607	102.22175	4735.6612186431885	23.917480910667265
199	4931.311	163.16444	5241.888	4804.1133	4927.8984	87.65277	5084.973	4785.1636	1000.0	1000.0	994999	335.84103	103.01105	492.75848	-182.66933	335.8422	103.01074	492.2466	-170.55923	-338.34027	101.19113	4760.541752099991	23.922320370698095
200	4824.088	130.98547	5017.654	4686.1753	4791.444	790.2357	5259.0234	2462.231	1000.0	951.8	999999	336.21152	102.91763	489.65924	-280.1818	336.21082	102.921745	491.14096	-273.1695	-338.6828	103.64159	4785.361491918564	23.926807469129564
