Epoch	AverageEpRet	StdEpRet	MaxEpRet	MinEpRet	AverageTestEpRet	StdTestEpRet	MaxTestEpRet	MinTestEpRet	EpLen	TestEpLen	Time Steps	AverageQ1Vals	StdQ1Vals	MaxQ1Vals	MinQ1Vals	AverageQ2Vals	StdQ2Vals	MaxQ2Vals	MinQ2Vals	AverageLogPi	StdLogPi	MaxLogPi	MinLogPi	LossPi	LossQ	LossQReg	Time	AVG Time Per Epoch
1	-55.651443	88.00364	-0.88939756	-343.96188	736.00183	27.81827	793.0508	694.5869	181.86363	1000.0	4999	2.9198592	2.5075452	19.875797	-7.424475	2.9200053	2.5090532	20.314651	-7.302339	-4.6265073	1.2348303	6.62163	-13.790129	-4.053524	0.9254826	0.5035591	35.213379859924316	35.21338152885437
2	-40.104626	79.18737	9.763754	-332.49106	522.631	142.50932	778.3887	217.06758	135.8	938.7	9999	9.078176	4.2364984	38.265682	-10.120932	9.077916	4.2405534	38.027946	-11.091185	-3.4449236	1.8175987	8.8833885	-13.871441	-10.364798	3.184191	1.8087449	76.98721313476562	38.49360764026642
3	-7.0818467	75.88429	121.86754	-182.02489	733.6219	230.82344	874.07495	55.053818	473.72726	908.2	14999	16.034464	5.3360977	46.113483	-9.119423	16.03408	5.340951	47.292953	-11.478141	-2.9693546	1.9727097	11.491206	-14.102955	-17.101526	5.281266	3.0460002	120.16441011428833	40.05480400721232
4	5.325075	42.94038	92.25705	-61.69601	638.2752	287.42563	800.4862	31.43842	537.55554	814.2	19999	19.86261	5.5124674	49.54595	-8.624794	19.862467	5.515487	50.150562	-8.335482	-3.097562	1.8977678	10.645554	-14.258633	-20.61345	5.8979354	3.4365337	163.03858923912048	40.75964778661728
5	26.23749	27.28629	78.84602	-30.84101	721.78284	263.07935	946.6971	18.065777	420.3846	902.0	24999	22.236336	5.6330805	50.712795	-19.948454	22.23636	5.636293	52.4297	-20.5019	-3.1821923	1.8797196	11.240205	-13.414393	-22.914656	6.293631	3.6971734	206.1148500442505	41.22297043800354
6	74.660736	59.153908	172.49304	-16.55636	642.7475	29.125929	711.04315	597.8255	558.5	1000.0	29999	24.367521	5.5945573	54.73423	-17.003954	24.367155	5.599781	54.91617	-16.151379	-3.1181142	1.89426	15.0386505	-14.345808	-25.013607	5.9585843	3.5442483	249.95677161216736	41.65946249167124
7	73.2928	69.442116	218.95433	-8.910858	647.72253	123.9486	790.06616	322.518	353.5	1000.0	34999	26.528748	5.6247797	56.173237	-26.138838	26.528593	5.6243424	55.4597	-26.427317	-3.0878677	1.8898286	14.974169	-13.541039	-27.157093	6.2573094	3.7403352	293.90476155281067	41.98639484814235
8	107.05468	72.896675	228.75473	1.0899868	679.5408	244.4063	982.63666	30.0931	442.5	903.8	39999	28.736584	5.638078	58.125347	-22.112335	28.736996	5.6337934	57.802227	-22.331741	-3.0231695	1.91605	13.0252495	-14.169548	-29.334898	6.521502	3.9012914	337.55292439460754	42.194115817546844
9	129.24506	99.42137	343.33545	-3.5405788	594.1481	135.75352	970.00806	476.3752	347.6154	1000.0	44999	31.007252	5.689384	59.96748	-18.650146	31.007572	5.6899953	59.75423	-16.98566	-2.9446876	1.9498982	14.216907	-12.67412	-31.589397	7.106146	4.2547207	381.5954830646515	42.39949833022224
10	192.23422	110.692215	347.93854	41.94198	748.7528	272.81277	986.73114	45.06354	737.7143	904.0	49999	33.08663	5.7823405	63.84304	-20.003588	33.086704	5.7873383	61.786842	-15.451721	-2.8690784	2.0095468	14.222063	-15.531611	-33.66899	7.0390577	4.2525744	425.320894241333	42.53208961486816
11	126.19828	78.67725	256.34116	9.848368	758.73663	320.42953	1026.4114	101.33252	340.3125	831.6	54999	35.083813	5.9102116	73.05543	-23.63076	35.083714	5.9114404	74.55511	-18.101448	-2.8436286	2.0061488	19.520489	-13.332561	-35.633522	8.099879	4.85714	468.72640323638916	42.611491376703434
12	159.94763	116.96889	316.8325	13.530475	479.60513	433.0629	993.7646	12.27591	532.375	521.3	59999	36.86865	5.96165	76.665825	-24.135288	36.868862	5.961002	76.08351	-24.928156	-2.805297	2.0519414	21.87246	-14.207473	-37.4388	7.684142	4.6488194	510.5942962169647	42.549524863561
13	186.71298	112.72143	400.9633	41.321327	589.10474	389.7474	973.6427	25.362782	523.1	710.0	64999	38.708836	6.0076833	76.1362	-15.3755665	38.708607	6.011404	75.93073	-22.433592	-2.7450593	2.103333	16.495668	-14.568411	-39.248135	7.8952556	4.7730203	553.2626190185547	42.5586631664863
14	211.72961	126.918304	358.3393	34.656376	742.5582	348.98798	1011.53845	36.650375	653.5	810.1	69999	40.47474	6.1203074	76.591675	-22.837921	40.47457	6.1207113	76.566696	-28.628788	-2.7187428	2.1328092	23.410336	-15.699958	-41.05604	7.6616726	4.6462564	596.6256847381592	42.61612047467913
15	258.4072	179.50972	583.7186	10.538481	514.1178	395.03705	1097.6892	91.41856	450.66666	491.8	74999	42.373596	6.31969	75.52821	-17.449038	42.37368	6.320742	77.365295	-24.25627	-2.7376204	2.1206412	25.52948	-12.591393	-42.89997	8.6506405	5.2319555	638.1176152229309	42.541174491246544
16	295.83972	169.9103	628.1227	57.93372	725.4765	450.8047	1248.0233	48.91217	747.8333	651.5	79999	44.12626	6.5641284	77.26832	-17.901741	44.12635	6.5637894	79.11394	-27.716904	-2.68005	2.1494238	24.738834	-14.613371	-44.654053	8.718177	5.286589	680.5756795406342	42.535980105400085
17	173.07079	138.92107	431.848	13.9786	755.2115	414.4039	1127.6921	39.732307	385.92307	724.9	84999	45.989326	6.7527504	83.254745	-20.03797	45.989326	6.757036	81.31397	-20.639431	-2.6714559	2.1787179	28.256071	-14.154969	-46.5191	8.715181	5.2696466	723.3200767040253	42.548239946365356
18	287.25586	80.64977	401.37238	141.71632	555.79614	523.3288	1560.6295	20.185486	771.0	462.6	89999	47.565643	7.114476	77.00285	-21.35607	47.56569	7.11761	77.869156	-26.694048	-2.6442192	2.176755	28.28675	-13.776564	-48.104683	8.833676	5.3685055	764.7879593372345	42.48822006914351
19	170.11008	157.45728	633.078	14.42037	1001.72345	137.43355	1220.2932	720.3228	336.7143	941.6	94999	49.045143	7.720535	83.88772	-39.7845	49.045444	7.724974	83.702614	-21.679615	-2.6338327	2.1975355	21.272839	-14.452518	-49.55945	10.108914	6.114108	808.8582735061646	42.57148820475528
20	352.9961	102.23822	555.4441	244.70949	930.8021	399.41138	1309.584	5.4710455	787.1667	814.2	99999	50.604603	7.961271	83.61523	-28.37981	50.604378	7.964935	85.64665	-29.659302	-2.5648894	2.2174416	29.332035	-14.10812	-51.143604	9.878887	5.994951	852.550484418869	42.62752434015274
21	222.85457	143.74588	501.80322	28.466095	831.0329	404.53113	1261.453	49.14661	488.3	748.4	104999	52.158245	8.210075	87.61771	-24.355257	52.158096	8.2089615	85.14213	-32.795586	-2.5315948	2.2698238	20.427933	-13.31588	-52.692146	10.089021	6.1414123	895.7616341114044	42.65531601224627
22	316.2434	170.543	578.3598	86.44801	766.5254	336.97983	1197.9067	82.723656	737.4286	693.8	109999	53.62403	8.472527	88.871506	-28.987148	53.62401	8.470836	88.50408	-51.34709	-2.4931822	2.280122	24.78479	-15.7400055	-54.143852	10.098647	6.137686	938.6818315982819	42.667356090112165
23	318.727	262.5162	985.95605	13.563012	738.96204	464.38867	1236.5526	26.262304	563.7	719.9	114999	55.15072	8.693237	94.65178	-31.65644	55.15019	8.695216	92.13831	-49.61648	-2.4668214	2.345761	28.481224	-13.97611	-55.678448	10.522422	6.389245	981.8089563846588	42.68734603342803
24	166.80084	106.873856	331.96585	50.5058	1188.7981	265.04947	1689.404	924.3254	431.9091	1000.0	119999	56.304157	8.950213	93.58854	-22.45672	56.30387	8.949991	93.19617	-21.453173	-2.4453106	2.3418586	23.649643	-14.530718	-56.791874	11.864839	7.1997056	1026.371657371521	42.76548582315445
25	439.55783	215.78906	651.9516	122.66004	775.71796	430.5814	1276.4476	85.20888	762.5	665.7	124999	57.334408	9.1937475	92.44016	-28.041048	57.334408	9.196091	92.56518	-17.561556	-2.462219	2.3306434	24.356934	-12.751227	-57.826645	11.343153	6.9260983	1069.3827776908875	42.77531119346619
26	326.97675	231.87709	746.6688	59.008835	1017.3789	514.46136	1852.1501	35.941185	509.2	835.0	129999	58.539524	9.400638	89.24323	-27.03481	58.539783	9.403671	90.385635	-26.409117	-2.4241977	2.3528285	26.302423	-13.88144	-59.028465	11.5665455	7.0494947	1113.1526997089386	42.81356544678028
27	393.75262	161.03038	627.87616	167.28915	996.1164	397.11102	1722.0471	49.112503	795.5714	849.3	134999	59.762024	9.536227	95.54303	-29.750303	59.762188	9.536511	92.92388	-26.643667	-2.4038496	2.364844	26.6492	-14.896738	-60.25648	11.367983	6.9479275	1156.9299430847168	42.84925723075867
28	246.79543	130.86916	517.6574	37.780342	1082.9757	683.2374	1777.0317	20.223427	420.91666	682.4	139999	60.914963	9.620699	97.443436	-32.94302	60.915195	9.617164	94.34933	-27.801573	-2.3833504	2.3985243	28.583475	-13.168587	-61.415478	12.1629	7.4182844	1199.520755290985	42.84002704279764
29	426.72217	201.1467	824.9555	288.21692	1006.92334	216.61948	1500.8007	638.362	1000.0	935.6	144999	61.86776	9.73139	95.9464	-38.341747	61.867477	9.734058	97.79334	-22.605509	-2.4017904	2.3807173	26.025314	-13.967651	-62.318096	12.075093	7.4146485	1244.106603860855	42.900227801553136
30	450.13824	306.65793	1054.4674	210.21634	1120.3948	419.15866	1708.0465	98.91317	828.2	906.6	149999	62.936295	9.736257	96.77043	-37.87947	62.936214	9.737556	95.13603	-30.64835	-2.391869	2.4387543	24.944447	-13.509385	-63.42001	11.593465	7.098142	1288.531855583191	42.95106193224589
31	320.51086	210.16557	758.2977	82.433075	1040.2761	318.2459	1368.1692	170.77177	485.0	907.4	154999	63.97429	9.925317	101.37486	-33.085323	63.97419	9.932279	100.25586	-31.309992	-2.358985	2.4756556	33.314434	-13.61207	-64.43575	12.664519	7.726155	1332.9166400432587	42.997311030664754
32	348.03122	169.64229	645.7557	17.920609	944.71497	353.4143	1677.4979	321.33838	684.375	845.1	159999	64.99289	9.969697	102.15574	-25.924614	64.992805	9.976756	105.60574	-31.996017	-2.316552	2.4996023	28.255508	-18.761889	-65.4802	12.819826	7.8051314	1376.5977237224579	43.018678933382034
33	459.31488	429.77167	1589.6423	62.853615	1742.779	491.91434	2084.152	589.31903	530.44446	930.0	164999	66.07962	10.090954	99.473175	-28.987122	66.080635	10.076073	102.26077	-32.535442	-2.246135	2.5246313	27.920065	-14.091761	-66.55213	14.283244	8.720412	1420.8117349147797	43.054901123046875
34	808.56836	496.84354	1456.5992	280.8181	1374.74	475.97733	2289.414	567.04047	739.6667	768.7	169999	67.231926	10.279555	101.29697	-38.309708	67.23226	10.268749	101.53736	-26.782394	-2.2015567	2.530095	30.25349	-14.549847	-67.660385	13.974678	8.553798	1464.146166086197	43.06312260207008
35	836.5764	332.16534	1310.8744	371.8521	1166.7703	480.304	1991.4307	300.11313	830.6667	776.9	174999	68.16018	10.586335	105.533325	-36.97622	68.15988	10.585323	104.52864	-25.131002	-2.1272357	2.5668738	32.79742	-16.324389	-68.58259	14.5881405	8.941922	1508.0202813148499	43.08629381997245
36	416.36328	227.53813	858.5934	198.42938	1301.9164	442.18195	2253.4463	635.9625	675.875	929.3	179999	69.17616	10.849553	107.59777	-35.006218	69.17648	10.8485985	105.83231	-30.124329	-2.114113	2.5806594	27.764439	-14.676322	-69.606514	15.113124	9.237557	1552.905564069748	43.13626573483149
37	735.51135	454.7107	1675.2444	222.4307	948.1846	481.92676	2012.521	72.42912	657.5	711.9	184999	70.310036	11.327012	108.506645	-31.907188	70.3101	11.323016	107.87029	-30.136568	-2.0793886	2.631174	26.62541	-13.4849415	-70.74774	15.907592	9.67338	1596.2111303806305	43.14084143251986
38	1060.3607	609.6512	1931.8673	386.82504	1914.4539	424.29288	2285.1462	1075.246	719.0	1000.0	189999	71.54809	11.799926	111.59594	-28.504429	71.54827	11.803631	113.81602	-33.7101	-1.9488449	2.6952875	31.150494	-17.137123	-71.95847	17.399437	10.570914	1640.9372017383575	43.18255799695065
39	872.4907	523.862	1556.4995	50.820263	1955.5807	599.0903	2518.3286	906.8142	818.5	970.4	194999	72.71248	12.359865	115.243774	-50.015736	72.71193	12.36348	117.23319	-38.399456	-1.8365802	2.7340202	32.892075	-13.552015	-73.07011	18.161327	11.006125	1685.5590913295746	43.21946394137847
40	1031.2323	655.18585	2014.6002	269.33853	2103.8684	151.90215	2252.1182	1698.6564	771.0	1000.0	199999	73.99446	12.834412	117.895874	-26.739151	73.99445	12.83904	120.00498	-25.375515	-1.7582005	2.7704968	40.826492	-16.923737	-74.35664	18.607609	11.275044	1730.1549875736237	43.25387474298477
41	1351.6118	693.4703	2133.2302	445.4714	2164.347	631.2894	2664.7043	784.3705	948.8	932.6	204999	75.29805	13.504479	119.95445	-30.99758	75.297775	13.5081	120.60104	-38.253895	-1.6952336	2.789267	45.361374	-14.838804	-75.68929	19.271221	11.717642	1774.9022750854492	43.290299450478905
42	882.73987	507.70966	1810.8062	296.65698	1971.0791	625.8038	2745.8767	1011.95447	1000.0	1000.0	209999	76.5239	14.124198	121.74627	-34.559914	76.52387	14.126711	123.73104	-45.25923	-1.65562	2.8437486	33.559456	-14.133699	-76.887	19.21009	11.621492	1820.1084079742432	43.335914532343544
43	736.3896	400.59268	1340.594	107.48887	2075.3596	599.41815	2806.4453	1125.7589	747.4286	1000.0	214999	77.66959	14.791672	126.20219	-30.455753	77.6695	14.794317	127.22148	-30.442198	-1.5973327	2.904758	35.671944	-14.229558	-78.034744	20.060875	12.177538	1865.2551336288452	43.378026418907695
44	1096.7688	601.90137	2254.487	574.471	1220.66	776.37006	2383.7043	36.930634	1000.0	647.1	219999	78.94938	15.538679	129.42175	-28.191225	78.94921	15.537464	129.53769	-32.0242	-1.505644	2.946572	43.083515	-14.301197	-79.30913	21.30845	12.942951	1908.116205215454	43.36627745086496
45	1202.2544	760.6155	2341.5525	327.39517	1311.7357	602.44617	2642.532	345.97214	851.5	834.8	224999	80.37621	16.378416	132.59985	-37.768505	80.376144	16.379368	133.41542	-30.15455	-1.4269419	2.9639182	33.460175	-14.269692	-80.703636	23.22673	14.006337	1952.1870403289795	43.381934277216594
46	620.6403	219.20915	1024.3423	352.7468	1631.6035	853.8819	2789.7544	108.9105	878.8333	777.5	229999	81.63128	17.187157	135.68965	-46.526215	81.630585	17.200089	136.73886	-33.587036	-1.2965251	3.065269	40.66114	-16.888138	-82.01822	24.881302	15.176687	1996.6330931186676	43.4050672987233
47	1740.044	787.7033	2690.6736	616.92267	2674.3977	435.6721	3033.314	1621.181	871.5	1000.0	234999	83.34409	18.252134	137.55821	-30.49107	83.34407	18.262684	138.9256	-43.074005	-1.2102443	3.0624526	41.0516	-14.827734	-83.71156	26.041628	15.844775	2044.6962206363678	43.50417495788412
48	1354.5995	971.6367	2598.9727	177.48639	1671.5375	761.39606	2979.1438	717.5864	671.1429	821.3	239999	85.29437	19.454409	141.13145	-51.432693	85.29434	19.466095	144.39471	-32.98744	-1.1266292	3.0897853	38.95503	-13.312666	-85.61193	28.28179	17.13237	2091.116198539734	43.56492084761461
49	1671.5414	806.67633	2544.7866	521.2765	2187.2153	886.9773	3001.4583	573.886	938.2	873.5	244999	86.74478	20.457428	147.16913	-35.13142	86.744415	20.471888	151.20032	-38.135536	-1.0527626	3.138456	41.629723	-14.112715	-86.96531	31.030966	18.780104	2136.3363296985626	43.59870064988428
50	1541.4268	899.7606	2690.0623	417.15012	1142.4229	1050.6134	3499.7856	128.88206	781.8571	426.7	249999	88.22436	21.516665	156.40126	-35.07014	88.22458	21.528278	159.19672	-42.324512	-0.9529184	3.1729574	36.563316	-13.326039	-88.523224	31.793732	19.266874	2178.0381731987	43.560763516426086
51	1547.6849	778.5235	2846.363	337.94742	2149.8423	1403.3457	3602.1584	112.8072	634.4286	646.5	254999	90.62335	23.10015	161.78719	-35.702568	90.62373	23.100483	162.7751	-50.107372	-0.7260192	3.239496	34.465622	-16.60608	-90.86652	38.37608	23.063816	2221.1415004730225	43.55179417367075
52	2144.4692	970.6871	3209.0977	824.061	1873.8922	1092.32	3583.1921	15.674462	1000.0	793.5	259999	92.58161	24.551998	168.70209	-46.264168	92.58204	24.554184	168.5922	-38.469093	-0.6613915	3.2989938	36.95016	-15.27825	-92.77071	38.173542	23.01069	2265.4585950374603	43.566511493462784
53	1387.2961	998.32916	2911.4817	146.6624	2261.9011	1192.3167	3747.2751	372.90912	671.75	854.6	264999	94.504295	25.945385	169.03622	-36.144455	94.504	25.947643	170.50604	-42.846893	-0.5725729	3.3460147	35.947662	-15.098648	-94.76505	41.003387	24.61413	2310.041013479233	43.5856795445928
54	1165.7968	1032.9839	3354.7136	61.019905	2031.1238	1167.6399	3736.8813	48.29148	425.33334	586.2	269999	96.73843	27.538635	177.56607	-48.458908	96.73794	27.535467	175.5644	-43.08958	-0.36864167	3.412971	35.809875	-12.719425	-96.97814	48.770668	28.920607	2352.4465737342834	43.56382548367536
55	1734.1687	880.5898	2913.7002	360.68768	2025.4795	1257.5413	3923.434	483.47852	679.4286	546.0	274999	99.25791	29.317768	178.50554	-42.575542	99.25787	29.31261	179.5503	-61.08544	-0.2191499	3.4807687	33.4036	-13.597017	-99.549355	57.444977	33.830612	2394.7940154075623	43.54170941439542
56	2470.2825	986.12463	3533.9717	796.1975	1710.9417	1275.8175	3835.0364	455.1765	940.4	523.2	279999	101.68681	31.21871	189.80167	-51.497173	101.686775	31.217546	191.49504	-71.42777	-0.08569898	3.5399048	45.33618	-15.242425	-102.01239	58.308193	34.53679	2436.7717266082764	43.513780870607924
57	1646.0444	981.5868	3684.642	324.99396	3424.3743	104.9546	3611.2812	3302.1458	663.375	1000.0	284999	104.30052	33.175034	190.08011	-82.69471	104.30093	33.174274	192.54654	-63.39362	0.10174549	3.616174	45.197365	-14.924528	-104.58504	63.291973	37.515743	2481.6125264167786	43.53706190878885
58	2514.8652	1105.8585	3744.4507	1070.9031	4162.0156	99.64806	4374.2	4011.568	723.4286	1000.0	289999	107.39528	35.382904	193.57083	-79.65546	107.394905	35.38504	194.0665	-76.37044	0.22162122	3.7147837	45.34882	-15.355417	-107.59193	67.244385	39.797073	2526.75919175148	43.56481369199424
59	2163.4607	1505.136	4028.2063	83.55828	3763.789	1314.5322	4444.7017	20.480001	581.7778	873.0	294999	110.868904	37.721268	198.65964	-76.796646	110.868744	37.7279	201.91649	-76.56034	0.41482913	3.7601519	57.361797	-14.238306	-111.14944	74.08063	43.757286	2571.1278772354126	43.57843863762031
60	3582.5474	523.4515	4023.132	2560.8176	4128.7373	834.19354	4546.4214	1635.4498	915.4	1000.0	299999	114.40646	40.068024	205.87074	-111.40482	114.40635	40.07906	206.80048	-120.1129	0.5802787	3.8157432	54.057976	-12.995528	-114.65112	80.10537	47.337414	2616.2572898864746	43.60428821245829
61	2619.662	1349.6504	3824.912	133.21701	3807.3997	1172.3958	4520.294	1456.1594	695.5714	935.0	304999	117.80333	42.169395	209.4604	-94.40878	117.80329	42.1797	208.0075	-107.68392	0.7341545	3.846256	50.968124	-15.321068	-118.08352	87.6794	51.641487	2660.491596698761	43.614616382317465
62	3503.667	1130.3003	4230.004	1003.0548	4201.1416	84.9185	4365.6978	4031.9124	864.1667	1000.0	309999	121.37503	44.54905	213.13481	-85.27978	121.37519	44.559765	217.97557	-86.58187	0.9020594	3.8683636	61.774582	-13.2857065	-121.75344	99.23441	58.14276	2705.258001089096	43.63319360825323
63	3758.67	451.882	4084.8196	2861.3555	4651.26	99.54524	4863.032	4507.804	942.4	1000.0	314999	124.95168	46.722576	217.23805	-71.0794	124.950935	46.735035	218.44408	-85.04693	0.98252493	3.8956237	51.082993	-14.422367	-125.191376	95.6296	56.60966	2750.1630251407623	43.65338138928489
64	3674.9827	1047.0217	4384.124	1361.729	2318.9648	1306.1729	4030.302	71.26532	892.3333	609.1	319999	128.32846	48.879883	222.7159	-73.43515	128.3285	48.890408	223.25702	-87.360306	1.0990031	3.9549654	52.013596	-13.883604	-128.57532	95.12245	56.46375	2793.069551229477	43.64171177521348
65	3604.9717	886.1161	4317.4214	2177.4543	1916.4275	972.5365	3780.744	853.152	867.1667	439.4	324999	132.065	51.093983	233.87915	-94.62166	132.06511	51.10401	232.30208	-59.429413	1.1841722	4.0071344	53.384373	-17.027287	-132.36942	97.16005	57.626038	2834.731407880783	43.61125246928288
66	2434.1504	1551.3712	4340.058	64.569855	4009.2905	1059.6992	4687.0557	1022.1813	656.0	976.4	329999	135.58925	53.18855	233.10225	-62.439228	135.58865	53.195023	234.81816	-68.458275	1.3448205	4.037632	68.31251	-14.276233	-135.84148	104.838326	61.83206	2879.8154044151306	43.633566773299016
67	3361.4934	927.1473	4211.163	1908.3839	4445.6064	75.82294	4616.993	4342.57	802.3333	1000.0	334999	139.27614	55.35665	236.82416	-73.230736	139.27649	55.35663	242.60739	-84.70711	1.4459766	4.0423875	66.10795	-13.465931	-139.66394	116.20622	68.431305	2924.9832541942596	43.656466523213176
68	3710.886	585.6416	4309.315	2628.0747	4436.7954	57.236668	4535.697	4365.431	875.4	1000.0	339999	142.71175	57.291008	241.25818	-91.45913	142.71083	57.291096	243.03656	-94.40457	1.5948288	4.09585	71.66858	-13.68409	-143.01784	116.810684	69.027245	2969.753902196884	43.67285153795691
69	2642.9502	1570.6621	4375.4224	511.1324	4435.048	226.03407	4698.189	3897.186	622.3333	1000.0	344999	146.18687	59.27121	246.36362	-125.643394	146.1874	59.268837	250.85983	-129.23857	1.7422804	4.1262584	91.348175	-13.660435	-146.58197	129.4481	76.08625	3015.089242696762	43.69694558433864
70	3152.7566	1584.9753	4335.986	114.1021	4749.8584	207.12271	5022.2305	4394.53	751.5	996.4	349999	149.7271	60.85664	256.1351	-165.70996	149.72597	60.863842	256.2437	-93.61445	1.8462763	4.1733084	51.345154	-13.260366	-150.10896	138.13928	80.83825	3060.0054337978363	43.714363374028885
71	4140.417	368.21585	4497.6626	3495.2468	3527.886	1271.6515	4583.6084	1071.3926	965.6	919.9	354999	152.91399	62.500393	256.243	-114.626076	152.91393	62.50189	258.778	-129.93817	1.833436	4.1817536	70.55679	-12.578775	-153.17462	137.061	80.32074	3104.811450481415	43.729738776112946
72	4065.9758	471.2814	4539.8516	3052.4697	4037.7793	1432.763	5056.127	825.0806	948.3333	855.5	359999	156.02608	64.03823	258.53967	-126.507225	156.0251	64.04452	262.13074	-122.90231	1.8341783	4.1079726	45.01594	-11.710149	-156.24004	137.30002	80.64854	3149.098121404648	43.737473944822945
73	3965.9304	692.47644	4521.0825	2613.7056	1041.8982	820.3305	2872.2202	265.21957	927.0	396.9	364999	159.1933	65.30369	262.05017	-109.39428	159.19328	65.305565	263.99823	-113.023125	2.0017524	4.1601048	68.090706	-13.5486965	-159.41254	136.90427	80.838615	3190.89116191864	43.71083786389599
74	3343.7676	1425.6669	4709.459	316.45602	2387.8267	1560.291	4687.9795	11.711296	753.4286	711.8	369999	162.278	66.65287	267.64917	-125.43754	162.2776	66.65592	266.40823	-124.383606	2.0058165	4.1491055	51.823498	-16.16995	-162.48857	144.0436	84.81055	3234.7681741714478	43.713083463746145
75	4055.2344	628.5088	4516.525	2810.9558	4107.2656	1405.8213	5066.0405	949.5796	901.8	830.7	374999	165.27727	68.182205	268.52087	-138.80855	165.27682	68.184326	271.31366	-142.28815	2.109326	4.191837	69.4027	-12.640108	-165.31816	149.06712	87.80035	3279.0444073677063	43.72059212684631
76	3889.558	1474.7489	4685.358	941.1312	4684.294	86.89455	4822.6777	4528.184	990.6	1000.0	379999	167.66367	69.67478	273.51215	-220.72752	167.66425	69.671936	276.2881	-161.78	2.1362393	4.2025476	71.16056	-12.514269	-167.7652	150.29663	88.75441	3323.8338289260864	43.73465566886099
77	4131.2764	993.07983	4819.2603	2162.8115	4774.014	778.5174	5190.672	2455.9624	1000.0	949.8	384999	170.63004	71.008125	276.10645	-169.42453	170.62941	71.00682	280.30167	-141.95268	2.1931407	4.2099156	56.093033	-13.126391	-170.72073	148.08842	87.631165	3369.1013667583466	43.754563235617304
78	3746.6406	1562.6771	4812.54	706.1162	3289.2297	1384.6534	4980.945	947.3214	798.7143	671.4	389999	173.46817	72.33288	281.54745	-200.67204	173.46869	72.330574	281.9578	-162.2234	2.2414975	4.197636	42.74984	-12.481409	-173.55824	143.36107	85.19227	3412.404710292816	43.748778373767166
79	3084.0059	1511.8009	4630.1235	593.68	3591.0396	1362.3113	5077.0894	136.18813	679.0	775.7	394999	176.33928	73.4238	286.21002	-177.44583	176.33789	73.42701	287.35712	-141.12167	2.3661861	4.248402	53.838375	-15.315642	-176.56438	152.3291	90.05975	3456.5771107673645	43.75414067280443
80	4262.943	644.5252	4900.181	2981.702	3004.33	1848.1832	5269.1733	186.85562	912.1667	665.2	399999	179.36671	74.71039	288.69162	-95.01088	179.36652	74.7154	290.32138	-135.7501	2.473972	4.276445	58.48551	-11.901962	-179.61942	162.81131	95.901535	3499.896759748459	43.74870952665806
81	3906.0845	1471.2482	4983.1323	1010.0499	5079.7817	503.0915	5425.572	3612.0437	830.4	1000.0	404999	182.62907	75.995346	294.7821	-137.57877	182.62852	76.00175	294.19217	-105.855835	2.5369053	4.301728	84.657745	-12.692257	-182.84615	166.10962	98.03835	3545.2300024032593	43.76827166404253
82	4728.8955	153.92767	4967.7812	4519.919	4876.5215	91.80752	5073.128	4767.371	998.2	1000.0	409999	185.34645	77.21397	295.26108	-178.2876	185.34515	77.21804	296.64236	-146.99622	2.59888	4.2817774	56.668503	-13.264125	-185.5218	172.01811	101.373985	3590.582734107971	43.78759435037287
83	4841.468	145.67792	5080.4185	4674.5195	4310.5547	1270.4591	5145.382	1439.5	1000.0	882.6	414999	187.70097	78.531334	298.69647	-261.6394	187.70316	78.53173	297.40897	-177.10211	2.627521	4.2866373	69.8331	-12.191946	-187.86653	170.40742	100.434525	3634.9902498722076	43.79506328307002
84	4747.573	71.97827	4821.3564	4614.057	5042.755	94.62746	5200.447	4858.242	993.4	1000.0	419999	190.4384	79.38957	300.10794	-130.96257	190.4375	79.39612	300.66074	-172.88057	2.5998168	4.307113	109.20235	-14.505408	-190.51947	167.5314	98.61242	3680.30539560318	43.81315949984959
85	3570.939	1661.7811	4858.5312	312.28674	3205.5154	1820.5153	5030.409	94.94372	767.2857	740.4	424999	193.26251	80.2931	304.73682	-209.03386	193.26353	80.29431	302.5847	-146.82936	2.6944516	4.3317323	74.93783	-15.026715	-193.53853	165.88342	97.81375	3723.867199897766	43.81020238539752
86	3477.0793	2075.4824	4914.678	128.29503	5054.3047	135.40508	5230.2383	4838.8525	733.7143	1000.0	429999	195.6927	81.29172	306.7061	-169.069	195.69284	81.303246	308.33673	-177.88913	2.7464256	4.3473206	69.4911	-13.570308	-195.79137	176.63638	103.79006	3769.3320140838623	43.82944205195405
87	4317.6587	887.6116	5038.3525	2388.6167	5088.1616	180.19347	5393.6304	4744.7866	898.1667	994.6	434999	198.28506	82.21503	307.73273	-167.76907	198.2858	82.22083	312.35464	-129.33661	2.7891624	4.323591	57.109875	-13.574721	-198.53975	182.97755	107.25411	3814.552862405777	43.84543523021128
88	4774.811	200.16005	5008.5337	4425.11	2987.0073	2215.791	5398.863	74.61688	981.2	575.0	439999	200.60535	83.20776	310.87064	-202.76482	200.6052	83.22051	314.42755	-157.25388	2.8706105	4.338073	67.004265	-12.884433	-200.89894	183.08292	107.294914	3857.4258913993835	43.83438515392217
89	4544.3213	814.35114	5081.288	2922.339	3829.2954	2020.4264	5245.6074	147.7095	917.8	752.6	444999	203.35275	84.18686	314.5125	-194.32101	203.3524	84.19074	316.48917	-147.42358	2.9307716	4.3503656	60.63	-12.9792385	-203.56776	177.9451	104.54934	3901.09512591362	43.83252953411488
90	4745.309	439.73965	5207.29	3908.309	5240.6597	95.40621	5344.563	5027.732	962.0	1000.0	449999	206.09279	85.0905	317.21484	-185.2012	206.09283	85.092766	318.40228	-141.87245	2.905503	4.333732	61.98258	-14.181907	-206.28625	174.1167	102.42904	3946.279443025589	43.84754939079285
91	3377.5671	1784.747	5124.8477	1023.76044	5052.3613	150.5908	5266.7915	4826.2417	691.2857	1000.0	454999	208.83978	85.917854	320.22116	-175.87654	208.83989	85.92344	319.97778	-180.30396	2.889774	4.369493	82.35649	-12.646392	-208.79196	180.95879	106.06409	3991.5051147937775	43.862693597982215
92	3689.199	1716.7542	5011.6333	490.20084	4966.008	97.893814	5162.567	4784.3716	784.0	1000.0	459999	211.29192	86.657	322.53223	-121.26544	211.29144	86.66427	323.22528	-162.06694	3.034928	4.3837223	95.17764	-15.9769945	-211.5314	198.4892	115.83582	4036.7912743091583	43.878166048423104
93	4950.706	128.06224	5189.8354	4831.6704	5041.3765	100.23778	5176.9243	4873.4507	1000.0	1000.0	464999	213.46506	87.4076	329.58868	-147.20369	213.46527	87.41747	323.15823	-139.0008	3.140608	4.406069	98.30391	-12.866592	-213.5035	199.32248	116.66784	4082.258746623993	43.895255368242985
94	4050.8489	1683.8922	4952.2036	684.6349	5099.3574	266.2249	5249.584	4312.2896	1000.0	1000.0	469999	214.93954	88.38171	329.72427	-125.13034	214.94057	88.38548	330.4221	-116.74773	3.1260338	4.3680105	100.99978	-12.840532	-215.2362	196.44064	115.37163	4128.02978348732	43.91521049053111
95	4959.464	72.08147	5049.0356	4865.2417	5241.189	118.27065	5472.232	5107.757	1000.0	1000.0	474999	217.12378	88.71635	331.27057	-142.34306	217.12358	88.722275	328.8312	-150.36633	3.181579	4.3784757	117.75604	-12.929531	-217.21022	201.90102	118.27215	4173.368939638138	43.93019938970867
96	4660.99	583.49854	5041.6245	3510.7385	4841.8154	947.4141	5410.6733	2017.2917	1000.0	940.4	479999	218.80338	89.344604	334.9939	-122.06842	218.80322	89.3508	333.64758	-167.90938	3.203555	4.3389187	52.36297	-12.792509	-219.16026	203.02303	119.33915	4218.593637466431	43.94368374347687
97	5016.5415	63.784508	5118.573	4949.3687	4823.564	984.4193	5319.493	1895.1919	1000.0	930.5	484999	220.71434	90.11516	332.88174	-137.54497	220.71376	90.119774	332.68848	-131.07655	3.1998036	4.304376	75.90443	-12.278783	-221.15628	200.67523	117.523674	4263.864377260208	43.95736473614408
98	4490.6963	993.0289	5093.853	2509.731	5323.708	154.13219	5553.0273	4982.82	899.2	1000.0	489999	222.77776	90.84106	334.25882	-183.82442	222.77815	90.84933	338.06305	-146.84665	3.230818	4.322753	58.898903	-14.567839	-222.82237	199.75317	117.368576	4309.294919967651	43.97239716442264
99	4969.54	132.54561	5129.3267	4798.6436	5132.5093	153.80359	5410.2466	4919.0493	1000.0	1000.0	494999	224.59288	91.515915	335.2195	-166.15617	224.59158	91.526	338.76773	-117.61507	3.220464	4.317423	86.945755	-14.707612	-224.71303	198.9006	116.88045	4354.727946996689	43.98715100384722
100	4232.9946	1669.5773	5159.755	513.8429	5035.9546	99.55194	5221.0596	4812.597	855.1667	1000.0	499999	226.72186	91.96724	338.53635	-143.82431	226.72107	91.98158	336.48758	-138.40764	3.2337346	4.349333	57.963722	-12.888869	-226.8668	198.8154	116.6018	4400.243257045746	44.002432596683505
101	4919.472	111.570915	5108.61	4780.323	5347.2734	77.72779	5450.291	5186.3213	1000.0	1000.0	504999	228.84149	92.35915	341.0278	-116.017586	228.84004	92.36787	337.34824	-136.01576	3.2580762	4.374543	122.85906	-13.417529	-228.98387	191.23572	112.63252	4445.794986486435	44.01777216939643
102	4764.4556	541.41956	5133.9067	3569.7869	5419.2554	86.12063	5576.9097	5287.484	954.6667	1000.0	509999	230.7197	92.89204	340.82336	-169.01038	230.72037	92.89435	344.53043	-138.05408	3.3068235	4.3628635	60.06832	-12.835868	-230.85306	190.54271	112.413536	4491.500909805298	44.03432266852435
103	5027.595	51.246243	5084.91	4965.511	5258.6045	78.157524	5362.886	5076.194	1000.0	1000.0	514999	232.69652	93.431366	341.4692	-152.03836	232.69656	93.43636	342.39963	-121.46643	3.289397	4.3790483	87.51363	-14.2523365	-232.67662	191.43025	112.901085	4537.227140665054	44.050748957013624
104	5143.872	60.601337	5217.7915	5072.3267	5276.577	61.251614	5412.992	5183.365	1000.0	1000.0	519999	234.68773	93.79561	342.9773	-134.41469	234.68793	93.80037	346.0551	-105.088	3.3658214	4.340932	81.815285	-14.51418	-235.07448	193.15	113.69065	4582.6135313510895	44.063591668239006
105	5102.361	96.85485	5186.455	4918.8784	5227.7754	128.21733	5527.9497	5082.895	1000.0	1000.0	524999	236.6872	94.31671	343.9407	-173.0594	236.68512	94.32909	355.07864	-139.84122	3.3433852	4.3762536	86.001274	-15.440753	-236.75862	192.30377	113.39355	4628.04341173172	44.07660394623166
106	4370.307	1493.495	5202.288	1387.8552	4815.366	1606.7749	5479.755	5.2760286	858.0	901.0	529999	238.3234	94.85868	348.80545	-149.60695	238.3228	94.86413	349.28455	-169.65482	3.2358441	4.314438	107.0697	-13.097742	-238.44345	185.03871	109.618324	4673.170108556747	44.086510480574844
107	4992.2915	113.14733	5164.8906	4837.169	4503.624	1548.0062	5515.2163	1072.252	1000.0	848.5	534999	239.91135	95.52831	348.32758	-118.0454	239.90915	95.53985	351.039	-127.31883	3.3028324	4.3511734	74.971344	-12.066209	-240.17912	189.17523	111.17156	4717.9597589969635	44.09308188206682
108	5040.7866	142.99345	5208.3276	4800.1636	5278.3657	322.81918	5574.3286	4384.112	1000.0	982.6	539999	241.98482	95.72085	350.08377	-150.65709	241.98515	95.72791	351.00162	-211.6971	3.3144052	4.382955	84.870735	-11.347761	-241.95807	187.10515	110.0521	4763.157251834869	44.1033079094357
109	4108.4067	1726.4154	5258.213	89.352875	5359.627	109.082726	5528.923	5157.0366	818.7143	1000.0	544999	243.72299	96.18724	350.6165	-257.05103	243.72273	96.19848	349.36816	-169.88815	3.3795092	4.3155394	87.00091	-14.785835	-243.92891	189.06041	111.27525	4808.439253568649	44.11412161205887
110	4614.6367	916.13226	5192.605	2791.3142	5419.958	238.77681	5784.7925	4885.605	912.0	988.1	549999	245.78891	96.30671	351.4789	-159.28441	245.78658	96.3277	353.3502	-134.13403	3.4084735	4.332974	87.76932	-13.411549	-245.90356	198.76186	116.2751	4853.859316825867	44.12599380883304
111	5051.7144	86.07362	5155.533	4930.043	5381.4385	79.61607	5484.1245	5253.0215	1000.0	1000.0	554999	247.26717	96.53247	353.79944	-137.542	247.26656	96.545815	356.8642	-149.56326	3.4983926	4.3646235	91.793335	-12.512559	-247.26959	207.7212	122.14742	4899.307169437408	44.13790244884319
112	3992.0938	1744.5808	5280.852	365.17972	5122.5107	628.2944	5470.4097	3259.06	788.3333	1000.0	559999	249.029	96.91113	355.26624	-117.5552	249.02985	96.92861	360.83615	-121.44551	3.4792526	4.316197	91.71628	-12.926529	-249.24368	208.90186	122.67424	4944.893913984299	44.150838539004326
113	5174.0586	101.3068	5342.6514	5031.5513	5489.5894	120.72242	5680.5327	5298.697	1000.0	1000.0	564999	250.32268	97.243004	358.12402	-131.66298	250.32465	97.257774	359.52753	-128.07816	3.5438309	4.337323	88.329926	-12.536145	-250.36482	211.6507	124.0611	4990.093683958054	44.160121120182815
114	5108.5415	32.541008	5158.252	5069.793	5398.5933	97.52358	5535.49	5251.919	1000.0	1000.0	569999	251.78743	97.621346	357.666	-161.71506	251.78516	97.64119	359.02927	-113.71205	3.5124412	4.3589797	81.37317	-11.38524	-251.73653	201.9806	118.31075	5035.581255674362	44.171765423657604
115	4668.546	891.12146	5156.416	2686.1235	5254.841	105.83394	5354.1772	5081.4478	919.0	1000.0	574999	253.18433	98.04468	360.6423	-153.62627	253.1836	98.05799	361.65256	-150.92273	3.579173	4.3459296	77.98738	-13.062904	-253.2893	204.76859	120.39863	5081.069702625275	44.18321482616922
116	5134.557	95.439766	5242.9585	4986.598	5178.661	84.74583	5315.3784	4996.2764	1000.0	1000.0	579999	254.83044	98.17731	362.16785	-138.66798	254.82938	98.19883	361.4737	-129.53369	3.5903897	4.2894163	78.36788	-11.57872	-254.8689	203.11159	119.24275	5126.573990106583	44.19460338354111
117	5174.725	163.64738	5433.327	4983.3315	5178.675	672.9583	5565.963	3171.268	993.8	1000.0	584999	256.1698	98.48902	362.33002	-138.96214	256.1691	98.507324	361.71246	-243.44193	3.6233253	4.319379	103.22685	-14.676943	-256.2032	213.28365	125.07524	5171.881455421448	44.20411502194201
118	5223.0244	123.549194	5394.4434	5023.9565	4847.737	1603.6115	5495.032	43.19646	1000.0	902.3	589999	257.36273	98.7664	365.91003	-196.76465	257.36053	98.78726	364.17636	-172.43747	3.6359143	4.3580856	70.73339	-13.620123	-257.34085	206.68047	121.2203	5216.803579330444	44.21019984503924
119	4931.2515	373.25906	5154.8594	4192.447	4919.704	1421.8143	5631.596	670.7577	961.8	915.0	594999	258.9221	99.068016	364.66434	-117.002	258.92172	99.08629	362.90976	-162.54759	3.5970533	4.3594666	105.967926	-12.180558	-258.93008	202.02286	118.720474	5261.753287315369	44.21641420115944
120	5167.019	78.44986	5275.3047	5066.0537	5413.016	77.46717	5618.614	5310.8506	1000.0	1000.0	599999	260.3804	99.23529	365.8908	-119.11775	260.37936	99.25096	364.65408	-183.66837	3.605451	4.369286	70.03864	-12.677035	-260.34036	205.94208	120.67279	5307.282777309418	44.2273564974467
121	5097.889	126.18788	5291.351	4911.4824	5451.0757	77.5683	5619.4414	5368.4795	1000.0	1000.0	604999	261.8567	99.29256	366.36365	-175.8939	261.85663	99.31105	365.46182	-165.85521	3.6449444	4.335108	75.770355	-12.19899	-261.85672	207.3874	121.44899	5352.592668294907	44.23630306346357
122	5060.956	96.73793	5206.266	4926.131	5075.6714	637.976	5402.2593	3172.0327	1000.0	960.9	609999	262.85547	99.859856	369.25055	-256.97437	262.85413	99.87589	368.34024	-197.7352	3.5970533	4.3153434	69.60495	-13.33401	-262.92206	202.13005	118.22105	5397.997163057327	44.24587840916681
123	4692.2227	903.02423	5246.0723	2890.586	5380.667	60.862267	5480.9526	5283.712	1000.0	1000.0	614999	263.61868	100.303505	369.46173	-161.52713	263.6186	100.31107	371.8646	-135.52861	3.5204854	4.279481	54.842613	-11.97531	-263.52716	203.27116	119.04086	5443.252933979034	44.25408891158375
124	4336.222	1159.284	5273.944	2461.4482	5432.704	83.82364	5585.702	5349.665	844.6667	1000.0	619999	264.9207	100.50207	370.1955	-135.34323	264.9187	100.51811	372.5627	-117.93671	3.600792	4.3294487	64.26373	-13.762852	-264.87012	201.22328	118.136925	5488.605406284332	44.26294684217822
125	5145.5176	112.25157	5299.17	4964.6147	5432.3584	82.62949	5562.424	5291.5845	1000.0	1000.0	624999	265.97412	100.448135	371.02267	-111.10059	265.9741	100.46505	372.99545	-133.82637	3.6504216	4.3204794	107.95934	-13.524805	-265.67322	214.0009	124.576935	5534.246866226196	44.273974946975706
126	4469.2246	1524.1809	5300.495	1067.4521	5337.0146	44.373886	5410.0703	5272.9854	870.1667	1000.0	629999	266.906	100.45536	374.17606	-175.99318	266.90527	100.47039	372.17245	-126.084724	3.6829462	4.3364325	79.514145	-11.990143	-266.57486	215.558	125.64088	5579.4256093502045	44.28115564868564
127	5231.955	98.5131	5364.7515	5093.526	5176.852	611.09375	5530.3945	3367.1577	1000.0	963.7	634999	268.2684	100.52437	373.37253	-197.7915	268.26935	100.53749	374.1258	-155.59515	3.6846552	4.364466	111.37804	-13.408787	-268.14468	209.22078	122.188934	5624.3650732040405	44.28633917598274
128	4325.243	1620.0325	5255.3887	1088.5997	5371.3223	88.57641	5499.0444	5221.601	845.2	1000.0	639999	269.18558	100.90897	374.69128	-148.75435	269.1867	100.91859	374.69687	-191.31427	3.6819136	4.336261	109.54634	-12.775228	-269.08078	208.87877	122.2327	5670.179648637772	44.29827852360904
129	5218.2617	63.83944	5295.0664	5132.9746	5669.669	86.45187	5805.874	5507.702	1000.0	1000.0	644999	270.385	101.15933	374.33273	-123.55401	270.38452	101.17378	376.59412	-250.84439	3.665887	4.3524613	68.47276	-13.724976	-270.7108	208.47995	121.5932	5715.604922056198	44.307014918142514
130	5176.7275	104.56551	5276.8423	4981.0083	5455.7476	133.8905	5641.8003	5154.0317	1000.0	1000.0	649999	271.62888	101.37042	377.46994	-136.395	271.62903	101.383675	381.0504	-185.42813	3.7132316	4.3610616	75.304115	-12.3785305	-272.0184	211.6346	123.34181	5760.983551025391	44.31525810315059
131	5130.6553	149.27211	5336.029	4980.322	4908.951	1504.9291	5641.5063	460.8827	1000.0	897.7	654999	273.14975	101.49853	380.3966	-137.36626	273.14838	101.51062	381.78583	-118.81349	3.7021885	4.329956	79.93272	-13.226318	-273.3137	207.83496	121.24086	5805.36399769783	44.31575572217694
132	4299.4897	1852.5287	5463.1543	3.9565074	5393.1714	86.537186	5512.007	5208.605	815.0	1000.0	659999	274.60995	101.723045	381.21332	-133.55353	274.6094	101.73332	379.44223	-186.96954	3.7180574	4.3208275	53.73761	-10.730148	-274.73962	210.68352	122.7358	5850.691434144974	44.32341997731816
133	5046.1646	133.2158	5206.978	4805.1157	4995.9155	919.99084	5402.203	2240.769	985.2	944.3	664999	275.72668	101.84187	380.29773	-159.52419	275.7252	101.85642	380.6758	-123.605255	3.8169875	4.320286	75.45346	-13.808962	-275.8073	226.85538	131.93678	5895.773610830307	44.32912491317978
134	5294.348	51.469444	5362.072	5207.9727	5354.211	56.366318	5462.3394	5261.507	1000.0	1000.0	669999	277.02924	101.65623	380.53107	-203.56958	277.0293	101.67363	384.36612	-195.41847	3.8314793	4.320059	66.16151	-12.190912	-276.89337	225.01265	130.89847	5941.059541940689	44.336265257935025
135	5207.6514	63.151836	5274.2427	5096.996	5074.461	1194.6403	5578.6245	1493.4565	1000.0	928.6	674999	277.99408	101.8805	379.77365	-188.0135	277.9944	101.89352	388.0839	-183.78123	3.9413323	4.378118	109.9657	-12.95725	-277.82504	223.86867	130.42834	5985.652456283569	44.33816636050189
136	5247.001	100.79895	5404.175	5088.098	5036.3057	1333.2113	5662.0107	1057.6876	1000.0	921.4	679999	278.5763	102.461	384.3166	-187.16982	278.57642	102.47292	384.81436	-208.347	3.8346934	4.3374653	116.692474	-15.408596	-278.6408	214.4949	125.592476	6030.422705411911	44.34134343967718
137	5220.5186	64.809135	5310.3394	5128.7036	5437.855	65.822	5504.5684	5291.9346	1000.0	1000.0	684999	279.66754	102.484985	386.2649	-180.0294	279.66632	102.499954	386.92682	-186.1184	3.7995765	4.292467	120.14601	-13.803047	-279.94342	210.76782	123.64321	6076.037766933441	44.3506406502132
138	5206.086	76.22905	5260.1494	5056.6255	5461.374	91.09754	5613.471	5315.1777	1000.0	1000.0	689999	280.62012	102.602264	381.59167	-122.139854	280.62067	102.61803	383.84076	-136.90228	3.8624544	4.3815193	158.91373	-12.0576935	-280.67917	213.1079	124.5944	6121.520264387131	44.35884251110796
139	5268.187	76.57593	5376.582	5137.1123	5376.566	70.774666	5489.186	5215.2227	1000.0	1000.0	694999	281.90805	102.64319	382.2175	-205.57336	281.90805	102.65387	384.68286	-184.54079	3.8746915	4.3566427	94.36388	-14.729473	-281.73642	214.56212	125.394684	6166.681281805038	44.36461355531816
140	5238.115	94.39649	5344.186	5080.5884	5490.665	105.12362	5641.028	5255.9697	1000.0	1000.0	699999	282.7562	102.918655	385.10147	-174.77203	282.75455	102.93673	388.00305	-164.51172	3.8468227	4.2821264	96.12159	-12.031914	-282.73276	209.64223	122.2101	6211.926514148712	44.3709036895207
141	4809.678	853.20447	5406.722	3116.6975	5485.709	59.312206	5603.0327	5404.9575	922.2	1000.0	704999	283.57965	103.03646	384.58365	-144.9604	283.5796	103.04763	386.5521	-160.32718	3.8818023	4.362252	101.0371	-11.889947	-283.49133	211.74068	123.624275	6257.1941430568695	44.37726344284437
142	5346.5127	100.580956	5476.7354	5171.3975	5493.85	143.27583	5638.0845	5145.442	1000.0	1000.0	709999	284.89957	102.924126	389.0614	-210.62311	284.898	102.93774	385.70532	-210.02217	3.8086228	4.3309064	125.57838	-12.477503	-284.97733	211.2403	123.7177	6302.3702528476715	44.3828891196721
143	5335.678	78.10256	5451.3267	5206.869	5043.4854	1139.0011	5513.7227	1631.9563	1000.0	932.3	714999	285.69995	102.844574	394.27866	-191.64012	285.6997	102.858406	391.6283	-150.43341	3.8499246	4.312098	73.78624	-13.399807	-285.60742	211.18504	123.08343	6347.701405763626	44.389520335030724
144	5228.9688	65.30605	5316.2866	5114.649	5489.6885	104.91888	5677.005	5356.628	1000.0	1000.0	719999	286.69904	102.826546	388.7804	-183.8075	286.7	102.83511	390.64114	-155.75891	3.7847223	4.3406706	77.376076	-12.570473	-286.56412	212.12515	123.14885	6392.972058057785	44.395639308624794
145	5161.145	294.87625	5423.575	4601.9463	5386.8335	89.07912	5506.9746	5235.887	981.0	1000.0	724999	288.0383	102.36413	389.26382	-118.214966	288.03943	102.377205	389.11197	-126.094215	3.8846467	4.347836	73.62869	-11.702671	-287.83496	208.70198	121.49565	6438.6158974170685	44.4042475864805
146	5226.1553	126.226974	5449.2866	5098.2896	5656.194	83.754135	5798.9893	5518.826	1000.0	1000.0	729999	288.79813	102.571045	389.15143	-202.87518	288.79825	102.58262	396.80182	-224.8953	3.9037397	4.336493	68.60401	-11.598249	-288.8868	217.5978	126.55564	6484.024765253067	44.411128545460635
147	5271.9673	70.68425	5373.065	5156.3647	5547.0693	82.7759	5728.0522	5442.9526	1000.0	1000.0	734999	289.88193	102.50033	396.08228	-164.28635	289.88196	102.51403	396.1295	-183.61736	3.9195635	4.389561	82.245445	-13.970924	-289.81058	210.4525	122.13172	6529.82980465889	44.420610933887716
148	5325.3716	104.945564	5462.2334	5183.6577	5614.171	64.867485	5773.874	5527.476	1000.0	1000.0	739999	290.78772	102.7721	392.37534	-206.71281	290.78885	102.78343	397.3616	-254.3039	3.8976777	4.3304195	101.00773	-12.417358	-290.83038	209.1813	121.47665	6575.231738805771	44.42724149613767
149	4681.2017	1143.1577	5456.5674	2140.9324	5275.909	46.875042	5355.3105	5219.1562	903.0	1000.0	744999	291.35602	103.13897	393.52676	-259.46298	291.35403	103.1519	393.01343	-280.59097	3.913581	4.2716136	69.402176	-14.092278	-291.41302	213.10675	123.7911	6620.515832185745	44.43299217992181
150	5298.3945	124.20471	5489.6772	5109.1616	5261.3994	287.6607	5451.954	4421.4805	1000.0	983.8	749999	292.4225	103.20147	394.9866	-143.73607	292.4234	103.22297	393.18637	-160.42072	3.9616878	4.3236566	109.76846	-13.474543	-292.37164	213.65	123.855774	6666.435301065445	44.44290202299754
151	4882.4736	832.2965	5358.4272	3223.058	5559.198	95.21822	5721.8765	5421.631	924.0	1000.0	754999	293.3336	103.35342	398.5764	-229.06274	293.3335	103.3658	395.6467	-246.96558	3.9333706	4.3333855	85.19565	-13.793773	-293.25494	211.94376	123.261185	6711.956571817398	44.45004353775883
152	5237.2446	59.701412	5352.7495	5190.846	5401.501	75.38544	5566.4697	5285.154	1000.0	1000.0	759999	294.0824	103.55426	396.08057	-156.26616	294.08264	103.572655	395.01352	-147.4114	3.8700173	4.315388	125.793365	-12.708681	-294.01215	213.69897	123.9307	6757.743941307068	44.45884173481088
153	5353.848	76.181175	5469.004	5283.289	5519.662	84.54122	5656.203	5390.5723	1000.0	1000.0	764999	294.9638	103.38526	394.02118	-187.43979	294.964	103.40023	392.81293	-149.48975	3.882955	4.310599	87.08041	-13.3216915	-294.7905	209.57816	121.73085	6803.105743408203	44.464743433434975
154	5226.4424	93.92712	5384.583	5095.014	5409.3657	98.17034	5542.814	5207.036	1000.0	1000.0	769999	296.11124	103.13618	398.0861	-151.63	296.1099	103.15035	400.0198	-159.65315	3.9023545	4.361105	69.89522	-13.315947	-295.98193	211.79457	122.969475	6848.635133504868	44.471656725004124
155	5394.255	41.546104	5462.2544	5343.515	5546.747	101.3785	5730.472	5346.352	1000.0	1000.0	774999	297.22757	103.1652	395.7696	-183.7832	297.22733	103.18525	399.41162	-140.62636	3.8584595	4.33066	94.89135	-14.329475	-297.0192	206.4222	120.174866	6894.299649477005	44.47935259572921
156	5339.1123	86.83241	5484.4526	5238.594	5280.634	653.31635	5622.926	3329.8306	1000.0	962.8	779999	297.59277	103.73507	402.02512	-205.41292	297.59174	103.74822	400.43665	-170.43724	3.9139721	4.346879	100.54832	-13.580281	-297.4007	208.78662	121.29537	6940.211670875549	44.488536363992935
157	4513.158	1748.4452	5426.674	607.06836	5382.857	549.1074	5759.1943	3767.5503	854.3333	1000.0	784999	298.40625	103.77231	397.21936	-234.11919	298.4043	103.79143	400.2641	-250.75868	3.8828337	4.339814	90.250824	-11.362607	-298.50443	210.95856	122.15155	6985.711708068848	44.49497904747155
158	5195.315	274.94476	5441.2817	4681.3867	4944.2476	1474.1392	5713.1914	656.91064	970.6	891.9	789999	299.16794	103.814445	400.81354	-261.3775	299.16818	103.82432	399.67178	-301.54486	3.9221177	4.340595	71.05084	-14.107078	-298.9858	218.4581	126.47713	7030.601521730423	44.49747799921639
159	5329.538	113.79503	5474.1904	5169.395	5439.8643	73.44539	5520.8716	5296.564	1000.0	1000.0	794999	300.48773	103.60929	397.8427	-188.22353	300.48688	103.61983	401.5107	-172.89479	3.861972	4.382912	78.0542	-15.250844	-300.39832	206.8824	119.54893	7076.33513879776	44.5052524617633
160	5237.218	52.923145	5310.5737	5175.59	5512.5806	76.69377	5613.636	5363.7734	1000.0	1000.0	799999	301.05615	103.85214	399.11884	-218.98094	301.05344	103.866066	399.40115	-226.50246	3.8510768	4.27463	84.53439	-12.537632	-301.00992	211.11066	122.43405	7121.991838693619	44.5124490082264
161	5378.0938	37.34045	5437.733	5334.075	4501.165	1792.483	5583.56	477.2005	1000.0	927.2	804999	301.95923	103.93053	399.2265	-175.4942	301.95987	103.937836	405.22092	-148.12296	3.8247066	4.27504	104.181274	-12.476143	-301.5391	208.76942	120.73592	7167.411440372467	44.518083496863795
162	5373.5293	67.54479	5469.5063	5287.6733	5570.6665	76.10982	5693.7725	5440.7383	1000.0	1000.0	809999	302.74124	104.38879	399.89178	-244.92186	302.73996	104.403595	401.16034	-164.51675	3.8641026	4.322783	83.915436	-13.5278845	-302.71057	202.0164	117.417885	7213.103556156158	44.52533060680201
163	4273.4346	1651.1709	5482.3105	1025.339	5441.8	102.569336	5590.7188	5264.5527	808.2857	1000.0	814999	303.49686	104.516136	401.13727	-211.83159	303.49646	104.535324	400.7058	-218.51666	3.8018434	4.257411	121.493286	-12.493241	-303.49216	203.76389	118.34622	7258.805723190308	44.53255046218451
164	5346.2627	43.41288	5416.5073	5294.542	5416.744	94.44554	5508.127	5158.7305	1000.0	1000.0	819999	304.10583	104.52591	402.02722	-164.41296	304.1055	104.542786	405.66034	-181.4333	3.8676405	4.259926	121.256516	-12.752119	-304.0592	211.07942	122.11952	7304.258203268051	44.53815979056242
165	4431.1567	1970.1449	5386.1685	28.096338	5601.901	110.687805	5778.274	5393.455	837.3333	1000.0	824999	304.8734	104.52476	403.5799	-285.1947	304.874	104.537605	405.875	-173.68806	3.9105768	4.328693	121.495995	-11.568072	-304.6817	218.42082	126.0691	7349.777936697006	44.54410872025923
166	5313.949	87.90333	5440.197	5215.2637	5183.885	665.06946	5604.354	3219.2244	1000.0	960.3	829999	305.7908	104.42914	402.34888	-229.78854	305.7914	104.44154	407.84586	-171.17804	3.933235	4.357209	143.64778	-13.7105	-305.75516	213.94423	123.72965	7395.454513549805	44.55093082031572
167	4137.27	1913.597	5476.305	146.73766	5515.781	68.59515	5600.423	5418.581	782.3333	1000.0	834999	306.56766	104.43792	404.17096	-157.84955	306.56616	104.45561	402.4804	-225.96266	3.890946	4.3152843	107.22886	-13.049467	-306.44376	216.36458	124.91612	7440.927213191986	44.556450395527
168	5313.4834	81.4087	5412.8066	5216.4976	5494.2456	85.80837	5628.574	5386.137	997.6	1000.0	839999	307.3678	104.26891	403.3823	-196.49377	307.3665	104.28785	403.17145	-165.79414	3.8917122	4.2998505	138.19817	-11.402262	-307.29083	226.10655	129.8539	7486.621734380722	44.5632246250198
169	5341.818	45.1367	5414.929	5272.9175	5606.791	50.07363	5719.1846	5551.4536	1000.0	1000.0	844999	308.0659	104.037704	407.19385	-147.40273	308.06467	104.05036	407.64682	-199.95554	4.007715	4.280513	65.20385	-12.849892	-307.6914	227.7309	131.56444	7532.370565652847	44.57024004896717
170	5286.286	116.94624	5452.012	5085.6997	5506.3438	88.91951	5692.4688	5394.9473	1000.0	1000.0	849999	308.74316	104.02206	410.9701	-186.39142	308.74307	104.038185	408.62137	-166.80888	3.930732	4.3571205	70.84169	-12.146593	-308.53015	228.5063	132.167	7578.069559335709	44.576879774822906
171	5284.453	125.09253	5461.3237	5105.9507	5564.6216	81.42715	5656.5996	5437.0674	1000.0	1000.0	854999	309.36917	104.015755	405.0432	-167.26115	309.3696	104.04142	406.9199	-178.57074	3.9947648	4.4025803	84.44318	-13.40703	-309.22156	218.4091	126.63749	7623.771325111389	44.583458055529675
172	5329.984	144.0075	5474.399	5081.113	5614.5	112.52733	5756.626	5342.8374	1000.0	1000.0	859999	310.05807	103.68408	401.82123	-146.82104	310.05862	103.70316	403.4434	-127.12678	4.0030518	4.433545	84.53355	-12.387664	-309.612	217.2744	126.4175	7669.051319360733	44.587507684563484
173	4611.266	1599.0544	5468.4697	1039.2245	5548.9937	571.747	5803.9683	3840.5615	868.0	969.7	864999	310.1942	104.02085	407.55103	-173.25517	310.19186	104.04388	405.67136	-153.48912	3.988232	4.337338	85.9363	-12.743338	-309.88147	214.5311	124.49941	7714.563587188721	44.59285311891853
174	5320.1143	61.07055	5412.0254	5245.715	5596.9883	101.775894	5727.014	5382.6074	1000.0	1000.0	869999	310.24744	104.495384	409.36224	-191.55595	310.2481	104.515144	406.69177	-146.57727	4.0127378	4.225703	99.693	-12.949806	-310.0142	214.4041	124.714264	7759.711724996567	44.59604441023421
175	5315.6343	147.19635	5511.7637	5087.4653	5556.0146	111.79521	5812.932	5432.5767	1000.0	1000.0	874999	310.2146	104.11931	406.24405	-247.07243	310.21417	104.13446	409.73322	-179.6741	4.418205	4.361254	97.01667	-13.32848	-310.3112	212.0473	123.60873	7804.916613817215	44.599523521150864
176	5335.7764	142.04921	5494.9272	5148.374	5732.669	92.637764	5893.6206	5580.781	1000.0	1000.0	879999	312.77783	96.5737	570.719	-187.94933	312.77866	96.60454	553.4907	-154.86574	5.473012	5.1162996	87.147156	-13.749952	-314.37582	260.07693	151.55107	7850.666059970856	44.60605717247183
177	5298.6343	55.616386	5392.921	5237.1997	5548.8975	70.58194	5637.1997	5407.4614	1000.0	1000.0	884999	324.64337	86.7698	845.64465	-201.91563	324.64362	86.77991	879.3586	-210.41017	6.568883	5.4439287	105.06836	-11.540617	-327.71014	434.8525	247.6074	7896.6147356033325	44.613642586153105
178	5272.0796	50.129494	5363.74	5213.4424	4940.5693	1227.2389	5430.601	1260.8268	1000.0	1000.0	889999	352.51373	110.93232	1303.0947	-236.10255	352.51398	110.957016	1292.395	-160.2799	6.977663	5.9472337	131.80138	-10.376585	-357.96173	849.8318	475.2437	7941.895833015442	44.6173923350452
179	321.5093	2480.1013	5014.402	-1557.8186	-1107.207	380.1745	-474.84442	-1715.4838	1000.0	1000.0	894999	399.86102	184.79247	1681.7493	-279.40665	399.85904	184.80573	1723.8419	-396.18484	7.625034	6.1193295	109.03988	-11.0101385	-406.86746	1745.496	967.8797	7987.969124555588	44.62552584882555
180	-953.66864	738.0935	62.60268	-1801.1553	-1063.8344	760.7981	-171.09358	-2067.8066	840.5	1000.0	899999	445.5333	235.71121	2128.4998	-327.0157	445.53555	235.6554	2071.274	-300.3921	8.7875	6.512847	94.79653	-10.866074	-454.63074	2580.15	1428.6842	8033.781019926071	44.63211679193709
181	-1162.5328	549.60846	-11.64894	-1664.3677	-1407.3079	535.7175	-31.180439	-1937.0121	839.8333	903.5	904999	508.62006	288.09433	2801.516	-335.8354	508.62784	288.0285	2807.0188	-346.6898	9.645755	6.2826085	141.70096	-10.765712	-520.0367	3539.6147	1962.9722	8079.58398604393	44.63858557274328
182	-966.5258	671.8374	-28.398611	-1780.8926	-675.68365	602.3904	-13.279656	-2017.0453	725.0	621.6	909999	605.3384	373.54596	3100.5032	-423.4695	605.3443	373.5015	2980.368	-417.79468	10.965752	6.67195	145.37479	-10.432125	-620.6903	4888.7695	2708.9165	8123.654234647751	44.63546284214481
183	-511.95828	345.19177	-28.049479	-964.89703	-120.67855	200.94797	1.111872	-693.6107	628.2857	228.4	914999	679.7774	362.03116	3021.0466	-712.86725	679.7781	361.99432	3133.713	-797.16907	10.971532	6.1927156	146.21585	-11.148222	-695.7503	5668.62	3161.323	8165.361441373825	44.61946143999777
184	-666.73145	601.23517	-11.450426	-1504.93	-554.8549	684.10187	8.8959675	-1707.4026	568.3333	420.8	919999	767.6508	340.11087	2935.0881	-652.50305	767.6408	340.06104	2961.8909	-487.01816	11.583379	6.161113	147.33525	-10.874691	-789.3377	6594.7417	3659.6704	8208.007502555847	44.60873643989148
185	-770.21106	594.83746	4.3299923	-1465.5887	-1013.11896	448.43378	-406.40073	-1681.322	640.0	1000.0	924999	865.40466	274.68835	2833.1177	-596.96655	865.39136	274.79535	2809.7705	-1025.6924	10.981565	5.2592998	150.71992	-10.467823	-889.9705	7635.118	4219.1753	8254.12418794632	44.61688751530003
186	-1113.143	245.7026	-819.68164	-1492.9208	-719.6007	437.09296	-0.8099214	-1646.8008	1000.0	902.6	929999	954.9466	220.37643	2641.138	-646.2736	954.93994	220.41898	2681.1672	-523.2117	11.072413	4.980407	105.354416	-12.692795	-978.8778	7381.147	4088.0496	8299.949704408646	44.623385521673384
187	-851.6499	425.36316	-10.606522	-1224.5049	-802.0055	417.76236	-296.72183	-1571.9187	836.3333	1000.0	934999	1016.5427	197.18451	2515.4133	-581.85657	1016.5308	197.24284	2515.3762	-588.7881	10.705681	5.196391	161.46373	-9.0110855	-1035.302	6341.3525	3536.754	8346.243015766144	44.63231560763191
188	-831.45105	184.99782	-501.89978	-1024.9644	-274.9089	208.41182	-89.5406	-690.4167	1000.0	1000.0	939999	1032.6656	171.09569	2473.6262	-484.0205	1032.6547	171.09575	2458.0923	-527.26166	10.20495	5.1037683	129.4587	-8.056809	-1045.772	4969.547	2795.9	8392.659140348434	44.641803951973614
189	-694.7863	295.453	-382.1392	-1092.5933	-895.82947	334.24518	-320.015	-1369.3182	1000.0	1000.0	944999	1022.09735	161.44014	2137.5725	-435.8102	1022.09564	161.49773	2159.1887	-641.602	9.29687	4.8649883	87.00549	-12.417422	-1030.063	3829.7295	2167.4734	8438.916459083557	44.65035164923895
190	-493.57306	107.13498	-376.11835	-648.1404	-142.25102	191.20042	326.32742	-334.26816	1000.0	1000.0	949999	989.6877	152.36511	2050.1936	-717.06726	989.69037	152.44707	2005.3479	-717.2478	8.503068	4.69227	139.68018	-9.666407	-994.27924	3029.9883	1733.7462	8485.038518190384	44.65809747921793
191	-804.2581	385.95975	-389.84174	-1427.252	-206.20222	433.7225	118.91264	-1456.0143	1000.0	1000.0	954999	947.20746	147.77737	2043.2134	-705.6961	947.2097	147.84332	1969.6708	-859.0649	7.717903	4.785472	159.73438	-9.678797	-950.72876	2360.7664	1371.0288	8531.329544067383	44.666646838812305
192	-36.125954	919.6976	1434.4745	-1139.675	1942.8695	1836.0916	3676.934	-1371.6409	1000.0	1000.0	959999	898.58307	137.2416	1919.7334	-561.378	898.58215	137.3347	1928.0657	-806.6999	6.983937	4.923569	160.67406	-11.477735	-900.73944	2038.1432	1185.0918	8576.944485664368	44.671585872769356
193	5.559213	1000.18207	1855.7122	-909.6392	-188.24643	290.77832	443.35086	-567.7916	1000.0	1000.0	964999	857.57983	143.24088	1825.4752	-667.7685	857.57916	143.29433	1794.4415	-797.2613	6.604829	4.947627	103.10835	-13.448883	-859.3022	1855.3628	1080.644	8622.897540569305	44.678225611157984
194	-500.70206	430.40408	133.10269	-1176.6282	-613.2506	126.19586	-320.50687	-725.5503	854.1667	1000.0	969999	815.22437	137.09595	1688.5865	-435.34827	815.22455	136.98698	1718.0992	-478.293	6.4783645	4.588192	167.8491	-10.006244	-816.99304	1783.1504	1038.9955	8669.075964927673	44.685958594391025
195	-425.4029	117.11781	-244.164	-588.1036	-307.868	228.40268	23.430563	-784.7783	1000.0	808.8	974999	779.7601	134.73003	1539.02	-521.96844	779.7557	134.81882	1548.6709	-969.80304	5.947134	4.451819	127.249855	-10.659618	-780.98737	1492.361	874.8652	8714.374545574188	44.68910024594038
196	-399.10922	292.90063	69.20425	-712.87384	-152.69785	746.48267	531.80145	-2269.4565	735.8571	722.7	979999	745.797	124.503204	1406.285	-569.2459	745.7937	124.53253	1420.6371	-693.2605	5.7392187	4.554149	210.16812	-11.267519	-747.6175	1265.9849	746.5209	8759.042952775955	44.688994669184396
197	-231.18962	398.86716	154.88654	-890.6307	-509.47934	209.36295	10.0677805	-647.00867	845.6667	903.6	984999	711.82324	110.1722	1332.5006	-849.8677	711.8206	110.21514	1364.0745	-1106.6167	5.396386	4.5054913	110.22299	-12.583788	-713.11383	1201.7354	707.932	8804.58408999443	44.693320265881304
198	-179.88524	290.27817	199.75702	-579.0521	209.55107	284.91544	785.81647	-446.46945	1000.0	1000.0	989999	680.1704	96.63513	2092.4775	-865.1839	680.1695	96.702705	2123.0137	-1050.8102	5.655313	5.0301805	136.32162	-12.593781	-682.09436	1565.3024	904.4556	8850.85232424736	44.701274376927
199	-467.0272	391.94653	14.629396	-815.6099	-530.79553	43.87502	-437.82452	-621.003	1000.0	1000.0	994999	662.61224	87.52907	2381.3	-759.73267	662.60736	87.5908	2362.7039	-701.5736	7.945102	6.285612	219.37996	-11.67912	-669.8107	2956.5393	1654.6498	8897.064330101013	44.708865992387935
200	-939.10956	309.1919	-760.70056	-1556.4637	-1464.8793	581.0702	-240.36885	-1939.2117	1000.0	1000.0	999999	747.2604	125.9691	2511.169	-637.37866	747.2447	125.94985	2323.1711	-807.5551	11.952692	6.21492	191.68616	-11.77345	-767.6261	5292.8735	2867.6577	8943.13094997406	44.715654760599136
