Epoch	AverageEpRet	StdEpRet	MaxEpRet	MinEpRet	AverageTestEpRet	StdTestEpRet	MaxTestEpRet	MinTestEpRet	EpLen	TestEpLen	Time Steps	AverageQ1Vals	StdQ1Vals	MaxQ1Vals	MinQ1Vals	AverageQ2Vals	StdQ2Vals	MaxQ2Vals	MinQ2Vals	LossPi	LossQ	Time	AVG Time Per Epoch
1	-340.86942	34.093307	-298.84262	-395.50775	-480.942	52.802982	-376.62018	-536.9263	1000.0	1000.0	4999	0.9348638	2.3272183	14.488986	-8.685945	0.9349319	2.3261971	14.7514305	-8.734363	-1.9246899	0.39488396	23.677560806274414	23.677563667297363
2	-280.72736	66.95731	-223.6487	-403.72583	-720.1068	92.43227	-482.592	-812.2918	1000.0	1000.0	9999	11.287045	7.669547	46.69887	-9.931181	11.287609	7.6687813	45.727135	-10.476541	-14.57995	2.6457777	53.44179821014404	26.720900416374207
3	-170.61824	327.75485	274.04498	-515.3488	171.68678	330.09067	603.48096	-298.7773	1000.0	1000.0	14999	25.369673	9.235351	70.12403	2.2876036	25.370344	9.2366295	67.841156	2.7404065	-27.54051	5.523439	84.02660298347473	28.0088685353597
4	835.98254	572.0568	1329.1737	-283.3862	1398.3828	142.62462	1680.6287	1200.1263	1000.0	1000.0	19999	27.650074	13.612812	80.1574	-0.69594705	27.650785	13.611621	78.21768	-1.0776736	-28.983381	4.4173326	114.5622615814209	28.640565872192383
5	1611.6794	503.44647	1978.0505	656.37146	1771.1289	587.4817	2272.8547	382.14175	1000.0	1000.0	24999	34.1837	19.691872	91.69513	-7.0430794	34.184044	19.693182	91.99172	-5.788474	-35.55576	4.9149265	146.21998572349548	29.24399757385254
6	2309.8125	236.13745	2669.718	2042.196	2486.5767	162.73053	2765.1248	2207.6506	1000.0	1000.0	29999	45.774666	27.295462	118.81515	-10.400153	45.77527	27.29631	120.66617	-9.810479	-47.34187	6.9169493	176.9975254535675	29.499587933222454
7	2386.1338	766.8066	3090.071	963.9537	2524.7732	811.6906	2968.9102	110.60369	1000.0	1000.0	34999	60.148254	34.864094	147.38745	-12.804797	60.148327	34.86459	146.46161	-13.57552	-61.99996	9.655315	207.876806974411	29.696687051228114
8	2622.2917	923.90576	3169.6187	783.2555	3414.5103	139.75067	3606.8728	3177.2957	1000.0	1000.0	39999	76.30031	43.056324	172.39766	-49.152016	76.300255	43.057545	171.9059	-44.943306	-78.24833	12.74368	239.3968334197998	29.924604415893555
9	3318.3835	188.43369	3613.5876	3104.0437	3302.6023	851.83746	3686.7637	754.7036	1000.0	1000.0	44999	92.78406	51.13022	192.47783	-39.010395	92.78365	51.131836	192.70204	-39.407265	-94.79311	15.385284	270.0205976963043	30.002288871341282
10	3587.0203	137.95364	3834.7659	3444.0547	3638.3738	114.68838	3817.9211	3434.463	1000.0	1000.0	49999	111.42685	56.996433	217.57642	-40.094505	111.42651	56.997383	217.03696	-40.388668	-113.49718	17.685194	301.254248380661	30.12542505264282
11	3630.468	236.93788	3894.7832	3324.1023	4215.845	149.95135	4442.2285	3961.1086	1000.0	1000.0	54999	129.29314	61.951572	241.4165	-40.805824	129.29291	61.951336	238.05443	-43.401707	-131.53764	19.579252	331.9752948284149	30.179572430523958
12	3890.316	181.80121	4164.2695	3611.4324	4368.6187	104.35506	4489.3667	4185.329	1000.0	1000.0	59999	146.7732	66.310905	255.962	-43.52571	146.77379	66.31048	256.43253	-48.18508	-148.91489	22.149946	362.5338532924652	30.211154580116272
13	3573.1392	1371.2621	4512.0645	851.70703	4425.653	100.96633	4598.9023	4287.319	1000.0	1000.0	64999	163.58376	70.709236	279.6863	-49.075512	163.58392	70.708824	281.9133	-49.187695	-165.96883	24.251638	394.1848289966583	30.321910087878887
14	4569.7524	128.77805	4785.8193	4386.6943	4491.784	167.07716	4768.1416	4179.928	1000.0	1000.0	69999	178.77403	76.92872	298.61432	-49.012676	178.7739	76.92786	296.38464	-51.885006	-181.185	26.659071	424.6513855457306	30.332242029053823
15	4650.952	175.85214	4911.871	4429.8105	4986.4463	77.266624	5103.1484	4861.6997	1000.0	1000.0	74999	195.65236	81.84467	324.24017	-52.33589	195.65239	81.844154	321.7205	-56.048615	-198.2981	28.813896	455.39161372184753	30.3594411055247
16	4687.1562	151.44122	4946.2505	4484.5244	4945.3037	92.26818	5099.481	4818.392	1000.0	1000.0	79999	212.12471	85.84186	336.65445	-53.781025	212.12509	85.841354	335.3292	-55.37539	-214.5789	29.796518	487.1925370693207	30.449533686041832
17	4757.371	42.863827	4799.7427	4680.119	5150.7725	122.94196	5414.7075	5014.1816	1000.0	1000.0	84999	227.3137	88.9117	351.1029	-49.939613	227.31409	88.91063	347.13995	-51.648907	-229.722	31.130262	517.9405171871185	30.467089344473447
18	4876.446	165.06792	5157.9316	4667.59	5037.1055	105.980255	5174.893	4882.7437	1000.0	1000.0	89999	241.79427	91.21209	366.39575	-48.36831	241.79456	91.21124	366.369	-48.05803	-244.11142	30.988554	548.3136692047119	30.46187060409122
19	4972.538	149.42506	5258.262	4828.8994	5436.843	149.7269	5575.7017	5069.2026	1000.0	1000.0	94999	255.21848	93.55786	377.88184	-50.40498	255.21886	93.555916	376.35242	-50.10694	-257.8521	31.213718	580.1906282901764	30.536348957764474
20	4931.6797	127.882805	5129.7725	4771.5938	4799.806	1072.6908	5386.3325	1607.7915	1000.0	1000.0	99999	267.6863	95.36491	389.91525	-59.48547	267.6863	95.36416	388.29465	-59.692955	-270.078	31.234957	610.9348413944244	30.546742177009584
21	5196.608	183.83565	5417.254	4942.379	5475.493	121.25753	5715.5073	5265.5273	1000.0	1000.0	104999	279.15314	96.87709	394.9697	-67.80435	279.15356	96.87533	394.04224	-61.444252	-281.48886	31.08005	641.9323077201843	30.56820523171198
22	5174.319	91.71806	5297.954	5077.1533	5314.7065	77.98725	5458.7764	5213.8384	1000.0	1000.0	109999	289.80685	98.49453	406.2245	-65.2525	289.80768	98.49195	406.54617	-63.739304	-292.0323	30.86777	673.1253933906555	30.596608888019215
23	5103.648	78.3228	5228.2354	5020.023	5655.571	107.59563	5777.9443	5445.237	1000.0	1000.0	114999	299.85684	99.66346	413.24127	-62.94607	299.8572	99.6615	414.6333	-61.270985	-302.22263	31.02262	703.7621066570282	30.598352556643277
24	5412.419	41.260235	5476.4375	5359.799	5655.148	101.89699	5790.188	5465.874	1000.0	1000.0	119999	309.489	100.687515	421.99707	-77.31146	309.4895	100.685776	421.78445	-64.250015	-312.00214	31.013744	735.3995308876038	30.641647199789684
25	4987.4575	621.8577	5475.1543	3771.702	5733.2417	81.13548	5874.041	5585.151	1000.0	1000.0	124999	318.7769	101.7977	430.145	-64.89937	318.77716	101.795265	429.92844	-70.98195	-321.3593	31.315878	766.2182669639587	30.64873077392578
26	5406.8813	53.87942	5468.003	5327.4136	5749.686	118.323044	5946.5586	5572.017	1000.0	1000.0	129999	326.45352	103.44833	439.982	-77.041374	326.45413	103.44463	437.69727	-71.876625	-328.84854	32.424305	796.7668166160583	30.644877635515652
27	5438.905	124.92097	5591.0996	5229.713	5803.676	116.02611	5956.447	5540.1597	1000.0	1000.0	134999	334.85712	104.048706	442.09525	-85.92724	334.85815	104.0463	443.35968	-87.841194	-337.26547	33.191593	828.5100507736206	30.68555751553288
28	5446.9287	75.77597	5537.2437	5345.875	5869.0264	91.68496	6022.152	5749.431	1000.0	1000.0	139999	342.60654	104.825424	448.8654	-102.51903	342.6072	104.82317	448.39355	-100.96339	-344.9533	33.934887	859.1924932003021	30.68544624532972
29	5494.734	139.05348	5648.6626	5232.694	5699.816	112.48703	5876.933	5562.2173	1000.0	1000.0	144999	350.2173	105.04569	455.63452	-80.131096	350.2179	105.04366	455.11148	-83.31483	-352.7044	33.048702	889.7689542770386	30.681688136067883
30	5566.798	142.82063	5828.8433	5409.106	6041.962	101.37653	6190.735	5886.791	1000.0	1000.0	149999	356.8658	106.1323	461.6142	-63.865177	356.86603	106.12974	460.34445	-74.067024	-359.29694	32.589954	921.7294239997864	30.7243141969045
31	5657.737	52.347298	5751.141	5589.8867	6053.3545	95.29766	6265.469	5937.0103	1000.0	1000.0	154999	363.86768	106.12801	465.99796	-108.321724	363.86832	106.12598	468.52142	-110.05195	-365.92523	32.024025	952.4041936397552	30.722715985390447
32	5648.129	83.26432	5777.146	5561.978	6022.204	65.14294	6120.7363	5915.711	1000.0	1000.0	159999	370.1615	106.81443	472.76807	-87.20273	370.16177	106.81252	473.41977	-84.614876	-372.30545	32.162643	982.9624886512756	30.71757782995701
33	5596.195	103.658516	5720.72	5427.0093	6005.8213	87.81419	6118.544	5859.3896	1000.0	1000.0	164999	376.7	106.37573	479.23022	-95.44465	376.70013	106.37479	479.7332	-90.53219	-378.57144	31.32392	1014.8309636116028	30.752453500574287
34	5570.3643	62.70252	5629.7095	5463.0576	6029.7446	92.490204	6174.314	5837.266	1000.0	1000.0	169999	382.60696	106.02412	482.38043	-104.24069	382.60703	106.023315	482.21912	-99.99932	-384.92105	31.309618	1045.3517940044403	30.74564107726602
35	5747.0537	54.340923	5797.4385	5669.2046	6043.564	78.33076	6164.372	5929.2695	1000.0	1000.0	174999	387.9375	106.129974	485.5083	-106.10219	387.93787	106.12872	486.95724	-122.329926	-390.1606	31.1266	1076.3046550750732	30.751561628069197
36	5775.7686	67.15067	5860.499	5709.252	5989.1455	98.127205	6165.742	5866.516	1000.0	1000.0	179999	392.69836	106.50348	493.93878	-98.14027	392.69858	106.50221	493.2749	-101.61717	-394.647	31.255198	1107.713621854782	30.769822902149624
37	5802.2095	41.50577	5877.5527	5754.763	6204.859	77.27069	6336.097	6098.143	1000.0	1000.0	184999	397.8589	106.53908	497.54517	-90.70401	397.859	106.53821	495.7664	-95.50619	-400.0401	30.592094	1138.1566877365112	30.76099161843996
38	5855.536	66.554016	5959.3193	5767.883	6149.8955	97.42261	6305.6226	6011.745	1000.0	1000.0	189999	402.7002	106.460175	498.59842	-114.23889	402.70074	106.45841	499.476	-109.77846	-404.51385	30.565418	1169.176863193512	30.767812239496333
39	5907.6216	103.63651	6062.528	5757.9185	6098.4443	81.392715	6239.3604	5971.7744	1000.0	1000.0	194999	407.44473	105.98852	504.60422	-105.74953	407.44498	105.98785	505.37357	-103.88799	-409.6329	30.204727	1200.002387046814	30.76929201835241
40	5818.5933	112.29422	5951.8613	5668.711	6187.827	59.228043	6296.3745	6095.9497	1000.0	1000.0	199999	411.8582	106.106384	507.0251	-110.297585	411.85846	106.10505	508.9267	-123.57712	-413.60364	30.235607	1230.41335272789	30.760333871841432
41	5978.4277	73.22523	6096.054	5878.6113	6093.0884	69.602165	6196.718	5957.8755	1000.0	1000.0	204999	416.3372	105.71254	510.8137	-114.575836	416.3375	105.71124	513.1462	-114.949394	-418.4836	29.624594	1262.0381226539612	30.781417678042157
42	5880.4	106.5828	6085.7856	5777.518	5864.4194	67.06219	5963.453	5761.7983	1000.0	1000.0	209999	420.78552	105.07333	515.3636	-111.11196	420.78592	105.07267	514.548	-113.45516	-422.54004	29.036741	1292.5852589607239	30.77583955015455
43	5948.388	52.410168	6001.723	5854.7695	6437.106	83.96558	6590.7075	6339.1426	1000.0	1000.0	214999	424.9835	104.11052	518.02734	-102.79245	424.98392	104.10972	517.9157	-109.068756	-426.7741	29.299337	1323.1952641010284	30.77198293597199
44	5940.7124	36.701065	5978.2295	5881.419	6381.123	85.022415	6477.2793	6180.761	1000.0	1000.0	219999	429.0722	103.26642	519.502	-99.3994	429.07285	103.2656	521.4255	-99.816734	-430.9381	29.222755	1355.055603981018	30.796718315644696
45	6007.9404	70.98722	6065.8877	5875.641	6422.08	93.607376	6598.5923	6245.4683	1000.0	1000.0	224999	432.66144	102.88275	524.5631	-95.187546	432.66147	102.880844	524.18304	-89.22786	-434.53534	28.682112	1385.8269131183624	30.796153672536214
46	5959.1157	50.426266	6018.7974	5888.1772	6500.7207	101.35897	6629.018	6250.0483	1000.0	1000.0	229999	436.37418	102.3326	527.9857	-103.97506	436.37454	102.332	526.38855	-110.86954	-438.0217	28.553288	1416.641161441803	30.796547034512397
47	5984.13	106.86072	6083.8286	5787.0093	6507.124	53.34284	6601.6035	6413.9004	1000.0	1000.0	234999	439.9108	101.48518	532.1714	-73.21459	439.91086	101.48481	531.6713	-82.26811	-441.7389	28.264166	1448.3217995166779	30.81535747203421
48	6014.8037	119.14253	6239.3125	5914.3867	6296.6934	103.13194	6456.6455	6142.431	1000.0	1000.0	239999	443.25684	101.064835	531.8955	-77.21674	443.25708	101.06442	531.647	-84.5391	-444.9715	28.125372	1478.9430646896362	30.811313897371292
49	5988.582	138.36815	6186.0225	5796.411	6634.0625	100.43335	6768.492	6469.4834	1000.0	1000.0	244999	446.395	100.79256	538.8543	-74.89906	446.39514	100.79202	539.5915	-72.935135	-447.96896	28.006468	1509.6578240394592	30.809343391535233
50	6038.408	48.579002	6085.3496	5965.3887	6497.43	123.27741	6706.3916	6318.8657	1000.0	1000.0	249999	449.2116	100.305046	537.4239	-78.18982	449.21164	100.304085	538.5742	-71.781555	-451.097	28.148981	1541.3715560436249	30.827431163787843
51	6056.009	71.32145	6115.0615	5933.583	6411.938	118.329155	6549.939	6195.4824	1000.0	1000.0	254999	451.96844	100.35953	539.7866	-63.608803	451.9686	100.36003	540.41016	-72.05501	-453.7977	28.457468	1572.1170680522919	30.82582491051917
52	6057.781	91.315674	6145.1987	5907.901	6626.6436	60.840885	6720.673	6522.055	1000.0	1000.0	259999	455.0311	99.54043	542.1257	-77.58711	455.03152	99.539474	543.1288	-75.394135	-457.0363	27.770105	1603.0695524215698	30.82826066017151
53	6125.1113	105.13487	6286.2544	5990.4736	6610.5415	108.55294	6784.4287	6439.975	1000.0	1000.0	264999	458.00903	99.31797	545.4932	-103.70482	458.00916	99.316864	546.37177	-112.74308	-459.7737	28.152025	1634.4849307537079	30.839338352095407
54	6114.1	49.673058	6207.3394	6071.94	6317.7812	91.79911	6469.665	6171.299	1000.0	1000.0	269999	460.48758	99.346436	547.43744	-102.20127	460.48752	99.34656	547.7183	-94.78584	-462.47684	27.34125	1665.3604600429535	30.840008554635226
55	6133.4546	117.27233	6312.6167	5990.0674	6585.0557	51.718395	6643.0806	6464.351	1000.0	1000.0	274999	463.06213	98.43875	549.28125	-72.131714	463.0622	98.43745	548.8571	-74.36339	-464.92276	27.819412	1696.4523611068726	30.844588418440384
56	6153.0615	92.69655	6235.221	5979.7505	6041.5737	72.00518	6122.7534	5863.853	1000.0	1000.0	279999	465.32346	98.5005	549.08105	-121.00513	465.32358	98.49916	548.207	-117.06489	-467.3041	27.672688	1727.8488066196442	30.85444301366806
57	6113.084	75.33111	6224.327	6008.5767	6756.699	128.46165	6922.676	6494.2363	1000.0	1000.0	284999	467.7656	97.62917	548.9095	-80.83212	467.76575	97.628944	550.28827	-76.78249	-469.6446	27.12668	1758.5599491596222	30.851928966087208
58	6221.5977	34.734024	6282.8516	6175.263	6609.784	76.76777	6707.7	6456.102	1000.0	1000.0	289999	469.64133	98.03964	552.9769	-85.06146	469.64148	98.03949	552.5763	-82.4133	-471.58316	27.20428	1790.198804616928	30.865496660101
59	6138.5166	71.64319	6189.036	5998.084	6394.972	139.9804	6652.6035	6162.792	1000.0	1000.0	294999	472.17023	97.11796	554.85034	-89.369125	472.17062	97.117226	554.4256	-86.56905	-473.9036	26.538704	1820.9231283664703	30.863103902946083
60	6241.978	62.387165	6336.2295	6156.3135	6634.124	64.60721	6724.495	6536.718	1000.0	1000.0	299999	473.49387	97.84482	554.81976	-93.086975	473.49408	97.84545	555.8696	-90.923004	-475.2994	27.036345	1851.5453472137451	30.859089152018228
61	6272.7217	75.92924	6396.1274	6182.6245	6818.8687	124.40826	6967.3853	6554.3213	1000.0	1000.0	304999	475.98788	97.16078	556.2407	-93.05139	475.98804	97.16077	556.0059	-101.21128	-477.8537	26.596844	1883.0677499771118	30.869963141738392
62	6335.1978	136.95439	6595.3037	6209.3286	6521.6787	137.59367	6754.0728	6302.6753	1000.0	1000.0	309999	478.21228	96.670456	561.36237	-87.67259	478.2122	96.67058	562.4823	-88.5739	-480.0113	26.303213	1913.6973218917847	30.866085867727957
63	6302.806	35.32633	6342.494	6249.5654	6651.992	71.26789	6730.2974	6510.621	1000.0	1000.0	314999	480.28577	96.01469	565.13855	-73.74234	480.28586	96.014145	566.7214	-59.229256	-482.1339	26.219131	1944.4433245658875	30.864179785289462
64	6354.608	150.69627	6564.86	6139.367	6535.181	84.856865	6673.135	6413.195	1000.0	1000.0	319999	482.08463	96.117676	568.3543	-72.38848	482.08496	96.11703	566.3709	-95.69275	-483.8601	25.600473	1976.0502672195435	30.8757854513824
65	6281.954	71.970116	6397.643	6201.5073	6745.2607	77.80872	6919.168	6666.3813	1000.0	1000.0	324999	483.83112	95.97521	568.03156	-68.57614	483.8315	95.97347	566.96405	-84.08273	-485.6735	25.688496	2006.9458639621735	30.87609025148245
66	6352.8984	88.91601	6452.433	6222.3076	6623.6655	87.97199	6773.0913	6488.5366	1000.0	1000.0	329999	485.62643	96.35897	570.89404	-59.315742	485.62653	96.35908	568.1907	-56.531887	-487.3194	26.010422	2037.344649553299	30.868858351851955
67	6341.23	82.02469	6467.1323	6209.044	6842.0483	97.23824	7017.926	6662.925	1000.0	1000.0	334999	487.2689	96.59563	572.1533	-65.93048	487.26923	96.594246	570.53687	-69.185036	-488.8529	26.024746	2068.9911572933197	30.880465066255027
68	6424.1064	61.55809	6519.763	6334.815	6685.035	66.11404	6777.3643	6557.271	1000.0	1000.0	339999	489.68304	95.43401	574.7591	-77.91398	489.68268	95.43406	573.64453	-68.20964	-491.459	25.700563	2099.420288324356	30.873827801031226
69	6394.026	78.87285	6482.775	6279.54	6785.5312	108.57662	6943.7607	6656.421	1000.0	1000.0	344999	491.58514	95.42965	574.9332	-71.466965	491.58508	95.42898	574.27045	-91.95029	-493.4217	25.749725	2130.2967879772186	30.873866523521535
70	6335.128	103.635826	6463.1387	6146.01	6907.4155	53.150597	6987.4336	6810.443	1000.0	1000.0	349999	493.53293	95.58215	575.84235	-78.510826	493.53323	95.58155	579.7308	-84.7919	-495.12714	25.539022	2161.8818798065186	30.884026885032654
71	6394.507	178.91782	6657.9263	6107.1055	6806.9883	111.646996	6964.7773	6647.6	1000.0	1000.0	354999	495.16287	95.767494	578.3837	-102.65645	495.16327	95.76533	577.7923	-78.5551	-496.7644	25.317205	2192.7590293884277	30.88393001825037
72	6348.0625	53.056885	6413.2593	6273.004	6739.3057	127.23114	6883.4146	6476.0425	1000.0	1000.0	359999	496.9967	95.25518	581.10034	-107.0877	496.99652	95.25624	579.5834	-95.06663	-498.6285	25.7804	2224.0211181640625	30.889182223214043
73	6452.007	30.046654	6494.473	6405.363	6766.1616	77.48963	6859.684	6616.176	1000.0	1000.0	364999	498.25568	96.00226	580.8163	-103.536964	498.25632	96.0012	579.97284	-115.09866	-499.8309	26.97017	2255.0113990306854	30.890567136137452
74	6461.8804	82.56284	6608.1177	6351.402	6856.2666	115.02439	7016.0767	6664.6763	1000.0	1000.0	369999	499.92102	95.4128	581.45404	-118.96167	499.92084	95.41225	583.923	-117.894135	-501.5372	25.982708	2285.6265132427216	30.886844799325274
75	6373.989	85.59927	6480.9897	6219.969	6912.221	112.27981	7158.303	6768.045	1000.0	1000.0	374999	501.51303	94.952705	583.87494	-127.621346	501.51328	94.9524	582.82245	-128.53807	-503.1264	25.409262	2317.3259303569794	30.897679096857708
76	6454.1455	114.2612	6621.7524	6324.995	6834.7603	111.147415	6971.0693	6637.5327	1000.0	1000.0	379999	503.11615	94.6905	582.96875	-118.901024	503.11615	94.69094	584.1295	-121.36051	-504.7021	25.439941	2347.8459146022797	30.892709427758266
77	6422.593	34.336178	6468.5625	6378.5254	6906.353	87.19443	7039.6807	6779.506	1000.0	1000.0	384999	504.9623	94.37004	585.9722	-105.17133	504.9624	94.36906	584.9398	-110.16983	-506.69174	25.69815	2378.361132144928	30.887806938840196
78	6454.618	106.626175	6600.822	6348.513	6915.478	87.94095	7023.953	6759.56	1000.0	1000.0	389999	506.2723	94.41387	586.1965	-98.3804	506.27246	94.41273	587.2186	-97.67987	-507.9569	25.848948	2409.9866712093353	30.897265039957485
79	6508.333	40.21349	6584.874	6468.0933	6870.075	102.91675	7084.632	6706.7607	1000.0	1000.0	394999	508.12067	93.554146	590.02966	-95.13925	508.12073	93.55357	587.9828	-157.23073	-509.84735	25.753614	2440.3990008831024	30.891126617600648
80	6475.441	49.698883	6572.682	6440.704	7092.7393	82.17572	7262.795	6975.8384	1000.0	1000.0	399999	510.00833	93.37651	589.27924	-92.647385	510.0085	93.37647	589.147	-122.282616	-511.6785	26.388918	2471.2428221702576	30.89053530395031
81	6532.5986	87.562065	6663.8125	6427.9683	6778.7163	72.75872	6923.6406	6702.729	1000.0	1000.0	404999	511.49173	92.53792	591.2811	-89.57033	511.49167	92.53694	591.6073	-83.60897	-513.06354	26.258188	2503.063306093216	30.90201614815512
82	6541.976	71.72364	6629.489	6443.59	6976.0977	150.68211	7141.0537	6681.1655	1000.0	1000.0	409999	512.98517	92.122536	594.2954	-68.1509	512.98517	92.12103	594.24286	-66.78253	-514.8052	25.681261	2533.6935193538666	30.898701478795306
83	6526.609	92.9751	6703.66	6440.0254	6994.9624	64.522995	7100.3496	6894.2783	1000.0	1000.0	414999	514.63245	91.446304	592.875	-79.51662	514.63293	91.447	594.55304	-68.082214	-516.4376	25.330254	2563.9011437892914	30.89037524935711
84	6610.4077	58.16278	6669.8745	6507.5684	6979.4595	110.61089	7101.4277	6738.281	1000.0	1000.0	419999	515.91644	91.56715	594.90125	-70.25559	515.9166	91.56694	595.9598	-59.63186	-517.7371	25.54547	2588.8069047927856	30.819129841668264
85	6577.0522	83.07806	6722.015	6478.899	6961.0664	115.564095	7174.443	6777.2065	1000.0	1000.0	424999	517.7629	90.75222	597.7457	-67.29898	517.7627	90.7532	597.2757	-80.30284	-519.37585	25.677414	2613.537758588791	30.74750306185554
86	6620.575	155.5444	6884.1274	6423.6333	7143.279	83.15401	7254.4756	6957.7744	1000.0	1000.0	429999	519.3908	90.44497	604.5832	-68.46345	519.3907	90.44505	606.0814	-84.17699	-521.0382	25.066273	2638.4001681804657	30.67907175075176
87	6602.617	73.233154	6738.8115	6527.0	6942.1147	101.81702	7105.206	6795.262	1000.0	1000.0	434999	520.8044	90.997894	604.5848	-92.98848	520.80457	90.9986	604.97943	-88.132034	-522.5043	25.302452	2663.273295879364	30.612336758909553
88	6530.437	116.76957	6714.9443	6386.211	7173.7695	109.550095	7430.263	7014.9604	1000.0	1000.0	439999	521.91583	91.3741	606.39984	-85.75	521.91583	91.37355	606.7351	-89.78723	-523.50006	25.505787	2688.2572569847107	30.548377944664523
89	6635.704	113.555405	6795.7183	6465.3447	7077.176	93.58981	7225.8096	6929.259	1000.0	1000.0	444999	523.4902	91.684456	604.4976	-101.836784	523.4904	91.68479	606.45654	-103.3612	-525.0233	25.253496	2713.0189673900604	30.483359208267725
90	6604.025	96.734764	6707.7603	6465.2446	7035.4897	83.644554	7167.55	6895.3804	1000.0	1000.0	449999	524.96704	91.42378	606.27673	-110.70816	524.9668	91.42332	608.9176	-135.11084	-526.8243	25.871672	2737.9471623897552	30.421635161505804
91	6579.172	52.69771	6651.5054	6501.3184	7089.954	103.923996	7246.6255	6940.5845	1000.0	1000.0	454999	526.1014	91.6212	610.62305	-151.46169	526.1013	91.61957	607.1653	-149.0527	-527.5965	26.226204	2762.7374789714813	30.359752539749984
92	6702.686	152.21687	6904.385	6460.771	6624.2314	111.549965	6793.3335	6396.0215	1000.0	1000.0	459999	526.9049	92.72014	608.154	-174.1538	526.9049	92.72129	607.87085	-178.10754	-528.3776	25.839712	2787.391167640686	30.297730103782985
93	6721.764	87.55023	6832.9136	6585.5396	7134.2	121.95739	7313.622	6927.7734	1000.0	1000.0	464999	528.42993	92.4197	609.7014	-203.16187	528.4298	92.42078	609.3065	-207.72394	-529.9311	26.770613	2812.2108628749847	30.238826503035842
94	6745.647	113.04601	6870.694	6569.4653	7336.6616	92.02588	7503.522	7214.674	1000.0	1000.0	469999	529.784	92.63702	613.3589	-238.03316	529.78406	92.63616	613.0122	-236.20345	-531.4463	26.655687	2836.9571993350983	30.180395760434738
95	6657.6807	45.622467	6733.9336	6610.125	7312.042	153.79677	7503.949	7069.943	1000.0	1000.0	474999	531.12537	92.655014	615.1869	-260.31186	531.12537	92.65576	613.75446	-254.1258	-532.8547	26.740376	2861.660310983658	30.122740138204474
96	6700.661	69.38999	6836.063	6644.515	7216.8374	76.2641	7341.091	7062.372	1000.0	1000.0	479999	531.8787	93.20155	616.6788	-314.2211	531.8778	93.201645	617.1706	-315.3938	-533.2182	27.718227	2886.3946373462677	30.06661082804203
97	6707.104	45.81394	6795.2075	6664.335	7222.2437	126.756676	7404.157	7021.2188	1000.0	1000.0	484999	532.88104	92.55655	616.8324	-351.38333	532.8816	92.5558	617.1676	-353.31668	-534.3829	27.473541	2911.3306245803833	30.01371780130052
98	6733.496	103.36956	6895.739	6599.928	7110.142	124.15438	7315.2637	6908.135	1000.0	1000.0	489999	534.31036	92.07448	619.2252	-357.09647	534.3101	92.07536	619.26886	-356.22452	-535.70276	27.467363	2936.1651310920715	29.960868704075715
99	6878.2163	92.43683	7009.6616	6744.5273	7022.8213	78.52713	7168.814	6922.1294	1000.0	1000.0	494999	535.68286	91.905106	622.1026	-395.96478	535.68274	91.90549	628.4202	-385.0651	-537.39026	27.682468	2961.0906145572662	29.91000622932357
100	6883.2236	70.07788	6992.444	6802.754	7212.4663	95.163765	7363.943	7016.4033	1000.0	1000.0	499999	536.9599	92.10157	627.7551	-389.27124	536.95966	92.10056	628.2113	-378.44278	-538.6859	27.040003	2986.083114862442	29.860831167697906
101	6797.275	104.24661	6908.692	6613.9863	7117.077	61.736145	7249.961	7009.299	1000.0	1000.0	504999	538.10376	92.437386	628.9502	-349.8017	538.1039	92.43718	628.94305	-382.06915	-539.5804	27.51101	3010.792189836502	29.809823680632185
102	6692.057	90.77366	6845.56	6560.1304	7208.2812	87.08848	7328.42	7044.782	1000.0	1000.0	509999	539.5857	91.500084	630.3858	-363.73233	539.5861	91.498856	628.03644	-370.46463	-541.0134	27.474874	3035.7995154857635	29.76274036659914
103	6825.708	158.6939	7058.376	6584.783	7196.001	128.97722	7345.296	6970.9585	1000.0	1000.0	514999	540.4962	92.03333	632.7977	-312.49588	540.4965	92.0303	632.3755	-327.98364	-542.2862	27.177662	3060.592287302017	29.71448824706587
104	6876.2876	182.28123	7204.7295	6679.0415	7354.6914	66.42295	7500.6675	7265.141	1000.0	1000.0	519999	541.5579	91.526634	632.6565	-277.3632	541.55884	91.52456	631.44305	-277.15402	-543.2279	27.98303	3085.441113471985	29.66770303249359
105	6774.4546	139.54987	7002.7036	6631.749	7688.214	114.76194	7844.929	7528.7954	1000.0	1000.0	524999	542.73444	90.61078	633.1525	-238.27061	542.7348	90.60914	634.53876	-249.39034	-544.27527	26.674826	3110.0095064640045	29.61913817496527
106	6843.288	40.21007	6894.7476	6778.7256	7487.168	141.09596	7647.7334	7130.312	1000.0	1000.0	529999	543.73016	89.665344	634.88446	-201.64209	543.73047	89.664116	637.8544	-194.6968	-545.28827	27.113735	3134.7683284282684	29.573286137490904
107	6860.922	95.00829	6922.565	6671.7715	7241.4673	67.40216	7344.4224	7121.586	1000.0	1000.0	534999	544.79535	89.131836	636.5301	-191.0612	544.79565	89.13178	635.609	-178.2368	-546.2959	26.5868	3159.384430885315	29.526957315819285
108	6800.0615	144.80293	6997.718	6622.14	7272.6123	87.224045	7460.574	7179.8857	1000.0	1000.0	539999	545.919	88.79117	635.9113	-205.29724	545.9188	88.78826	635.98236	-195.82062	-547.4912	27.01607	3184.2486584186554	29.483783894115025
109	6830.175	119.96132	7045.236	6717.091	7476.822	115.44398	7696.1265	7274.0225	1000.0	1000.0	544999	547.115	88.03535	636.15967	-188.25139	547.1152	88.0342	638.78625	-184.94734	-548.55536	26.722427	3209.026915550232	29.440613923816507
110	6873.759	79.427284	7026.2456	6816.3193	7290.323	87.16883	7409.7188	7115.886	1000.0	1000.0	549999	548.0206	87.40341	637.58374	-179.24005	548.0207	87.40214	638.22675	-177.16473	-549.6256	27.421478	3233.9101073741913	29.399182813817806
111	6794.96	96.377	6898.8154	6642.7437	7131.9126	121.8827	7318.7153	6918.6226	1000.0	1000.0	554999	548.9647	87.57835	638.831	-157.24338	548.96484	87.57762	638.65137	-164.79167	-550.5245	27.32093	3258.8233983516693	29.35876937385078
112	6935.6147	69.35584	7009.311	6814.8306	7213.8306	135.5343	7553.4478	7036.2217	1000.0	1000.0	559999	549.79834	86.660675	640.2535	-121.82454	549.79846	86.65971	640.1097	-121.29227	-551.4796	27.009037	3283.7172060012817	29.31890364417008
113	6748.1836	191.46147	6978.074	6438.4634	7425.3545	76.77053	7585.937	7293.0146	1000.0	1000.0	564999	551.0525	85.75324	639.242	-131.39468	551.05255	85.75316	638.2408	-140.6026	-552.415	26.59365	3308.302563905716	29.277013858862684
114	6879.3975	82.49337	6962.28	6745.227	7534.939	68.81767	7622.801	7393.2505	1000.0	1000.0	569999	551.7478	86.25903	640.1007	-117.290054	551.74817	86.25839	639.2831	-125.74296	-553.1688	26.69785	3333.2750256061554	29.23925462731144
115	6942.126	118.28754	7106.917	6765.528	7491.3657	144.72931	7707.2974	7221.6704	1000.0	1000.0	574999	553.062	85.23042	641.17126	-152.34549	553.06195	85.23082	641.33844	-141.08694	-554.7559	26.636557	3358.084127187729	29.200731559421705
116	7008.085	87.944305	7115.993	6871.0107	7219.452	84.07762	7358.2056	7089.491	1000.0	1000.0	579999	554.0388	84.97598	640.5614	-148.89598	554.0393	84.97667	642.4606	-159.59294	-555.6452	26.76476	3382.753039598465	29.161664152967518
117	6914.7373	54.363205	6998.609	6852.432	7331.2188	143.0954	7577.3726	7145.866	1000.0	1000.0	584999	555.1465	84.38889	643.31494	-129.7291	555.14636	84.38851	644.2667	-127.07207	-556.6002	27.202538	3407.6572647094727	29.12527578508752
118	7002.0303	144.85175	7170.9126	6785.917	7404.465	91.57815	7573.818	7253.626	1000.0	1000.0	589999	555.88934	85.28019	643.3344	-124.427345	555.88965	85.278625	644.0989	-125.64174	-557.5053	27.084248	3432.600962638855	29.08983868663594
119	6985.1455	61.126865	7055.46	6895.8916	7468.1943	133.34161	7744.9707	7302.659	1000.0	1000.0	594999	557.03436	84.58937	644.3004	-91.7699	557.03467	84.58767	644.2103	-76.15352	-558.49963	26.477207	3457.406921863556	29.05383969555382
120	6988.7314	81.63611	7089.0024	6866.319	7577.12	110.60889	7815.773	7416.384	1000.0	1000.0	599999	557.5187	85.045845	644.6655	-79.92858	557.5189	85.04464	646.2429	-87.597176	-559.0837	26.938162	3482.377738714218	29.019814507166544
121	6874.509	130.18884	7065.0757	6697.266	7391.6494	71.74341	7565.382	7322.4336	1000.0	1000.0	604999	558.0491	85.50381	645.51184	-78.86645	558.0492	85.50317	647.71484	-91.104065	-559.6883	26.35931	3507.113965988159	28.984412957814115
122	6965.358	59.93571	7042.5215	6900.9395	7395.7944	265.96127	7673.3564	6679.2095	1000.0	1000.0	609999	558.8286	85.870834	646.57733	-90.805595	558.8286	85.86961	648.59906	-89.0548	-560.3638	26.07984	3531.848381757736	28.94957691724183
123	7024.7256	87.79819	7184.5625	6936.0894	7513.374	161.5628	7774.111	7294.588	1000.0	1000.0	614999	559.8434	85.18354	647.34686	-102.46006	559.8436	85.18221	648.21515	-135.84941	-561.368	26.316813	3556.820766687393	28.917242023033825
124	6925.1157	196.42558	7255.278	6706.629	7564.6187	85.83582	7682.9263	7423.048	1000.0	1000.0	619999	560.58905	85.43163	647.9958	-112.916985	560.58936	85.429596	647.2632	-108.49826	-562.3169	27.325891	3581.5792820453644	28.88370390284446
125	7120.663	99.95701	7293.77	6984.149	6993.651	104.11764	7275.834	6875.3657	1000.0	1000.0	624999	561.7511	85.13789	647.5813	-119.45044	561.7514	85.135735	648.2488	-136.39307	-563.2554	27.215807	3606.3907692432404	28.85112616920471
126	7049.075	129.11125	7248.512	6930.562	7510.759	101.34984	7736.6987	7370.5806	1000.0	1000.0	629999	562.4407	85.58324	648.82294	-103.7565	562.4409	85.58122	650.5852	-115.55114	-563.9325	27.22323	3631.296215772629	28.8198112533206
127	7066.423	138.31546	7276.3716	6888.17	7430.5244	123.72068	7601.416	7208.105	1000.0	1000.0	634999	563.3151	85.44655	652.1575	-118.265854	563.3155	85.445915	651.5122	-125.36934	-565.01086	27.422968	3656.150685787201	28.788588090205756
128	6962.841	132.14838	7166.885	6758.8184	6934.9805	168.574	7257.5015	6700.8613	1000.0	1000.0	639999	564.109	85.15746	651.3865	-113.79183	564.1094	85.15508	654.0843	-114.87691	-565.6931	26.8708	3680.9187977313995	28.757178120315075
129	7073.324	113.4419	7242.5166	6946.078	7659.9717	106.86416	7820.0493	7525.0435	1000.0	1000.0	644999	564.7252	85.049255	651.24054	-121.54291	564.72504	85.048164	651.3316	-105.38328	-566.3233	26.80642	3705.854063987732	28.727550898411476
130	6922.163	171.97264	7171.876	6734.1167	7554.8975	122.42607	7753.951	7370.316	1000.0	1000.0	649999	565.56866	85.30149	654.0235	-117.333664	565.56866	85.3013	653.97235	-103.250694	-567.2151	26.259256	3730.792090177536	28.698400710179257
131	7074.0767	97.78136	7209.0474	6916.8345	7665.371	99.03459	7775.3115	7480.276	1000.0	1000.0	654999	566.6273	84.81975	654.167	-104.81631	566.6275	84.819534	654.2185	-111.46425	-568.2555	26.754238	3755.631201028824	28.668940480428798
132	7042.0654	75.07269	7186.254	6971.42	7673.925	39.339005	7742.993	7618.52	1000.0	1000.0	659999	567.4425	84.913124	653.38385	-111.32382	567.4428	84.91147	654.5374	-126.91949	-568.85266	26.92285	3780.3453028202057	28.63897958126935
133	7109.8604	162.9312	7313.599	6831.014	7422.587	58.959877	7531.098	7310.9067	1000.0	1000.0	664999	568.04407	85.380684	655.8412	-108.27593	568.04425	85.3804	654.51337	-107.94612	-569.32605	26.660456	3805.2213776111603	28.61068706763418
134	7005.0234	62.948643	7109.7104	6944.442	7602.8486	57.47099	7673.0356	7514.9136	1000.0	1000.0	669999	569.19934	84.27014	658.0257	-115.85	569.1993	84.26942	654.89636	-96.2649	-570.7868	26.510462	3830.0463407039642	28.582435392621736
135	7029.7603	121.14453	7176.1294	6883.1714	7670.9326	58.533054	7771.2075	7579.078	1000.0	1000.0	674999	569.603	85.39252	657.53357	-108.81519	569.6032	85.39122	657.7024	-119.26205	-571.1646	27.259432	3854.8698995113373	28.554591862360635
136	7093.306	79.67212	7186.273	6979.811	7161.482	86.04399	7340.236	7046.9478	1000.0	1000.0	679999	570.5551	84.413666	657.99927	-106.99395	570.5552	84.41368	657.5382	-96.7497	-571.95337	27.121456	3879.547077894211	28.52608147088219
137	6987.618	68.282135	7085.272	6876.3525	7504.6846	93.84534	7649.199	7391.509	1000.0	1000.0	684999	570.732	85.02347	658.3584	-104.84648	570.7318	85.022804	658.2412	-102.594635	-572.361	26.04038	3904.439213514328	28.499556318686828
138	6970.4673	76.265526	7053.081	6838.7803	7324.3423	114.93964	7590.368	7109.064	1000.0	1000.0	689999	571.299	84.927605	656.9263	-106.502304	571.2993	84.92619	656.2251	-122.33023	-572.8502	26.216698	3929.3130140304565	28.473282725914665
139	7002.807	71.759415	7084.8213	6868.2725	7526.081	93.7379	7644.633	7354.5977	1000.0	1000.0	694999	572.34937	83.0945	657.4478	-130.82312	572.34924	83.09381	658.4836	-136.84247	-573.995	26.501532	3953.8882246017456	28.44523903791853
140	7154.745	38.97058	7192.737	7085.801	7754.888	67.81125	7906.972	7669.801	1000.0	1000.0	699999	572.87085	83.70216	658.17267	-120.631935	572.871	83.70172	658.8877	-116.603035	-574.3932	26.586046	3978.623678922653	28.418740579060145
141	7109.009	100.12789	7279.1025	6987.4707	7733.1055	111.7392	7867.8906	7559.7207	1000.0	1000.0	704999	573.5913	83.288246	659.6693	-120.587006	573.5915	83.287094	660.52356	-122.27899	-575.0054	26.904663	4003.475235939026	28.393441401474863
142	7128.991	122.827644	7324.181	6947.0723	7566.1904	99.8309	7800.954	7479.3877	1000.0	1000.0	709999	574.28815	83.29328	657.97516	-140.24654	574.2881	83.29264	658.47327	-143.0452	-575.8328	26.56908	4028.2423045635223	28.367903566696274
143	7051.3843	97.780655	7165.2236	6913.569	7681.8296	146.09296	7908.551	7445.981	1000.0	1000.0	714999	575.1182	83.279976	662.3839	-152.9838	575.11835	83.27994	662.24036	-159.44608	-576.4682	27.188581	4053.139992713928	28.343636326022914
144	7171.415	106.80942	7319.755	7053.094	7671.6953	127.52885	7847.511	7408.784	1000.0	1000.0	719999	575.4884	82.99104	664.9004	-108.46054	575.48834	82.99303	663.96405	-143.25594	-576.7967	27.53501	4077.8782618045807	28.31859905521075
145	7139.9814	141.4983	7394.963	6987.4507	7928.3623	50.187634	8011.6846	7855.4087	1000.0	1000.0	724999	576.242	81.882614	662.67786	-96.39277	576.24194	81.88262	663.0113	-102.64759	-577.9618	26.934597	4102.610977172852	28.293868819598494
146	7149.4243	32.02178	7172.076	7085.997	7873.6055	103.86204	8059.349	7713.409	1000.0	1000.0	729999	576.81464	82.02766	668.03577	-121.43228	576.8147	82.02686	666.5353	-129.05457	-578.05536	26.076435	4127.640736103058	28.271511904180866
147	7183.2563	68.99941	7259.5005	7053.977	7740.103	80.61076	7855.864	7584.613	1000.0	1000.0	734999	577.491	82.33369	663.1708	-130.25037	577.49146	82.331604	661.42004	-132.80237	-578.9866	26.66111	4152.548431396484	28.248628799607154
148	7005.268	104.250404	7132.4443	6831.3457	7699.828	86.9753	7852.5186	7518.1167	1000.0	1000.0	739999	578.5077	81.5816	665.8828	-122.274796	578.5078	81.580315	665.0074	-119.53975	-579.9746	26.456976	4177.494229316711	28.226312371524603
149	7052.6846	96.95837	7216.8506	6944.853	7714.708	63.67562	7825.294	7643.752	1000.0	1000.0	744999	579.1884	81.312836	666.194	-111.21766	579.1884	81.31413	665.98846	-113.70874	-580.3948	26.419994	4202.41424870491	28.20412248893072
150	7041.051	141.23672	7190.517	6788.2314	7625.5615	122.076706	7783.115	7427.04	1000.0	1000.0	749999	579.7602	81.53754	667.0788	-150.04622	579.7601	81.537125	666.4326	-112.14802	-581.4091	27.053778	4227.157497644424	28.181049997011822
151	7158.5713	123.70406	7286.397	6959.449	7867.763	119.33193	8027.268	7699.292	1000.0	1000.0	754999	580.56366	81.46855	666.6529	-95.631645	580.5636	81.46863	667.4297	-104.31336	-582.13824	26.427137	4251.998332977295	28.158929371675907
152	7069.2764	272.04642	7538.377	6698.649	7737.014	41.26933	7815.7847	7654.251	1000.0	1000.0	759999	581.2353	81.08078	671.5342	-133.10919	581.2356	81.08003	670.1692	-125.60043	-582.72943	27.174381	4276.613407611847	28.13561453787904
153	7174.21	110.585464	7304.265	7029.0205	7686.9717	48.475334	7766.978	7632.7197	1000.0	1000.0	764999	581.6801	80.55268	667.4451	-133.61311	581.6806	80.54957	669.24316	-131.34892	-583.2154	27.432653	4301.401214838028	28.11373344278024
154	7283.242	29.95287	7317.989	7230.298	7817.5234	144.57906	8015.6406	7609.5454	1000.0	1000.0	769999	582.2243	80.84253	668.168	-140.67065	582.22406	80.84225	667.3163	-172.62735	-583.74176	27.640043	4326.210921525955	28.092278723592884
155	7077.9014	171.04869	7262.8774	6806.581	7764.62	148.46608	7974.196	7534.1855	1000.0	1000.0	774999	582.64294	80.284996	670.0691	-155.55411	582.6426	80.28501	669.3137	-158.45416	-584.04895	27.61745	4351.132304430008	28.071821332746936
156	7179.917	85.96488	7251.4814	7011.5713	7756.13	146.10051	8060.7275	7532.427	1000.0	1000.0	779999	583.1861	79.573975	668.68396	-130.36331	583.1862	79.57319	669.76056	-123.02743	-584.6774	26.772963	4376.028526067734	28.05146492444552
157	7209.279	149.71034	7363.8794	6925.247	8033.975	98.519005	8193.786	7850.8926	1000.0	1000.0	784999	583.67346	79.543465	669.1651	-114.315834	583.6736	79.54263	668.22217	-133.06018	-585.06055	27.82125	4400.707900285721	28.029986636653828
158	7178.1953	164.83292	7415.942	6995.8403	8022.3	78.681786	8151.1655	7855.0684	1000.0	1000.0	789999	583.7032	80.197914	669.4158	-127.305435	583.70325	80.1978	666.541	-131.49667	-585.0227	26.609596	4425.730258703232	28.01095101803164
159	7196.63	120.680954	7319.2886	7047.7373	7824.0693	95.400665	8035.6978	7714.939	1000.0	1000.0	794999	584.55396	79.57605	670.8032	-100.61545	584.5537	79.57681	669.26666	-114.72207	-586.0346	26.96757	4450.597341537476	27.991178259159785
160	7220.125	59.092766	7332.7153	7160.202	7747.3867	88.48786	7962.9453	7636.5723	1000.0	1000.0	799999	585.0285	79.6946	670.93866	-131.11618	585.02893	79.69214	670.4983	-153.17586	-586.5236	27.605225	4475.404849767685	27.971280321478844
161	7214.4546	86.871864	7353.357	7085.9243	7921.654	131.47739	8205.077	7739.5493	1000.0	1000.0	804999	585.9963	79.26558	671.22015	-143.80644	585.99634	79.264824	671.0575	-174.72723	-587.3171	27.798729	4500.131605625153	27.95112799561542
162	7283.703	90.98008	7413.294	7150.471	7783.1455	67.01141	7917.242	7692.8413	1000.0	1000.0	809999	586.71674	79.03522	669.55347	-126.73995	586.71704	79.03429	671.28015	-139.53209	-588.3184	27.732828	4525.092180490494	27.932667792579274
163	7152.197	71.341675	7227.0923	7019.4087	7751.646	76.8691	7870.7188	7635.286	1000.0	1000.0	814999	587.4639	79.336205	670.4217	-136.30351	587.46454	79.334015	671.02386	-145.31938	-588.6515	27.721575	4550.09704041481	27.914705782580228
164	7209.7407	156.55191	7449.7417	7048.8853	7820.2275	89.481766	7945.893	7638.2617	1000.0	1000.0	819999	587.82556	79.455666	670.9303	-171.20235	587.8257	79.45375	670.8988	-187.73407	-589.3145	29.27826	4574.850837230682	27.895431947417375
165	7198.457	68.38567	7275.2593	7097.793	7869.575	91.782326	7967.3096	7703.8994	1000.0	1000.0	824999	588.2526	78.28571	671.09906	-122.75301	588.2525	78.28822	670.4605	-137.35464	-589.8348	28.54432	4599.807572364807	27.87762166225549
166	7128.257	104.33789	7249.9385	7000.259	7746.1514	91.25402	7914.9067	7613.072	1000.0	1000.0	829999	589.0881	77.81345	673.2133	-125.513565	589.0881	77.811554	673.544	-138.68843	-590.723	28.202343	4624.747142791748	27.859922558428295
167	7266.03	108.47046	7416.588	7150.57	7717.014	126.44665	7858.374	7497.9595	1000.0	1000.0	834999	589.62054	77.131195	671.11786	-113.0606	589.62067	77.131386	670.8896	-130.57018	-591.024	27.295118	4649.617778539658	27.842022637407222
168	7236.121	184.94743	7488.345	7013.3213	7864.6104	93.51183	7981.5825	7710.6895	1000.0	1000.0	839999	589.9708	77.59574	672.4177	-81.24229	589.9705	77.595985	673.5304	-84.59117	-591.5653	27.908203	4674.436882257462	27.824029072409584
169	7240.9478	74.91374	7337.0117	7142.711	7697.8154	118.833	7844.2217	7495.706	1000.0	1000.0	844999	590.549	77.34742	675.30255	-91.59968	590.5494	77.34711	674.1864	-92.456085	-591.8514	27.794296	4699.377526283264	27.80696762242966
170	7154.117	223.81976	7433.7485	6774.0186	7487.3765	142.06981	7703.929	7263.1113	1000.0	1000.0	849999	591.3481	76.58487	675.1506	-97.03031	591.34796	76.58432	673.4192	-94.306625	-592.6335	29.184519	4724.328999996185	27.790170600835015
171	7239.907	110.467865	7403.3853	7077.163	7831.38	89.13277	7973.492	7683.2983	1000.0	1000.0	854999	591.5119	76.17533	673.76587	-60.38921	591.5119	76.17587	674.6859	-75.14887	-592.9958	28.529316	4748.911665201187	27.771413259338914
172	7242.3867	72.89077	7342.1113	7159.361	7827.9272	94.37305	8010.259	7682.7373	1000.0	1000.0	859999	591.8001	76.44683	675.19354	-83.6226	591.8002	76.44615	675.8467	-104.58671	-593.2886	27.777334	4773.571770906448	27.75332426054533
173	7306.255	98.467674	7393.063	7116.816	7793.9463	119.68215	7942.1235	7619.28	1000.0	1000.0	864999	592.1232	75.73109	674.95166	-63.30336	592.12305	75.73041	673.8385	-65.41267	-593.5967	27.229631	4798.425215959549	27.73656195436599
174	7360.7275	96.25868	7493.422	7244.5938	8038.236	85.95929	8205.1	7869.67	1000.0	1000.0	869999	592.55524	75.71014	675.6313	-46.43864	592.5553	75.710495	674.16785	-73.63906	-594.0541	27.48183	4823.112855672836	27.71903941001015
175	7417.6797	119.021576	7611.6875	7237.723	7886.794	69.81925	7959.484	7744.924	1000.0	1000.0	874999	592.93774	75.82776	674.813	-64.269424	592.938	75.82579	677.69135	-78.52238	-594.3864	28.090775	4847.999422073364	27.70285385131836
176	7391.0264	78.94517	7444.884	7235.953	7781.5557	94.93764	7893.283	7623.53	1000.0	1000.0	879999	593.64435	75.643486	676.6182	-70.44484	593.64435	75.644775	676.40717	-96.13832	-595.0426	27.475668	4872.9168491363525	27.68702756410295
177	7390.7734	90.37716	7541.734	7267.769	7667.699	97.10624	7827.0225	7532.1484	1000.0	1000.0	884999	594.2472	75.45549	675.7511	-61.58418	594.2474	75.45544	674.20306	-68.778336	-595.79553	27.486591	4897.914298534393	27.671832205885547
178	7292.8	117.74338	7479.4966	7163.8394	8045.7812	78.17347	8167.6895	7924.675	1000.0	1000.0	889999	594.9382	75.017555	677.243	-85.549934	594.938	75.01742	676.6654	-74.01411	-596.2814	27.212513	4922.784564495087	27.656093071016034
179	7246.2344	89.35074	7377.459	7130.222	7727.983	178.41385	8015.494	7440.61	1000.0	1000.0	894999	595.60223	74.81817	676.83154	-76.20908	595.6025	74.81611	677.07513	-77.24487	-596.96014	28.0023	4947.764513015747	27.641142542801756
180	7277.4326	179.3999	7463.3613	6969.165	7925.917	105.36453	8097.504	7744.152	1000.0	1000.0	899999	595.8655	74.96592	677.84534	-89.561806	595.8654	74.96565	676.007	-82.46714	-597.154	28.634653	4972.477131843567	27.624872966607413
181	7292.8867	126.29159	7439.583	7129.3696	7725.639	93.46525	7902.454	7597.73	1000.0	1000.0	904999	596.34	74.84957	675.5847	-77.450226	596.3404	74.84683	675.5406	-93.31444	-597.702	28.934988	4997.295311927795	27.609366376097032
182	7340.3604	65.14179	7404.3677	7256.001	7957.71	66.50034	8064.4014	7851.119	1000.0	1000.0	909999	596.73456	73.899376	678.71106	-55.94632	596.73474	73.89791	678.7055	-72.50453	-598.0737	28.008732	5021.955287694931	27.593160931880657
183	7401.3203	75.0048	7469.566	7299.5854	7819.146	66.88222	7920.183	7707.5063	1000.0	1000.0	914999	596.81854	74.20522	676.2483	-76.80533	596.81824	74.20524	677.41943	-71.14692	-598.2437	28.110226	5046.701016187668	27.577601190473214
184	7241.1655	136.7087	7381.9526	7003.205	7953.6743	201.2667	8205.238	7507.9272	1000.0	1000.0	919999	597.46356	74.03696	677.5885	-94.60523	597.46344	74.037315	676.6694	-82.780174	-598.94495	27.461607	5071.630105495453	27.563207105450008
185	7328.7944	138.0732	7447.406	7060.9385	8124.1187	119.37641	8286.084	7952.3105	1000.0	1000.0	924999	597.97125	74.312195	677.8484	-108.198044	597.97144	74.31194	678.0041	-112.282974	-599.4173	28.164106	5096.494812250137	27.54862061577874
186	7277.155	154.3405	7433.5186	7016.674	7780.2876	127.39091	7952.82	7556.142	1000.0	1000.0	929999	598.462	73.992905	678.7847	-155.26524	598.4616	73.9946	678.3381	-186.39772	-599.8153	28.485422	5121.260224580765	27.533657132938345
187	7350.8804	66.0442	7454.096	7270.5596	8002.948	82.256165	8139.1216	7855.179	1000.0	1000.0	934999	598.4217	74.699585	679.1367	-179.92282	598.4216	74.70073	679.7382	-163.81369	-599.91516	27.877928	5146.1894726753235	27.519729810602524
188	7281.2085	83.02286	7437.121	7203.213	8053.008	107.221504	8227.027	7895.382	1000.0	1000.0	939999	599.2742	73.92706	680.76483	-177.5597	599.2742	73.92477	683.1542	-163.71207	-600.7729	27.699219	5170.881657600403	27.504689679500906
189	7171.3735	26.636	7205.4336	7135.6885	7482.686	184.32556	7793.1987	7021.7676	1000.0	1000.0	944999	599.4793	74.67704	679.9229	-165.9264	599.47906	74.67765	680.87115	-190.9855	-600.9094	28.852057	5195.704175710678	27.490498294275273
190	7507.5205	106.059906	7634.658	7363.059	8160.7603	98.340416	8314.858	8007.88	1000.0	1000.0	949999	599.97675	74.40695	683.12506	-199.99551	599.9773	74.4059	683.8795	-200.74535	-601.5767	28.463175	5220.241094350815	27.474953139455696
191	7377.596	89.10928	7500.451	7286.6934	7778.582	102.76268	7925.8794	7512.771	1000.0	1000.0	954999	600.4924	74.90433	682.94946	-235.77522	600.4926	74.90436	683.53143	-254.217	-601.8473	28.928473	5244.801036119461	27.459691298569684
192	7442.418	234.77205	7681.978	7052.636	7881.9697	147.08202	8134.2065	7592.4727	1000.0	1000.0	959999	601.04565	74.64722	682.8306	-235.90764	601.0456	74.64552	682.7764	-246.87158	-602.5672	28.855625	5269.676476478577	27.446231660743553
193	7379.008	137.7155	7499.9844	7173.708	7694.921	122.484924	7901.286	7524.2695	1000.0	1000.0	964999	601.4264	74.24903	686.28955	-242.64398	601.4267	74.24789	686.235	-244.99599	-602.7319	28.887018	5294.543033361435	27.432865470184563
194	7358.966	148.46873	7624.044	7171.8726	7943.4053	113.64606	8131.571	7788.176	1000.0	1000.0	969999	601.89777	73.12328	684.32605	-221.14366	601.89795	73.12309	686.2864	-216.43147	-603.27	29.153225	5319.373711824417	27.419452132637968
195	7370.9795	106.897804	7510.831	7188.691	7958.8994	101.94866	8112.049	7764.181	1000.0	1000.0	974999	602.3328	73.63269	686.40186	-178.0078	602.3329	73.62984	687.2151	-167.51712	-603.6714	28.778955	5344.268285274506	27.40650403683002
196	7327.3467	135.16896	7588.0566	7206.082	7918.7944	80.16074	8044.3457	7785.283	1000.0	1000.0	979999	602.7582	73.6275	686.1009	-147.81464	602.7586	73.62753	685.384	-184.57352	-604.1148	29.249926	5369.167518615723	27.393711839403426
197	7424.458	135.33002	7692.797	7333.782	7807.036	110.46143	7946.2124	7618.9443	1000.0	1000.0	984999	603.1877	73.06753	686.6265	-135.25705	603.1881	73.06651	687.18164	-158.9336	-604.4845	28.425638	5394.024407863617	27.380834568575555
198	7468.3447	76.66038	7580.549	7369.992	8054.013	83.62693	8231.632	7951.2896	1000.0	1000.0	989999	603.5081	73.82068	686.9588	-123.501816	603.50824	73.82002	686.614	-117.563515	-605.038	29.042944	5418.994013309479	27.368656641305094
199	7322.319	72.17834	7434.627	7213.8135	7966.315	139.5725	8273.146	7778.951	1000.0	1000.0	994999	604.2102	73.14553	687.42413	-96.06765	604.2101	73.14611	686.2812	-100.32613	-605.6235	29.740316	5443.976961612701	27.35666815719413
200	7413.3916	100.57728	7555.304	7291.732	7812.271	91.87582	7975.8325	7671.5605	1000.0	1000.0	999999	604.44415	73.29229	685.11383	-68.0668	604.445	73.28919	685.4202	-83.65381	-605.7903	28.801188	5468.919632196426	27.344598171710967
