Epoch	AverageEpRet	StdEpRet	MaxEpRet	MinEpRet	AverageTestEpRet	StdTestEpRet	MaxTestEpRet	MinTestEpRet	EpLen	TestEpLen	Time Steps	AverageQ1Vals	StdQ1Vals	MaxQ1Vals	MinQ1Vals	AverageQ2Vals	StdQ2Vals	MaxQ2Vals	MinQ2Vals	AverageLogPi	StdLogPi	MaxLogPi	MinLogPi	LossPi	LossQ	LossQReg	Time	AVG Time Per Epoch
1	-116.37248	152.20692	5.681449	-399.39175	885.3755	22.601828	900.31006	834.00433	354.2143	1000.0	4999	2.6390278	2.099788	14.183858	-8.975676	2.6388106	2.1004095	14.417359	-8.967361	-4.835852	1.0412157	1.0880361	-12.232136	-3.7528338	0.6456338	0.34896976	36.71658635139465	36.716588258743286
2	-66.23547	109.64331	3.7709079	-376.70804	905.1278	14.374168	933.30084	888.1644	208.18182	1000.0	9999	8.745378	3.5484202	30.835865	-13.023905	8.745547	3.5510354	30.592966	-12.52892	-3.8579063	1.5504469	5.79389	-14.409207	-9.955521	1.8899248	1.0707873	79.98916912078857	39.9945855140686
3	2.5957003	33.735466	90.807594	-110.50571	568.4179	228.13434	830.79926	38.6679	190.37038	855.6	14999	15.010628	4.467311	41.522686	-6.726624	15.010831	4.4698815	41.87668	-6.421376	-3.584611	1.7118142	7.8464794	-13.81698	-15.994695	3.8050485	2.1839087	128.2049102783203	42.73497072855631
4	8.250872	30.798521	59.953373	-53.232227	553.01166	125.22815	912.41943	442.6687	432.5	1000.0	19999	19.215094	5.0251937	55.62965	-7.2386775	19.215588	5.0281315	52.251312	-9.754104	-3.4028122	1.8569691	10.339708	-13.97073	-20.025713	4.7396736	2.7654138	177.89743041992188	44.47435808181763
5	38.80635	66.03724	254.84377	-61.602802	567.8602	272.07486	887.5064	27.312374	254.39131	769.3	24999	22.536964	5.6808496	54.065544	-14.399408	22.537477	5.6832786	54.165558	-12.590649	-3.2249405	1.9220421	14.0351	-14.009997	-23.250986	6.2985916	3.6932175	225.51988172531128	45.103976774215695
6	66.457924	55.249035	181.38133	-14.127222	759.7798	246.67467	949.769	127.352066	242.75	914.6	29999	25.62432	6.430324	58.29353	-18.47351	25.624723	6.4339986	58.163273	-18.463076	-2.9989238	1.9557881	13.933851	-16.521519	-26.283518	7.203978	4.2749734	274.41115069389343	45.73519233862559
7	75.17125	66.74126	228.54642	-9.294939	653.8656	164.71312	938.9068	276.59595	248.90475	932.9	34999	28.396212	6.9237623	61.998447	-18.190582	28.396627	6.9247565	61.625374	-15.785586	-2.7866266	2.0705674	13.042409	-16.74418	-28.98687	8.811991	5.250208	324.70083117485046	46.38583329745701
8	110.6953	103.73228	277.98773	1.6448594	543.1672	360.33865	970.82056	31.362764	372.07693	534.8	39999	30.755201	7.227496	69.24394	-16.491196	30.755533	7.22755	68.730896	-21.891317	-2.6445441	2.167742	14.500287	-15.035571	-31.35876	8.988145	5.3844047	372.9879102706909	46.623489052057266
9	133.83444	88.52185	315.2081	17.324541	635.7797	353.55435	965.4151	87.81747	318.3125	731.4	44999	33.020016	7.5220876	67.40066	-19.279274	33.020084	7.518673	69.01485	-15.882355	-2.5573149	2.2484002	17.994839	-17.59091	-33.62854	9.248512	5.57444	422.6686029434204	46.963178369734024
10	152.64256	128.16891	398.7999	2.4352224	598.93384	278.10663	939.9186	38.564995	405.5	818.5	49999	35.27927	7.7369595	73.67654	-36.663876	35.279446	7.7326875	73.92879	-21.753067	-2.4913626	2.2626905	17.314081	-18.718178	-35.846046	9.883393	5.9776874	472.4275426864624	47.24275448322296
11	184.74702	134.3352	460.28076	31.324327	347.47632	397.33878	983.26746	16.269453	479.33334	432.8	54999	37.158955	7.840624	74.09356	-24.6171	37.15834	7.8405886	74.615845	-18.421757	-2.435874	2.2868314	15.565013	-13.438723	-37.704693	9.999424	6.0407553	518.9801247119904	47.180011532523416
12	165.95105	96.45247	289.76575	19.138718	461.41534	411.3751	986.40485	14.218057	403.42856	467.3	59999	39.10836	7.9878182	75.13313	-39.15514	39.10834	7.9885564	76.52041	-21.799833	-2.3934867	2.3140564	18.509178	-14.367514	-39.64192	10.306103	6.2360406	567.3377604484558	47.27814688285192
13	287.00262	176.6241	522.5235	46.221336	933.8822	76.31536	1060.0515	804.40314	660.75	1000.0	64999	41.077618	8.062424	77.746544	-26.37812	41.07762	8.064485	78.60198	-20.33273	-2.3875403	2.342982	16.85713	-12.735874	-41.60944	9.809412	5.9455013	624.0290319919586	48.00223339520968
14	230.05095	170.7787	489.36868	32.897602	757.99713	305.5846	1072.7869	206.30112	498.0	768.8	69999	42.803364	8.2615595	78.868324	-22.42218	42.803364	8.263676	79.69113	-29.965115	-2.3965728	2.3263786	20.719597	-13.873521	-43.326042	10.175409	6.154559	680.3426086902618	48.59590079103197
15	227.99823	124.53733	379.43832	71.66157	639.15765	377.29166	1205.3108	63.14072	574.875	656.0	74999	44.633324	8.311091	81.0093	-29.966784	44.633656	8.310352	80.60813	-34.641163	-2.3999074	2.3448539	26.30317	-16.725906	-45.15189	10.843307	6.5511503	736.8653297424316	49.124355459213255
16	353.26352	116.772804	543.3353	208.13411	592.81635	437.65073	1281.4551	156.45724	818.0	506.9	79999	46.265583	8.405681	83.54961	-20.555025	46.265625	8.409068	80.4085	-17.970015	-2.381511	2.3726418	19.163929	-14.153984	-46.768497	10.4066105	6.320091	790.9417018890381	49.43385651707649
17	331.78735	162.84077	656.0398	122.42566	875.2575	355.82962	1284.9021	34.671864	607.44446	831.8	84999	48.04291	8.562846	82.58713	-28.292883	48.04298	8.566542	82.965225	-21.499588	-2.363698	2.3669353	28.929117	-16.175888	-48.530327	10.81115	6.5584626	846.3416917324066	49.78480555029476
18	343.63785	121.91606	518.06006	69.89601	856.9001	334.11246	1247.5251	212.0987	632.0	781.7	89999	49.695404	8.631311	81.22983	-36.533875	49.695568	8.63163	82.44585	-27.55617	-2.3615518	2.367072	25.043365	-15.039641	-50.22243	11.148489	6.758653	901.3166449069977	50.073147071732414
19	430.56522	217.10472	672.02374	46.217213	501.60312	336.67294	1087.7258	129.01932	752.6667	424.1	94999	51.172993	8.819837	84.17662	-22.987207	51.173363	8.8191805	83.58602	-18.874025	-2.3370833	2.3650813	28.775848	-13.568945	-51.6357	11.260761	6.830056	953.7403564453125	50.19686099102623
20	217.4243	200.8456	720.8127	14.28869	892.59784	441.2475	1462.1462	214.70998	423.08334	712.1	99999	52.706806	8.902484	84.452736	-23.929668	52.707188	8.90428	83.74529	-24.832357	-2.329352	2.3837268	20.731676	-15.217975	-53.18633	11.357627	6.8734922	1008.3136003017426	50.41568014621735
21	276.94162	226.39764	753.8566	59.751316	1148.2542	193.64854	1489.5406	932.48206	434.72726	1000.0	104999	54.240585	9.14374	86.25129	-22.419308	54.24096	9.139351	87.547646	-25.583183	-2.2918878	2.4208562	26.026995	-12.774702	-54.746925	12.304298	7.480667	1064.525514125824	50.69169126238142
22	350.38153	145.80672	522.05566	73.138306	1266.3024	552.1485	1706.1307	189.54692	601.875	762.5	109999	55.621483	9.230049	88.1944	-35.72972	55.621883	9.231891	86.29213	-36.0039	-2.299857	2.4276016	26.01901	-13.97522	-56.084156	12.083561	7.3638186	1119.556843996048	50.8889475627379
23	305.07385	165.02527	517.5407	65.801025	711.7937	590.64795	1605.3774	37.718796	496.4	544.9	114999	57.015972	9.4648285	89.77738	-23.663752	57.01628	9.466724	87.35313	-35.65417	-2.2330928	2.477744	28.622044	-14.629302	-57.50435	12.769725	7.765046	1172.6629254817963	50.98534466909326
24	434.30356	272.36978	902.3564	29.49829	958.1172	472.89734	1689.2987	55.058727	740.5714	756.4	119999	58.499355	9.522235	90.1933	-32.578106	58.499393	9.523771	89.766556	-32.98319	-2.22902	2.5362809	32.651978	-12.846115	-59.001476	12.41207	7.5522733	1227.6920709609985	51.15383637944857
25	480.59998	215.50258	902.87225	45.052197	1012.2078	729.9865	1903.9542	53.239666	615.0	558.5	124999	59.90338	9.85447	91.09776	-31.114296	59.903988	9.8505125	92.23959	-45.42101	-2.1574867	2.5528636	31.816479	-13.146996	-60.34023	13.874924	8.389481	1280.8630204200745	51.23452091217041
26	803.7034	389.0949	1411.4928	223.15524	924.9701	477.8741	1683.7351	47.73193	837.0	692.2	129999	61.393517	10.17151	92.39684	-25.33086	61.39383	10.172411	93.09654	-24.522726	-2.089549	2.551095	26.307718	-13.140972	-61.784454	14.175431	8.604921	1335.3274521827698	51.35874826174516
27	509.83643	361.00885	1165.558	141.16994	1142.6731	477.40128	2040.0066	483.86313	594.5	743.9	134999	62.791092	10.509301	92.476295	-29.767126	62.791748	10.506223	92.83602	-36.00547	-2.0543418	2.561319	26.628323	-14.754502	-63.192307	14.44462	8.782572	1390.2213249206543	51.48967878906815
28	479.2219	397.4209	1560.501	163.56332	1212.8462	713.51263	2234.9648	271.12796	549.7778	688.8	139999	64.29297	10.806758	96.54903	-21.751226	64.29312	10.812396	94.80277	-25.791382	-2.0281756	2.5584016	27.105228	-12.747858	-64.70771	15.372097	9.303004	1444.7187621593475	51.59709872518267
29	668.61304	352.90247	1217.189	185.65216	1425.7341	696.173	2181.308	124.45388	757.6667	830.4	144999	65.66415	11.113192	98.06734	-29.305527	65.664055	11.120032	99.848366	-35.93563	-1.9731013	2.596119	29.325048	-15.869026	-66.062454	15.646572	9.513224	1499.8558251857758	51.71916646792971
30	442.79922	300.3502	836.67615	35.76163	851.9429	653.02295	2195.044	48.81167	658.7143	511.7	149999	66.95303	11.36445	100.532265	-38.22394	66.95289	11.37383	99.07874	-33.51079	-1.917246	2.6508477	31.716568	-13.240392	-67.41008	16.178413	9.806345	1553.0310728549957	51.76770252386729
31	707.0817	443.94238	1613.9846	295.81024	1875.1078	481.50266	2246.9194	922.8148	816.7143	942.3	154999	68.281105	11.704314	102.96709	-47.36675	68.281204	11.710476	101.60849	-43.699085	-1.8550305	2.6729777	36.573673	-14.710708	-68.70546	16.672226	10.165591	1608.9197175502777	51.90063611922726
32	820.1813	571.433	1757.9143	368.7358	1488.179	482.09055	2230.765	726.15546	844.2	930.2	159999	69.61002	12.147162	104.25232	-45.06112	69.6103	12.151029	105.23894	-45.70115	-1.814697	2.7047348	43.4048	-13.748078	-70.01934	16.72442	10.1766815	1664.9010519981384	52.02815796434879
33	527.8778	544.00244	1799.9943	69.175606	1220.45	562.7384	2138.5713	23.669636	735.1429	825.2	164999	70.798836	12.439364	107.125694	-34.615063	70.79901	12.450918	108.807144	-29.04061	-1.8538731	2.743669	35.371376	-15.397013	-71.19597	16.931896	10.365173	1720.0913908481598	52.12398161310138
34	752.2472	449.39838	1762.7136	276.95132	1592.8704	592.17676	2337.281	384.7178	718.1429	870.5	169999	72.18472	12.880316	111.81291	-26.209412	72.18507	12.884989	109.40322	-40.044807	-1.7968777	2.7344365	31.316391	-14.948487	-72.57404	17.748838	10.789022	1775.8903868198395	52.23207027070663
35	596.72534	197.18214	825.99426	297.55823	1133.8031	404.4831	1832.1384	200.23048	899.5	827.0	174999	73.27629	13.093866	112.27666	-28.61055	73.27641	13.098824	110.37402	-33.57227	-1.7726783	2.7620885	30.249298	-15.018777	-73.68107	17.427526	10.59775	1831.7632038593292	52.336091606957574
36	407.73502	260.78775	818.113	46.7476	2079.4392	516.26886	2441.206	1044.7655	741.7143	1000.0	179999	74.32107	13.456784	114.94289	-30.172369	74.32162	13.459162	111.469246	-43.06552	-1.7704548	2.8230212	27.106335	-14.482864	-74.72518	17.259575	10.50457	1888.3576908111572	52.45438036653731
37	1026.81	753.53577	2039.7784	100.24218	1474.0272	371.31592	2522.9065	1092.3599	842.1667	846.2	184999	75.675606	13.959723	114.12948	-35.839188	75.676056	13.962833	115.126595	-26.184479	-1.6924495	2.8375103	37.31646	-14.871218	-76.07109	17.773066	10.840963	1943.824956893921	52.5358097102191
38	1110.0598	477.6547	2024.4575	460.81808	2038.8926	512.4921	2613.5356	1334.4318	855.3333	987.2	189999	77.117065	14.575738	118.377495	-47.26583	77.11723	14.580722	122.407684	-36.965828	-1.6610978	2.847042	35.241455	-14.377149	-77.50643	18.415453	11.196522	2000.1692349910736	52.63603256250683
39	917.45624	518.4172	1574.0566	303.04214	2328.4492	420.16653	2617.2993	1187.8938	934.0	946.6	194999	78.414696	15.152987	122.36203	-26.017738	78.41462	15.155584	121.62272	-44.28558	-1.6394581	2.8703234	31.412437	-13.660341	-78.728386	18.775976	11.428345	2056.1243731975555	52.721137841542564
40	1006.3653	651.2091	2284.2922	371.96643	1313.642	921.5951	2800.3948	106.707596	864.0	622.5	199999	79.740456	15.741386	123.82391	-31.176222	79.74082	15.745302	128.48657	-42.481243	-1.6015476	2.9063303	45.21439	-13.728157	-80.06111	19.464579	11.826839	2109.8850436210632	52.747126144170764
41	819.6426	550.64984	2055.7932	278.48572	1278.3766	690.0727	2595.335	142.796	684.1429	706.3	204999	81.07747	16.578182	126.16941	-34.081154	81.077644	16.5857	126.63127	-39.470943	-1.5459235	2.9564538	37.479263	-14.706398	-81.44835	20.91933	12.633705	2164.690528869629	52.797330030580845
42	1161.483	694.5595	1918.2556	70.43447	1959.8578	659.2136	2617.96	865.5322	627.75	901.1	209999	82.86101	17.436478	129.73082	-37.64858	82.8613	17.440487	129.52167	-38.44111	-1.4141496	2.9789674	37.480064	-12.630408	-83.168236	24.18308	14.493752	2220.8215911388397	52.87670460769108
43	1363.6162	616.1663	2289.2468	507.71622	2315.8774	563.80536	2749.0015	1040.3995	628.4286	1000.0	214999	84.640915	18.47712	133.37968	-51.983368	84.641365	18.475042	135.1635	-41.757687	-1.2879697	2.981967	54.830013	-13.210511	-84.98209	26.355625	15.827269	2278.042495250702	52.97773250313692
44	960.8498	913.55634	2291.8884	71.70203	2235.9487	810.3949	2822.432	445.2782	840.3333	904.0	219999	85.761086	19.20567	134.48306	-40.60453	85.76126	19.204006	133.85149	-65.02227	-1.2108169	3.0311012	46.684742	-14.114659	-86.11898	25.939777	15.733914	2334.0225088596344	53.04596617005088
45	1287.0249	829.37994	2123.3828	295.00552	2301.2244	734.57294	2860.7727	1076.2852	984.0	948.1	224999	87.05365	19.975725	138.78	-39.590797	87.0537	19.972095	136.64952	-42.72509	-1.221817	3.0285375	40.84441	-13.350803	-87.3518	25.975391	15.780469	2390.0800869464874	53.11289088461134
46	1275.3254	726.70557	2239.9514	254.45761	2616.2427	393.59406	2911.7065	1796.6307	698.4286	1000.0	229999	88.72296	20.836044	138.49185	-50.45998	88.723274	20.838247	138.73007	-67.43612	-1.2153215	3.0531826	46.739895	-14.490776	-89.029945	27.989765	16.884987	2446.425245285034	53.18315760467363
47	938.7886	629.51904	1722.5004	288.93915	2714.8347	342.85876	2987.6428	1832.8016	766.3333	981.2	234999	89.96265	21.652384	138.5611	-54.637177	89.96258	21.647552	143.14343	-67.9401	-1.112288	3.1192167	64.69804	-13.615011	-90.30818	29.266409	17.653303	2502.972841501236	53.25474136433703
48	2031.0426	461.33917	2540.6865	1243.2875	2766.7808	59.35384	2878.9663	2686.5566	950.6	1000.0	239999	91.71446	22.655333	144.80363	-101.28997	91.71478	22.654976	142.65718	-95.30697	-1.0422555	3.1240683	71.16306	-16.059404	-92.01809	30.130106	18.204437	2559.7802131175995	53.32875448962053
49	1605.5276	829.38776	2530.8948	296.17886	2810.0984	266.76627	2962.6777	2017.6656	755.2857	969.3	244999	93.4516	23.595978	144.81702	-69.8699	93.45099	23.596874	145.73846	-86.403656	-0.9759266	3.1358175	61.72879	-16.139305	-93.82717	30.903488	18.616762	2616.3472220897675	53.39484131579496
50	1446.6451	842.1994	2500.1575	6.3642282	2761.099	104.29005	2893.1882	2509.4963	672.4286	989.0	249999	95.09637	24.531652	150.052	-92.48057	95.09691	24.528202	147.10568	-114.161316	-0.8819041	3.1241338	53.657295	-13.8257885	-95.417114	32.799816	19.731459	2673.0235245227814	53.460470542907714
51	1878.2855	901.4647	2534.1594	271.81348	2660.2046	373.509	2904.695	1610.3875	769.0	1000.0	254999	96.81036	25.4242	148.0093	-86.75467	96.80997	25.418205	149.7234	-83.80053	-0.793267	3.1379905	53.038273	-12.753522	-97.11517	35.30421	21.292013	2729.577976703644	53.52113684953428
52	1156.3112	824.90814	2497.3767	80.156364	2000.4177	914.6549	3139.1514	451.363	641.1429	710.2	259999	98.178055	26.179218	150.45369	-98.986664	98.1781	26.181677	149.57233	-114.566444	-0.7604011	3.1687539	47.71322	-12.809614	-98.41647	36.616585	22.016615	2784.308177947998	53.5443880878962
53	1555.8936	755.6572	2536.7917	535.74506	2357.2651	922.4351	3348.2998	539.30334	925.0	917.1	264999	99.508446	26.961327	153.85614	-102.64975	99.50857	26.963512	150.94693	-77.0156	-0.7072001	3.1677792	42.193825	-16.324593	-99.778305	36.463192	21.971054	2840.1610050201416	53.587943535930705
54	1921.0966	1053.4281	2789.8926	72.013565	2085.0222	1028.3455	3265.6638	432.47147	728.5	840.1	269999	101.310425	27.866934	153.97093	-85.90275	101.30964	27.870483	154.6289	-97.61696	-0.6396611	3.1995306	41.910767	-15.239036	-101.48671	37.287846	22.457947	2895.8740451335907	53.62729717625512
55	2000.6633	874.7123	2753.7856	550.6385	2665.9678	716.4052	3302.3098	980.22784	1000.0	978.3	274999	103.02529	28.81916	159.21494	-97.950096	103.02533	28.819988	157.65208	-92.59085	-0.57238036	3.2065969	59.862312	-13.191328	-103.29881	37.84172	22.850927	2952.507088661194	53.68194710558111
56	1768.2554	1016.4517	2810.5044	451.88733	1128.9363	778.50433	2446.7017	176.01672	742.5	418.0	279999	105.010796	29.833862	159.69485	-89.232506	105.010895	29.833519	159.47354	-95.27494	-0.49025413	3.2502599	45.73049	-13.29045	-105.17774	38.677395	23.210354	3004.881087779999	53.65859089578901
57	2748.5374	210.5084	2971.296	2351.054	1783.1152	997.4169	3430.644	324.5047	970.6	669.4	284999	107.11764	30.844784	165.61961	-62.670105	107.11755	30.844984	163.33647	-59.258698	-0.4543928	3.2551975	38.89129	-13.241196	-107.32314	40.790627	24.396906	3059.613085269928	53.67742259042305
58	2116.296	781.44086	2895.6694	770.3348	2141.2961	837.04407	3310.7288	609.34155	728.1667	884.9	289999	109.24193	31.882177	169.68176	-78.263435	109.241776	31.88437	170.18103	-65.65122	-0.35070702	3.2519987	97.820175	-13.788171	-109.5425	44.366302	26.458862	3115.498325586319	53.71548841328457
59	1637.3073	621.31006	3006.0068	993.9752	2683.2283	1041.054	3541.7668	435.3914	760.0	909.1	294999	110.985176	32.969078	169.53445	-85.25944	110.985535	32.973366	170.38762	-95.60713	-0.2583975	3.3089087	46.68772	-13.068729	-111.10395	46.969482	28.021738	3171.526419401169	53.75468511500601
60	2007.2754	913.3048	3057.7234	822.08984	3331.4727	154.31711	3580.4316	2936.692	930.0	1000.0	299999	112.53694	33.98389	174.1911	-89.08445	112.53643	33.984474	172.43073	-87.19436	-0.16530088	3.3326945	77.33223	-14.654994	-112.7855	48.496964	28.969656	3227.9657435417175	53.79942909876505
61	2733.3796	284.7846	2989.06	2182.5479	3530.45	524.389	3908.2805	2017.5834	950.1667	957.6	304999	114.83437	35.104607	179.72534	-60.46889	114.834305	35.103683	179.26497	-61.28639	-0.024480412	3.4231114	47.486874	-13.370606	-115.0732	48.557087	29.021338	3284.518370628357	53.844563492008895
62	2317.381	1090.7736	3183.0486	17.246496	3502.8125	531.6254	3813.0168	1931.3508	753.5	1000.0	309999	117.3132	36.28652	181.5936	-58.93072	117.31359	36.284657	180.78958	-56.0751	0.05914493	3.43074	39.015846	-13.222012	-117.497665	51.723774	31.019794	3341.2357716560364	53.890899585139366
63	2216.565	1096.1149	3248.7117	125.15576	3590.7664	88.10105	3727.688	3389.1167	788.2857	1000.0	314999	119.3533	37.451237	192.65651	-84.05586	119.35281	37.44138	186.14357	-96.622894	0.13241455	3.4534545	56.390144	-12.673251	-119.59392	52.678986	31.704025	3397.70144367218	53.931768988806105
64	1886.6736	1169.7241	3252.463	178.37306	3252.5688	992.1849	4081.7395	1278.2568	588.625	825.0	319999	121.63077	38.646015	196.42747	-110.93703	121.63083	38.64381	189.13144	-97.3067	0.25402787	3.4741526	42.608494	-13.159097	-121.865265	64.703476	38.104763	3453.485417842865	53.96070969477296
65	2977.7183	636.99536	3477.8635	1725.7279	3383.3892	576.19696	3714.5913	1669.831	907.2	1000.0	324999	123.96157	39.788433	193.9249	-113.62864	123.961494	39.79151	193.10727	-112.910805	0.42686865	3.5432427	51.823627	-12.929444	-124.17565	70.69777	41.57393	3509.788655757904	53.99674859046936
66	2650.7185	845.29266	3420.862	1302.0156	3316.6003	1095.3752	4059.345	883.7913	796.0	841.9	329999	126.13496	40.94331	199.82446	-108.5972	126.135345	40.938232	199.834	-72.871796	0.4899635	3.5260282	41.6365	-15.152208	-126.34607	71.44431	42.282974	3565.4307949543	54.02167874755281
67	3381.141	91.61182	3480.8906	3209.4607	4237.525	98.24013	4336.7207	4057.0955	1000.0	1000.0	334999	128.42896	42.11657	201.10022	-87.67349	128.42946	42.108444	199.20802	-82.96396	0.61452305	3.549692	58.214783	-12.083411	-128.6325	71.45015	42.540756	3621.8941843509674	54.0581221936354
68	3066.1445	1110.6282	3797.7678	852.61743	3831.3105	341.69455	4148.6655	2857.9026	1000.0	1000.0	339999	130.77779	43.53179	205.70087	-53.875732	130.77785	43.519802	205.2846	-76.835075	0.6746839	3.6183562	105.02542	-14.572476	-130.93005	70.26243	42.048294	3678.689816713333	54.09837969261057
69	2454.211	1121.3966	3869.8652	343.88525	3308.4556	1460.8458	4470.57	516.1408	699.7143	771.0	344999	133.62694	44.89777	213.98206	-98.7213	133.6274	44.89832	208.99738	-109.86767	0.8452763	3.6326122	62.001495	-12.993171	-133.95879	76.254234	45.60194	3733.8447365760803	54.113691872444704
70	3562.9485	267.05063	3807.0393	3065.831	4282.263	60.640247	4347.2173	4143.6826	964.8	1000.0	349999	136.16603	46.28113	215.09813	-109.77492	136.16632	46.275112	214.76817	-91.72675	0.9272202	3.6558404	44.540955	-13.223385	-136.54451	79.558716	47.45627	3790.5718410015106	54.15102633408138
71	3026.8945	1379.7645	3939.8115	81.71051	4298.224	72.96854	4411.619	4148.9644	788.1429	1000.0	354999	139.02046	47.689434	217.0529	-98.334145	139.02032	47.686398	219.39168	-94.61334	0.9585341	3.6837194	46.865273	-14.679206	-139.17677	82.88412	49.030293	3847.83034992218	54.19479369445586
72	3850.1973	107.610596	3934.256	3648.3435	3973.0503	864.30634	4429.5254	1393.9495	1000.0	932.8	359999	141.84811	49.19677	220.92047	-77.222595	141.8474	49.1925	224.18204	-83.95423	1.0537152	3.7470257	43.31069	-16.641457	-141.99097	85.49144	50.679592	3903.7664935588837	54.21897911032041
73	2772.1772	1363.3911	3901.793	1011.5932	4043.02	1347.2421	4895.3413	149.35603	1000.0	879.7	364999	144.02773	50.79319	225.25627	-144.37813	144.02742	50.787563	223.8421	-76.33306	1.1194038	3.7654781	47.89898	-13.734846	-144.22919	85.165695	50.657345	3959.8024713993073	54.24386950061746
74	2333.6997	1201.2484	4103.757	741.6558	3729.95	1428.4395	4727.3145	42.77722	594.0	902.3	369999	147.232	52.20844	229.58188	-107.986145	147.2323	52.1933	230.77806	-150.30954	1.2566724	3.8061976	47.080883	-12.309285	-147.52974	94.24957	55.75697	4016.1326320171356	54.27206262382301
75	3480.8262	1242.4728	4251.085	762.84906	2718.416	1657.0026	4650.318	878.0562	841.0	626.2	374999	150.45132	53.535416	236.35432	-77.100136	150.45163	53.524773	234.58438	-88.84868	1.3870139	3.7972825	44.59693	-12.859503	-150.71342	101.21211	59.660114	4070.4858298301697	54.27314442952474
76	4138.6455	192.02458	4331.854	3774.6008	4145.398	1081.5975	4849.965	1995.5255	1000.0	946.6	379999	153.68214	55.106426	239.00174	-71.921524	153.68164	55.101997	238.54793	-82.32747	1.4696015	3.8363621	53.362286	-13.11587	-153.7581	101.67739	60.087013	4126.559758424759	54.29683895487534
77	3647.429	1255.5728	4310.821	843.51117	4684.9224	88.65669	4835.003	4571.6704	871.6667	1000.0	384999	156.93307	56.76792	246.97601	-114.60732	156.93262	56.763153	244.17212	-95.92332	1.5980337	3.8554475	55.50836	-12.711866	-157.18625	101.59227	60.19961	4183.570527791977	54.33208480748263
78	3350.359	1447.6101	4348.525	340.20734	2532.6597	1778.8613	5229.201	100.36629	794.2857	622.1	389999	160.35399	58.365196	250.07805	-90.50446	160.35419	58.362175	246.89587	-99.77156	1.6469835	3.888564	51.979378	-15.310333	-160.73508	104.95855	62.03915	4237.57985830307	54.32794693494454
79	4310.365	93.38197	4410.015	4160.6484	4990.5396	91.06338	5098.725	4793.7983	1000.0	1000.0	394999	163.73349	59.85334	253.93372	-77.077484	163.73349	59.839275	254.5789	-79.847084	1.7715445	3.883444	74.5136	-13.232402	-164.09602	110.739426	65.35555	4294.481931447983	54.36053080498418
80	3943.1108	725.5008	4680.104	2984.63	4287.687	1113.3639	5166.2627	1762.6478	946.0	919.7	399999	167.14746	61.432583	256.86728	-113.17627	167.14752	61.41832	255.63982	-85.62196	1.8534756	3.920671	63.704712	-12.556324	-167.47382	114.15315	67.28621	4350.759372472763	54.38449218571186
81	3908.9119	1092.9484	4544.235	1472.0798	4257.339	1578.5698	5111.965	543.8085	886.5	848.5	404999	170.30267	63.00946	259.68332	-103.80819	170.30383	62.998375	260.18973	-104.633514	1.8948385	3.9254313	61.346413	-14.584989	-170.62752	114.19654	67.54522	4406.42582154274	54.4003188168561
82	3957.2046	705.7394	4679.7583	2754.538	4677.925	1547.7816	5297.4663	38.959908	883.0	902.2	409999	173.66925	64.40664	267.65942	-105.63965	173.6694	64.39386	264.99997	-125.00603	1.976786	3.963236	55.455135	-12.654197	-174.04254	119.44937	70.597	4462.4400906562805	54.420001137547374
83	3389.763	1559.6995	4725.2207	262.6055	5080.335	78.536064	5155.3364	4897.7324	800.3333	1000.0	414999	176.86345	65.99834	272.2675	-100.1677	176.86423	65.9874	275.67786	-82.502396	2.0062845	3.9440138	53.080215	-14.023027	-177.14099	129.39337	76.112335	4519.29311299324	54.449314640229005
84	4518.0063	88.64881	4659.121	4415.0703	3838.8542	1390.8112	4802.3726	902.19434	1000.0	863.4	419999	179.95844	67.52018	274.1936	-113.17245	179.95828	67.51003	273.31897	-84.2162	2.0377517	4.0048594	65.43742	-12.926513	-180.32426	128.36545	75.194565	4575.146963834763	54.46603531496866
85	3816.7288	1631.6515	4710.226	172.71138	5157.3154	122.9662	5378.0596	4933.6714	841.5	1000.0	424999	183.07747	69.091034	278.28247	-103.07624	183.07907	69.07885	277.86887	-142.91516	2.1251462	3.9857316	59.666637	-12.947655	-183.52452	128.87462	76.04398	4631.886647701263	54.49278412145727
86	3330.803	1746.8726	4833.008	314.78247	5218.996	84.21157	5436.8213	5109.1973	765.5714	1000.0	429999	186.3622	70.432106	287.45502	-119.94079	186.36295	70.41748	283.52106	-90.69544	2.182813	4.0428977	54.861206	-13.300185	-186.6556	131.05641	77.311066	4688.392359256744	54.51619025441103
87	3588.5742	1158.8304	4747.517	1813.8792	4395.7725	1292.0597	5381.954	1241.0587	786.8333	937.6	434999	189.65848	71.55201	287.46863	-107.42054	189.65967	71.54554	288.19135	-96.68141	2.2629514	4.0432215	90.6263	-16.886292	-189.94757	137.85901	81.084236	4744.618597269058	54.535845975766236
88	4573.4053	48.69691	4629.172	4502.706	4497.466	1128.5576	5402.9966	2560.4348	1000.0	861.0	439999	192.93063	72.47063	292.3128	-108.257675	192.93098	72.4633	292.03598	-120.20058	2.3142533	4.114166	71.04269	-15.050203	-193.14949	139.5394	82.05725	4800.437182664871	54.55042256008495
89	3832.801	1742.4136	4878.047	57.058582	3933.5066	1869.7645	5323.005	493.04614	804.5	750.2	444999	195.46002	73.86025	298.26382	-159.79037	195.46164	73.84833	295.7215	-132.02718	2.3641343	4.1125464	57.97431	-12.964312	-195.79825	141.74913	83.51304	4855.859313011169	54.56021702959296
90	4588.0166	304.50787	4815.535	3988.886	5171.455	138.58406	5312.0713	4884.1846	967.6	1000.0	449999	198.55159	74.84784	304.13837	-110.470345	198.55261	74.838615	299.96515	-102.16141	2.4457443	4.102154	74.74663	-12.978169	-198.56635	143.99553	84.61395	4912.855789422989	54.58728657828437
91	4076.9148	1694.3473	5024.8896	299.00204	5214.821	94.89403	5363.3203	5020.2544	845.5	1000.0	454999	201.48276	76.01671	301.82825	-111.67236	201.48297	76.0071	303.49817	-194.11766	2.4914787	4.1302304	55.757053	-13.582077	-201.74411	142.35863	83.91882	4969.519190311432	54.61010102125314
92	4842.4824	133.51877	5070.1157	4676.831	5308.928	77.62953	5411.7334	5182.8125	1000.0	1000.0	459999	204.41042	77.1095	305.1128	-115.55771	204.4123	77.097725	309.06818	-117.809494	2.5187354	4.109606	64.30177	-14.66232	-204.75528	142.231	83.7381	5026.394660949707	54.63472460145535
93	4395.6895	1239.0101	5073.1016	1647.0485	4904.1885	1352.4689	5614.572	875.6991	887.5	918.5	464999	207.32877	78.41269	307.18207	-96.740074	207.32994	78.405914	306.60065	-99.72555	2.6086652	4.2020655	65.57652	-13.614461	-207.56657	147.37206	86.8353	5082.726170539856	54.652969603897425
94	4340.3	1164.9727	5009.0645	2012.7107	5175.554	143.27396	5425.0723	4965.675	1000.0	1000.0	469999	209.75468	79.55189	311.94537	-102.41238	209.75537	79.53972	313.7645	-123.571686	2.5688474	4.1265483	55.616234	-13.46176	-210.1426	152.08113	89.4157	5139.548114538193	54.67604379958295
95	4895.423	85.86205	5016.162	4774.3438	5387.86	164.09529	5634.5063	5123.899	1000.0	1000.0	474999	213.12637	80.279434	313.76938	-184.74286	213.12689	80.27252	315.2664	-136.50963	2.6708333	4.146782	99.81479	-13.173022	-213.51445	145.16162	85.79854	5195.917636632919	54.69386988940992
96	4962.6196	56.176373	5018.124	4862.37	5487.1714	82.48915	5652.434	5380.353	1000.0	1000.0	479999	215.69843	81.48043	318.0488	-140.9785	215.69997	81.468636	317.32565	-105.623505	2.6433456	4.1498218	78.25249	-14.238987	-216.09291	147.32375	86.600075	5252.532522201538	54.7138804619511
97	4974.5225	109.9437	5042.0474	4755.8926	5383.2563	81.39906	5536.7144	5277.48	1000.0	1000.0	484999	218.05302	82.712166	322.4774	-108.18392	218.05466	82.70181	322.1225	-164.84576	2.693002	4.1852527	60.539944	-12.7875395	-218.26355	152.4219	89.968636	5309.265575170517	54.734696678279604
98	5007.2983	74.38401	5100.0024	4876.162	4191.5146	2050.5786	5419.455	12.274103	1000.0	787.9	489999	220.98026	83.42238	326.5953	-105.01188	220.98064	83.41507	323.9784	-136.19191	2.776782	4.198173	80.94191	-13.276049	-221.51743	152.97995	90.06308	5364.614133119583	54.74096056879783
99	4936.3486	139.71194	5207.5195	4826.8555	4934.3413	541.7303	5303.878	3659.4602	990.2	954.5	494999	223.79823	84.35467	328.74255	-146.39044	223.7994	84.34401	329.1811	-115.90773	2.8353713	4.140137	70.44147	-14.349143	-224.23012	154.80797	91.39807	5421.2633934021	54.760236323481855
100	4482.114	1209.7703	5153.1533	1789.7754	5199.7617	655.9818	5647.9404	3300.116	898.1667	962.0	499999	226.46347	85.22394	331.65234	-224.44742	226.46408	85.21316	332.07172	-182.98946	2.8732567	4.1997933	53.518265	-12.262289	-226.86868	159.12392	93.54556	5478.368142127991	54.78368144750595
101	5074.7476	57.66296	5119.13	4962.931	5477.085	113.67868	5655.1016	5278.8687	1000.0	1000.0	504999	229.48563	85.98506	334.12253	-106.68833	229.48741	85.974464	337.3713	-134.25455	2.8472345	4.1776505	56.3981	-14.823467	-229.52475	158.88388	93.38109	5535.441961050034	54.80635607596671
102	5063.226	136.6031	5300.2876	4917.474	5409.4463	104.038246	5610.3477	5255.737	1000.0	1000.0	509999	232.28136	86.86733	339.93005	-129.23825	232.28337	86.84685	337.18326	-136.50194	2.919969	4.2139335	67.40476	-13.327067	-232.7625	157.84244	92.91918	5592.170986652374	54.825205777205674
103	4960.725	88.571915	5102.8633	4865.679	5523.7783	121.92122	5713.9985	5359.5117	1000.0	1000.0	514999	234.68637	87.70176	340.93317	-129.07759	234.68701	87.69289	338.43356	-133.398	2.9596183	4.283691	81.79484	-13.092252	-234.79999	158.30008	92.957565	5648.986273050308	54.84452694596596
104	4298.2153	1883.4286	5284.6636	93.5739	4834.8447	1602.2407	5520.822	41.68137	838.8333	902.4	519999	237.27426	88.411964	339.51364	-102.05569	237.2751	88.39723	341.2982	-142.68901	2.9795825	4.1758723	82.212555	-13.159695	-237.78482	157.00659	92.3684	5705.354904174805	54.85918179842142
105	3876.36	1761.8978	5285.091	1355.5936	5295.6943	73.02038	5418.107	5211.979	769.8333	1000.0	524999	239.80125	88.90109	344.67953	-107.16771	239.80362	88.8777	343.44135	-133.19724	2.9739106	4.192348	60.667698	-12.586635	-240.18275	163.57068	96.02942	5762.238893985748	54.87846568425496
106	5041.757	145.99591	5280.5166	4860.6304	5488.1694	109.192986	5713.0015	5331.294	1000.0	1000.0	529999	242.12154	89.66665	350.32257	-149.06367	242.12193	89.64955	348.2833	-158.57173	3.0218863	4.278514	65.230934	-12.134294	-242.20316	167.95975	98.226006	5819.196955919266	54.89808451679518
107	5166.4385	88.82329	5314.6196	5055.0845	5410.867	129.47406	5613.615	5190.112	1000.0	1000.0	534999	244.67348	90.32867	348.38977	-188.53893	244.67389	90.305565	349.90695	-139.28879	3.1274736	4.291351	65.277374	-13.370312	-244.95674	165.72377	97.40807	5876.086142778397	54.91669294767291
108	5119.555	240.09625	5342.219	4666.048	5416.2734	141.99677	5591.9897	5132.2803	980.8	993.0	539999	247.23294	91.04086	354.1885	-178.09586	247.23419	91.01825	352.22845	-98.7862	3.1657982	4.2644143	96.32204	-14.830759	-247.68169	165.65578	97.2929	5932.853970527649	54.93383308251699
109	5075.952	103.863106	5266.8267	4970.137	5488.428	85.68276	5629.879	5316.0127	1000.0	1000.0	544999	249.49751	91.64687	355.4306	-139.20433	249.49817	91.6285	353.79147	-112.12225	3.2150512	4.264861	72.3346	-12.634691	-249.76192	169.1643	99.56656	5989.7904143333435	54.952205657958984
110	4666.8564	939.1337	5169.0483	2571.2495	5540.6406	88.49437	5646.464	5309.044	921.5	1000.0	549999	251.87221	92.02248	356.656	-140.02667	251.87216	92.00227	357.0455	-190.2803	3.2600029	4.266165	61.34685	-13.49221	-252.26155	172.27817	101.06213	6046.724774599075	54.970225243134934
111	5183.4663	146.88617	5320.0747	4902.87	5645.041	121.396835	5824.2676	5464.5757	1000.0	1000.0	554999	253.84727	92.73433	361.5854	-108.85072	253.84883	92.7215	359.3539	-125.67241	3.2972453	4.3141932	88.69654	-12.140158	-254.30367	178.02374	103.822	6103.249096393585	54.984226112967136
112	5124.785	201.53091	5301.918	4738.8345	5448.125	106.59892	5592.4673	5303.7217	976.2	1000.0	559999	255.81343	93.27128	360.07693	-119.41241	255.81366	93.251884	360.52377	-119.635666	3.3463368	4.2725554	79.056015	-16.78449	-256.11316	184.4967	107.34105	6160.298626422882	55.00266633076327
113	5117.192	137.56226	5249.2363	4860.955	5532.794	109.24658	5747.5938	5402.8877	1000.0	1000.0	564999	257.6989	93.809784	360.90732	-158.4843	257.69946	93.79201	362.53784	-176.53357	3.3181589	4.3167553	167.78038	-13.235622	-258.3259	180.55705	105.49687	6217.012627363205	55.01781088483017
114	5287.962	102.31146	5408.4263	5114.375	5541.1133	76.6714	5679.034	5452.342	1000.0	1000.0	569999	259.68307	94.37033	364.28317	-152.19235	259.68372	94.35502	364.8509	-123.10698	3.320971	4.297779	88.453674	-13.360437	-259.9063	177.93166	103.7981	6273.879437923431	55.034030180228385
115	5175.9814	131.73854	5393.052	5015.926	5572.9336	128.95352	5791.0547	5350.3965	1000.0	1000.0	574999	261.27618	95.04219	364.7544	-119.25919	261.27707	95.02801	367.9974	-100.69097	3.3247545	4.2830434	81.08061	-12.450407	-261.61835	177.07503	103.51221	6330.507564306259	55.04789188841115
116	5145.376	121.37938	5337.8667	4993.0737	5509.4565	69.24052	5621.691	5385.273	1000.0	1000.0	579999	262.70245	95.70466	368.24768	-159.03918	262.70248	95.698326	367.69977	-108.34805	3.412613	4.3393426	89.874886	-13.646378	-262.7233	178.52927	104.61206	6387.355833530426	55.06341237857424
117	5369.956	65.90981	5430.964	5246.894	5285.1816	67.061516	5392.147	5120.9565	1000.0	1000.0	584999	264.61047	95.8679	370.22784	-128.90723	264.61096	95.85746	366.8865	-123.52416	3.353154	4.2594514	73.93061	-11.663231	-265.11313	175.39847	102.493515	6444.433794260025	55.08063073851105
118	5277.3486	84.769936	5341.3794	5118.242	5579.895	67.84125	5725.0947	5495.36	1000.0	1000.0	589999	266.4643	96.33592	372.68073	-179.40784	266.46518	96.320724	369.45645	-135.08861	3.2956872	4.2540965	68.16655	-12.487711	-266.67343	170.7498	100.00413	6501.247478723526	55.09531763852653
119	5233.4414	72.446754	5325.0444	5135.175	5757.8057	69.239044	5855.007	5618.583	1000.0	1000.0	594999	268.09265	96.96217	372.30212	-181.21207	268.0944	96.94497	373.80774	-86.269066	3.3012962	4.3453207	69.07495	-14.082689	-268.31042	172.05466	101.13328	6558.427660942078	55.11283750894691
120	5339.486	136.32779	5521.562	5140.9414	5826.4985	142.25034	6077.175	5537.984	1000.0	1000.0	599999	269.91068	97.52839	373.9668	-158.42987	269.91098	97.51863	372.32095	-144.59392	3.340722	4.319539	74.39978	-15.775311	-270.26068	171.11835	99.848526	6615.2922558784485	55.12743548552195
121	5191.464	130.17885	5382.4507	5038.674	5177.2676	1131.8662	5704.323	1789.8374	1000.0	933.2	604999	271.77133	97.883575	377.35022	-124.9732	271.77124	97.87171	376.58344	-207.32982	3.3197129	4.278711	74.54306	-12.006645	-271.7899	171.17215	100.1243	6671.7264752388	55.13823535028568
122	5070.0615	634.3622	5524.2627	3825.3823	5207.7837	1371.5392	5743.9624	1097.4587	941.2	921.1	609999	273.61774	98.21089	376.04816	-137.6268	273.61917	98.20149	378.97882	-107.237114	3.414926	4.3067937	75.51973	-12.253971	-274.1142	174.37355	101.528465	6728.04727435112	55.147928499784626
123	5306.605	182.87238	5513.1836	5065.1	5730.803	78.15173	5832.168	5562.4854	1000.0	1000.0	614999	275.29224	98.51993	380.68652	-154.69809	275.29245	98.50629	378.40518	-151.70886	3.3710272	4.238374	72.69602	-12.773735	-275.53625	180.23238	104.679184	6784.924126625061	55.1619847867547
124	4926.755	780.8152	5415.206	3369.0334	5590.9146	105.622284	5841.7075	5488.4707	926.4	1000.0	619999	276.7175	98.73796	383.6641	-119.821106	276.7181	98.72838	380.96777	-169.2164	3.4772074	4.2761793	89.87535	-13.224211	-277.08325	187.36229	109.19445	6841.6145277023315	55.17431072458144
125	5353.544	76.10232	5453.173	5251.69	5765.409	125.76386	5904.426	5533.583	1000.0	1000.0	624999	278.36166	98.854385	381.70013	-140.25182	278.36316	98.84063	381.24426	-162.78891	3.4631832	4.3363967	81.07475	-14.124632	-278.6925	185.1926	107.4952	6898.649277448654	55.18919424057007
126	5412.4507	33.854225	5461.025	5356.3086	5554.7373	47.412148	5613.629	5465.212	1000.0	1000.0	629999	280.0229	99.229965	381.50757	-165.48871	280.02393	99.21985	384.0066	-104.278915	3.4769042	4.3438563	88.11316	-12.842126	-280.4609	178.15425	103.58706	6955.746474027634	55.20433711627173
127	5377.871	77.40788	5503.6006	5274.2896	5087.6963	1666.0966	5896.5166	102.23961	1000.0	903.4	634999	281.60883	99.45928	384.74548	-118.704	281.60825	99.4533	385.70245	-164.76106	3.4302452	4.2982755	57.16984	-12.839546	-281.79462	178.6296	103.750595	7011.764560222626	55.21074458933252
128	4699.457	1320.1875	5433.9297	1756.3359	5115.8594	1222.8505	5759.886	1462.0704	890.0	927.5	639999	283.06912	99.88543	387.80106	-127.32043	283.07056	99.87607	387.93463	-100.24781	3.4890394	4.296033	79.28661	-11.840086	-283.39032	182.31876	105.72858	7068.182203769684	55.2201734893024
129	4866.692	1127.1915	5445.7837	2348.6538	5699.911	454.81598	6020.1665	4370.9917	909.1667	975.2	644999	284.84592	100.18246	388.92343	-157.74509	284.84586	100.17283	389.59787	-200.48311	3.4488564	4.315262	104.42045	-14.119034	-285.17065	180.80258	105.24009	7124.918926000595	55.2319296755532
130	4524.507	1361.6952	5551.724	1827.7998	5001.8335	1353.8295	5862.5854	1226.4215	867.4	897.5	649999	286.41467	100.27676	393.91107	-141.43985	286.41562	100.263504	393.82614	-125.238914	3.533143	4.263879	74.20604	-11.74012	-286.58463	197.22746	114.1743	7181.080888271332	55.23908377427321
131	4815.668	1186.8619	5391.6094	2163.9568	5730.393	113.49281	5844.449	5483.152	909.5	1000.0	654999	287.82983	100.37907	393.64307	-174.20625	287.83148	100.35772	391.08093	-135.0881	3.588117	4.296271	93.85521	-12.775636	-287.9212	199.17798	115.56555	7238.183871507645	55.253312014441455
132	5325.8657	142.49791	5505.108	5067.66	4844.7354	2155.1157	6136.1	402.64545	1000.0	822.4	659999	288.96326	100.63683	392.06506	-141.72943	288.96472	100.626114	391.93542	-159.30373	3.5286584	4.343209	84.85863	-11.248722	-289.35965	191.83148	111.15841	7293.678808450699	55.25514250813109
133	5381.886	89.38525	5554.887	5297.687	5142.2437	1235.4427	5924.565	1988.553	1000.0	898.5	664999	290.03278	100.494385	394.5181	-184.92494	290.03296	100.487015	393.71915	-157.36417	3.5788753	4.308841	82.06451	-14.296717	-290.1719	195.72424	113.74683	7349.808389425278	55.261717233442724
134	5382.42	47.391186	5465.058	5317.206	5805.112	147.58232	5991.658	5507.181	1000.0	1000.0	669999	290.88354	100.91032	393.83203	-137.45343	290.88535	100.9006	394.85986	-189.32901	3.5073404	4.2917843	102.9025	-12.969957	-291.30807	185.44702	108.06487	7406.958989143372	55.275813369608635
135	5430.329	164.07054	5656.591	5285.379	5771.9873	121.822754	5968.529	5561.118	1000.0	1000.0	674999	291.84476	101.07049	391.86404	-154.39066	291.84662	101.05589	392.3923	-201.1977	3.5594823	4.3427696	78.496284	-14.180568	-292.24045	185.90103	108.5227	7463.7574236392975	55.2870920446184
136	5406.2144	95.8473	5521.875	5288.5015	5824.7974	129.88753	6044.417	5565.4604	1000.0	1000.0	679999	292.73514	101.25187	393.64877	-167.2008	292.735	101.24366	395.00323	-199.70407	3.6117187	4.278843	81.62782	-14.629889	-293.20612	192.55435	111.58284	7520.383104562759	55.296934611657086
137	5268.9766	116.681725	5395.585	5094.6787	5786.0425	56.4862	5868.953	5689.085	1000.0	1000.0	684999	293.85797	101.33777	397.21957	-196.2864	293.86017	101.32428	396.3652	-229.46347	3.601875	4.3090563	141.51291	-12.345482	-293.86133	190.54495	110.95332	7577.539515256882	55.31050742977727
138	5393.001	40.622166	5458.532	5340.802	5602.1123	634.4748	5945.558	3714.5781	1000.0	966.7	689999	295.29126	101.2836	399.9048	-127.91699	295.29318	101.2723	398.68494	-131.51247	3.610684	4.3288155	73.540115	-16.14664	-295.3799	190.1756	110.45199	7634.539560317993	55.322750456091285
139	5405.8223	74.99382	5492.9883	5268.5654	5801.839	124.1918	5989.743	5663.424	1000.0	1000.0	694999	296.53528	101.25251	398.22906	-150.64107	296.53644	101.23919	395.57907	-159.0872	3.599413	4.311272	76.12547	-12.2147255	-296.81305	183.09183	106.4272	7691.650994539261	55.335618684617735
140	5345.026	131.40936	5576.4624	5187.993	5735.9688	89.07209	5858.1875	5584.6685	1000.0	1000.0	699999	297.83615	101.15484	397.60687	-150.2429	297.83804	101.14382	397.73984	-198.63412	3.609078	4.2130146	62.599552	-13.637961	-298.0125	186.65218	108.32165	7748.637946844101	55.34741392305919
141	5336.5073	143.91846	5521.082	5184.227	5852.101	95.22538	5957.95	5683.646	1000.0	1000.0	704999	299.00015	101.03179	402.12714	-171.0737	299.0029	101.014656	397.85516	-142.07825	3.605632	4.2473173	66.94407	-13.385172	-299.22482	187.70876	108.72592	7805.134133577347	55.355561247954135
142	5395.3765	59.21942	5462.613	5293.9893	5742.4136	55.50253	5840.091	5656.886	1000.0	1000.0	709999	299.92136	101.038284	401.41742	-142.0814	299.92224	101.02932	407.40518	-132.31723	3.6026294	4.2449474	74.128876	-13.417547	-300.13074	186.69307	108.1601	7862.2669315338135	55.36807700110153
143	5358.332	157.90727	5527.9507	5155.2173	5810.6265	112.82683	6046.4976	5654.861	1000.0	1000.0	714999	300.9219	101.41787	403.05475	-149.71333	300.9234	101.405945	402.36902	-285.0964	3.631397	4.3223176	96.837006	-12.212018	-301.02536	187.16846	108.2303	7919.2158639431	55.37913193402591
144	4810.271	1371.3887	5513.7393	1745.7754	5783.0615	124.80118	5999.858	5598.711	889.6667	1000.0	719999	302.29892	100.9906	401.73166	-144.00356	302.3007	100.98303	401.5602	-110.2398	3.667709	4.2711997	68.61908	-12.594998	-302.40164	191.96217	111.0585	7976.1507885456085	55.38993604812357
145	5326.9033	78.26271	5420.6763	5218.661	5763.2554	87.115685	5945.6045	5674.038	1000.0	1000.0	724999	303.058	101.137054	401.3901	-190.40363	303.0577	101.12494	407.63748	-145.69063	3.6599066	4.2689004	89.19587	-13.6435375	-303.1771	194.4136	112.3707	8032.834553480148	55.39885900596092
146	4688.4585	1354.3813	5468.3076	1984.5339	5497.1685	108.58441	5653.327	5297.0195	872.8	1000.0	729999	304.44568	100.59527	406.64548	-202.49873	304.4471	100.58022	403.31137	-208.03598	3.7060666	4.227401	74.0538	-11.359182	-304.75378	199.02419	115.50435	8089.7907102108	55.40952542873278
147	4812.399	1173.7365	5684.152	2432.5068	5717.95	64.67963	5804.8765	5599.978	879.3333	1000.0	734999	305.1101	101.041435	404.98666	-155.60579	305.11194	101.01779	408.76605	-180.66809	3.682474	4.2039933	74.64822	-13.450016	-305.63385	194.05135	112.945526	8146.724885225296	55.41989719462232
148	5349.348	175.26924	5654.108	5126.7	5561.7197	146.66	5805.239	5343.2847	1000.0	1000.0	739999	305.74326	101.25222	402.9366	-149.27856	305.74445	101.22669	405.16684	-179.1963	3.7333128	4.224741	59.613625	-11.593961	-305.96637	197.17807	114.16245	8203.999654054642	55.432430109462224
149	5494.8174	104.3776	5653.896	5356.465	5792.4834	110.53648	5935.3643	5599.1914	1000.0	1000.0	744999	306.7081	100.97947	404.87225	-181.26344	306.70996	100.96383	406.53076	-131.91426	3.7724118	4.2373624	70.512695	-17.586115	-306.7757	198.50972	114.78401	8261.156066656113	55.44400046495783
150	5401.269	102.55988	5493.6963	5270.7026	5853.0684	112.41609	5973.737	5628.964	1000.0	1000.0	749999	307.25305	101.16937	406.25406	-132.29982	307.2547	101.15225	407.8246	-148.90868	3.7656066	4.24177	80.693115	-13.251208	-307.5377	199.73721	115.87508	8318.206146001816	55.454707655906674
151	5527.702	49.81812	5576.2695	5456.0522	5800.919	190.88145	6109.773	5443.128	1000.0	1000.0	754999	308.32028	101.09057	411.68066	-154.56285	308.32263	101.067955	406.63898	-156.7527	3.7806544	4.2475753	85.52261	-12.988197	-308.25037	196.72386	114.0011	8375.4672768116	55.46667072472983
152	5427.003	149.29765	5585.1616	5150.3457	5792.206	57.479275	5881.5054	5691.6084	1000.0	1000.0	759999	309.4698	100.753494	406.65152	-150.03078	309.47223	100.7323	408.58844	-142.94328	3.788014	4.296916	96.92197	-11.769866	-309.4609	196.31915	114.024925	8432.500017642975	55.47697381439962
153	5465.52	62.311596	5543.691	5376.486	5710.706	109.94868	5896.052	5503.606	1000.0	1000.0	764999	309.8019	100.90613	405.4632	-285.79324	309.80374	100.89448	411.01926	-211.56398	3.7864356	4.265461	88.702545	-11.826429	-309.78552	200.8181	116.48608	8489.699898719788	55.48823464929668
154	5459.8076	58.784286	5521.281	5361.607	5909.034	140.5129	6122.6064	5683.733	1000.0	1000.0	769999	310.8421	100.68229	412.81564	-138.99757	310.8445	100.66251	407.25525	-142.46153	3.8329918	4.269019	68.551865	-16.095892	-311.0241	194.33527	112.4746	8546.785570859909	55.49860761846815
155	5468.1416	136.36075	5712.2676	5309.2524	5784.9023	82.33579	5915.649	5654.097	1000.0	1000.0	774999	311.52792	100.871735	408.57117	-162.9649	311.52963	100.8556	409.77875	-154.69467	3.8074245	4.183074	69.39002	-12.609671	-311.79044	194.30627	112.701	8603.818795681	55.50850837307592
156	4702.827	1833.8474	5610.688	605.19366	5801.743	84.47862	5970.554	5650.1973	854.8333	1000.0	779999	312.639	100.658005	411.10886	-116.821686	312.6392	100.64071	408.52594	-226.67558	3.7871695	4.249652	86.59357	-13.461199	-312.69385	202.25578	116.6672	8660.875445604324	55.518432358900704
157	5552.456	68.76273	5668.9365	5475.1655	5870.3945	111.53357	6006.8525	5640.725	1000.0	1000.0	784999	313.48312	100.882675	408.07156	-143.73457	313.48502	100.860916	409.57922	-121.12164	3.7631617	4.2152495	86.6304	-13.630309	-313.4758	191.34079	110.84445	8717.851016521454	55.527713497732854
158	4987.948	915.1378	5640.1855	3170.1506	5631.5317	85.81135	5783.253	5512.001	913.0	1000.0	789999	314.21536	100.94702	410.36893	-159.46431	314.21744	100.92971	415.0897	-153.6657	3.7319126	4.2146673	65.70912	-13.940056	-314.0291	189.95135	109.953575	8774.98375415802	55.5378718768494
159	5174.39	819.2233	5663.599	3360.5867	5848.1304	81.513794	5979.5938	5654.7803	940.3333	1000.0	794999	314.94797	100.76507	410.61743	-158.46936	314.948	100.747536	412.92133	-160.72531	3.839922	4.2328444	77.359146	-12.272739	-315.1834	202.47293	116.98612	8831.899098157883	55.54653522503451
160	5521.036	111.394066	5695.053	5388.1353	5915.405	101.11959	6074.2886	5717.163	1000.0	1000.0	799999	315.65857	100.71023	412.82776	-175.22318	315.6595	100.694664	413.47488	-146.85825	3.8258994	4.1965294	72.03529	-11.56151	-315.77112	205.69827	118.79928	8888.844464302063	55.55527791678905
161	5533.704	139.68756	5772.962	5374.8066	5760.339	75.00459	5842.854	5641.6597	1000.0	1000.0	804999	316.1786	100.78229	410.76733	-179.37401	316.17996	100.76609	412.47614	-177.36595	3.851549	4.2421627	108.60356	-13.155832	-316.16125	197.13095	113.9236	8946.058988571167	55.56558379475374
162	4475.3105	2033.3577	5674.403	418.2362	5573.2085	88.54779	5747.9272	5472.3027	818.0	1000.0	809999	316.81976	100.78729	409.0106	-164.2504	316.82098	100.778725	412.46863	-139.9808	3.811246	4.2162495	78.79682	-19.630075	-316.93332	205.17236	118.2783	9002.97716331482	55.57393312307052
163	5530.4653	55.2219	5609.0513	5461.5947	5826.319	63.875423	5905.533	5693.8755	1000.0	1000.0	814999	317.42673	100.76089	413.75186	-167.26941	317.42636	100.76417	410.78027	-145.4959	3.8688636	4.257632	70.81011	-12.590807	-317.52066	207.04037	120.25435	9060.317414283752	55.58476942741066
164	5516.4673	95.32075	5608.5054	5344.0786	5899.2197	114.80563	6094.4023	5711.2354	1000.0	1000.0	819999	317.97	100.83733	413.49826	-228.15509	317.97025	100.83376	413.0811	-216.87863	3.8414962	4.201019	58.386314	-14.331888	-318.204	206.52652	120.1213	9117.4334192276	55.594106227886385
165	5400.8447	151.08118	5579.78	5166.1904	5739.25	167.32967	5989.8696	5421.614	1000.0	1000.0	824999	318.76425	100.72495	412.84268	-167.35527	318.76517	100.7174	415.99973	-119.07184	3.8411334	4.2768927	134.02505	-12.579315	-318.78986	197.57195	114.71576	9174.404418945312	55.60245103980556
166	5394.1987	99.5805	5551.0933	5239.6284	5953.087	98.06876	6152.422	5782.8726	1000.0	1000.0	829999	319.55643	100.68838	413.63046	-122.72318	319.5565	100.67586	414.4554	-92.148476	3.8418374	4.3094196	82.61931	-13.281556	-319.68887	200.73422	115.7082	9231.884056806564	55.61375939271536
167	5401.5903	95.508575	5489.0527	5222.357	5797.734	108.49676	5988.6846	5612.8984	1000.0	1000.0	834999	320.49463	100.23769	417.00662	-192.7709	320.49582	100.22867	419.68088	-310.31137	3.8447003	4.2786236	91.29181	-14.28962	-320.3455	203.57574	117.31477	9288.795542955399	55.621530213041936
168	5504.9033	146.07028	5682.1987	5331.5884	5862.8506	101.67144	6042.595	5712.241	1000.0	1000.0	839999	320.92404	100.535255	413.5871	-132.40845	320.9235	100.526024	418.2221	-129.54657	3.9590168	4.3112807	97.19179	-12.254919	-320.84592	206.12128	118.77595	9345.94035577774	55.630597371430625
169	5497.0083	57.644108	5569.4507	5419.228	5876.3887	89.57407	6020.181	5722.746	1000.0	1000.0	844999	321.7456	100.16624	417.52982	-143.9665	321.74612	100.15586	414.95877	-128.29771	3.8916845	4.3009586	109.89817	-11.57369	-321.74832	200.91722	115.936066	9402.895664691925	55.6384359012694
170	5532.498	111.13116	5677.417	5339.2695	5922.231	88.813736	6087.5645	5809.089	1000.0	1000.0	849999	322.58682	99.97154	418.26147	-129.94916	322.5865	99.96519	418.74304	-144.20961	3.8609335	4.294051	76.861404	-14.955651	-322.3316	199.08977	114.7896	9460.156158685684	55.64797741805806
171	5521.024	104.71651	5679.8257	5362.3237	5951.45	95.280785	6090.8022	5813.363	1000.0	1000.0	854999	323.10843	100.25852	417.64194	-141.87518	323.1097	100.24743	418.2834	-278.77234	3.8995993	4.3243685	90.78461	-11.950911	-322.76654	197.69737	114.10996	9517.166056156158	55.65594186280903
172	5518.6855	86.83013	5688.2017	5452.6855	5572.493	955.8539	6016.954	2714.7542	1000.0	948.2	859999	323.69852	100.46704	419.66733	-153.23271	323.69843	100.46063	420.1206	-170.56015	3.9590085	4.2748265	77.08034	-13.485931	-323.87125	200.52928	115.7719	9573.965698242188	55.662591282711475
173	5217.9805	742.7335	5723.512	3589.7117	6012.3477	101.69154	6174.2026	5809.5337	939.5	1000.0	864999	324.4583	100.39728	417.125	-122.786835	324.45996	100.389755	415.56134	-275.6085	3.95121	4.3141336	95.373764	-14.284155	-324.57538	196.7426	113.70974	9630.962056159973	55.670300917818366
174	5573.1274	130.95206	5827.122	5459.8335	5605.7944	125.14762	5857.7607	5418.018	1000.0	1000.0	869999	324.9477	100.4965	418.1509	-130.21973	324.94852	100.48997	419.59296	-126.57014	3.8791034	4.2757416	83.65744	-12.188045	-324.84665	200.78685	115.59631	9688.359546661377	55.68022729610575
175	5585.038	99.63071	5702.327	5406.998	5988.2725	148.31775	6205.4116	5670.79	1000.0	1000.0	874999	325.796	100.26659	417.26724	-152.90497	325.7971	100.25109	418.14413	-151.82523	3.9125824	4.2705154	77.96932	-11.979121	-325.98254	195.17857	112.84001	9745.433399677277	55.68819087164743
176	5273.9688	624.78186	5745.684	4039.9626	5827.589	97.07708	5919.917	5587.771	945.4	1000.0	879999	326.44272	100.04914	420.74448	-172.19678	326.44482	100.03925	422.73477	-159.74661	3.9236603	4.236726	102.63548	-14.322981	-326.20337	206.34012	118.50109	9802.527864456177	55.69618106294762
177	5541.9634	190.28078	5835.959	5364.459	5882.0664	125.10701	6068.0938	5677.5015	1000.0	1000.0	884999	326.902	100.26934	420.30032	-202.83281	326.9026	100.25388	420.57922	-128.75652	3.8718584	4.2970004	72.14058	-15.064329	-326.96817	198.59763	114.57374	9859.55866241455	55.703721271396354
178	5549.0273	57.555477	5622.4697	5451.342	5813.3506	91.887535	6019.933	5731.527	1000.0	1000.0	889999	327.56406	100.26361	421.92307	-129.58472	327.5651	100.25441	419.91998	-193.31187	3.8637	4.276245	72.12498	-11.974978	-327.45093	201.07124	115.96785	9916.471526622772	55.71051420790426
179	5450.629	130.43849	5566.102	5208.705	5891.1055	78.03488	5986.425	5759.0366	1000.0	1000.0	894999	328.11343	100.099236	420.20877	-171.13153	328.114	100.08501	420.2679	-161.8999	3.9353812	4.2158823	91.38937	-13.357199	-328.27557	202.60977	116.41695	9974.008638381958	55.720718662166064
180	5464.759	88.76077	5619.109	5341.7197	5981.0	75.25691	6075.697	5848.272	1000.0	1000.0	899999	328.98178	100.07603	420.57388	-134.84796	328.98215	100.07205	421.87216	-149.81158	3.9197757	4.200588	72.729866	-12.463679	-328.9852	198.92	114.822525	10030.902304887772	55.72723504304886
181	5602.788	62.034473	5686.7056	5497.34	5835.0093	106.87892	6079.04	5659.001	1000.0	1000.0	904999	329.7814	99.73193	419.55368	-195.45352	329.7814	99.731285	422.61493	-142.29585	3.923382	4.1967673	83.3337	-15.188469	-329.8147	197.42941	114.18523	10087.814439296722	55.733781447068104
182	4838.987	1719.3013	5801.023	1003.5701	5407.306	1066.0203	6042.4727	2224.5676	867.5	939.6	909999	330.39487	99.79381	422.22958	-121.9574	330.3954	99.77961	420.49222	-133.98744	3.8887694	4.228048	136.2976	-12.8293495	-330.39148	201.40173	115.5527	10144.603521108627	55.73957979941106
183	5574.614	90.33135	5646.1987	5419.5757	5866.4404	103.860985	6047.751	5684.809	1000.0	1000.0	914999	331.19867	99.73922	424.64975	-124.87834	331.19974	99.71984	422.92618	-156.7171	3.9061985	4.267395	75.170265	-12.5927305	-331.17773	200.6078	115.29145	10202.005422353745	55.74866352446092
184	5581.46	32.90542	5619.9707	5525.974	5954.9346	124.19303	6108.1523	5697.8857	1000.0	1000.0	919999	331.82657	99.6882	428.43832	-117.708885	331.82864	99.67634	423.04376	-162.17828	3.9042306	4.2264953	112.76749	-11.717075	-331.63727	202.29857	116.36439	10259.593002319336	55.75865763555402
185	5533.9253	157.57208	5734.5093	5369.1104	5953.361	88.77089	6095.7314	5846.4717	1000.0	1000.0	924999	332.4939	99.66555	422.3285	-149.82765	332.49487	99.65349	423.9151	-260.29526	3.9476783	4.23807	90.915146	-12.922466	-332.23904	208.29428	119.64301	10316.770041942596	55.7663245652173
186	5562.0703	111.02965	5671.692	5357.786	5998.209	86.628845	6118.097	5792.742	1000.0	1000.0	929999	332.96497	99.81868	424.29758	-134.9823	332.96506	99.812096	426.19247	-179.6228	3.8749986	4.2032185	142.82558	-14.079939	-332.90738	202.3637	116.349	10373.903624296188	55.773675413541895
187	5244.4404	430.23297	5596.9233	4402.9785	5982.3584	99.98239	6199.5537	5865.5654	954.6	1000.0	934999	333.58365	99.80441	424.19034	-148.11342	333.5848	99.78548	425.7279	-159.54855	3.9413376	4.2647877	73.4568	-12.686493	-333.43506	200.20325	115.43354	10425.630464076996	55.752034581281286
188	5542.8013	154.99614	5742.8228	5375.085	5980.3667	82.60882	6087.1567	5832.7524	1000.0	1000.0	939999	334.35193	99.510086	426.0921	-193.27634	334.35385	99.49367	424.03073	-125.29176	3.9300036	4.3110533	90.89127	-12.860902	-334.19086	201.89537	116.35435	10476.683702468872	55.72704098326095
189	5489.0244	97.20682	5621.85	5318.5796	5912.482	122.49741	6142.3843	5756.3955	1000.0	1000.0	944999	334.80826	99.2798	425.07614	-176.67426	334.80804	99.27288	426.18463	-110.406456	3.9701676	4.3547153	95.96269	-15.5795145	-334.63095	207.31046	119.1661	10527.763900756836	55.70245451523513
190	5585.9277	39.73663	5630.406	5512.417	5918.641	115.44779	6101.3154	5714.585	1000.0	1000.0	949999	334.99258	99.740395	424.6367	-126.897896	334.9941	99.72655	424.53302	-155.69025	3.9133372	4.2793984	94.34029	-14.047737	-334.80563	209.19632	120.08666	10579.223170280457	55.68012196013802
191	5689.0615	88.58071	5805.868	5559.2046	5993.0674	57.300907	6104.253	5885.477	1000.0	1000.0	954999	335.30075	99.59856	424.28348	-163.20532	335.302	99.58403	426.04437	-315.78885	3.940681	4.286118	74.41883	-12.572427	-335.07666	211.2358	121.37273	10630.296802282333	55.65600421041718
192	5637.6377	88.67695	5768.8105	5509.3994	5782.835	58.409878	5902.704	5658.8003	1000.0	1000.0	959999	335.6227	99.82081	423.68484	-166.23439	335.6239	99.809525	425.928	-209.91895	4.0603685	4.2857547	92.99495	-12.507268	-335.55698	204.9479	117.93092	10681.619454145432	55.63343466818333
193	5617.303	136.11649	5857.98	5481.135	5946.2666	62.332413	6056.1226	5878.471	1000.0	1000.0	964999	336.55365	99.73741	424.77753	-157.5424	336.55276	99.73209	428.92294	-160.69794	4.0076246	4.2533393	81.185684	-12.486393	-336.29684	201.58757	115.86828	10733.009298563004	55.611447156402114
194	5698.0146	89.871704	5830.195	5587.1914	5548.5244	1354.4425	6255.429	1501.3136	1000.0	925.7	969999	337.2683	99.645004	425.7636	-167.29062	337.26926	99.63062	426.34998	-166.73499	4.002147	4.27346	85.911804	-13.076453	-337.12192	201.8687	115.84996	10783.920827150345	55.58722077202551
195	5588.4126	79.90622	5688.5874	5469.8496	6032.5845	101.527626	6175.5117	5839.9043	1000.0	1000.0	974999	338.1026	99.65999	425.39252	-154.50488	338.10318	99.656395	426.08917	-196.40079	4.0158052	4.2640862	87.674774	-16.468521	-337.8788	200.64758	115.0779	10835.100249052048	55.56461667280931
196	5557.5776	195.31653	5904.5312	5301.534	5995.7905	127.515144	6178.442	5751.6255	1000.0	1000.0	979999	338.55682	99.59467	426.372	-134.22527	338.5581	99.58096	428.09787	-141.99745	4.0497985	4.282279	89.11813	-13.730867	-338.5191	205.04466	117.75652	10881.354286193848	55.517113717234864
197	5486.0366	115.216286	5639.2227	5326.5557	5993.664	63.162125	6095.2007	5907.9097	1000.0	1000.0	984999	339.3419	99.3067	427.07455	-158.00925	339.34335	99.2925	430.28864	-156.50761	4.0064397	4.2566786	99.8169	-13.438824	-339.0925	206.04237	118.33431	10926.039344787598	55.46212866705687
198	5590.503	58.267796	5644.7485	5479.505	5904.337	77.86628	6027.155	5775.136	1000.0	1000.0	989999	339.674	99.45944	427.26672	-151.53696	339.67432	99.45065	427.04126	-210.29428	3.976068	4.249184	94.07118	-12.345731	-339.56696	199.64136	114.72993	10970.594590425491	55.40704339682454
199	5528.223	121.32105	5708.402	5392.713	5927.178	123.75723	6173.49	5743.4194	1000.0	1000.0	994999	340.08548	99.79557	427.4338	-133.19913	340.08716	99.78864	427.48798	-191.27841	3.9713967	4.2249966	106.1176	-13.708286	-339.92993	195.65196	112.48655	11015.351797103882	55.35352663179139
200	5644.9404	86.21926	5780.904	5533.0566	5968.5615	75.584236	6106.6436	5859.817	1000.0	1000.0	999999	340.98773	99.32604	428.49878	-129.7666	340.98776	99.31797	432.5205	-129.38759	3.9248953	4.2546515	94.90002	-14.254638	-340.6972	191.41124	109.94471	11060.02598285675	55.300129927396775
