Epoch	AverageEpRet	StdEpRet	MaxEpRet	MinEpRet	AverageTestEpRet	StdTestEpRet	MaxTestEpRet	MinTestEpRet	EpLen	TestEpLen	Time Steps	AverageQVals	StdQVals	MaxQVals	MinQVals	LossPi	LossQ	Time	AVG Time Per Epoch
1	54.74299	16.76168	128.94868	26.73403	28.405178	3.211003	34.884052	26.71534	6.0277443	3.2	4999	24.224873	13.134885	58.947834	-0.36586872	-22.184273	3.3338394	28.13587760925293	28.135879278182983
2	54.160446	15.856465	119.97856	26.779755	28.43341	3.223288	34.90885	26.671165	5.966587	3.2	9999	25.59032	12.88032	59.577442	4.6698203	-22.921942	2.361832	63.601861238479614	31.800931692123413
3	29.378876	3.8609087	54.60155	26.609585	26.791555	0.066795394	26.892405	26.664099	3.308201	3.0	14999	24.130098	11.754476	62.86018	5.6437902	-21.856188	2.3958237	100.75488448143005	33.58496220906576
4	29.350086	3.8038	35.649582	26.63656	27.62707	2.4134796	34.866085	26.728498	3.3040316	3.1	19999	23.617186	11.194657	65.3294	6.090361	-21.541727	2.189373	137.58283519744873	34.39570939540863
5	29.100775	3.6893468	35.74392	26.598179	29.265224	3.6759937	34.901283	26.840418	3.2743943	3.3	24999	23.599327	11.361722	62.847828	5.8762603	-21.4955	1.9168053	174.50634455680847	34.901269340515135
6	29.347342	3.8072252	35.7213	26.58526	28.426004	3.1901648	34.812626	26.767866	3.3038309	3.2	29999	23.140274	11.054371	60.707108	5.4242244	-21.207827	1.6689656	211.33805465698242	35.22300942738851
7	29.352787	3.8026118	35.648163	26.62781	26.830206	0.055631448	26.883846	26.708126	3.3046927	3.0	34999	22.914778	10.781736	60.46826	5.5393047	-21.108347	1.4832301	248.74770736694336	35.53538710730417
8	29.36278	3.8081918	35.62129	26.610325	28.422434	3.2348716	34.89778	26.697163	3.3055556	3.2	39999	22.596056	10.480589	60.356693	4.7770767	-20.908184	1.3617945	286.0186870098114	35.752336114645004
9	29.462812	3.8438704	35.55986	26.60852	29.248255	3.7071972	34.935783	26.77055	3.3185136	3.3	44999	22.346773	10.266371	60.04061	3.9832263	-20.743517	1.3465044	323.71067237854004	35.96785275141398
10	29.382957	3.8126285	35.607212	26.592207	29.230673	3.7076595	34.955875	26.721285	3.308405	3.3	49999	22.252777	10.243944	62.358765	5.9811215	-20.707973	1.3207767	360.84462690353394	36.08446292877197
11	29.347122	3.8024814	35.730988	26.613771	28.425976	3.236854	34.91271	26.708117	3.3040316	3.2	54999	22.046108	10.13324	61.215317	5.2225137	-20.568478	1.2611244	398.5914978981018	36.23559093475342
12	29.295012	3.779117	35.542374	26.616226	28.412827	3.2404134	34.905056	26.630896	3.2979565	3.2	59999	21.804363	9.992722	62.32638	6.4404526	-20.39897	1.250673	436.00663471221924	36.33388640483221
13	29.272495	3.7655458	35.760365	26.623404	26.780432	0.08094893	26.880651	26.59597	3.2953198	3.0	64999	21.625538	9.970026	63.51236	5.1941314	-20.269653	1.2091709	473.75879645347595	36.44298452597398
14	29.301031	3.7856975	35.63675	26.598568	29.23635	3.6965456	34.906982	26.729622	3.2988126	3.3	69999	21.508015	9.944639	66.000626	5.9699397	-20.18887	1.2362946	511.1255431175232	36.50896751880646
15	29.442608	3.8395379	35.635296	26.624313	27.610977	2.419677	34.866238	26.616959	3.31565	3.1	74999	21.405802	9.8755865	65.673836	6.0358624	-20.147282	1.2019689	548.972665309906	36.59817787806193
16	29.510191	3.867539	35.71077	26.630795	28.422226	3.2135644	34.85449	26.654701	3.3238032	3.2	79999	21.326248	9.76681	64.48557	5.1089816	-20.099579	1.219722	586.42857670784	36.65178619325161
17	29.441565	3.842793	35.73527	26.616186	29.22022	3.6967423	34.871918	26.672916	3.31565	3.3	84999	21.3396	9.617992	63.79572	5.0808506	-20.118084	1.1760073	624.1294066905975	36.71349465145784
18	29.415258	3.8275852	35.627	26.627115	28.390438	3.235287	34.881554	26.673597	3.3119206	3.2	89999	21.314165	9.522729	65.20334	5.2394567	-20.106115	1.173992	661.8348755836487	36.76860434479184
19	29.336456	3.7993784	35.554306	26.608475	30.047287	3.960467	34.99888	26.767918	3.3027098	3.4	94999	21.241451	9.453191	64.4086	5.4425626	-20.062393	1.1799414	699.7780663967133	36.830424672678895
20	29.335506	3.790278	35.59737	26.615093	26.782368	0.05482472	26.875433	26.69071	3.3031704	3.0	99999	21.194595	9.438364	62.073315	3.8658667	-20.070162	1.1608479	737.4063272476196	36.87031648159027
21	29.45585	3.8506985	35.6849	26.614275	28.459904	3.2286909	34.939724	26.733192	3.316976	3.2	104999	21.123285	9.352609	61.811897	5.5537686	-20.001131	1.132758	775.3354835510254	36.920737425486244
22	29.26897	3.7677948	35.60484	26.60562	26.802937	0.056120854	26.887255	26.713871	3.2946606	3.0	109999	21.025045	9.335349	62.66947	5.448278	-19.914326	1.1464862	813.4532580375671	36.97514820098877
23	29.166498	3.7221313	35.71293	26.616636	27.636013	2.419753	34.89447	26.773178	3.281496	3.1	114999	21.040508	9.347962	63.73751	4.580585	-19.934584	1.102691	851.3734862804413	37.01623863759248
24	29.497326	3.8610713	35.64772	26.605131	28.419363	3.2339542	34.902958	26.710543	3.3222592	3.2	119999	20.972328	9.273141	63.527065	3.8180046	-19.906628	1.1499485	889.3594696521759	37.05664466818174
25	29.390434	3.8187854	35.501156	26.606588	27.604055	2.4095304	34.82998	26.640646	3.3090668	3.1	124999	21.042809	9.31183	64.86088	4.138504	-19.959318	1.1401656	927.3601613044739	37.09440653800964
26	29.458813	3.8474376	35.685535	26.589336	28.41927	3.2327595	34.899246	26.698868	3.3171864	3.2	129999	20.990637	9.279975	66.50685	5.342727	-19.908403	1.1134921	965.4130899906158	37.13127279281616
27	29.406364	3.8269835	35.569862	26.618143	30.050781	3.9449065	34.961983	26.680307	3.3112583	3.4	134999	21.012161	9.265391	63.958836	2.8006697	-19.946438	1.1416355	1003.4039859771729	37.163110671220004
28	29.25463	3.7609344	35.530643	26.626009	30.054071	3.9346046	34.947678	26.803091	3.2929559	3.4	139999	20.968737	9.211439	61.79008	5.2042465	-19.917261	1.1157075	1041.6456859111786	37.20163172483444
29	29.269663	3.7675147	35.622055	26.62375	29.2471	3.6936095	34.925835	26.80521	3.2946606	3.3	144999	20.903461	9.146487	64.33203	4.6022167	-19.882778	1.1163334	1079.5482137203217	37.225800571770506
30	29.361696	3.8031728	35.520454	26.583746	30.046726	3.9873657	35.055866	26.646973	3.3053536	3.4	149999	20.779684	9.179599	61.40432	4.635215	-19.756193	1.1156284	1117.4201509952545	37.24733845392863
31	29.293123	3.7761703	35.57076	26.59025	28.42013	3.2353616	34.9543	26.684456	3.2974935	3.2	154999	20.878542	9.128292	59.77753	5.0049367	-19.868885	1.0877119	1156.2758884429932	37.29922228474771
32	29.087599	3.6788962	35.585674	26.634432	26.806726	0.06799549	26.871506	26.655104	3.2722514	3.0	159999	20.874132	9.157037	63.857735	4.99783	-19.867815	1.0715072	1194.7874908447266	37.33710917830467
33	29.443604	3.8366494	35.757835	26.61454	30.057995	3.949103	35.038948	26.778622	3.316313	3.4	164999	20.803652	9.131136	61.960106	5.3655086	-19.820557	1.115481	1233.1077499389648	37.366901607224435
34	29.389395	3.8189545	35.60327	26.607927	26.830008	0.045317695	26.890903	26.709742	3.3090668	3.0	169999	20.84144	9.109856	64.30154	5.881506	-19.884083	1.0880846	1271.653145313263	37.40156316757202
35	29.453074	3.8413153	35.586422	26.601513	28.4275	3.2205896	34.871914	26.672855	3.3171864	3.2	174999	20.727795	9.05756	61.777943	5.0626965	-19.770111	1.0749912	1310.3730549812317	37.43923021725246
36	29.347614	3.7998915	35.64898	26.619616	26.802893	0.0676886	26.882872	26.694614	3.3038309	3.0	179999	20.747198	9.085573	62.59878	5.7971745	-19.783957	1.0971688	1348.9007737636566	37.46946601735221
37	29.279993	3.7700148	35.55649	26.615147	28.430521	3.228781	34.93363	26.746128	3.295979	3.2	184999	20.690386	8.989591	62.64229	4.217396	-19.750298	1.1037687	1387.2992532253265	37.494574482376514
38	29.456837	3.8471575	35.549393	26.58076	27.5849	2.441625	34.905975	26.624401	3.3171864	3.1	189999	20.60352	8.973249	62.186527	5.6385894	-19.682306	1.0922588	1426.2267727851868	37.53228355708875
39	29.434294	3.8344674	35.734722	26.615547	27.643194	2.4139457	34.884502	26.790623	3.3149867	3.1	194999	20.526972	8.967999	60.991592	4.7558775	-19.610502	1.076307	1464.9409186840057	37.562587725810516
40	29.261318	3.7699094	35.73744	26.617819	27.62269	2.4092112	34.846886	26.608496	3.2938077	3.1	199999	20.54152	8.895187	61.946632	4.6241484	-19.620134	1.1288372	1503.5132865905762	37.58783223032951
41	29.461594	3.8523388	35.95577	26.618828	26.813116	0.07107082	26.897985	26.658329	3.31785	3.0	204999	20.490805	8.870695	60.524788	5.5221047	-19.570595	1.0698541	1542.2620334625244	37.616147209958335
42	29.31001	3.7854555	35.635166	26.622223	27.585978	2.4182856	34.838985	26.718805	3.29967	3.1	209999	20.421118	8.853048	60.028614	2.631568	-19.490225	1.067132	1580.790268421173	37.637863590603786
43	29.410187	3.826117	35.592285	26.614164	26.804409	0.05437175	26.864212	26.677843	3.3119206	3.0	214999	20.455393	8.8343115	60.137455	5.4786625	-19.527813	1.058323	1619.5456874370575	37.663853246112204
44	29.38194	3.8141105	35.634872	26.593218	29.232138	3.7006962	34.90686	26.695333	3.308405	3.3	219999	20.412624	8.803023	59.19249	5.749298	-19.506687	1.0862463	1658.2114148139954	37.686623112721875
45	29.484121	3.8559506	35.582916	26.61169	28.385855	3.2462683	34.9126	26.631502	3.320717	3.2	224999	20.46889	8.800762	61.694885	4.598781	-19.56534	1.1326354	1696.7612063884735	37.705804644690616
46	29.260191	3.7623534	35.522263	26.602314	26.81098	0.045990888	26.879412	26.715694	3.2938077	3.0	229999	20.537594	8.826164	62.254692	4.791275	-19.621885	1.0591017	1735.647590637207	37.73146941869155
47	29.43494	3.837671	35.65152	26.601995	28.421299	3.2465377	34.91617	26.722536	3.3149867	3.2	234999	20.437449	8.784383	59.247723	5.5490685	-19.531359	1.0826122	1774.4858634471893	37.755018416871415
48	29.402962	3.8255045	35.581413	26.611248	26.782324	0.057657547	26.880857	26.714462	3.3103905	3.0	239999	20.390236	8.826985	62.931652	4.7262387	-19.502207	1.0830772	1813.1604642868042	37.774176393946014
49	29.318605	3.787156	35.51946	26.609829	27.630535	2.4160333	34.87698	26.678564	3.30033	3.1	244999	20.416023	8.872698	64.48681	5.6257696	-19.50784	1.0844276	1852.0389111042023	37.796712520171184
50	29.355497	3.805182	35.79739	26.609999	27.611416	2.396925	34.800182	26.674429	3.3046927	3.1	249999	20.303553	8.777376	64.02356	4.596585	-19.428675	1.1100365	1890.7040061950684	37.81408016681671
51	29.300945	3.7860484	35.580585	26.61506	27.584118	2.4467444	34.922115	26.668262	3.298153	3.1	254999	20.441513	8.797388	63.55557	5.335313	-19.551298	1.0445986	1929.307719707489	37.82956317826813
52	29.496473	3.8553784	35.67088	26.595873	28.440613	3.2252376	34.90034	26.768835	3.3222592	3.2	259999	20.428514	8.739883	62.747955	4.760595	-19.55187	1.0515728	1968.0440561771393	37.84700112159435
53	29.272371	3.7686772	35.563736	26.624186	26.815384	0.05354011	26.864155	26.691673	3.2953198	3.0	264999	20.360739	8.74853	64.81195	5.187505	-19.50529	1.0749371	2006.8957197666168	37.8659570172148
54	29.47522	3.843375	35.61227	26.606997	29.222101	3.6783662	34.865795	26.672087	3.320053	3.3	269999	20.294586	8.705959	60.397602	3.578524	-19.4392	1.0748076	2045.6442403793335	37.882300791917025
55	29.307913	3.7828462	35.636936	26.612581	29.240322	3.6957767	34.9272	26.780245	3.2994723	3.3	274999	20.319523	8.717375	62.848137	5.3787956	-19.461054	1.073456	2084.4744317531586	37.89953517046842
56	29.589935	3.896186	35.572582	26.599787	29.206076	3.6925936	34.91159	26.66076	3.3335557	3.3	279999	20.35615	8.7177	61.769558	4.976466	-19.479332	1.0578463	2123.1843070983887	37.91400553498949
57	29.345028	3.804443	35.6852	26.61031	29.246815	3.6899383	34.903015	26.734285	3.3038309	3.3	284999	20.375744	8.716779	60.415157	5.203397	-19.495758	1.0476465	2162.1340610980988	37.93217655232078
58	29.351528	3.8040602	35.556324	26.610954	28.416245	3.2313378	34.9065	26.731754	3.3046927	3.2	289999	20.278723	8.643178	62.081387	4.8177204	-19.424301	1.0453988	2200.904565811157	37.94663048201594
59	29.230448	3.7474358	35.620438	26.636055	28.457413	3.236427	34.96724	26.778137	3.2901316	3.2	294999	20.348568	8.754636	67.76801	5.682861	-19.487616	1.0230418	2239.769803762436	37.96220010822102
60	29.357683	3.8003964	35.57259	26.61376	29.231165	3.6925147	34.897144	26.712732	3.3055556	3.3	299999	20.338022	8.781663	67.666084	6.174555	-19.468458	1.0584002	2278.328921318054	37.97214873234431
61	29.474773	3.8558133	35.560547	26.614042	27.664236	2.4381676	34.9777	26.738401	3.3191772	3.1	304999	20.177153	8.814376	70.36361	4.8572435	-19.326328	1.0637332	2317.0968856811523	37.98519488631702
62	29.468958	3.8431067	35.57203	26.60417	29.24227	3.6876369	34.948925	26.802792	3.319389	3.3	309999	20.301079	8.875056	69.24322	5.8595	-19.433754	1.017291	2355.6219165325165	37.99390192185679
63	29.438955	3.8378906	35.62094	26.60429	30.059265	3.9658904	34.982388	26.692379	3.3149867	3.4	314999	20.293192	8.726652	65.34464	6.152302	-19.43747	1.040294	2394.167643070221	38.002661042743256
64	29.543634	3.8762913	35.693714	26.621443	28.45126	3.2351253	34.94112	26.706898	3.3273454	3.2	319999	20.263893	8.747631	67.44614	6.275391	-19.421482	1.0351584	2432.8497264385223	38.013277012854815
65	29.30577	3.7797678	35.730556	26.633818	27.572529	2.4123447	34.80692	26.663788	3.2990098	3.1	324999	20.25131	8.716652	68.10158	5.618109	-19.405462	1.0488563	2471.8900170326233	38.02907722546504
66	29.39133	3.8218703	35.715553	26.592371	27.617575	2.4177818	34.868153	26.686836	3.3088624	3.1	329999	20.13795	8.715355	68.303955	6.0905795	-19.31206	1.0731182	2510.655825853348	38.04023982178081
67	29.208048	3.733272	35.660892	26.625595	28.440496	3.2331705	34.943935	26.684801	3.287311	3.2	334999	20.166126	8.8010235	70.56345	5.837101	-19.321302	1.0484828	2549.569347858429	38.05327388777662
68	29.44534	3.8381648	35.713337	26.587946	29.22605	3.7284968	34.95905	26.69539	3.3158593	3.3	339999	20.248257	8.678497	66.95912	5.9545307	-19.394415	1.062342	2588.2858052253723	38.06302658599966
69	29.550732	3.8821614	35.60835	26.572617	26.836044	0.047613274	26.903784	26.759897	3.328676	3.0	344999	20.295689	8.659271	67.48559	5.972369	-19.437643	1.0582025	2626.5620505809784	38.06611670618472
70	29.446297	3.8362007	35.599476	26.606373	26.778341	0.061256606	26.874235	26.66943	3.3165228	3.0	349999	20.207336	8.695587	73.69987	4.8707037	-19.365324	1.0620735	2664.9927666187286	38.07132527147021
71	29.260702	3.7587671	35.55677	26.591814	27.617844	2.4194539	34.873787	26.6638	3.2938077	3.1	354999	20.131786	8.710454	74.40897	5.0800266	-19.30133	1.0872481	2703.306377887726	38.074737753666625
72	29.471415	3.8510969	35.515614	26.625998	26.81905	0.051057253	26.871033	26.7016	3.3191772	3.0	359999	20.219204	8.678843	69.266655	6.1268682	-19.366371	1.0503432	2742.1225397586823	38.085035310851204
73	29.343647	3.8020701	35.63551	26.607431	28.426395	3.23971	34.955887	26.71391	3.3033707	3.2	364999	20.10948	8.720009	67.39377	5.1024714	-19.269375	1.0395334	2780.4624326229095	38.08852651021252
74	29.494066	3.861475	35.78392	26.609598	28.431097	3.2376654	34.981827	26.72903	3.3215947	3.2	369999	19.979279	8.661974	72.23361	4.9596276	-19.168797	1.3537066	2819.4493038654327	38.10066630067052
75	29.463251	3.8498328	35.669468	26.589647	28.439594	3.24105	34.99504	26.72915	3.3176394	3.2	374999	19.855556	8.62334	74.875725	5.1775923	-19.040804	1.4211279	2858.059891939163	38.107465257644655
76	29.403177	3.8230484	35.62442	26.597532	28.443842	3.2096486	34.87496	26.65932	3.3112583	3.2	379999	19.919271	8.639078	75.25657	4.6171856	-19.095253	1.2672349	2896.843087911606	38.11635644812333
77	29.484072	3.8573167	35.650585	26.624624	27.644413	2.43188	34.939373	26.764353	3.3202658	3.1	384999	20.018217	8.79867	79.3025	4.7298756	-19.182434	1.1743662	2935.494734764099	38.123308277749395
78	29.424562	3.8332558	35.69389	26.607695	29.216867	3.7100348	34.954033	26.612423	3.3134527	3.3	389999	20.121262	8.726901	70.74164	5.561822	-19.288055	1.132912	2974.2526371479034	38.13144409656525
79	29.403122	3.8275268	35.582855	26.59916	30.073399	3.9783664	35.01572	26.778086	3.3103905	3.4	394999	20.237099	8.772388	72.69875	5.355869	-19.398022	1.1094527	3013.076940059662	38.1402144703684
80	29.427166	3.8277774	35.565098	26.615475	27.599903	2.4231958	34.868046	26.682938	3.3141153	3.1	399999	20.324507	8.719327	68.39729	5.7361994	-19.477737	1.1024486	3051.470438718796	38.143380510807035
81	29.275658	3.770773	35.570385	26.618134	28.426416	3.2328947	34.931316	26.683767	3.2953198	3.2	404999	20.369076	8.670888	69.9372	3.0939977	-19.525127	1.0475838	3090.5029697418213	38.15435768351143
82	29.422699	3.8295724	35.506786	26.613808	29.269018	3.697725	34.980064	26.80611	3.3134527	3.3	409999	20.35161	8.587901	67.12548	5.0091295	-19.523468	1.0689019	3129.202486038208	38.16100595346311
83	29.441166	3.8395534	35.678196	26.632704	26.79433	0.07164735	26.904255	26.681454	3.3149867	3.0	414999	20.341864	8.52116	68.17746	5.405666	-19.520971	1.0403845	3167.880769252777	38.16723820962102
84	29.44136	3.8387	35.527157	26.610909	29.214045	3.7071774	34.896446	26.660202	3.31565	3.3	419999	20.315783	8.53964	71.407234	4.1488028	-19.497393	1.0148289	3206.4424617290497	38.171934096586135
85	29.30694	3.7827444	35.50498	26.623083	26.819876	0.04910601	26.898552	26.751045	3.2994723	3.0	424999	20.329235	8.524618	74.851524	5.881483	-19.520754	1.0516701	3245.178390979767	38.17856933369356
86	29.227768	3.7458286	35.673607	26.595589	26.827799	0.028913734	26.871397	26.781794	3.2896643	3.0	429999	20.338263	8.525133	82.781685	5.457347	-19.52569	1.0350668	3284.0366485118866	38.18647268483805
87	29.274334	3.769627	35.70219	26.60837	27.61349	2.42933	34.898705	26.690475	3.2951252	3.1	434999	20.281687	8.593195	71.26242	4.556444	-19.476555	1.0442332	3322.8627033233643	38.1938242062755
88	29.279322	3.7703757	35.614346	26.593864	29.223032	3.7151196	34.9387	26.701975	3.295979	3.3	439999	20.243374	8.603055	70.90683	5.202014	-19.448645	1.0313021	3361.5524339675903	38.19945950128815
89	29.491985	3.858402	35.550377	26.60092	28.380701	3.229494	34.86116	26.678381	3.3215947	3.2	444999	20.314869	8.624942	71.23555	3.9518552	-19.509916	1.0180924	3400.2106635570526	38.20461422405886
90	29.459719	3.8518782	35.67567	26.609531	27.623037	2.383313	34.77164	26.726763	3.31785	3.1	449999	20.343954	8.787258	76.34115	4.7770853	-19.52918	1.0200112	3439.2252309322357	38.21361370616489
91	29.424448	3.8301735	35.669228	26.619019	28.408533	3.2387943	34.902596	26.604136	3.3134527	3.2	454999	20.363758	8.699541	77.07774	3.5032735	-19.544725	1.0150863	3477.988903284073	38.21965830666678
92	29.438665	3.8378644	35.60774	26.637672	28.444784	3.235582	34.929085	26.778194	3.3149867	3.2	459999	20.405846	8.656963	77.95509	4.5172076	-19.588612	1.0174044	3516.786166191101	38.22593661494877
93	29.343489	3.7954597	35.551544	26.61418	29.224926	3.7013018	34.934433	26.63398	3.3038309	3.3	464999	20.438377	8.626691	77.525215	4.7402096	-19.616684	0.99092263	3555.2457778453827	38.228449249780304
94	29.395535	3.8257754	35.630375	26.595968	29.212814	3.7356088	34.927067	26.686075	3.3097286	3.3	469999	20.43434	8.675884	81.06164	3.7350578	-19.604397	1.0411695	3594.090094566345	38.235001033924995
95	29.51083	3.8641677	35.54114	26.598825	27.572886	2.4322114	34.865234	26.604588	3.3238032	3.1	474999	20.371023	8.606054	75.19879	5.1298165	-19.554346	0.97803634	3632.63054227829	38.238216259605004
96	29.317234	3.7906334	35.71844	26.600578	28.453003	3.225336	34.926914	26.790842	3.30033	3.2	479999	20.414368	8.617764	80.4089	4.013047	-19.608795	0.99034685	3671.710066318512	38.24697988231977
97	29.220282	3.7426023	35.469017	26.621742	27.616657	2.431235	34.907764	26.680653	3.2888157	3.1	484999	20.379955	8.648734	81.19462	5.1474085	-19.57345	1.0144202	3710.7810537815094	38.255474803373986
98	29.353434	3.801444	35.676514	26.610773	27.59822	2.4197495	34.853905	26.66046	3.3046927	3.1	489999	20.335407	8.566551	71.17751	5.8458257	-19.54305	0.9968531	3749.3152163028717	38.2583185580312
99	29.62355	3.9100928	35.658978	26.605932	28.43375	3.2209842	34.898544	26.737741	3.3377838	3.2	494999	20.330967	8.467267	70.36855	4.5152884	-19.533644	0.9713501	3788.2980513572693	38.26563690407107
100	29.295475	3.782324	35.614285	26.615965	29.251038	3.686518	34.90994	26.741035	3.2972972	3.3	499999	20.30227	8.458903	72.19125	4.8080215	-19.512388	0.9816639	3826.9150104522705	38.26915013074875
101	29.481808	3.859095	35.572617	26.62549	27.60795	2.427014	34.887592	26.71917	3.320053	3.1	504999	20.346682	8.480448	79.36288	5.4656243	-19.563822	0.9834127	3866.110509634018	38.27832190117034
102	29.292057	3.7739196	35.52566	26.608337	26.835308	0.039332666	26.893658	26.771864	3.298153	3.0	509999	20.291437	8.415755	72.95213	5.177439	-19.51473	0.9871582	3904.706822156906	38.281439453947776
103	29.651579	3.9183536	35.600327	26.600216	27.619984	2.438733	34.93298	26.65589	3.340909	3.1	514999	20.296333	8.46582	78.92163	3.4431849	-19.519537	0.9569543	3943.4484901428223	38.28590769443697
104	29.338442	3.795899	35.603683	26.604074	27.646519	2.423181	34.91245	26.621773	3.3031704	3.1	519999	20.273645	8.475486	77.44501	4.796034	-19.487482	0.96964335	3982.037748813629	38.28882453074822
105	29.362305	3.8078017	35.61286	26.57117	28.456873	3.2472372	34.998703	26.782633	3.306217	3.2	524999	20.30748	8.402089	70.71083	5.78545	-19.531174	0.93000096	4020.839425086975	38.29370883078802
106	29.306143	3.7816815	35.582382	26.616827	28.436077	3.2167165	34.891594	26.76821	3.2994723	3.2	529999	20.310108	8.3445635	63.380123	5.783219	-19.536928	0.9449467	4059.226667165756	38.29459122216927
107	29.404985	3.8281324	35.734432	26.61487	26.81549	0.056289285	26.908705	26.68421	3.3112583	3.0	534999	20.366602	8.385015	66.74725	5.504291	-19.59469	0.97250664	4098.523236989975	38.30395551039794
108	29.324327	3.7944603	35.653366	26.622469	27.62414	2.4456127	34.959385	26.702116	3.301189	3.1	539999	20.250204	8.36509	60.914143	3.529778	-19.484512	0.9143291	4137.156598806381	38.30700556437174
109	29.45458	3.8447092	35.58427	26.598146	28.40827	3.2223682	34.864338	26.724182	3.316976	3.2	544999	20.344126	8.396542	65.40459	3.5912075	-19.571775	0.9380758	4175.7360644340515	38.30950520235464
110	29.335068	3.80028	35.614826	26.594408	27.6065	2.4295783	34.893555	26.664415	3.30251	3.1	549999	20.363335	8.348612	64.23918	5.652154	-19.597206	0.9619272	4214.781444311142	38.31619496779008
111	29.266605	3.7642756	35.69726	26.613718	26.781332	0.07395208	26.889626	26.627481	3.2946606	3.0	554999	20.411661	8.397754	66.31642	4.814723	-19.638138	0.92888457	4253.432414531708	38.31921096105833
112	29.362667	3.805326	35.692974	26.607761	29.19209	3.7044296	34.889244	26.691984	3.306217	3.3	559999	20.383326	8.373369	65.984276	5.360078	-19.608946	0.9289338	4292.181489706039	38.32304903651987
113	29.389385	3.8209655	35.668976	26.608635	27.63882	2.4080815	34.861877	26.754477	3.3088624	3.1	564999	20.206764	8.420717	72.29667	3.0037138	-19.440504	0.9614463	4330.876117229462	38.326337341713696
114	29.24776	3.7610242	35.688747	26.620476	27.606384	2.4340882	34.907925	26.723675	3.2916393	3.1	569999	20.23609	8.412641	70.83608	4.902713	-19.46795	0.95150995	4369.6058394908905	38.329875808013114
115	29.356789	3.8045936	35.630024	26.627527	27.620392	2.4410152	34.941605	26.72248	3.3055556	3.1	574999	20.24941	8.421589	71.82936	6.1417317	-19.488018	0.95430976	4408.310257434845	38.33313269200532
116	29.374147	3.8123577	35.716473	26.621576	26.807877	0.061529137	26.86932	26.662767	3.3075397	3.0	579999	20.240952	8.441626	70.23593	3.9264615	-19.480202	0.93340117	4447.2698476314545	38.33853318979
117	29.451046	3.8434405	35.528336	26.618296	29.222977	3.6936343	34.89559	26.729206	3.3165228	3.3	584999	20.292952	8.455251	65.962585	6.0994697	-19.523983	0.89349395	4486.250563621521	38.34402193167271
118	29.33413	3.7952907	35.609543	26.62699	26.819921	0.047884434	26.881933	26.734526	3.3023102	3.0	589999	20.307499	8.416596	69.30952	5.205418	-19.555859	0.93621385	4525.370785713196	38.35059989913035
119	29.429152	3.8347824	35.545135	26.61051	27.620487	2.3941636	34.80184	26.721083	3.3143237	3.1	594999	20.237617	8.379247	66.22773	5.8794885	-19.486517	0.9849774	4563.87668299675	38.35190492117104
120	29.424143	3.8325713	35.678715	26.59298	26.822088	0.0632306	26.87892	26.67187	3.3134527	3.0	599999	20.18679	8.412319	67.5317	4.5074205	-19.430738	0.91727346	4602.710206270218	38.355918405453366
121	29.201513	3.738538	35.585205	26.59534	26.82655	0.06112616	26.909946	26.735132	3.2864652	3.0	604999	20.226757	8.417579	66.4391	5.8518705	-19.486097	0.96745574	4641.625779390335	38.360543652999496
122	29.305265	3.7810173	35.606823	26.621206	28.433655	3.2307596	34.946674	26.682848	3.2990098	3.2	609999	20.247946	8.437782	74.07693	5.1618347	-19.49635	0.9458135	4680.40780377388	38.36399841308594
123	29.263561	3.7662182	35.57627	26.601082	27.604519	2.4103007	34.834312	26.713509	3.2938077	3.1	614999	20.26109	8.347286	68.69967	5.2719007	-19.513363	0.95651114	4719.480470895767	38.36975994536547
124	29.429558	3.8350644	35.782955	26.62095	28.409052	3.1918914	34.832306	26.747238	3.3141153	3.2	619999	20.254267	8.367463	73.01682	3.915029	-19.496975	0.9068043	4758.250079631805	38.37298453238703
125	29.576088	3.889798	35.6508	26.621078	26.765915	0.061619703	26.853218	26.666931	3.3317788	3.0	624999	20.260035	8.2936945	67.11753	4.593314	-19.50856	0.9427714	4797.422580718994	38.379380666732786
126	29.330467	3.8017714	35.63777	26.614798	28.41482	3.2412057	34.89847	26.714333	3.3018494	3.2	629999	20.252289	8.316072	66.67561	3.3867383	-19.509132	0.9350188	4836.21390914917	38.38265009153457
127	29.421747	3.8339128	35.77573	26.598204	30.028164	3.9729145	34.987976	26.666204	3.3134527	3.4	634999	20.239176	8.342652	68.24947	4.9844217	-19.498747	0.90489376	4875.491381883621	38.3896959409939
128	29.560905	3.8851252	35.609493	26.609322	29.255962	3.679506	34.89034	26.80013	3.3295605	3.3	639999	20.247683	8.298448	65.52866	5.5232754	-19.517757	0.91212773	4914.277477025986	38.39279280975461
129	29.292824	3.7769833	35.63921	26.6176	30.047756	3.9633925	34.98596	26.667807	3.2974935	3.4	644999	20.28451	8.344209	67.030716	5.8741355	-19.539248	0.9153063	4953.401339292526	38.39846001299777
130	29.421724	3.827604	35.66711	26.603922	27.645786	2.410682	34.875732	26.733341	3.31279	3.1	649999	20.246962	8.35324	67.35349	5.3459005	-19.510477	0.89379114	4991.93009352684	38.39946227807265
131	29.345913	3.7984765	35.585773	26.615433	28.428827	3.2134905	34.86097	26.749493	3.3038309	3.2	654999	20.292278	8.381909	63.839493	4.094837	-19.545141	0.88966966	5031.1743857860565	38.40591137281811
132	29.316807	3.7904973	35.62757	26.617565	30.075338	3.9369125	34.931335	26.843199	3.30033	3.4	659999	20.337997	8.367381	66.256744	4.456334	-19.586903	0.9139704	5070.100415229797	38.40985164859078
133	29.34266	3.8002365	35.627583	26.590614	26.805979	0.06590614	26.88668	26.706837	3.3033707	3.0	664999	20.230242	8.349449	66.80051	5.8061852	-19.49422	0.9323333	5109.001848459244	38.41354775070248
134	29.161955	3.7135158	35.63267	26.613024	26.828136	0.05886622	26.876135	26.676825	3.281496	3.0	669999	20.291243	8.427264	69.14748	6.5822577	-19.540928	0.9208022	5147.995084762573	38.41787378289806
135	29.533678	3.874235	35.65449	26.592	27.591259	2.4488773	34.93369	26.634233	3.32668	3.1	674999	20.296858	8.311645	66.13583	3.554475	-19.555922	0.90919846	5186.589962482452	38.41918492493806
136	29.402533	3.8227088	35.62811	26.601377	27.665646	2.3962283	34.8538	26.802273	3.3112583	3.1	679999	20.190159	8.362443	66.62883	3.8034015	-19.451462	0.9513738	5225.626235246658	38.423722333767834
137	29.262125	3.7620983	35.675346	26.602282	27.624292	2.4022176	34.82999	26.733982	3.2938077	3.1	684999	20.169537	8.39024	67.76245	4.7452173	-19.436525	0.9037291	5264.371554613113	38.42606975910437
138	29.429716	3.8321645	35.59076	26.565723	30.056479	3.9568658	34.965675	26.778397	3.3143237	3.4	689999	20.167557	8.404506	68.86598	4.51256	-19.432419	0.9031984	5303.249135494232	38.42934157882912
139	29.206009	3.7420762	35.652122	26.602682	26.815903	0.04723429	26.894712	26.741226	3.2871222	3.0	694999	20.195335	8.350976	66.266266	3.8965325	-19.460947	0.88854724	5342.113618373871	38.43247209178458
140	29.421333	3.8331933	35.569683	26.59001	27.593119	2.432002	34.887432	26.665348	3.3136604	3.1	699999	20.090025	8.372039	68.10599	6.458975	-19.364962	0.8978157	5381.336968660355	38.438121223449706
141	29.309675	3.781326	35.50506	26.599829	27.61643	2.4232934	34.883583	26.690226	3.2994723	3.1	704999	20.111057	8.347023	63.334766	5.1602163	-19.381762	0.90795135	5420.113466262817	38.44052105423407
142	29.276741	3.7704883	35.81432	26.616722	29.235245	3.7133327	34.920364	26.733515	3.295979	3.3	709999	20.189749	8.408018	70.4668	4.7351923	-19.457535	0.88533974	5459.273630142212	38.4455889614535
143	29.327465	3.794694	35.610767	26.60881	27.620731	2.4154103	34.866333	26.758131	3.3018494	3.1	714999	20.177053	8.416513	68.73435	5.572668	-19.431541	0.90503085	5497.969984531403	38.44734256417601
144	29.428913	3.8344285	35.571495	26.631725	27.61172	2.399822	34.808704	26.675243	3.3141153	3.1	719999	20.09559	8.353267	68.980835	4.695341	-19.37315	0.90457034	5536.707794189453	38.44935969511668
145	29.47958	3.8509681	35.71516	26.61917	30.830185	4.0143967	34.880493	26.784878	3.320053	3.5	724999	19.993458	8.381845	67.00627	4.263151	-19.281101	0.88812625	5575.576191902161	38.45224961412364
146	29.411375	3.825082	35.573257	26.626863	27.641266	2.4162936	34.888836	26.708897	3.3121274	3.1	729999	20.049545	8.380682	65.34253	4.7540865	-19.321438	0.8764584	5614.5654628276825	38.4559278439169
147	29.438211	3.838077	35.58695	26.627464	27.627369	2.4518077	34.980976	26.665432	3.3154407	3.1	734999	20.09925	8.347393	60.20585	5.768277	-19.376038	0.87381524	5653.565327882767	38.4596280954322
148	29.382053	3.8136258	35.630863	26.596754	27.637094	2.4362612	34.944675	26.743292	3.308405	3.1	739999	20.136786	8.39476	64.48476	6.405518	-19.421284	0.87653846	5692.480122566223	38.462703546962224
149	29.33697	3.7986972	35.631496	26.610418	26.823359	0.052067984	26.879995	26.6923	3.30251	3.0	744999	20.04006	8.365318	62.395947	6.4798846	-19.32721	0.8672791	5731.706708431244	38.46783027552918
150	29.325632	3.786718	35.652943	26.62851	26.817486	0.06155358	26.882704	26.658083	3.3018494	3.0	749999	20.019894	8.411919	63.471684	5.0268855	-19.30209	0.9676033	5770.371648073196	38.46914433479309
151	29.252998	3.7554038	35.58662	26.628742	29.244766	3.694747	34.959675	26.792658	3.2929559	3.3	754999	19.988396	8.304901	64.63958	5.4864745	-19.245909	1.1137471	5809.611413478851	38.47424778717243
152	29.578932	3.892444	35.56558	26.626265	28.42756	3.2400527	34.90978	26.733133	3.332	3.2	759999	19.965235	8.169644	62.24515	5.772211	-19.232628	1.0711542	5848.509442567825	38.47703582048416
153	29.487915	3.8584766	35.65852	26.6087	28.439657	3.2264662	34.912468	26.704315	3.320717	3.2	764999	20.08582	8.1876545	63.42311	5.1737814	-19.345446	1.0127568	5887.805586099625	38.482389467214446
154	29.297155	3.776937	35.596706	26.619402	27.629314	2.4393375	34.946167	26.728336	3.298153	3.1	769999	20.071918	8.184692	64.08147	5.3116612	-19.358376	0.9821367	5926.578443288803	38.48427562280135
155	29.245567	3.7604125	35.664364	26.605093	30.081287	3.9710233	35.015987	26.804415	3.2916393	3.4	774999	20.074232	8.198455	66.13793	5.365237	-19.365099	0.94226974	5966.037879228592	38.49056697814695
156	29.62052	3.9040322	35.614586	26.623259	28.440332	3.2112284	34.87751	26.772335	3.3377838	3.2	779999	20.05002	8.173567	64.0041	5.0679827	-19.341322	0.94695	6005.155028343201	38.49458353030376
157	29.35035	3.79901	35.6223	26.606903	27.607534	2.4002538	34.805256	26.665903	3.3046927	3.1	784999	20.091814	8.230417	65.80868	5.165167	-19.381525	0.9669281	6044.30463552475	38.49875565547093
158	29.523136	3.8729565	35.560997	26.604164	30.085888	3.9497385	34.96375	26.792004	3.3260145	3.4	789999	20.129435	8.286877	67.73711	3.367971	-19.402737	0.927163	6083.561792850494	38.5035556645333
159	29.456411	3.846763	35.626793	26.583218	26.78403	0.08281907	26.89139	26.640486	3.316976	3.0	794999	20.233809	8.186365	66.5919	5.609683	-19.516	0.9263263	6122.73715877533	38.507780889295184
160	29.370907	3.8087926	35.706062	26.622793	26.840668	0.046787214	26.894913	26.755138	3.3068783	3.0	799999	20.191751	8.173798	67.194855	3.1559339	-19.474518	0.90490067	6162.0302765369415	38.51268924325704
161	29.420467	3.8288786	35.5573	26.617924	28.444773	3.1988225	34.852974	26.750051	3.31279	3.2	804999	20.205664	8.215701	68.72648	3.9969752	-19.4899	0.90338594	6201.494535207748	38.5185996108914
162	29.443598	3.843222	35.60984	26.595854	29.223705	3.688338	34.897617	26.770018	3.31565	3.3	809999	20.231703	8.223305	69.57059	5.344566	-19.51171	0.8743155	6240.654482841492	38.522558550775784
163	29.425062	3.8347132	35.68145	26.602322	29.228214	3.6997154	34.909206	26.738626	3.3134527	3.3	814999	20.205137	8.183209	67.15313	4.222478	-19.494232	0.88052833	6279.990280151367	38.52754774561689
164	29.343565	3.803067	35.565796	26.567728	27.633404	2.4134805	34.872475	26.736153	3.3031704	3.1	819999	20.148918	8.203906	67.59894	5.758798	-19.441063	0.9200492	6319.301543474197	38.53232649768271
165	29.380941	3.8093905	35.493507	26.611967	30.029678	3.933929	34.880238	26.71561	3.308405	3.4	824999	20.17129	8.213554	69.6285	4.366489	-19.46152	0.9071036	6358.504927396774	38.53639351815888
166	29.383604	3.814336	35.61904	26.604614	29.222874	3.706892	34.89854	26.7548	3.308405	3.3	829999	20.203072	8.26521	72.764854	5.7282314	-19.492762	0.8958647	6397.650232791901	38.54006165625101
167	29.365303	3.814496	35.58319	26.600502	26.811123	0.06164188	26.888056	26.664482	3.3060145	3.0	834999	20.191534	8.251519	70.53982	5.433429	-19.48119	0.8778367	6436.958158731461	38.54465964739908
168	29.370468	3.813682	35.732098	26.619928	28.435751	3.2265928	34.910954	26.735842	3.3068783	3.2	839999	20.170382	8.198857	69.723305	5.868757	-19.462753	0.8834097	6476.088950634003	38.54814853270849
169	29.418308	3.8323786	35.63031	26.596775	28.39704	3.2563076	34.99548	26.656471	3.31279	3.2	844999	20.096577	8.149847	68.764465	3.1790867	-19.40179	0.88595194	6515.24102973938	38.551722086392914
170	29.306513	3.7826173	35.659763	26.609219	27.5863	2.4239264	34.85536	26.68164	3.2990098	3.1	849999	20.16161	8.204794	70.937225	6.253874	-19.468496	0.87714094	6554.84393119812	38.55790549025816
171	29.422956	3.8379302	35.630558	26.598394	26.819744	0.046565257	26.867043	26.729282	3.313245	3.0	854999	20.169895	8.249598	75.258194	5.869773	-19.465574	0.8769253	6593.971029281616	38.56123410191452
172	29.437603	3.8350217	35.633373	26.626312	26.763138	0.072258696	26.873934	26.658464	3.3149867	3.0	859999	20.181545	8.189027	70.763916	5.4081035	-19.483847	0.8767882	6633.088515758514	38.56446812873663
173	29.287302	3.7756927	35.659496	26.593887	27.643173	2.432683	34.93797	26.633442	3.296638	3.1	864999	20.19842	8.2188225	67.91626	5.0855746	-19.496246	0.8566052	6672.635135173798	38.57014530518151
174	29.382093	3.8163974	35.72595	26.605673	28.390003	3.220799	34.87169	26.70416	3.308405	3.2	869999	20.169851	8.195957	69.76588	5.826309	-19.464619	0.88604295	6711.780231952667	38.573449626736256
175	29.35335	3.8058798	35.55583	26.620728	28.412024	3.257358	34.984562	26.663767	3.3046927	3.2	874999	20.202341	8.199028	66.941696	5.0272126	-19.490221	0.84340304	6751.118680715561	38.577821046284264
176	29.209654	3.7399423	35.661133	26.623703	29.236536	3.7368526	35.006874	26.67885	3.287311	3.3	879999	20.199167	8.199174	68.01732	3.9070292	-19.506334	0.84683067	6790.738224029541	38.583739921450615
177	29.365051	3.8077736	35.75852	26.622074	30.0407	4.00108	34.99799	26.630749	3.306217	3.4	884999	20.219084	8.203874	67.17008	3.602785	-19.518148	0.84155995	6829.879410982132	38.58688934105264
178	29.377113	3.8200972	35.65339	26.582859	29.198812	3.6923435	34.885384	26.669804	3.3075397	3.3	889999	20.191593	8.238795	67.81086	4.5593867	-19.492832	0.8379272	6869.210727214813	38.59107151326169
179	29.3646	3.8077855	35.520317	26.603846	28.420944	3.1919632	34.81893	26.737335	3.306217	3.2	894999	20.221535	8.170314	65.14668	5.3586392	-19.525702	0.86973417	6908.766481876373	38.59646080725686
180	29.48857	3.8569105	35.60348	26.61621	29.228062	3.7335238	35.00415	26.617315	3.3215947	3.3	899999	20.264587	8.167533	68.68774	5.6332245	-19.56741	0.8598252	6947.9373643398285	38.59965203735563
181	29.105036	3.6877723	35.663933	26.60339	27.612558	2.4008777	34.813828	26.733385	3.2750492	3.1	904999	20.278395	8.170012	65.16328	4.3400416	-19.57741	0.8360025	6987.347394943237	38.604129267002335
182	29.489983	3.8608394	35.50044	26.595976	28.435139	3.2063437	34.875446	26.738478	3.321381	3.2	909999	20.194427	8.122006	62.381126	5.2135353	-19.504519	0.870259	7026.756715297699	38.60855339254652
183	29.272093	3.771695	35.66074	26.598663	27.649649	2.416436	34.898575	26.777609	3.2946606	3.1	914999	20.153643	8.144541	62.440933	5.989569	-19.472996	0.88549864	7066.264519691467	38.613467331141074
184	29.296324	3.7808228	35.620422	26.60689	29.26505	3.689637	34.92953	26.788485	3.298153	3.3	919999	20.159924	8.082941	61.390137	5.4625177	-19.475182	0.84968144	7105.420349121094	38.61641495383304
185	29.405682	3.8238077	35.649025	26.598763	27.61597	2.444542	34.948254	26.718637	3.3112583	3.1	924999	20.182928	8.141432	59.82334	3.3111937	-19.496021	0.84308034	7144.872513771057	38.620932518469324
186	29.396227	3.8255246	35.720463	26.61415	27.591396	2.415818	34.836308	26.687775	3.3097286	3.1	929999	20.1979	8.127143	62.072002	6.3408766	-19.507559	0.8612459	7184.185674190521	38.62465417513283
187	29.40669	3.8227582	35.5319	26.612373	27.629276	2.446562	34.966103	26.658081	3.3119206	3.1	934999	20.158503	8.114419	59.388336	5.4742393	-19.473572	0.83746076	7223.755185127258	38.629706886362904
188	29.194654	3.7308693	35.6078	26.632837	26.779816	0.065857686	26.87552	26.675154	3.285996	3.0	939999	20.15231	8.155948	63.083607	4.4603767	-19.467901	0.825324	7262.967295408249	38.63280477549167
189	29.412975	3.8253934	35.559166	26.611338	29.190983	3.691976	34.875336	26.618383	3.3119206	3.3	944999	20.167368	8.158883	61.845528	7.102685	-19.47686	0.8593452	7302.279137134552	38.6363975635912
190	29.219799	3.7462769	35.59297	26.622555	27.668493	2.4511695	35.02148	26.77782	3.2888157	3.1	949999	20.173964	8.183847	65.68059	6.119656	-19.485432	0.86490107	7341.722762346268	38.64064613141512
191	29.336763	3.79911	35.815014	26.619703	26.845821	0.026715277	26.877548	26.809458	3.30251	3.0	954999	20.213787	8.219807	65.96296	5.254346	-19.520676	0.8544204	7381.004790067673	38.64400414646608
192	29.2193	3.7467968	35.761322	26.614622	28.415253	3.2172384	34.860535	26.699648	3.288626	3.2	959999	20.262186	8.216908	69.70763	5.8244543	-19.563057	0.8108775	7420.375219583511	38.64778761441509
193	29.491138	3.8582141	35.717094	26.608679	27.597773	2.4454048	34.93143	26.653692	3.3222592	3.1	964999	20.242308	8.191996	63.78049	5.4795256	-19.544668	0.823226	7460.017276287079	38.65293926772676
194	29.409246	3.8302443	35.734768	26.612259	28.411142	3.214487	34.842518	26.715088	3.3112583	3.2	969999	20.165586	8.223455	67.78843	1.1289032	-19.472834	0.85422695	7499.2254803180695	38.655801459686046
195	29.315893	3.7856705	35.535946	26.623209	27.654688	2.4574354	35.025887	26.73092	3.30033	3.1	974999	20.064768	8.214832	63.591072	4.81176	-19.380415	0.8258379	7538.583084344864	38.659400449654996
196	29.285398	3.771158	35.696552	26.613731	29.244598	3.696741	34.898987	26.732956	3.296174	3.3	979999	20.109074	8.244278	62.992943	3.8448956	-19.418062	0.84028125	7578.115109443665	38.663852610150165
197	29.477552	3.8524454	35.650158	26.577929	27.587973	2.4370055	34.896458	26.646652	3.320717	3.1	984999	20.121166	8.249675	65.765396	5.8999496	-19.4296	0.819039	7617.36528635025	38.666828876824546
198	29.410011	3.8276753	35.73359	26.631914	27.630896	2.435125	34.934906	26.69831	3.3112583	3.1	989999	20.133345	8.243011	66.17176	6.065798	-19.438437	0.8371451	7656.741964817047	38.670413974559665
199	29.518414	3.8737693	35.58563	26.612272	27.597	2.4438646	34.92672	26.639994	3.325133	3.1	994999	20.134718	8.20066	65.25418	4.828704	-19.429398	0.8580432	7696.166070461273	38.67420137108271
200	29.671337	3.9251726	35.64324	26.622082	29.228186	3.701353	34.93751	26.678053	3.3431437	3.3	999999	20.077362	8.194622	62.104675	4.290324	-19.391365	0.86386526	7735.426966428757	38.67713484406471
