Epoch	AverageEpRet	StdEpRet	MaxEpRet	MinEpRet	AverageTestEpRet	StdTestEpRet	MaxTestEpRet	MinTestEpRet	EpLen	TestEpLen	Time Steps	AverageQ1Vals	StdQ1Vals	MaxQ1Vals	MinQ1Vals	AverageQ2Vals	StdQ2Vals	MaxQ2Vals	MinQ2Vals	LossPi	LossQ	Time	AVG Time Per Epoch
1	2.0389385	5.6287446	26.64243	-8.833688	-26.193201	1.2601697	-24.517076	-28.200487	20.652893	78.9	4999	7.0776825	6.4522753	30.44471	-7.5507817	7.077615	6.4518394	30.166403	-8.094502	-9.904491	0.90191627	21.76122546195984	21.761228561401367
2	2.1904244	5.156827	25.348818	-7.8420234	60.60442	4.6843257	71.36036	53.25101	19.91235	74.2	9999	30.905958	11.896962	61.749207	-23.858892	30.905632	11.901688	60.31888	-21.515467	-35.839806	7.508353	47.5997416973114	23.799872159957886
3	95.75001	171.45384	658.81354	-264.71124	76.85292	143.44183	407.34146	-50.198513	161.1	187.8	14999	48.804256	13.87881	84.93536	-28.705235	48.804565	13.88174	81.661285	-30.551012	-53.472786	11.575569	79.54747176170349	26.515824635823567
4	213.50528	175.20755	677.6912	-38.247833	351.29376	277.80075	1150.1434	57.94145	304.5	300.5	19999	57.086525	16.28886	99.65399	-36.8644	57.08509	16.29676	100.55569	-37.811157	-61.34459	15.057078	111.3395528793335	27.834888815879822
5	276.81317	183.06743	1028.0717	79.010574	206.28406	170.43596	616.9843	20.630417	217.1	224.5	24999	64.63027	17.990746	122.644035	-47.23719	64.62976	18.002075	120.53634	-50.49555	-68.408676	18.264812	141.97721219062805	28.39544286727905
6	351.91568	219.06013	1145.0906	19.28608	180.40741	103.863434	375.00473	66.66977	292.35	164.5	29999	69.28384	19.679625	150.82243	-45.319237	69.28377	19.684431	148.43333	-51.252365	-72.73086	18.830816	172.99215865135193	28.832026720046997
7	359.51785	195.58527	997.2646	-20.682545	428.90714	371.03137	1109.6049	37.933193	276.3889	400.2	34999	73.99337	22.207523	168.97685	-43.991077	73.99338	22.215424	170.26033	-46.968636	-77.28734	20.140259	204.6404972076416	29.234357050486974
8	202.48152	180.30083	639.6495	-25.393572	350.04303	190.17058	606.8863	57.84607	189.8077	255.8	39999	77.511375	24.12697	183.43037	-55.932106	77.51198	24.138168	181.10658	-52.813957	-80.82392	26.548275	235.38312697410583	29.422891080379486
9	411.53928	98.48511	690.6904	188.23405	418.1148	251.81732	706.18823	50.383575	229.90909	243.0	44999	81.06083	26.620094	191.25916	-76.43629	81.06059	26.636677	190.71738	-68.53483	-84.42334	28.576344	265.60890221595764	29.512100484636093
10	391.07953	224.02592	700.48334	33.83382	351.35425	125.06671	703.7459	219.54265	238.95238	212.1	49999	86.0011	27.547897	191.59485	-63.84447	86.00068	27.56468	189.40005	-64.17882	-89.5243	31.346693	294.28143858909607	29.42814404964447
11	276.19354	145.49542	562.6104	2.1520236	290.93915	60.552135	378.6128	210.44153	165.93333	143.4	54999	90.17046	28.388306	192.31339	-50.473495	90.170715	28.398281	194.09929	-51.43655	-93.295586	31.59587	323.6616449356079	29.423786076632414
12	340.6054	182.70477	793.7971	39.10973	177.87943	119.791046	404.18423	5.4038663	231.22728	137.9	59999	93.22676	29.54448	195.3871	-53.064827	93.227066	29.557232	198.58353	-60.338043	-96.404076	33.14965	355.0790514945984	29.589921136697132
13	299.15237	121.078094	559.15906	21.351778	348.68985	14.3573885	378.44962	332.81442	168.43333	175.9	64999	96.7797	31.47274	201.41425	-59.604748	96.78123	31.481081	198.73027	-69.119156	-100.142944	35.929695	384.765750169754	29.597365544392513
14	360.67017	123.44251	506.65628	42.039955	382.3895	264.6697	937.68854	32.34107	180.03703	311.4	69999	103.028854	33.97845	208.34892	-69.57153	103.030174	33.983562	211.5784	-72.06691	-106.5393	37.380295	416.0428714752197	29.717348098754883
15	347.35803	182.39795	756.7059	44.877438	337.21216	267.36267	825.307	62.82932	222.86363	271.9	74999	107.38999	35.26934	220.34373	-75.52845	107.39064	35.27751	218.61707	-73.45002	-110.993965	39.837162	446.8866159915924	29.792441193262736
16	539.7196	196.98007	1075.6858	59.407085	441.99088	104.24705	589.0553	341.48068	245.14285	198.8	79999	110.18512	36.563316	222.01833	-63.034126	110.1852	36.578735	222.19682	-130.33461	-113.7522	42.82828	476.54939007759094	29.784337013959885
17	465.78348	78.4251	615.42377	323.32877	486.68573	16.707457	509.3665	454.93835	201.48	190.4	84999	112.35534	37.825882	228.0603	-65.065025	112.356415	37.836266	227.25127	-59.57461	-116.07435	44.28486	504.82023310661316	29.69530792797313
18	554.25574	84.74814	769.5638	392.4126	574.83466	14.389837	605.5046	551.672	233.2381	241.1	89999	113.84666	38.57857	230.5702	-59.520473	113.84803	38.586994	233.50107	-65.86472	-117.41664	42.851074	534.4996185302734	29.694423370891148
19	605.8205	145.02264	1106.3115	440.85153	586.32166	71.0008	695.76904	479.06467	268.89474	275.8	94999	115.71895	38.949764	244.8219	-63.941433	115.719246	38.958893	244.10205	-59.344463	-119.3051	41.586754	563.5501770973206	29.6605357496362
20	473.57687	278.82922	982.7392	6.945948	596.5124	81.54264	759.86774	493.31943	220.13637	284.0	99999	118.20608	38.744816	254.83945	-70.813065	118.20667	38.7503	255.75333	-81.69476	-121.78178	40.489925	593.4683566093445	29.673417925834656
21	779.2581	181.20259	1113.658	541.1739	697.71423	60.453205	798.605	596.92615	424.08334	358.4	104999	119.829926	38.82021	261.42163	-80.29462	119.83125	38.829098	257.9782	-87.23031	-123.292564	39.40655	623.3066737651825	29.681270281473797
22	692.43445	178.72627	1097.6805	444.66537	744.7443	81.44002	850.4145	602.5252	316.6875	323.7	109999	121.07758	38.89947	255.41914	-81.42261	121.0788	38.904133	256.18808	-88.64133	-124.452065	38.745445	652.0911400318146	29.640506451780144
23	633.32135	249.74294	937.3919	47.580463	517.10284	109.44003	686.8137	392.3883	280.6111	214.4	114999	122.06281	39.453613	262.58838	-66.81467	122.06319	39.4609	259.2178	-74.93033	-125.49689	38.491264	680.4955089092255	29.586761339851048
24	704.60803	316.36493	1699.8954	235.25607	101.16307	155.56215	567.6598	41.86648	295.6875	73.2	119999	123.42603	40.13043	267.51364	-74.213196	123.427284	40.138023	266.77676	-74.25545	-126.76045	38.275826	710.8661613464355	29.619423468907673
25	653.9369	321.62292	1129.5532	42.95013	695.3576	481.59296	1420.5942	29.62594	258.9	299.2	124999	125.18336	41.58916	276.5784	-81.14838	125.183556	41.599937	271.827	-81.74871	-128.60864	42.57917	741.7994222640991	29.671976976394653
26	821.6252	328.16016	1606.6357	48.05218	201.56822	307.50253	997.58167	48.723366	348.57144	103.6	129999	127.75593	42.987064	286.03036	-83.16321	127.75688	42.99411	286.3295	-96.12978	-131.17177	42.53414	771.117342710495	29.658359417548546
27	861.80347	206.73181	1289.3268	617.27527	938.2723	477.27502	1798.4122	88.28423	332.53333	400.3	134999	130.44518	44.428303	295.5809	-102.16753	130.44655	44.438583	292.7356	-100.25634	-133.96725	44.715485	802.2361705303192	29.71245084868537
28	752.9263	510.4839	2040.5117	56.42234	782.422	307.02972	1285.427	347.48257	283.6111	291.3	139999	133.55794	46.24199	322.92856	-102.74964	133.55838	46.250328	316.70435	-98.74848	-136.91068	46.245293	831.4788236618042	29.695672341755458
29	826.14215	621.6007	2146.7654	58.686417	464.12558	131.6792	745.2962	313.16135	334.23077	157.6	144999	137.3704	47.794804	313.03073	-90.893715	137.3701	47.803844	307.9914	-94.241196	-140.63293	48.17602	860.2489333152771	29.663756386987096
30	941.897	752.14844	2611.2285	295.00763	2039.5996	653.86017	2762.7505	934.92267	356.875	760.4	149999	140.67288	48.420155	273.82593	-77.053986	140.67325	48.426792	276.46506	-85.668274	-143.93399	47.706387	892.9017033576965	29.76339018344879
31	2335.686	381.0758	2775.514	1798.9014	2466.7583	269.9073	2836.3691	1803.5543	861.2	974.3	154999	144.19229	48.26779	249.63353	-81.518105	144.19243	48.278236	247.72232	-97.46311	-147.56201	47.47702	925.2237682342529	29.84592806908392
32	1940.9655	843.5898	2803.445	241.47205	2093.0913	511.50082	2688.1172	1386.7357	757.2857	822.8	159999	148.02335	47.429146	238.0615	-79.47336	148.0245	47.436096	238.49155	-84.76367	-151.39003	47.620377	956.7574596405029	29.89867067337036
33	1884.1442	471.90424	2548.6023	962.1231	2157.2324	634.54156	2929.7122	1005.98553	760.2857	792.6	164999	151.28743	46.863552	239.0087	-74.9772	151.28856	46.871696	240.62772	-99.277016	-154.54643	47.10025	988.585476398468	29.957135713461675
34	1577.4545	835.6066	2549.2068	710.5414	1393.7439	818.7018	2491.9912	119.95098	662.0	647.1	169999	153.06683	47.085995	243.7431	-86.98455	153.06801	47.092876	242.7341	-81.30425	-156.15776	45.996128	1019.1444325447083	29.974836307413437
35	1637.1165	868.2627	2502.2002	392.39386	1548.4275	509.31268	2238.783	986.1065	673.375	560.8	174999	153.91277	47.34294	246.68993	-87.651886	153.91374	47.350266	246.57578	-96.734184	-156.92572	48.409706	1049.3691837787628	29.98197674070086
36	1780.7375	922.00415	2594.8525	41.17705	2266.858	523.3362	2794.702	931.1722	719.8571	894.8	179999	154.06865	48.191322	250.89107	-79.23963	154.07031	48.200123	250.44893	-121.52635	-157.14	49.891865	1080.9901547431946	30.027504358026718
37	1662.8884	608.10004	2548.0356	989.06366	2234.1765	515.7816	2660.6826	1323.1914	646.5714	871.4	184999	154.29272	48.73006	252.48491	-80.706566	154.2934	48.737137	249.70976	-83.43128	-157.4237	51.012775	1113.156490802765	30.085310620230597
38	1805.1318	581.1979	2707.0698	850.659	1134.9419	240.48198	1726.5566	816.2583	639.0	390.1	189999	155.1597	49.259266	251.21262	-81.55234	155.16039	49.270493	250.55397	-104.06377	-158.13771	50.734417	1142.222742319107	30.0584932816656
39	1822.4309	401.40656	2575.0083	1120.997	2270.6274	638.35455	2771.637	838.2571	637.25	875.8	194999	156.20457	50.44302	258.02258	-80.902954	156.2055	50.450787	253.46378	-81.35744	-159.267	50.446095	1173.9842529296875	30.10216038655012
40	1765.7744	421.3754	2457.7427	1334.0272	2532.8008	578.02246	3067.6147	963.7959	595.25	905.2	199999	157.94307	51.641018	255.86726	-82.23265	157.9441	51.64716	254.55315	-94.77953	-160.95868	51.704964	1206.3162469863892	30.157906222343446
41	2340.7112	826.273	3158.9827	937.9012	2579.568	22.855421	2612.3933	2550.9087	787.4286	1000.0	204999	160.24411	52.595936	259.4101	-91.64159	160.24445	52.60449	256.9926	-84.373695	-163.34386	50.54868	1238.951161623001	30.218321061715848
42	2416.511	699.73303	3107.097	1236.2858	1882.5146	709.5368	2874.7227	950.408	830.8333	643.5	209999	163.19391	53.193115	260.54337	-101.014946	163.19539	53.1993	261.913	-99.10568	-166.13707	51.80466	1269.3192727565765	30.22188749767485
43	1667.6224	635.542	3024.6138	1059.0057	1869.79	648.7115	2995.9446	933.951	551.625	644.1	214999	166.07695	53.859215	265.9181	-107.676125	166.07663	53.86826	265.5461	-106.43533	-169.06111	51.77088	1299.6493186950684	30.22440281025199
44	1565.1902	779.146	3071.7344	898.94	1874.6589	613.0743	2857.8455	970.3687	529.4	601.4	219999	168.61588	54.587334	271.02554	-118.802895	168.61618	54.59341	268.72675	-124.372314	-171.85477	51.839367	1330.4613406658173	30.23775781284679
45	1906.2516	518.9388	2726.746	1275.3391	2308.8792	437.89258	2677.9456	1386.1125	665.75	874.4	224999	171.16536	54.675274	271.76187	-117.11232	171.16629	54.68385	269.4693	-136.96149	-174.17018	53.7381	1362.1138532161713	30.269196785820856
46	1029.3365	717.476	2786.0713	80.40474	347.62274	790.84143	2720.1091	78.9585	371.33334	156.3	229999	172.66974	54.82199	276.09476	-138.21555	172.67085	54.82634	272.6986	-136.57881	-175.64658	54.513077	1389.6917135715485	30.210689472115558
47	1374.7454	742.20844	2898.4075	67.799355	98.40803	4.6299696	108.15468	90.881775	467.0	70.2	234999	174.1869	54.808586	272.3435	-153.9785	174.1877	54.81622	272.51874	-142.8996	-177.1195	54.19171	1417.733768939972	30.16454832097317
48	1311.3868	674.7488	2982.788	727.29694	2601.402	544.86145	3017.5261	1366.2976	443.66666	877.7	239999	175.37062	55.15563	276.2883	-113.16266	175.3709	55.16007	273.3909	-117.90197	-178.28671	54.105137	1449.4151785373688	30.196149597565334
49	1604.3138	585.03314	2702.846	974.2797	2056.7524	497.6043	2996.4001	1501.6373	528.2222	660.4	244999	176.29117	55.362804	276.7698	-110.95161	176.29057	55.372208	274.40607	-108.32503	-179.25401	51.905437	1479.99365234375	30.20395212757344
50	1744.9053	619.8359	2556.1025	930.1378	1399.6869	583.40137	2617.7651	838.71704	594.375	487.3	249999	178.21138	54.825443	275.78207	-102.73272	178.21048	54.831177	275.78238	-115.02086	-181.04898	51.003403	1509.8918273448944	30.19783658504486
51	2211.882	719.2654	2992.9746	997.30695	2515.9368	585.682	3038.8733	1257.1423	766.5714	832.8	254999	179.60074	54.527367	279.21072	-103.74881	179.59978	54.536243	277.46252	-123.09291	-182.44768	52.332214	1541.5866825580597	30.22718988680372
52	1689.4927	603.2987	2740.2195	791.013	2440.2583	539.76117	3006.9707	1243.6348	559.8889	842.7	259999	181.24142	54.45737	283.53467	-117.99453	181.24078	54.463158	282.38385	-115.86912	-184.13571	52.863876	1573.2713913917542	30.255219101905823
53	1753.0542	643.91077	2788.1829	995.6085	2162.3306	402.64853	2785.0142	1371.2856	590.5	890.9	264999	183.64868	54.738655	283.78958	-143.19054	183.64828	54.745323	279.85495	-132.12488	-186.5158	51.60916	1605.0425252914429	30.28382127240019
54	2024.1078	661.13416	2824.3416	1065.7296	2447.423	551.3118	2843.6165	1084.6818	688.8571	906.9	269999	185.55835	55.116966	282.94907	-145.09341	185.5589	55.124718	284.32108	-143.68367	-188.4002	53.82725	1637.1817462444305	30.318180525744403
55	2153.1487	526.8436	2834.4055	1432.897	1914.7004	796.02966	2990.441	918.3299	760.4286	677.1	274999	187.6494	54.955914	287.27124	-163.48193	187.65079	54.960133	287.2508	-153.87148	-190.57579	53.211395	1668.1566569805145	30.330121075023303
56	2326.278	835.9418	3117.5046	985.16223	1698.7908	633.4487	3082.6125	1017.365	756.4286	563.6	279999	189.7351	54.773945	289.77515	-129.0218	189.73604	54.781612	288.65027	-135.29779	-192.6069	51.957592	1698.341180562973	30.327521115541458
57	1769.0598	798.0807	3251.5303	831.89954	1858.8362	997.2637	2930.0361	93.80107	592.125	715.0	284999	190.86205	54.892265	289.83124	-160.54306	190.86322	54.896507	289.15814	-151.54607	-193.57202	49.11115	1729.2048659324646	30.336927501778852
58	1479.7415	475.6371	2248.644	620.2585	2527.767	434.48047	2911.2417	1629.0004	495.3	899.0	289999	191.2	55.4515	286.60895	-125.35622	191.20074	55.456432	289.28027	-131.65053	-193.71887	49.1294	1761.7473528385162	30.37495439628075
59	1842.765	707.0782	2827.8147	666.427	1712.884	765.37036	3018.6243	860.9016	623.125	527.0	294999	191.76053	55.88774	284.4768	-145.61606	191.76031	55.89259	284.647	-147.41325	-194.35356	49.68842	1791.3056647777557	30.361112998703778
60	2013.7042	691.42883	3082.456	906.8779	2348.8582	788.0388	3178.7747	1019.80084	647.375	747.8	299999	192.45921	56.180912	284.36514	-158.32712	192.46106	56.18335	285.29205	-147.56032	-195.10768	49.683025	1822.0655035972595	30.36775843302409
61	2674.9258	854.89844	3406.6836	1004.26294	2377.3538	675.44446	2924.3508	681.4855	848.8	852.5	304999	193.59592	56.368973	287.55948	-138.63792	193.59729	56.37174	289.29257	-125.12892	-196.19945	49.212925	1853.9854545593262	30.39320420828022
62	2572.5554	909.664	3248.4863	1060.2444	2966.1753	145.37047	3134.0732	2568.504	813.7143	979.3	309999	195.64026	56.82556	292.22617	-130.70882	195.63997	56.837017	291.6568	-130.05855	-198.30415	49.65072	1886.3731384277344	30.425373238901937
63	2340.1858	625.25244	3158.713	1567.6595	3011.1514	160.59589	3377.0688	2810.4578	754.1667	994.8	314999	197.58134	56.710457	295.30783	-135.81084	197.58066	56.7235	291.98334	-123.94788	-200.16255	50.20138	1918.6333045959473	30.454496932408166
64	2774.6382	122.36083	3009.4075	2663.4258	2411.3547	732.7005	3092.7651	904.1301	1000.0	821.3	319999	199.0323	56.52185	296.82916	-153.06796	199.03209	56.53178	296.02563	-138.39638	-201.64232	48.027344	1950.0377717018127	30.469340212643147
65	2962.5798	151.85077	3153.2598	2766.5435	2896.6877	76.08718	2994.756	2709.2197	998.2	988.0	324999	200.70186	56.363335	299.13007	-132.0561	200.70245	56.369846	293.29007	-136.66441	-203.1414	47.779823	1982.8881044387817	30.505970870531524
66	2368.4998	688.4043	2891.715	883.6112	2910.252	29.337912	2973.8936	2872.2551	795.1429	1000.0	329999	202.36147	56.231808	297.98398	-155.94307	202.36165	56.238758	296.4506	-153.58717	-204.81905	47.220543	2015.316609621048	30.535100178285077
67	2247.8713	596.7771	3174.415	1411.8644	2158.4006	1093.9031	3301.6265	515.2	710.2857	689.7	334999	204.03177	56.08599	298.84033	-145.7423	204.03255	56.09201	296.35455	-149.56636	-206.49667	47.67989	2046.0553719997406	30.53813991261952
68	1985.3785	614.5221	3052.173	930.3656	2419.3047	654.83453	3316.1885	1447.1903	604.5	724.8	339999	205.44673	56.41747	299.3346	-215.0932	205.44609	56.426365	299.246	-186.80377	-208.11214	49.017265	2076.9151680469513	30.542870146386765
69	2374.629	800.6127	3174.7603	997.48334	2882.9116	89.89604	2995.1611	2735.9468	747.0	1000.0	344999	206.79399	56.536964	304.16342	-165.56151	206.79451	56.541656	301.6768	-163.70912	-209.53668	49.98433	2109.564883708954	30.573404142822046
70	2564.7283	805.7053	3077.5671	770.91	2882.9229	236.62268	3259.605	2307.7046	873.6667	977.8	349999	207.59337	56.337395	300.89963	-171.45168	207.59406	56.342964	300.91766	-185.09824	-210.21495	49.46215	2141.714217185974	30.595917422430855
71	2668.889	1017.0699	3249.4866	404.2651	2589.7246	384.49365	2847.8792	1564.8721	871.1667	905.8	354999	209.47063	56.192844	303.05832	-189.34734	209.47137	56.19969	301.8383	-232.24661	-212.12033	49.16789	2173.542680501938	30.613277213674195
72	2376.6257	652.66504	3017.462	1142.3745	2741.9697	505.90836	3097.005	1422.6078	804.0	921.3	359999	210.57123	55.945683	311.4923	-182.11366	210.57086	55.95626	304.45367	-174.2742	-213.06606	49.391636	2205.733556509018	30.635188314649795
73	2821.2444	538.8317	3260.6511	1908.4554	2753.528	597.99603	3228.5159	1109.4106	882.8333	888.2	364999	210.25407	56.491116	307.95	-165.63834	210.2541	56.49863	312.55862	-142.68448	-212.7394	47.259136	2238.156772375107	30.659681839485692
74	2477.4749	645.30444	3031.267	1259.4934	2373.566	852.9948	3412.5596	1099.8114	812.1667	746.2	369999	210.30887	57.07152	312.34323	-157.39726	210.30772	57.0823	319.92725	-155.42091	-212.6938	48.49825	2269.0051798820496	30.662232189565092
75	2183.1057	944.7775	3256.7585	766.807	2668.4734	463.268	3048.6616	1451.9369	707.2857	911.1	374999	211.1375	57.51277	322.66635	-132.69046	211.13693	57.519913	325.85812	-132.92084	-213.65648	48.29305	2300.7878744602203	30.677171681722005
76	2192.3464	736.18994	3192.915	1030.3271	3085.8394	161.82886	3448.2842	2862.8606	726.8571	1000.0	379999	212.11478	57.938744	322.60785	-142.09665	212.11467	57.946365	326.2167	-131.6803	-214.72708	48.614876	2333.100908279419	30.69869618980508
77	2715.1453	547.86597	3094.6572	1498.7771	2960.7173	109.474106	3117.3892	2797.9338	883.3333	1000.0	384999	213.81471	58.18897	316.68005	-122.23641	213.815	58.195217	313.31198	-113.45136	-216.33064	49.77505	2365.790058851242	30.724546240521715
78	2441.426	778.655	3105.8687	1158.5331	2844.856	57.171444	2953.2468	2756.1372	814.6667	1000.0	389999	215.6225	57.72327	310.8835	-130.17442	215.62282	57.73174	315.45673	-130.1312	-218.26352	48.765236	2398.129268169403	30.74524705226605
79	2925.304	251.34076	3179.0	2515.769	3021.1191	179.68555	3368.6724	2859.1042	951.2	990.3	394999	216.76141	57.494347	308.57083	-142.57301	216.76068	57.503933	306.67514	-147.0495	-219.16382	47.77296	2430.172946691513	30.761682896674433
80	2782.5222	765.1648	3344.2695	1107.1796	2359.487	889.9267	3188.244	1138.842	889.1667	756.8	399999	217.82338	57.830887	309.36887	-135.03339	217.82396	57.83467	308.61487	-133.99382	-220.26865	47.41144	2461.0458352565765	30.763072967529297
81	2655.3855	734.50256	3133.8027	1192.9365	3085.3687	124.98832	3202.523	2788.2847	874.0	974.7	404999	218.57518	58.246307	310.7624	-172.48428	218.57683	58.248497	311.73132	-145.38004	-220.96542	47.640404	2493.8445842266083	30.788204770029328
82	2931.9363	162.25406	3234.8525	2766.5522	2920.1765	630.1535	3406.2288	1127.4877	1000.0	906.4	409999	219.30573	58.22377	314.9866	-136.65784	219.3052	58.232243	309.16745	-141.08899	-221.76585	47.958355	2525.77392077446	30.802121014129824
83	2949.9175	183.11658	3170.4387	2692.558	2835.302	495.51273	3211.5857	1389.8484	988.4	945.7	414999	219.58278	58.155575	313.74026	-142.85965	219.58264	58.165413	310.89853	-152.36018	-221.80035	48.499786	2557.935841321945	30.81850413816521
84	2522.9817	702.20764	3041.7432	955.51013	2599.862	621.81555	2965.7622	1278.7188	821.5714	882.6	419999	220.4096	58.139866	312.9106	-141.68806	220.41023	58.142117	310.57074	-135.90121	-222.8216	46.82609	2589.9522297382355	30.832764665285747
85	2735.5696	722.56775	3189.6675	1296.1664	2500.0815	752.3354	3250.3674	1029.5186	880.6	773.8	424999	221.31729	58.50949	314.0359	-133.76047	221.3178	58.515484	316.0275	-141.90504	-223.71025	46.246346	2621.5251319408417	30.841472162919885
86	3186.1733	195.75461	3488.3113	2999.5234	2971.006	501.91693	3489.6646	2038.8511	972.6	879.0	429999	221.87822	58.226036	317.41757	-102.1228	221.87816	58.231678	319.09113	-106.72449	-224.29018	46.27575	2653.055692434311	30.849484815153964
87	3047.3179	159.9732	3258.5176	2822.636	2865.303	591.342	3482.6099	1554.7141	1000.0	869.1	434999	222.77815	58.223442	316.52686	-132.51874	222.77884	58.230106	318.27493	-121.81515	-225.18103	47.00993	2684.6091759204865	30.857576756641784
88	3145.689	66.22371	3215.4963	3019.5518	3028.924	282.3067	3502.3687	2299.1748	992.2	970.0	439999	223.53877	58.22806	320.30606	-114.22864	223.53873	58.24137	325.55392	-195.33107	-225.95	47.25065	2716.8896520137787	30.873746067285538
89	2896.6584	459.65994	3351.5544	1916.7373	2585.0923	550.45605	2982.9404	1066.0997	922.0	887.3	444999	224.48198	58.25453	318.25757	-109.15962	224.48135	58.26023	320.07898	-111.99704	-227.01445	46.705467	2748.896102666855	30.88647308778227
90	2606.3352	690.9001	2970.676	1224.8989	2942.687	86.00233	3170.516	2842.654	878.2	1000.0	449999	224.57928	58.18736	325.05612	-108.148705	224.57942	58.197636	326.826	-122.49267	-226.94395	48.199524	2781.417135953903	30.904634867774117
91	2891.286	248.7795	3066.09	2347.5352	3052.643	92.38955	3183.2302	2894.209	939.6667	1000.0	454999	224.93968	58.249016	324.8261	-119.92791	224.94067	58.257576	326.77252	-184.00697	-227.38255	47.324253	2813.728027820587	30.92008823614854
92	2594.3804	771.99664	3208.2683	1076.3837	2518.9575	633.8679	2990.3606	1071.9048	864.0	883.8	459999	225.3429	58.76292	327.19815	-109.18576	225.34193	58.77323	327.46487	-95.45401	-227.6624	45.217167	2845.8030683994293	30.93264207114344
93	2964.913	164.30925	3185.1846	2759.9426	3180.9778	139.81876	3454.916	2938.0745	998.6	989.2	464999	226.12859	58.57039	321.9475	-119.566734	226.12843	58.5776	322.94403	-152.1459	-228.4131	45.442963	2878.4953384399414	30.951562799433226
94	2887.2424	255.99574	3109.9414	2368.2861	2871.3784	29.981909	2903.7258	2804.4744	963.8333	1000.0	469999	226.64069	58.49495	321.5654	-118.10618	226.64064	58.50217	323.48776	-89.6346	-228.94768	44.803947	2910.729152441025	30.96520376712718
95	2401.0208	785.0445	3022.886	873.76984	3266.3662	568.57184	3669.4973	1620.4543	794.1667	946.7	474999	227.12569	58.498127	320.63477	-149.90425	227.12572	58.502792	318.10312	-97.64516	-229.48454	44.149208	2942.7500076293945	30.976315892370124
96	2897.2434	568.6461	3242.6409	1642.8959	3232.3276	75.036095	3389.1387	3138.7568	897.1667	998.3	479999	226.89594	58.9368	322.73483	-109.53014	226.89713	58.941013	318.50027	-106.752594	-229.2818	46.788494	2975.371346473694	30.993451548119385
97	2721.0288	433.5521	3071.3154	1888.9028	2790.163	603.5298	3280.0132	1612.8024	932.4	863.0	484999	227.09732	59.014973	321.4792	-106.266426	227.09789	59.02217	317.7657	-108.59257	-229.35187	46.24957	3007.4120712280273	31.004248179111283
98	2467.7458	812.72217	3058.2588	672.5983	2054.3523	810.6553	3343.9482	1271.6678	851.3333	608.8	489999	227.1008	59.4606	315.8463	-124.41516	227.10109	59.46453	321.49707	-145.64742	-229.4158	45.2448	3037.4678013324738	30.994569420814514
99	2572.4983	575.142	3061.2817	1580.9785	2767.107	39.700375	2834.7961	2691.9453	846.0	1000.0	494999	227.7131	59.075836	314.97296	-101.716736	227.71246	59.085068	319.18747	-100.563354	-229.93942	44.463135	3069.6471202373505	31.00653658732019
100	2561.6536	726.0627	3228.6492	1098.7076	3018.265	83.12703	3223.8687	2920.56	837.3333	1000.0	499999	228.47375	58.64263	313.59708	-122.413475	228.47363	58.652786	313.13638	-89.222145	-230.7414	45.7688	3102.4437804222107	31.024437828063967
101	2716.1655	534.5903	3044.095	1657.2068	2763.7922	59.91374	2849.837	2658.2937	897.8	1000.0	504999	228.98184	58.110046	338.11563	-86.30918	228.98045	58.120544	318.89648	-80.394196	-231.12685	44.90242	3134.596457004547	31.035608506438756
102	2637.3123	483.07465	2943.876	1562.5833	3025.961	51.117813	3110.8604	2933.7656	895.1667	1000.0	509999	229.53291	57.84572	317.74756	-176.12831	229.5326	57.852905	314.06073	-89.72385	-231.6368	44.378963	3167.179101705551	31.0507755279541
103	2454.513	787.7369	3134.712	1096.8553	2801.1277	213.40233	3408.0923	2606.939	806.8333	974.8	514999	230.10678	57.874237	317.65466	-102.869675	230.10765	57.879055	318.5159	-111.34578	-232.18195	44.545406	3199.3075320720673	31.061238196289654
104	2227.2334	1078.2982	3088.8792	29.663555	2814.1882	104.763	3011.969	2679.1604	760.0	1000.0	519999	230.4539	57.593597	325.61728	-114.31894	230.4549	57.59418	325.10745	-127.27249	-232.5504	43.09195	3231.9683499336243	31.07661876999415
105	2982.752	158.1412	3151.2573	2675.5579	3158.7056	123.48937	3434.3193	3040.439	969.8333	1000.0	524999	230.50499	57.866276	318.9816	-176.02051	230.50464	57.86955	321.24033	-140.61848	-232.67383	41.91498	3264.4930522441864	31.09041003953843
106	2679.47	503.63364	3075.1953	1683.9631	2955.056	279.3436	3131.8967	2152.345	902.8	965.2	529999	230.74559	57.75487	315.28177	-95.65439	230.74576	57.761303	316.46564	-137.92038	-232.89575	42.626373	3296.8119819164276	31.10199984964335
107	2814.0264	476.8597	3124.7952	1762.3348	2852.7515	77.47825	2942.999	2697.4404	916.8333	1000.0	534999	230.84242	58.032326	316.3045	-113.96356	230.84355	58.039177	317.7026	-120.95251	-232.8839	42.800884	3329.0502915382385	31.11261956714024
108	2714.1707	548.2913	3276.5168	1665.1095	3022.0325	102.66089	3308.9895	2921.1108	920.8	1000.0	539999	231.15532	58.483887	320.76474	-145.82906	231.15579	58.48914	319.10385	-182.19397	-233.441	41.898506	3361.7599964141846	31.12740739407363
109	2873.839	95.37051	3006.2622	2717.3154	2826.9568	31.547113	2867.2412	2763.7751	988.8	1000.0	544999	231.7582	57.94836	323.89197	-113.15104	231.7584	57.95334	320.8753	-109.95421	-233.9308	42.277515	3394.333374977112	31.140673182426244
110	2802.2012	516.01556	3450.2327	1914.0032	2656.5364	447.34048	2887.5134	1324.2166	928.0	944.7	549999	232.11092	57.6681	323.52747	-116.05414	232.11063	57.675987	320.80945	-121.29401	-234.3165	42.140617	3426.4520452022552	31.149564064632763
111	2600.4375	671.04443	3074.9014	1129.1934	2590.773	48.3411	2693.031	2530.3918	880.6667	1000.0	554999	232.34291	57.57622	325.33746	-124.843765	232.34323	57.583652	322.29984	-128.83035	-234.5821	42.72184	3458.6339032649994	31.158864010561693
112	2794.8635	471.69833	3222.8582	1885.3882	2361.1465	506.41266	2675.5142	1341.0667	918.0	881.2	559999	232.9037	57.53759	327.9591	-123.37825	232.90471	57.538754	323.8343	-134.90527	-235.17857	43.22563	3490.731771707535	31.167247980833054
113	2802.0188	498.10214	3102.8467	1703.9641	1931.4973	983.13116	3033.6846	318.34634	916.5	623.7	564999	233.45529	57.61839	323.26373	-95.80308	233.45505	57.627735	321.95135	-85.40191	-235.77475	41.885807	3521.376296520233	31.1626221141984
114	2916.9153	80.59829	3005.7515	2792.5347	993.33124	122.15288	1236.3173	842.57806	1000.0	277.4	569999	233.91754	57.60541	328.8794	-107.49579	233.91824	57.61223	324.92883	-95.28459	-236.1013	43.087082	3549.8467602729797	31.139006687883747
115	1679.6279	1114.8341	3299.8264	16.092422	2974.8596	483.77573	3452.948	1866.6156	519.0	911.4	574999	234.9281	57.38214	326.29028	-102.078766	234.9283	57.387047	326.18652	-104.664185	-237.07785	41.50739	3581.876037836075	31.146748171681942
116	1711.8164	1236.7712	3130.0967	53.046703	3020.1614	650.5276	3637.705	1606.9982	562.44446	881.9	579999	236.02441	57.420372	328.4021	-97.92171	236.0249	57.421516	326.2756	-102.1273	-238.09558	42.29861	3614.0340099334717	31.15546562137275
117	2786.8374	264.02023	2999.3413	2314.6965	2957.0125	70.79593	3110.9993	2890.7832	880.2	1000.0	584999	237.01797	57.06126	325.89304	-111.31028	237.01817	57.066765	327.43695	-96.71904	-239.05792	42.47918	3646.41543841362	31.165943934367252
118	3000.862	171.01996	3333.5151	2842.9956	2936.3508	370.93723	3424.3228	2222.8337	1000.0	901.2	589999	237.23564	56.92742	324.9893	-134.48273	237.23593	56.933346	326.2797	-102.89574	-239.18256	42.885868	3678.268622159958	31.171768000570395
119	2690.3213	335.64197	3014.2913	1996.7085	3062.1833	295.5114	3453.33	2268.238	932.0	961.6	594999	237.6976	56.64265	328.4121	-91.473335	237.69847	56.641235	328.01312	-72.15812	-239.72115	40.693516	3710.522343158722	31.18086004457554
120	2840.836	177.46942	3126.9856	2600.4893	3032.0806	495.5157	3328.7136	1553.4156	971.4	945.9	599999	238.03621	56.338627	325.8743	-78.91057	238.03694	56.33859	326.44083	-95.95781	-239.97522	40.92007	3742.991778612137	31.19159817099571
121	1894.5712	1236.3741	2935.3347	63.840572	2585.283	804.1877	3259.3535	1117.174	659.8571	827.9	604999	238.12556	56.511852	326.94672	-114.574234	238.12523	56.52115	326.27313	-108.39225	-240.23656	40.466324	3774.345046520233	31.19293428649587
122	2405.9426	681.82947	3203.1807	1435.4331	2875.4973	93.18929	3060.1753	2759.439	772.1429	1000.0	609999	238.74146	56.10529	329.38123	-100.96864	238.74142	56.112103	325.527	-149.4991	-240.77905	41.765118	3806.5503780841827	31.201232624835654
123	2533.8545	775.76605	3184.2463	1347.366	2885.018	410.0505	3244.408	1740.6067	808.1667	960.2	614999	239.34549	56.12537	330.4012	-146.46736	239.34691	56.125954	331.46017	-125.97019	-241.37732	40.58346	3838.669672012329	31.2086965378707
124	2494.8333	951.03186	3344.3718	1135.8833	3145.4995	64.75459	3248.225	3023.257	797.5	1000.0	619999	240.10675	55.59151	330.2921	-146.12329	240.10765	55.593876	331.62134	-119.83674	-242.0561	39.802933	3871.6806030273438	31.223230684957198
125	3156.0786	71.21051	3265.3872	3072.9563	3050.6685	593.68225	3640.4521	1676.048	1000.0	879.8	624999	240.5199	55.57912	330.8254	-158.69106	240.5202	55.58363	332.15143	-97.36055	-242.5612	41.027317	3903.4082596302032	31.227266094207764
126	3015.6785	416.46414	3313.1233	2104.9172	3120.148	111.68984	3263.3086	2972.547	941.1667	1000.0	629999	241.24297	55.307198	329.29074	-74.59483	241.24283	55.316174	330.36038	-114.92902	-243.26387	40.978146	3935.751630306244	31.23612406707945
127	3305.0422	80.346825	3437.0254	3195.2341	3170.5464	27.73598	3213.7368	3129.6729	1000.0	1000.0	634999	242.1466	55.02045	332.902	-147.11284	242.14616	55.02712	330.05438	-121.223656	-244.0159	39.94975	3968.492329120636	31.24797111045657
128	3122.9153	166.92883	3269.5417	2808.1187	2964.4785	70.46502	3053.6833	2832.4543	1000.0	1000.0	639999	242.8232	55.283722	335.74475	-143.37898	242.82326	55.29114	332.33658	-140.84787	-244.64944	40.163364	4001.293548107147	31.260105861350894
129	3003.8257	243.6415	3197.1406	2528.171	3243.147	54.577854	3356.3018	3147.3774	955.0	1000.0	644999	242.92543	55.784595	335.91678	-117.70859	242.92636	55.781757	332.28198	-126.45178	-244.9146	40.66974	4033.689480304718	31.268910718518633
130	3221.659	72.23426	3334.7422	3143.6372	3129.435	30.477692	3191.6682	3080.1794	1000.0	1000.0	649999	243.77292	55.340942	331.055	-143.2631	243.77249	55.34745	330.26752	-144.57834	-245.8524	39.692894	4066.0361523628235	31.27720118852762
131	2958.1226	445.66507	3255.3052	2087.3794	3360.3965	58.32889	3452.3489	3264.6355	906.2	1000.0	654999	244.36057	55.3352	330.03232	-128.92181	244.3612	55.34122	330.46667	-126.7151	-246.35475	40.041786	4098.270345449448	31.28450646837249
132	3262.7485	86.220795	3389.4902	3156.1655	2847.2769	715.4075	3411.0198	1266.3186	1000.0	848.3	659999	245.19588	55.357437	331.92648	-129.53624	245.19603	55.360344	332.43158	-126.01832	-247.1648	38.2937	4130.434619903564	31.291171379161604
133	2996.2356	539.44775	3392.7893	1800.9772	3251.3665	31.088274	3289.9282	3209.267	921.3333	1000.0	664999	245.69868	54.968338	332.18738	-139.00684	245.69928	54.97362	332.37274	-118.13709	-247.5851	40.47671	4162.849445819855	31.29961990593071
134	3308.2598	105.06003	3496.305	3210.0361	3207.56	514.36816	3438.6804	1667.9021	1000.0	946.7	669999	246.12656	55.441776	350.23087	-117.93771	246.12683	55.445442	345.14502	-130.48694	-248.01054	38.659046	4194.90261721611	31.305243424515226
135	3266.1157	127.134056	3486.1445	3124.2139	3431.8945	266.54843	3689.2734	2675.0115	1000.0	971.3	674999	247.17943	55.343414	366.65726	-146.60939	247.1801	55.34658	367.33203	-108.21777	-249.20088	38.53738	4227.2690505981445	31.313104094399346
136	3324.6504	85.20467	3422.2249	3221.2317	3288.28	40.25956	3381.1248	3237.188	993.8	1000.0	679999	248.1953	55.523487	404.1867	-106.67981	248.19511	55.530926	399.10666	-95.58023	-250.0339	39.255054	4260.216649770737	31.325122444068683
137	2916.0962	738.1327	3395.333	1446.3308	3337.0442	83.15273	3494.2527	3242.8862	880.2	1000.0	684999	249.22054	55.610348	413.69955	-107.019226	249.22041	55.616848	418.59363	-101.72157	-251.11295	38.67688	4292.440449953079	31.331682130368087
138	3101.2869	310.77014	3378.7993	2608.526	3276.931	44.68236	3353.995	3218.067	932.3333	1000.0	689999	249.8792	55.488106	423.63464	-131.3172	249.88017	55.490288	409.53592	-110.05473	-251.82103	40.33897	4324.702304840088	31.338422516117927
139	3083.9138	567.55756	3484.5408	1955.4666	3286.6382	53.58758	3427.4463	3234.5903	925.4	1000.0	694999	250.3746	55.13753	404.44162	-125.69298	250.3743	55.14925	403.6954	-115.354965	-252.1439	40.702354	4356.940401554108	31.34489498893134
140	3299.0476	66.59464	3386.798	3184.7354	3400.1538	39.566525	3463.476	3346.012	1000.0	1000.0	699999	250.8681	54.98962	416.7004	-111.53697	250.86867	54.994762	422.51233	-163.07297	-252.7568	39.57758	4389.772782087326	31.355519887379238
141	3317.9429	51.858353	3353.5059	3215.603	3242.5425	34.769295	3291.1746	3158.066	1000.0	1000.0	704999	251.36949	54.511505	382.27316	-102.62314	251.36975	54.51631	375.97086	-102.0966	-253.24495	39.56498	4421.735423326492	31.359825712569215
142	3066.4668	638.60187	3466.712	1651.4017	3480.8445	73.38318	3645.7078	3379.9932	914.5	1000.0	709999	251.53096	54.808643	392.38113	-121.71604	251.5319	54.81503	396.7759	-106.13498	-253.36815	37.337887	4454.013557672501	31.36629267309753
143	2784.045	1223.412	3428.5781	52.750908	3172.0308	32.745785	3240.2566	3106.6797	841.5	1000.0	714999	251.87782	54.5118	388.53107	-146.3978	251.87813	54.517822	398.7452	-194.00417	-253.75285	40.00703	4486.601580381393	31.374836241448676
144	3242.5396	66.755486	3326.1548	3155.4092	3205.899	40.702328	3244.1836	3101.7048	1000.0	1000.0	719999	252.0938	54.77826	404.467	-118.539986	252.09308	54.78727	402.90625	-108.2797	-253.9951	39.789474	4519.471574544907	31.385219282574123
145	3236.8467	98.6262	3406.901	3109.9773	3279.776	56.354424	3393.4934	3205.859	1000.0	1000.0	724999	252.03519	54.866432	412.0283	-117.84245	252.03407	54.877964	400.92603	-143.36638	-253.82996	38.976036	4551.576414823532	31.39018218599517
146	3257.4678	61.788128	3327.9011	3166.6252	3453.9058	50.35078	3526.0774	3381.4668	1000.0	1000.0	729999	252.348	55.059856	401.3292	-106.69029	252.34798	55.069214	403.51874	-128.68472	-254.23863	39.102257	4583.6349568367	31.3947599930306
147	3301.9387	67.17281	3427.955	3239.0564	3173.5688	36.105415	3259.748	3139.199	1000.0	1000.0	734999	252.67804	55.01554	400.70087	-125.36988	252.67783	55.018654	403.29926	-104.560135	-254.4932	38.962406	4616.022312641144	31.4015123422454
148	3351.5366	38.684742	3399.5974	3306.3035	2425.3599	990.3583	3251.8303	884.31744	1000.0	762.6	739999	253.01115	54.662296	414.1786	-182.39496	253.0117	54.664185	422.57443	-137.59271	-254.8626	37.56757	4647.749718427658	31.403714324976946
149	2133.7551	1062.0336	3360.821	949.01666	3349.8599	46.894886	3449.0244	3284.9006	636.1429	1000.0	744999	253.3096	54.65892	426.99786	-111.85426	253.3093	54.6638	443.00653	-103.23496	-255.1577	37.487476	4680.171606302261	31.410547706104765
150	2968.1711	943.861	3525.9028	871.79535	2994.8152	845.71204	3611.209	1170.8253	883.6667	876.2	749999	253.51033	54.448868	418.50827	-136.25696	253.50932	54.460167	430.03674	-122.07896	-255.31053	40.602974	4711.838105678558	31.41225405216217
151	2453.2466	1449.0806	3525.0808	152.49228	3356.8457	705.08905	3711.835	1251.0076	738.0	933.7	754999	254.07211	54.595413	367.4855	-138.5308	254.07242	54.599564	373.4172	-109.94654	-255.75075	35.86394	4743.666050434113	31.41500696756982
152	3388.7297	77.00569	3448.6968	3240.4175	3399.1875	75.13808	3539.7654	3272.7896	1000.0	1000.0	759999	254.36884	55.001442	378.235	-103.17262	254.36911	55.007107	382.46094	-103.84532	-256.0713	37.955036	4776.547245979309	31.424652945054206
153	3396.4712	127.961426	3575.427	3237.7961	3437.2356	315.15897	3612.0588	2495.786	1000.0	972.7	764999	254.84178	55.12849	372.6112	-142.3246	254.84268	55.132835	373.77887	-136.37236	-256.5451	41.11897	4808.709322690964	31.42947270979289
154	3399.7273	54.12868	3474.7563	3315.7688	3402.7358	60.384926	3506.669	3275.5571	1000.0	1000.0	769999	255.30609	55.40037	360.14703	-106.196655	255.30602	55.405426	362.40125	-108.22037	-257.0818	37.01824	4841.126523017883	31.43588652548852
155	3402.4226	59.930195	3470.708	3295.5212	3384.3457	359.41965	3551.0	2314.4	1000.0	966.4	774999	255.84145	55.26458	378.37418	-98.45722	255.8412	55.271027	383.2401	-85.51009	-257.70355	36.647858	4873.325023174286	31.4408066134299
156	3372.7778	138.42548	3463.1948	3096.9563	3287.104	310.20822	3410.7698	2357.4478	972.4	967.3	779999	256.83047	55.318176	369.82773	-103.287315	256.83173	55.316628	373.41333	-92.07179	-258.651	38.951393	4905.937978506088	31.44832038726562
157	3201.7632	299.18784	3506.655	2799.4475	2055.8357	925.6287	3535.8467	1070.5355	929.2	580.0	784999	257.41043	55.894424	374.18054	-112.593575	257.41068	55.898186	379.30084	-114.013565	-259.25946	37.25522	4935.893728256226	31.438813570958033
158	2510.131	1142.293	3501.998	678.6675	1392.7693	597.6486	2090.1262	534.9205	723.2857	409.3	789999	257.83334	55.99838	388.54108	-123.78133	257.83386	56.000782	384.28888	-130.61316	-259.5725	37.86068	4964.923242807388	31.423564841475667
159	3495.433	64.087875	3588.6387	3408.569	3554.9324	65.16215	3648.7996	3433.2507	1000.0	1000.0	794999	258.13123	55.734966	381.78644	-117.098366	258.13113	55.738873	384.87607	-149.56291	-259.94296	35.770542	4997.572316408157	31.431272443735374
160	3549.5547	84.92186	3685.3635	3465.7332	3547.948	72.71425	3637.2615	3403.2163	1000.0	1000.0	799999	258.9049	55.611885	428.5186	-114.561035	258.90457	55.618317	439.53064	-121.40412	-260.75534	38.384857	5030.279879570007	31.43924925774336
161	2884.3318	602.2551	3467.5725	1904.8413	2579.0122	1173.723	3713.3293	798.76666	834.8333	711.4	804999	259.61447	55.705185	435.84418	-123.68455	259.6141	55.711647	435.15964	-125.43257	-261.43448	40.36915	5060.604127883911	31.43232378752335
162	3372.7065	236.63338	3565.4402	2914.8894	3471.2417	60.7507	3607.6848	3392.7322	962.6	1000.0	809999	260.1113	55.72349	434.13	-148.75023	260.11118	55.72763	439.6625	-141.60666	-261.93405	38.926563	5092.977197170258	31.43813086144718
163	3304.4539	289.1451	3517.8706	2728.5818	3520.8704	54.377342	3585.9358	3432.6624	938.6667	1000.0	814999	260.58292	55.998245	466.32498	-142.59338	260.58313	56.00367	466.7408	-159.7316	-262.42807	40.45201	5125.817689180374	31.446734302614363
164	3193.7974	516.32385	3475.2012	2161.4937	3501.9272	60.87854	3585.3408	3394.1782	917.8	1000.0	819999	261.31998	55.7797	466.34116	-160.17792	261.31897	55.787144	467.61417	-168.67351	-263.16525	40.121754	5158.534768819809	31.454480309311936
165	3550.8489	68.6071	3633.7756	3424.4285	3515.192	154.43828	3630.4304	3077.1318	1000.0	983.2	824999	262.12305	56.01967	461.6254	-169.0119	262.12332	56.02283	463.18524	-124.92751	-263.8134	40.30575	5190.72588968277	31.45894479751587
166	2172.1157	1086.6445	3669.4675	1020.7786	2112.4539	905.7906	3449.5127	1080.0981	611.875	607.0	829999	262.47296	55.929047	480.08173	-117.91598	262.47256	55.934177	471.83563	-147.49202	-264.4156	37.26969	5220.937345504761	31.45142980655992
167	3486.4922	93.16374	3596.4387	3372.8286	3489.8418	61.569145	3571.4204	3364.3071	1000.0	1000.0	834999	262.9261	56.26992	453.74954	-87.05174	262.92532	56.273716	458.76587	-89.18459	-264.8498	37.768456	5253.547023534775	31.458365420381465
168	3101.756	875.94165	3535.3118	1144.0485	3370.83	33.424213	3412.8838	3312.9963	891.5	1000.0	839999	263.65375	56.370018	414.872	-87.88139	263.65408	56.37657	408.36545	-109.46383	-265.5307	38.548798	5284.954137086868	31.45806035257521
169	2599.5095	1016.6166	3438.8494	619.757	3264.516	663.7883	3750.2227	1463.3986	761.6667	907.8	844999	264.5095	56.74903	401.9042	-168.74721	264.51	56.756577	437.62854	-105.936806	-266.33145	38.80256	5316.743869066238	31.460022903758393
170	2744.6792	861.91174	3543.7073	1341.1986	3305.0964	397.18365	3588.8809	2156.8628	775.1429	952.7	849999	265.58417	56.793526	401.83496	-83.441986	265.584	56.79512	405.3186	-101.49807	-267.40186	37.207523	5348.691191673279	31.46288937400369
171	2662.7441	1228.0536	3542.4055	557.7955	3027.873	653.3082	3426.129	1361.0195	760.1667	897.0	854999	266.06314	57.147987	397.60507	-86.60604	266.06406	57.151108	418.93353	-87.26244	-267.7432	38.310898	5380.93652009964	31.467465040976542
172	3404.128	383.71774	3620.1155	2550.516	3127.9043	535.46	3517.3525	2054.5688	952.6667	899.6	859999	266.3895	57.889965	427.99976	-142.80247	266.3897	57.89286	434.7855	-142.10428	-268.0306	39.95656	5412.17121553421	31.46611172931139
173	3312.0586	550.47845	3692.3103	2218.9941	3533.0383	340.14856	3680.8098	2514.11	906.6	967.8	864999	266.9377	57.884983	434.58173	-128.08646	266.9376	57.888973	433.50433	-104.83207	-268.9328	40.668552	5443.8544499874115	31.467366775336295
174	3229.8645	388.32288	3565.5378	2732.1084	3481.1316	33.40383	3532.6924	3437.9568	920.2	1000.0	869999	267.1038	58.07201	430.3104	-112.647766	267.10425	58.08036	432.35547	-103.22338	-268.9771	41.40099	5476.534476995468	31.47433608564837
175	3575.3535	48.27218	3638.3904	3510.9446	3410.5317	628.1723	3671.1064	1528.9935	1000.0	941.6	874999	267.7375	58.145866	469.20688	-117.81399	267.73746	58.147324	478.9483	-125.761604	-269.79404	42.09937	5507.9421219825745	31.473954995019096
176	2961.9563	1313.9158	3604.6926	25.07519	3514.9194	80.33967	3653.6787	3385.656	832.0	1000.0	879999	268.51346	58.17546	479.3985	-100.68346	268.51556	58.175262	482.26755	-118.31179	-270.5258	44.171013	5539.567000627518	31.474812517111953
177	3585.789	101.15653	3748.0093	3427.8528	3180.2603	612.8743	3664.4758	1967.3053	984.3333	903.5	884999	269.17694	58.138683	551.62244	-162.28462	269.17596	58.13907	588.4294	-160.68079	-271.23926	47.035374	5571.892857074738	31.479620673562174
178	2393.075	1214.7777	3588.2815	728.7219	3587.545	94.79202	3827.9504	3434.8848	681.1667	992.8	889999	270.06064	57.623318	624.01245	-143.15417	270.06143	57.62269	638.9418	-154.98534	-272.04858	48.105854	5603.861851215363	31.482369962702975
179	3177.3896	891.1575	3676.2422	1189.4154	3617.769	64.48308	3703.8052	3484.153	879.8333	1000.0	894999	270.139	57.314274	659.5512	-145.22829	270.13974	57.310184	666.8591	-120.438385	-271.94476	50.63427	5635.562398195267	31.48358882872086
180	3505.4968	159.89305	3684.4304	3213.1155	3468.7969	35.303837	3531.577	3405.0676	969.4	1000.0	899999	270.33926	57.888927	619.80194	-144.60123	270.33978	57.889942	635.20435	-149.45883	-272.211	48.684826	5667.603287696838	31.486684940920934
181	3126.29	846.3466	3570.1704	1237.0961	3303.4011	501.3704	3509.9172	1800.8848	879.3333	953.2	904999	270.88934	57.95104	595.0643	-159.52586	270.8891	57.950912	615.84564	-150.12491	-272.78104	46.14806	5699.908821105957	31.49120896560711
182	3581.5574	37.641933	3621.6003	3520.2268	3449.6765	31.930788	3495.45	3405.1938	998.6	1000.0	909999	271.205	58.42217	589.48285	-360.36288	271.20648	58.4168	599.5196	-174.40668	-273.09766	50.019955	5731.55601477623	31.492066025733948
183	3541.1147	43.883606	3590.0396	3463.7485	3312.004	206.65546	3435.9045	2698.496	1000.0	980.2	914999	271.75415	58.045986	562.9636	-157.90845	271.7543	58.05056	618.9842	-162.16719	-273.7181	45.94829	5763.624634742737	31.495216593716314
184	3353.4922	296.5248	3581.708	2771.8726	3361.36	34.763187	3392.0244	3276.812	937.8	1000.0	919999	272.71634	58.047005	524.5996	-173.81516	272.7178	58.05045	569.1765	-199.27368	-274.53778	44.83431	5796.43753027916	31.502377891022228
185	3481.5847	29.854925	3527.5674	3447.2632	3566.6167	428.87903	3808.6355	2523.1956	993.2	943.1	924999	272.79504	57.719112	449.84515	-187.88173	272.79468	57.73006	443.51785	-186.72424	-274.68906	45.990414	5828.19434762001	31.503753241977176
186	3484.5632	340.8138	3819.743	2748.4712	3509.093	53.17374	3593.4321	3423.5825	964.8333	1000.0	929999	273.2364	57.841175	395.2929	-158.72455	273.2365	57.84659	412.37482	-183.73225	-275.17148	47.13759	5860.369451522827	31.507362654132226
187	3445.952	70.67553	3562.4282	3356.3896	2901.459	772.1955	3428.875	1015.90314	1000.0	856.0	934999	272.94458	58.385696	356.2761	-162.94626	272.9441	58.398014	369.1458	-164.39777	-274.97287	45.185947	5892.289751291275	31.509570872719912
188	2667.326	1195.6826	3568.0469	469.43878	3304.2473	773.42114	3677.7383	1020.3472	769.0	918.3	939999	272.8472	59.1302	362.08795	-177.0234	272.84756	59.12819	358.522	-166.00613	-274.74545	46.352814	5924.12805557251	31.5113194546801
189	3436.2903	80.18351	3512.0864	3323.504	3423.534	30.891869	3464.2615	3373.4595	1000.0	1000.0	944999	273.58896	58.81345	359.5627	-135.73318	273.58792	58.82875	359.32303	-139.08177	-275.37836	45.774094	5956.2728152275085	31.514670992654466
190	3432.1282	63.483456	3503.2598	3339.1382	3556.974	12.015406	3580.2375	3539.572	1000.0	1000.0	949999	272.97882	59.60373	360.22952	-181.18628	272.97845	59.61514	358.4699	-241.10606	-274.7917	43.673363	5988.967479228973	31.52088147966485
191	2648.6902	1034.4498	3487.8562	509.10428	3446.8628	225.42654	3601.5525	2779.1355	769.1429	978.4	954999	272.8883	60.17011	367.3682	-189.72678	272.88968	60.17035	361.2916	-196.196	-274.7389	44.33728	6021.6118330955505	31.52676353404659
192	2958.0151	962.09753	3449.9329	1034.0629	3528.623	13.844653	3548.4243	3506.9128	863.2	1000.0	959999	273.25983	59.670124	359.8158	-130.35228	273.25992	59.676872	358.36002	-144.63435	-275.22882	43.526474	6053.794353485107	31.53017893433571
193	3510.644	56.462	3567.925	3406.0798	3230.502	775.6477	3520.3699	904.37946	1000.0	926.8	964999	273.5961	59.73556	357.1744	-141.37689	273.59528	59.746277	359.50043	-149.25763	-275.3738	42.67833	6086.052156925201	31.533949010730407
194	3596.9	17.605154	3618.2566	3567.0063	3452.4934	20.858513	3494.1992	3420.845	1000.0	1000.0	969999	274.43073	59.75	367.16565	-135.13042	274.43076	59.75638	360.26752	-141.89207	-276.1997	42.11856	6118.485494852066	31.538585036071307
195	3547.0383	62.909115	3622.8325	3459.9492	3384.752	24.819448	3428.4443	3340.3433	1000.0	1000.0	974999	274.4454	60.266388	362.25186	-114.597466	274.44482	60.2795	361.68973	-160.2665	-276.25153	43.889294	6151.30778336525	31.545168128380407
196	3046.8555	826.08704	3483.674	1204.9093	3568.5012	63.923977	3740.0808	3508.2627	876.6667	1000.0	979999	275.04697	59.888138	390.53134	-107.33178	275.04727	59.891727	388.53748	-93.6509	-276.88562	40.988064	6183.240548372269	31.547145665908346
197	3546.4824	61.39524	3665.7087	3498.567	3598.534	32.7346	3638.7217	3541.6292	1000.0	1000.0	984999	275.38943	59.94788	383.66248	-130.98662	275.3895	59.954956	384.96133	-170.31836	-277.27866	43.264225	6215.717180490494	31.551863871250056
198	3465.4363	51.93441	3537.093	3402.9712	3630.2727	151.91794	3719.532	3177.769	1000.0	984.6	989999	275.93448	59.88478	410.676	-113.68985	275.9351	59.88557	407.2096	-138.45566	-277.95728	42.71457	6248.51124048233	31.558137589030796
199	3452.9688	80.40489	3597.9448	3360.7803	3215.3945	713.78204	3643.2063	1732.5972	1000.0	902.2	994999	276.92188	59.3318	431.29333	-188.54346	276.9217	59.3428	424.27692	-147.0824	-278.83936	43.302086	6280.029477119446	31.557937080536654
200	3491.3367	47.49838	3567.5996	3440.7258	3489.9597	35.20187	3551.3503	3435.5586	1000.0	1000.0	999999	277.92474	58.755123	445.04422	-148.60622	277.92465	58.76555	446.40805	-244.27295	-279.8516	43.966976	6312.48800611496	31.562440041303635
