Epoch	AverageEpRet	StdEpRet	MaxEpRet	MinEpRet	AverageTestEpRet	StdTestEpRet	MaxTestEpRet	MinTestEpRet	EpLen	TestEpLen	Time Steps	AverageQVals	StdQVals	MaxQVals	MinQVals	LossPi	LossQ	Time	AVG Time Per Epoch
1	-51.608765	87.043205	67.98891	-342.02444	-318.81445	790.34424	-18.543219	-2687.81	177.125	122.4	4999	13.72315	13.501009	75.74682	-6.6539373	-16.57572	1.4454813	22.31598997116089	22.315993070602417
2	-50.37446	86.68557	6.460113	-320.696	-2998.052	3.8051522	-2989.1257	-3002.9492	164.34375	1000.0	9999	234.09547	166.54381	772.56995	-264.52127	-262.18497	131.43672	56.44401931762695	28.222010731697083
3	-743.6301	984.0669	-54.274334	-2682.971	-1068.7913	1229.7397	-62.188034	-2930.361	303.3889	370.0	14999	953.77246	159.43033	1258.9036	-471.17996	-989.2212	924.6884	87.7881338596344	29.262712319691975
4	-245.83069	596.179	-24.674236	-2711.1274	-428.78558	834.9229	-21.6374	-2912.399	91.13043	144.7	19999	1102.1754	91.66907	1304.5865	-994.16565	-1117.7935	1251.3503	117.00303602218628	29.250759541988373
5	-321.0625	716.2396	-16.439356	-2687.5671	-399.43732	837.0955	-16.793615	-2897.4111	125.565216	135.3	24999	1012.3622	97.793915	1201.1027	-1118.8599	-1025.596	1261.7325	146.06671905517578	29.21334433555603
6	-235.15036	578.32574	-12.249214	-2633.4116	-367.0728	781.75574	-20.819286	-2701.0793	92.90741	138.7	29999	912.1	96.540764	1127.8882	-482.65558	-923.7854	1045.2345	174.86893796920776	29.1448233127594
7	-627.12976	788.39923	-26.626305	-2297.6482	-312.1091	652.26733	-28.710094	-2264.604	352.53845	148.7	34999	823.7343	88.04287	985.798	-637.19135	-835.7419	769.2686	204.36142683029175	29.194489887782506
8	-409.18918	716.7141	-16.563702	-2071.8086	-319.69916	677.3966	-23.120457	-2341.6526	213.375	145.5	39999	743.7302	75.9103	898.33295	-576.2289	-753.292	453.0793	233.00533366203308	29.12566700577736
9	-348.76962	664.6826	-21.479025	-2109.9863	-591.396	943.5021	246.4672	-2070.0093	187.46428	511.5	44999	634.0353	66.34038	794.8831	-619.70715	-641.14124	383.09244	265.1539385318756	29.461549096637302
10	-511.55997	801.11237	-19.133839	-2170.683	-288.92487	709.64264	-15.840877	-2415.2798	273.35294	129.3	49999	524.2593	54.830013	651.0952	-435.0896	-529.8132	236.87366	293.679075717926	29.3679078578949
11	-381.9842	630.9191	3.6958776	-1809.5496	-428.2067	857.0737	255.69507	-1839.5454	257.09525	919.1	54999	422.94604	46.18012	552.8424	-390.4341	-427.3051	147.86314	329.4022972583771	29.94566362554377
12	-181.8106	382.99786	98.88424	-1341.2128	720.04675	457.5567	967.6629	-369.7417	379.54544	903.4	59999	331.70728	38.37152	453.2202	-369.64124	-335.1431	95.93395	364.56237745285034	30.380198299884796
13	245.6447	342.25424	862.6873	-307.8005	761.9616	45.344963	851.0042	704.5437	764.7143	1000.0	64999	261.75836	30.619942	362.3004	-282.7505	-264.97906	59.334076	400.6473903656006	30.819030321561375
14	286.73575	207.0358	474.6197	-86.63772	510.80182	374.72552	850.1645	-146.43181	914.8333	801.9	69999	216.18954	27.758602	310.1478	-220.86473	-219.41432	38.15664	435.3972361087799	31.09980276652745
15	188.3845	161.83914	406.42834	9.280682	442.78076	257.7034	687.8579	-162.63672	1000.0	1000.0	74999	187.87671	28.659878	281.18234	-160.41833	-191.0122	32.218636	471.0421302318573	31.40280882517497
16	192.15106	136.28069	398.3764	33.60801	-574.3266	252.22824	-39.034267	-759.60474	824.0	1000.0	79999	167.6299	30.355175	255.21959	-142.51804	-170.67975	26.15443	506.92649102211	31.682905912399292
17	228.60104	159.9037	515.13043	58.243355	114.57634	158.57812	507.56104	-14.786223	784.7143	634.1	84999	153.84657	32.698887	244.8215	-190.76263	-156.76476	21.760788	539.5256912708282	31.736805509118472
18	108.97486	306.7717	510.82553	-496.61276	753.78	7.940784	772.02985	738.15894	851.5	1000.0	89999	142.39221	33.44127	229.11812	-121.3292	-145.19386	17.84009	575.9000985622406	31.994450052579243
19	269.4421	227.86958	560.4105	-17.624788	408.74493	230.19624	632.32874	9.432298	633.25	731.2	94999	134.9029	33.934074	215.20593	-96.96167	-137.6034	15.480428	609.1607820987701	32.06109402054235
20	267.8608	230.64258	617.8333	-7.6355305	735.20325	98.41856	875.0813	527.75055	864.3333	1000.0	99999	129.62831	33.719112	203.21481	-134.63501	-132.19458	13.567356	644.8971812725067	32.244859194755556
21	582.32605	34.019386	603.3986	514.62836	142.46309	31.600405	166.70532	54.448334	1000.0	1000.0	104999	124.44965	32.20337	192.23767	-111.334946	-126.88939	11.402704	680.3261454105377	32.396483228320164
22	604.2488	90.582504	683.3776	433.52032	628.308	112.377106	819.3955	511.84055	1000.0	1000.0	109999	121.16142	30.156675	178.69772	-126.37393	-123.48498	9.535672	715.9203469753265	32.541834115982056
23	576.289	58.451164	679.4172	508.55173	649.6964	46.58651	758.8592	566.71936	1000.0	1000.0	114999	118.16018	27.031006	177.0553	-82.34814	-120.400185	8.749537	752.2775688171387	32.70772068396859
24	342.36618	240.323	633.67255	4.0296254	396.0208	406.84494	868.41644	-157.36694	704.0	905.3	119999	116.05037	24.304487	166.41924	-85.66666	-118.19298	8.380673	787.1286027431488	32.797025283177696
25	517.8848	94.58943	644.22815	400.00677	805.43445	63.80474	876.5768	682.3884	1000.0	1000.0	124999	114.87258	21.526493	156.94771	-106.25549	-116.9746	7.7917953	823.1584441661835	32.92633786201477
26	311.7328	174.6508	603.9714	19.26781	623.9367	8.710012	636.2011	611.65094	637.5	1000.0	129999	113.89779	19.017197	160.12991	-74.705025	-115.882484	7.0529876	858.8113698959351	33.03120661698855
27	440.1353	257.0719	758.4187	51.718548	496.12393	184.30484	692.7619	42.496338	730.1429	907.4	134999	112.24602	16.914125	156.20598	-75.99367	-114.15384	6.370746	893.6104304790497	33.096682689808034
28	441.65186	229.14865	642.74347	28.753025	406.53784	371.91013	918.3901	7.815621	734.2857	567.7	139999	110.8899	15.84323	151.24457	-72.84367	-112.7437	5.4228888	926.4328894615173	33.0868889944894
29	420.56732	312.6938	711.63116	-111.97467	438.4733	286.02444	814.3681	37.6066	768.8571	720.3	144999	110.165695	15.313096	147.45479	-87.51676	-112.01198	5.435428	959.7432534694672	33.09459506232163
30	590.0617	93.026245	766.0406	515.49646	612.8998	93.66321	758.4361	471.9991	930.6	1000.0	149999	109.90217	15.043239	145.3168	-83.17455	-111.74279	5.0911913	995.4807889461517	33.18269305229187
31	559.4664	162.55043	725.6334	290.3704	142.338	254.2261	866.8206	-35.704144	1000.0	916.6	154999	110.712845	14.730134	147.93018	-73.36964	-112.53211	4.823364	1030.8803114891052	33.254203673331965
32	537.7506	94.08483	652.7963	424.35226	500.6255	237.14037	856.6314	52.275265	1000.0	792.6	159999	111.51188	14.379936	158.18016	-74.21435	-113.306725	4.766471	1067.1591918468475	33.34872482717037
33	609.1383	233.6036	823.1828	105.73449	577.2877	147.89905	738.4078	213.09863	855.0	899.7	164999	112.35037	14.690586	158.42996	-77.54754	-114.13084	4.800208	1101.9241044521332	33.39163961555018
34	597.17676	116.391556	735.9354	472.59882	370.42606	197.21715	751.4499	92.71365	1000.0	900.6	169999	113.05409	14.9608965	161.63596	-72.599205	-114.790985	4.6500797	1137.2981672286987	33.44994617209715
35	533.1073	247.61761	765.8944	104.495384	540.71204	278.44977	848.2137	25.35291	846.8333	811.0	174999	113.10414	15.32556	155.65909	-70.94417	-114.786736	4.8179197	1171.6503448486328	33.475724254335674
36	583.3354	249.24817	748.0787	29.740625	349.45648	576.19855	934.7378	-1122.5681	841.1667	825.6	179999	112.89129	15.789526	157.00497	-69.720894	-114.57378	4.681723	1207.169678926468	33.5324911541409
37	245.69514	298.47635	674.56244	-101.631714	-288.61453	351.99203	44.95755	-959.9011	550.3333	620.4	184999	114.277626	17.85364	183.6153	-78.77226	-115.97985	4.9931335	1240.3117246627808	33.52193857528068
38	296.7479	269.0723	714.11224	-43.29378	581.8925	229.1016	935.90796	228.94258	656.7143	958.9	189999	115.01956	19.367996	176.84116	-79.9119	-116.67311	5.2855744	1276.4373469352722	33.590456561038366
39	475.52768	287.50366	703.49243	20.70775	524.68646	239.45276	853.4036	30.940916	728.4286	811.7	194999	115.96924	20.123129	175.9215	-112.73924	-117.63812	5.232115	1311.0957903862	33.6178408524929
40	217.58076	317.57486	762.15906	-230.49872	434.93213	265.4683	984.177	128.9558	523.4	729.1	199999	116.83443	20.622253	167.95912	-69.00284	-118.48561	5.240605	1344.64350938797	33.616087794303894
41	519.20844	256.0166	803.61615	66.580635	566.6251	371.36868	969.33295	56.568512	843.0	736.8	204999	117.12721	20.577974	178.42696	-80.1725	-118.7347	5.403461	1378.5434212684631	33.623010332991434
42	325.90775	337.16434	807.96674	-164.673	454.8095	234.74452	655.21704	16.394617	844.5	803.7	209999	117.5886	20.488874	186.94867	-75.5841	-119.18975	5.285182	1413.0383932590485	33.64377132483891
43	455.4292	293.89102	838.40125	68.34598	260.46884	477.5294	787.8934	-628.88336	709.6667	762.7	214999	117.768906	20.51892	194.47389	-81.803925	-119.35626	5.270212	1445.5157027244568	33.61664429930754
44	276.3908	267.4739	1000.59564	17.719206	697.5628	329.1328	1175.6869	231.04857	399.64285	771.2	219999	118.151085	20.524805	170.98117	-72.321884	-119.73425	5.2146344	1479.2594559192657	33.61953313784166
45	651.0003	273.99347	972.85254	155.39243	424.89795	341.83865	934.51447	26.209063	750.4286	598.6	224999	118.5246	20.859808	171.72021	-83.54526	-120.09081	5.4676285	1511.6007590293884	33.59112802081638
46	482.50964	360.95114	1026.1653	101.22327	755.4595	239.0674	933.58435	61.223503	614.125	878.3	229999	119.24589	21.385906	171.4414	-89.972305	-120.79838	5.546614	1546.6843149662018	33.62357211112976
47	649.8083	257.70856	989.66394	157.53629	381.97363	333.72482	910.10254	29.667255	814.0	419.5	234999	119.53965	21.724836	171.76898	-75.40288	-121.079216	5.571534	1578.1920492649078	33.57855429547898
48	543.5017	491.6945	1248.7178	37.94534	663.3207	287.86462	943.843	141.12407	509.1111	861.2	239999	120.42176	22.234032	262.31396	-58.77189	-121.95923	5.856788	1612.2780933380127	33.58912699917952
49	489.31674	332.60886	964.59454	71.22099	865.9697	382.65643	1421.173	155.59653	664.0	743.2	244999	121.807945	22.928352	263.32242	-70.06545	-123.34857	5.9051795	1645.9910259246826	33.59165362922513
50	760.9424	413.98904	1192.8608	155.2374	167.5538	1041.8888	1057.1304	-2747.6213	756.4286	626.9	249999	122.73676	23.27845	201.96526	-73.790794	-124.25155	5.8674703	1678.7287032604218	33.57457417964935
51	610.5755	358.82187	994.4118	28.861193	786.6842	229.72766	1112.302	177.61455	690.8333	902.5	254999	123.76074	23.988295	197.01682	-89.62631	-125.29382	5.959774	1713.6231467723846	33.600453951779535
52	555.9684	372.2533	1197.1309	14.449181	933.57196	466.02914	1288.3981	20.09994	651.1111	800.0	259999	125.16412	25.051176	179.08607	-77.022934	-126.692024	5.8963013	1747.818968296051	33.6119032731423
53	453.22324	267.77448	879.6206	70.75344	835.1169	259.9476	1228.0726	339.10678	536.2222	856.6	264999	125.92059	26.064045	187.49548	-103.84369	-127.4352	6.326712	1782.302315711975	33.628345633452795
54	493.63943	369.68372	1076.9607	60.706444	812.6264	293.78296	1181.344	136.48064	547.6667	909.3	269999	126.93897	26.664515	183.39622	-80.17766	-128.45677	6.5786595	1817.3720338344574	33.65503771216781
55	622.462	463.6448	1249.6744	12.923678	799.4559	408.15405	1315.9941	7.0010834	629.0	898.2	274999	127.82064	27.39902	183.38132	-73.90307	-129.33597	6.981295	1852.0317277908325	33.67330418066545
56	671.922	174.2313	891.73456	323.14923	617.3392	454.37833	1345.9786	66.46662	811.8571	603.7	279999	129.02682	28.32792	188.042	-72.37843	-130.54942	7.0936265	1884.3358314037323	33.648854170526775
57	756.9241	158.74336	890.097	447.28284	729.41455	442.57755	1395.3123	39.16507	885.8	740.2	284999	130.58257	29.600391	189.67471	-96.486694	-132.1411	7.3057375	1918.5356361865997	33.6585199665605
58	608.0334	513.90173	1268.4474	12.55817	1023.43066	432.98074	1466.8527	32.591244	595.3333	762.1	289999	132.10399	30.75982	194.66763	-89.796104	-133.62453	7.4261827	1952.7076683044434	33.66737363256257
59	1002.791	213.8144	1217.0829	741.63257	642.3836	347.41098	1145.9048	62.058285	1000.0	823.4	294999	133.55798	32.1323	195.80853	-84.42134	-135.08124	7.1605954	1987.1696286201477	33.680841219627254
60	560.06836	302.47873	964.9497	107.466675	803.7292	290.16983	1098.5969	109.57398	738.1429	700.3	299999	135.08916	33.674683	198.47336	-74.62594	-136.64848	7.2536826	2020.6552612781525	33.677587727705635
61	657.21014	434.01492	1393.9713	-0.35662875	27.64829	872.30005	709.7977	-2189.095	633.7143	730.6	304999	138.37585	35.79541	208.6632	-68.28256	-140.09813	8.711796	2054.39502120018	33.678606951823
62	386.6694	560.6813	982.05096	-637.9573	-294.62506	184.47261	77.4486	-555.12415	869.1667	1000.0	309999	147.4605	38.808678	233.91963	-109.73145	-149.44902	10.2712	2090.3673770427704	33.715602897828624
63	9.172945	291.8142	619.9157	-277.19986	112.0251	355.49957	849.5376	-475.47482	836.3333	464.1	314999	152.00027	39.85225	242.15846	-85.62215	-153.68321	9.568493	2121.482430458069	33.674324334613864
64	48.605877	387.08585	631.9782	-351.09387	295.50363	359.416	818.56714	-413.28003	836.3333	823.1	319999	152.40588	39.484913	218.88748	-88.83789	-154.07266	9.501149	2156.0541236400604	33.68834573403001
65	321.24493	220.13837	697.69696	6.911523	352.98553	371.023	859.9479	-166.44449	726.2857	913.2	324999	152.09843	39.3713	218.36838	-100.31476	-153.70807	8.911472	2191.471616268158	33.71494797193087
66	520.33997	219.10254	840.3321	136.9815	277.7591	395.48798	1175.9121	-211.93388	848.6667	570.8	329999	150.84372	39.84824	228.00035	-102.912964	-152.4842	9.187195	2223.896476984024	33.69540119893623
67	142.35677	482.18106	845.2368	-435.97678	397.24353	326.5637	743.80023	-127.8795	640.5714	902.6	334999	153.39293	42.685284	261.04495	-102.123184	-155.25421	10.904653	2259.9701232910156	33.73089739813734
68	249.64906	182.8496	517.07544	6.89923	102.778366	255.48279	722.205	-260.75818	781.1429	385.0	339999	157.03847	42.797077	261.49228	-108.20221	-158.84897	10.532773	2290.9846551418304	33.690950881032386
69	185.33876	187.1262	526.51886	-46.417187	246.62094	180.0483	662.48096	89.17404	647.5	589.1	344999	160.66225	40.80297	245.08994	-90.526535	-162.55687	10.860596	2323.2776584625244	33.670690736908846
70	103.55432	159.85669	332.65085	-165.40938	-1115.3682	153.4752	-902.6673	-1294.0472	851.8333	1000.0	349999	163.08682	39.62991	238.5925	-105.175064	-164.886	11.128018	2358.780270576477	33.69686104570116
71	-358.60974	509.19876	352.53174	-991.4689	-248.0409	340.3733	367.10748	-872.13385	878.2	916.5	354999	167.2651	39.376488	230.99048	-106.56682	-169.31053	12.059238	2394.0192391872406	33.71858086048717
72	131.8773	391.83978	758.85284	-401.79025	332.69836	175.34984	711.1011	104.19292	809.5714	855.8	359999	169.77936	37.449795	230.84654	-129.03003	-171.56223	11.862713	2428.5758714675903	33.73022047347493
73	373.38846	340.3283	1164.6615	3.2695966	344.10004	283.35693	749.4194	-172.70007	508.0	815.9	364999	167.88454	36.94326	231.53645	-118.43692	-169.579	10.987842	2462.6543300151825	33.73499085151986
74	418.38135	326.32736	982.07117	7.545602	547.98	282.66348	1213.6464	246.01984	777.2857	922.2	369999	164.84003	36.62511	226.45398	-137.00073	-166.47333	10.827048	2497.5748341083527	33.75101130073135
75	563.382	149.60886	722.6409	356.39334	1292.9462	299.45306	1557.3552	601.5659	867.4	998.3	374999	161.84293	36.244747	227.66447	-108.841125	-163.45427	9.796646	2532.7784683704376	33.770379606882734
76	412.67578	417.5457	1408.3916	7.1650066	515.9986	288.49457	819.4844	11.008965	499.8	752.2	379999	159.82353	36.05328	228.75668	-106.8422	-161.4541	9.952194	2566.5820236206055	33.77081613164199
77	370.983	292.78506	878.85486	3.7193751	776.1405	475.2035	1625.8196	39.435936	639.375	700.7	384999	159.32059	34.955204	227.65242	-101.209435	-161.0084	10.11201	2599.766138315201	33.76319663245957
78	327.0588	260.0974	919.9691	62.815044	997.8485	466.8031	1652.8551	25.236647	547.1	902.5	389999	158.529	34.573097	223.84305	-101.976105	-160.1144	9.286435	2634.8437395095825	33.78004797605368
79	564.543	343.32907	1199.8723	69.19637	1197.376	340.5088	1451.3396	323.9953	738.4286	880.7	394999	156.01074	35.120613	224.01735	-94.093735	-157.58417	9.528252	2669.6112382411957	33.79254735270633
80	1003.3698	448.49966	1491.2266	163.56253	652.3008	202.91676	798.8281	67.89329	831.3333	909.4	399999	154.70163	36.29308	223.78362	-81.53708	-156.28087	9.421026	2703.799325942993	33.797491601109506
81	824.3619	399.59735	1128.141	13.582925	720.759	481.49374	1724.2272	180.86366	834.8333	606.9	404999	154.42719	37.359077	223.48433	-76.24774	-156.02518	9.570686	2736.1259577274323	33.779332837940736
82	851.5943	411.84924	1342.359	231.35497	1223.7515	215.79659	1403.7876	786.3222	727.1667	968.7	409999	155.1821	38.741898	223.18384	-93.385796	-156.8246	9.519311	2771.8017361164093	33.80246022270947
83	783.90106	363.7854	1306.935	227.97696	577.3239	253.77492	850.7786	84.80135	875.8333	818.1	414999	156.8348	39.831966	231.96397	-83.567215	-158.47679	9.955755	2806.137475967407	33.808885281344494
84	827.9285	418.67773	1341.7251	119.84064	471.04242	322.5387	870.95435	22.318497	836.5	541.7	419999	157.24716	40.805954	244.02875	-104.20279	-158.83803	9.950643	2838.3656120300293	33.790066835426146
85	206.30273	352.89407	691.5412	-266.58484	107.83169	321.80893	866.00867	-188.22865	843.0	902.0	424999	157.55505	41.87522	250.28201	-99.08897	-159.1865	10.146036	2873.321756839752	33.80378540543949
86	679.01495	375.27563	1319.5168	197.35057	1061.1013	379.53177	1610.74	504.0247	702.4286	752.6	429999	158.77315	42.649147	257.2964	-83.5315	-160.44327	10.54705	2906.5771746635437	33.79740903266641
87	623.5528	323.9593	1003.682	143.84293	448.8413	265.75656	860.5537	22.481907	1000.0	640.5	434999	160.60503	43.27617	259.6695	-94.41785	-162.33302	10.940804	2939.5155243873596	33.78753479047754
88	530.6619	362.49484	1017.8538	8.037763	667.8866	471.90546	1223.7521	65.89003	656.25	542.5	439999	162.44342	46.15105	282.1837	-103.595345	-164.13603	10.54407	2971.279399394989	33.764538662000135
89	168.6728	449.61508	979.0881	-658.7413	701.786	373.49918	1622.2789	225.58568	597.7143	602.0	444999	163.90372	48.514214	300.08725	-76.84446	-165.60754	11.00871	3003.952093601227	33.752270744087994
90	533.40686	470.38715	1126.3455	-462.8787	372.52383	763.3298	1224.6547	-1655.4594	793.2857	679.1	449999	165.21783	49.61375	313.88513	-88.11784	-166.92615	11.636311	3036.886563062668	33.74318405522241
91	621.6922	809.49915	1466.6156	-579.4923	603.632	551.48315	1524.0977	-290.9648	1000.0	731.7	454999	166.24872	50.805943	314.32358	-82.75007	-167.96242	12.070863	3070.5021402835846	33.74178178755792
92	388.23758	241.48502	736.84784	-2.2962818	533.2265	326.55338	1081.3124	2.089867	565.7778	679.1	459999	167.38342	51.79264	304.13293	-90.52182	-169.08272	11.68187	3103.502676963806	33.73372477552165
93	514.24634	242.19728	847.3898	107.803764	230.83215	472.8186	753.9197	-899.4346	724.1667	578.5	464999	168.74902	52.9868	298.7886	-119.46352	-170.49052	12.630301	3133.7562301158905	33.696303570142355
94	224.31856	228.48746	743.57306	30.98912	692.4005	402.83118	1222.8335	-237.25516	313.33334	893.4	469999	169.56248	53.701378	300.5661	-103.91588	-171.28658	13.05386	3161.246646642685	33.63028349521312
95	285.6273	459.10022	820.95734	-771.3618	190.91342	362.66672	734.6062	-648.5321	550.8889	563.5	474999	169.70518	53.95528	286.1616	-121.426414	-171.38382	12.860806	3186.602965593338	33.54318913409585
96	169.37433	347.08072	713.76483	-339.74878	645.98535	416.6686	1345.0953	-6.9860525	765.8333	771.4	479999	169.22331	53.791267	280.56342	-91.051544	-170.86983	13.040261	3213.0476241111755	33.46924610435963
97	492.98145	324.76367	968.0158	42.56798	359.5396	356.9885	868.8099	-437.57755	683.75	746.4	484999	168.38657	53.602345	276.50995	-153.6543	-170.02153	12.800539	3239.7530796527863	33.39951630720158
98	295.69504	351.18948	715.9228	-350.63208	1211.3792	214.57321	1527.1146	747.82166	863.5	1000.0	489999	167.41385	52.98275	269.73093	-131.68494	-169.03847	12.385696	3267.604066848755	33.34289866077657
99	727.0737	396.35666	1448.1963	97.90423	435.76398	349.87384	1138.4309	34.04472	746.5	569.6	494999	166.58531	52.275307	265.37613	-124.1339	-168.18813	12.016899	3292.7968833446503	33.26057460332158
100	545.5462	403.39926	1171.7349	7.0935655	216.64087	851.93726	1115.4884	-1318.2777	683.7143	779.9	499999	165.49257	51.762646	263.88953	-85.855484	-167.1094	12.379302	3319.343652486801	33.193436543941495
101	683.6436	333.50653	1209.7139	62.854286	1056.5911	549.3071	1714.5342	-104.12373	791.7143	1000.0	504999	165.01816	50.950245	261.72794	-91.426994	-166.6094	12.004976	3347.400299310684	33.142577239782504
102	549.742	629.0162	1503.6636	-463.45703	815.81915	350.40305	1358.3745	189.23311	841.5	871.4	509999	164.11838	50.281567	256.25784	-137.86855	-165.70291	12.607023	3374.562050819397	33.08394169339947
103	955.71454	235.13007	1200.5238	535.0678	1204.7004	501.5606	1673.4938	191.31053	857.6	845.7	514999	163.69145	50.121967	255.02806	-92.28444	-165.288	12.1922865	3401.4287436008453	33.0235800581071
104	618.84564	503.77594	1506.619	3.9366214	808.244	541.89655	1554.0074	44.908558	564.6	577.0	519999	163.28238	50.57166	259.051	-91.171555	-164.88458	12.772475	3426.765145301819	32.94966487930371
105	897.47296	472.24664	1472.7842	171.7719	536.8638	513.0461	1219.9794	-661.7189	659.5714	639.8	524999	165.16641	51.348194	268.6723	-102.00119	-166.9031	12.563242	3452.3904707431793	32.879909265609015
106	476.0547	256.35242	1024.5789	108.84304	387.494	573.05316	1686.1	-407.64328	614.1111	701.5	529999	169.339	48.514603	284.77075	-90.277596	-171.10228	13.195288	3478.5677514076233	32.816676918065774
107	563.14685	602.6605	1344.3851	-436.02942	761.6948	835.3581	1544.4364	-803.5682	858.0	1000.0	534999	174.82175	47.048656	301.9557	-105.19012	-176.9113	13.404808	3506.565218448639	32.771637575648654
108	224.39055	444.84525	950.0305	-634.9633	376.58203	301.31436	986.2418	34.07643	599.44446	580.5	539999	183.63425	46.25878	329.504	-140.95895	-185.56003	14.301734	3532.0893981456757	32.70453148418002
109	311.5967	295.34293	925.13837	34.582306	229.2719	385.24124	828.2229	-397.47775	654.0	843.0	544999	186.56071	49.50001	360.65207	-116.03132	-188.45148	16.152075	3559.370597600937	32.654776142277846
110	60.448612	341.728	581.96027	-523.00226	-456.57846	630.42926	50.847248	-1604.2657	844.0	429.2	549999	189.58992	53.63433	378.62744	-93.3569	-191.54126	17.809143	3584.058402776718	32.58234913132407
111	-182.6778	379.38303	424.40637	-661.3776	-144.81181	127.19365	21.233734	-293.93433	727.5	613.7	554999	194.8446	57.72022	375.53552	-135.62233	-196.96	18.865416	3609.8937673568726	32.521565491014776
112	-64.683655	95.848175	31.401613	-298.83472	-133.51111	394.91367	324.8522	-1153.2848	442.76923	632.7	559999	199.81032	59.529217	379.0018	-140.2259	-201.91522	20.000309	3635.6721427440643	32.461358436516356
113	-66.94912	218.88196	161.08081	-431.59027	127.906494	174.46043	461.95517	-145.85602	1000.0	620.1	564999	202.29445	60.35925	356.34232	-104.0549	-204.2998	19.016378	3661.1524760723114	32.39957945325733
114	-59.171387	206.77066	104.419014	-476.37808	72.43492	222.13719	574.63513	-224.72379	591.0	705.9	569999	201.38448	58.872417	344.1538	-132.22713	-203.2573	16.806185	3687.2143125534058	32.34398521456802
115	100.62368	305.5227	569.2909	-316.32663	-60.74166	502.48822	374.3643	-1493.2062	853.5	475.1	574999	198.89978	56.008266	342.00522	-141.05927	-200.75798	16.385406	3712.108337163925	32.27920294844586
116	42.828835	400.72928	444.80923	-958.7498	303.2977	257.37543	743.7823	-122.1968	645.375	808.8	579999	195.82323	51.750072	325.98828	-198.50252	-197.63776	16.427353	3739.2219796180725	32.23467225452949
117	157.14397	196.39336	502.92032	-188.81342	-72.87486	644.78015	655.4228	-1506.057	527.5	843.3	584999	192.13959	50.04433	327.2877	-94.33554	-193.89232	16.361773	3766.2881824970245	32.19049730260148
118	273.67096	579.0388	890.463	-790.49365	-182.24358	597.46155	395.94992	-1826.4229	1000.0	744.4	589999	188.92401	49.60342	281.28326	-144.91261	-190.83658	17.109526	3792.8658282756805	32.142930766283456
119	359.4777	234.11574	633.4813	-111.09758	1115.9906	177.19632	1255.4775	624.0038	709.2857	1000.0	594999	193.90593	47.379925	275.7031	-138.41713	-196.01593	17.557043	3820.7460374832153	32.10710957471062
120	504.614	287.66898	855.2863	-13.249522	877.11584	352.14987	1420.3397	509.6638	743.5714	953.6	599999	195.67383	46.26942	279.004	-125.87483	-197.57512	16.243454	3848.4861657619476	32.0707180639108
121	684.6186	546.17114	1251.912	-56.09154	844.59314	629.98175	1620.4042	-437.7135	709.1667	758.5	604999	195.66075	43.5776	271.83246	-164.33195	-197.6023	16.396261	3874.9467470645905	32.024353299259154
122	590.2824	589.07324	1337.7391	-528.1046	601.32544	517.77075	1562.3262	3.0484843	791.1429	860.9	609999	197.48953	41.4871	290.64145	-134.8298	-199.46498	16.599916	3901.8740928173065	31.982574548877654
123	312.0166	490.59546	1033.3644	-428.6325	111.172165	288.2803	643.8667	-473.34128	822.6667	826.4	614999	198.53459	39.97919	299.12268	-129.97906	-200.49178	16.249916	3928.940326690674	31.94260429948326
124	130.64908	163.84033	447.13715	-186.38077	352.72968	188.63072	764.2539	50.278828	456.2	740.6	619999	198.8741	38.41103	314.53772	-187.77475	-200.7342	16.401363	3955.3037660121918	31.8976110316092
125	232.60503	353.34467	711.4904	-324.80566	467.05927	337.7644	1100.9465	34.5441	732.75	738.4	624999	195.68114	36.414135	293.61258	-184.40347	-197.3917	14.853483	3981.739451646805	31.853915628433228
126	515.9643	263.6887	1008.8027	292.71307	566.6221	365.82367	1237.2693	60.90861	1000.0	715.9	629999	191.01294	36.178482	304.85483	-137.44908	-192.62218	14.266193	4008.078699350357	31.810148422680204
127	412.4534	228.5935	842.6521	141.86636	918.9383	321.4542	1365.9313	413.9806	653.8571	880.4	634999	185.74858	36.8359	260.98184	-114.976105	-187.341	13.38633	4035.536732196808	31.77587979609572
128	601.8963	235.49724	821.043	93.58469	473.6032	379.86835	1126.7847	39.104828	778.8333	699.7	639999	181.69145	36.842392	251.3011	-121.21331	-183.29324	13.097685	4061.6779663562775	31.73185912705958
129	741.9359	338.9873	1259.3555	263.85696	1033.4025	901.28937	1647.1436	-1453.4927	782.7143	975.5	644999	179.02144	38.559967	259.21756	-180.57184	-180.6381	13.207006	4089.473649740219	31.701346138651058
130	700.75055	341.39438	1266.3954	244.17426	494.9174	301.66513	913.72015	-0.95023024	748.8333	723.5	649999	178.41801	44.257065	274.24542	-100.58401	-180.11966	14.297979	4116.029595851898	31.66176613844358
131	438.88705	430.41516	1338.93	-12.603745	35.450043	637.87885	1471.9388	-648.5308	858.6667	904.6	654999	176.78795	46.475807	274.73676	-93.40691	-178.32886	13.005601	4143.586419582367	31.630430700214763
132	519.7579	335.92502	1284.5728	71.43804	573.64124	449.42426	1665.1578	20.026354	684.0	735.5	659999	173.23907	46.525845	257.71405	-114.43551	-174.7567	13.226159	4170.293086051941	31.593129456043243
133	649.342	254.52254	1111.2234	319.51053	1036.0361	325.9775	1321.8412	352.829	847.5	925.9	664999	170.40778	47.242302	255.11981	-106.96703	-171.91531	13.928804	4197.728244781494	31.561866516457464
134	718.04346	250.10654	1071.6838	404.78638	798.0382	467.1379	1537.5956	59.11062	755.6667	714.3	669999	168.39474	48.091576	258.64526	-123.721085	-169.91573	13.686863	4223.942748069763	31.521960822503956
135	683.7496	430.35364	1618.31	195.47281	-76.25731	946.5802	1885.1184	-1241.2958	776.8571	786.6	674999	167.2888	48.142868	256.93185	-117.05663	-168.8759	14.120197	4250.625327587128	31.486113550044873
136	435.9928	498.61722	957.6455	-515.13275	609.27814	560.53723	1500.8254	-335.59082	752.8333	836.0	679999	168.58655	47.1624	258.7046	-119.87495	-170.2297	14.707193	4277.7955441474915	31.454379016862195
137	746.5351	525.11816	1664.106	168.10588	701.6717	369.38773	1129.2863	24.98457	852.6667	718.7	684999	169.32281	46.049652	256.56036	-117.18206	-170.90215	13.77821	4304.081027984619	31.416649854966323
138	753.58594	461.03784	1454.6638	52.546585	483.72052	378.58945	1064.7422	17.242723	659.5714	526.8	689999	169.422	45.561836	257.12314	-114.56072	-171.04494	14.329829	4328.982140541077	31.369435816571333
139	50.20086	394.94305	707.35425	-412.82114	689.1457	491.6723	1363.4213	44.636097	1000.0	549.6	694999	171.64822	47.499413	267.2558	-103.59966	-173.29433	13.663175	4354.266520023346	31.325658432871318
140	558.62286	344.7469	1199.4222	39.24731	789.59296	384.34842	1452.2789	72.35175	635.6667	619.4	699999	172.93648	48.792187	281.53665	-128.39384	-174.64603	14.592289	4379.9551520347595	31.285393958432334
141	461.16562	316.04013	992.4655	65.15411	489.02423	360.50476	1324.6498	4.937814	682.8571	574.3	704999	175.78879	51.43077	312.73422	-93.60265	-177.50752	15.2777605	4405.617398738861	31.245513483142176
142	471.87225	321.5123	990.553	31.497179	456.96622	318.98264	851.81934	15.117449	520.7	564.7	709999	177.3889	54.66375	336.21652	-145.50887	-179.10858	16.0124	4431.081322193146	31.20479805872474
143	704.0744	605.8963	1643.6475	77.68655	361.01633	211.6309	768.19934	60.949955	657.1429	332.2	714999	178.17667	57.654316	357.76526	-98.094444	-179.8238	15.234425	4454.875440597534	31.15297512407903
144	499.38196	262.05493	836.52545	34.215813	402.17123	321.656	935.0287	103.59099	691.75	439.6	719999	177.84154	59.38144	359.13998	-94.5379	-179.47502	16.603178	4479.3498549461365	31.10659622649352
145	60.31277	739.74164	709.0685	-1901.299	153.91806	763.6275	930.53174	-1362.6705	505.0	905.8	724999	177.74854	60.391304	370.1099	-137.99803	-179.39038	17.361712	4507.1386659145355	31.083714953784284
146	242.67253	353.20108	600.43994	-472.8024	-317.1233	733.58453	642.5133	-1328.636	647.25	908.0	729999	177.03171	60.986443	338.62723	-115.220345	-178.61479	17.026747	4534.555473327637	31.05859914707811
147	251.49748	654.21576	796.5447	-1351.1852	1238.2821	542.0286	1979.9403	149.1076	614.625	910.6	734999	175.61209	61.05481	309.45447	-137.7658	-177.22203	16.698147	4561.803462743759	31.03267663190154
148	438.437	381.30475	844.9639	-220.40378	818.8608	241.55618	1313.7621	394.1209	768.6667	954.0	739999	175.20834	61.962406	309.5215	-107.11316	-176.83853	16.1662	4589.8766477108	31.012680064987492
149	492.64658	436.72055	1413.3517	63.471233	771.1937	568.9383	1541.0607	-90.00326	743.7143	811.3	744999	174.86473	61.770096	314.1156	-127.323524	-176.49617	15.9332	4616.779329776764	30.985096185799414
150	440.19202	327.8999	1017.7025	26.807158	136.17622	665.46246	754.1664	-1621.7146	603.0	707.6	749999	176.08658	62.6454	315.64337	-172.8018	-177.85257	17.060835	4643.428018331528	30.956186803181968
151	-483.70184	945.8981	628.43304	-1721.2397	-433.7815	791.30707	745.2222	-1597.1422	1000.0	922.1	754999	181.26413	67.87745	343.84015	-110.86586	-183.17262	19.592943	4671.109786272049	30.934501908472832
152	-850.47546	338.56137	-477.8479	-1354.6243	-191.2013	468.74762	515.33374	-1038.2588	1000.0	716.7	759999	186.55984	68.94229	347.88638	-159.68886	-188.5207	20.515732	4697.456795215607	30.904321035272197
153	-510.8016	573.58405	616.34406	-932.99347	-105.645874	230.74573	182.38525	-490.59106	1000.0	1000.0	764999	191.04565	67.45593	352.71265	-183.85484	-192.93555	21.941053	4725.635981559753	30.886509695863413
154	-158.03874	427.26572	388.08713	-693.0673	-854.02673	761.5003	394.1216	-1676.6128	840.1667	902.3	769999	191.83406	64.47116	348.29684	-140.6423	-193.6986	20.773798	4753.229745864868	30.865128233835296
155	-434.81143	515.2724	396.53912	-1103.5614	-80.90563	322.8138	353.63663	-802.2602	1000.0	1000.0	774999	192.98035	61.81443	338.52524	-111.99291	-194.82666	18.764069	4781.2049651145935	30.846483656667893
156	-29.452185	144.18257	171.90227	-295.14462	-47.29202	428.40988	694.8757	-669.585	843.6667	902.5	779999	192.32207	58.81485	322.5388	-165.22943	-194.08397	17.747213	4808.74852514267	30.82531107083345
157	185.57433	139.21024	387.11057	-12.996894	455.6032	367.6229	1028.1292	-359.06613	769.0	904.7	784999	190.12451	57.300137	307.05365	-159.55211	-191.83057	18.505438	4836.231504678726	30.804022334943152
158	62.39748	438.93527	746.3557	-497.35098	-45.412975	662.3787	1170.5502	-912.6681	1000.0	748.6	789999	186.51857	56.34234	295.72052	-125.865425	-188.15305	17.694866	4862.867309808731	30.777641213392908
159	361.91113	531.2478	937.7996	-638.4583	508.78287	349.86145	1272.152	-46.744358	1000.0	918.0	794999	183.62819	57.21714	302.99188	-118.750496	-185.30867	16.634872	4890.451343297958	30.757555630222058
160	-171.01381	749.0236	934.4497	-1451.3463	247.45535	561.55646	836.9698	-845.1152	784.1429	608.3	799999	182.24783	57.02237	295.4689	-123.75279	-183.91855	16.466341	4916.160452127457	30.726002837717534
161	498.13873	314.89633	1244.3005	151.44254	621.7096	309.21762	1002.4077	46.743202	479.8889	737.0	804999	179.97205	55.620144	313.38953	-97.168564	-181.56256	15.956701	4942.622693061829	30.69951984452905
162	744.97095	169.77496	924.95935	473.58514	526.256	340.50586	1274.7643	37.94434	879.0	648.6	809999	177.7953	55.311893	288.64413	-122.43068	-179.41397	16.096987	4968.473679065704	30.66959062623389
163	604.5727	413.09952	1372.679	22.03621	1151.5658	531.04034	1889.4211	307.2516	516.0	967.7	814999	176.14903	55.406982	275.93427	-153.16997	-177.74222	16.373507	4996.1391134262085	30.65116021969567
164	618.838	472.28925	1242.6144	9.404223	372.5955	402.4467	1100.4205	-158.446	700.7143	567.1	819999	175.38576	54.919167	268.18912	-143.45409	-176.9998	16.89486	5021.293495178223	30.617643276365794
165	286.76114	382.65912	683.15155	-303.80057	484.5166	392.59845	1180.9235	-173.03522	801.8333	573.1	824999	176.65945	51.8812	273.8212	-171.66058	-178.44348	16.877165	5046.862569570541	30.58704588918975
166	417.22305	595.9162	1053.9108	-819.10535	1251.9094	557.43524	1794.9293	38.744873	707.1429	784.9	829999	177.55719	50.271957	268.16702	-110.40988	-179.246	16.202206	5073.3878853321075	30.562577633972627
167	849.49054	214.42911	1170.6085	609.3679	518.5902	265.4505	868.4363	78.50666	915.1667	671.9	834999	178.26987	49.73142	275.93997	-141.76208	-179.97992	16.33599	5099.471957683563	30.535760238498984
168	395.75513	575.4788	1307.7512	-325.74277	500.5982	360.7114	1242.0095	171.64494	695.5714	751.6	839999	179.27954	51.895195	305.59198	-131.8189	-181.03635	17.027746	5125.992630958557	30.511860911335265
169	268.02997	812.0334	885.59064	-1729.7695	220.81502	664.0067	1733.6729	-688.98065	604.75	1000.0	844999	184.64403	55.083702	362.6067	-109.90043	-186.84502	18.739254	5154.024758815765	30.497187933272865
170	-67.09	414.0718	368.65134	-956.55164	-685.81067	618.4379	133.30605	-1912.0197	385.69232	1000.0	849999	197.14276	57.494125	416.11694	-97.73471	-199.45218	20.937159	5182.081134557724	30.482830214500428
171	-546.7721	587.10785	98.253525	-1639.3369	-462.59204	431.0693	468.97418	-914.8313	838.6667	1000.0	854999	204.94035	59.673573	419.8788	-108.48549	-207.0123	19.858887	5210.317440748215	30.46969264710856
172	-398.20456	477.59933	11.613616	-1421.5304	-272.38596	445.25076	663.9772	-874.86035	839.1667	1000.0	859999	206.34717	61.74374	410.05316	-158.41966	-208.3321	21.37401	5238.617874145508	30.457080673339757
173	-242.45654	226.59021	44.850983	-519.66144	-487.20416	504.9248	410.72852	-1036.5754	607.375	816.7	864999	206.82217	62.581657	385.99503	-189.18817	-208.7444	19.718573	5265.498311519623	30.436406437372195
174	-50.721336	305.0051	403.96362	-669.57965	152.44292	196.5109	547.81964	-144.10196	640.25	525.9	869999	206.73003	61.461266	364.9328	-134.64828	-208.77757	20.135427	5290.735577583313	30.406526318911848
175	-238.56407	259.4891	18.048893	-702.7116	-66.80145	515.58057	442.3015	-1438.6964	706.2857	902.9	874999	210.46268	54.10203	353.81363	-140.24744	-212.5358	19.547085	5318.423061609268	30.39098893574306
176	202.54349	411.91986	663.14716	-375.01465	742.89453	436.24838	1326.0747	149.00931	1000.0	799.5	879999	207.48035	48.26202	344.5138	-171.87656	-209.17249	18.344463	5345.251530885696	30.37074734676968
177	334.16504	450.37607	980.61383	-196.66663	888.66534	437.56076	1878.9078	259.8619	760.4286	968.6	884999	200.18819	46.179306	305.16705	-207.06053	-201.79549	16.799572	5373.017244815826	30.35602964385081
178	586.8515	474.9867	1336.1663	30.286406	481.79044	339.13403	1117.0931	108.782555	836.0	658.7	889999	193.33392	45.338028	278.66333	-148.04367	-194.88533	16.513056	5398.735057830811	30.329972247059427
179	793.90125	577.22394	1766.4968	68.70956	804.8039	554.52484	1719.7725	84.79041	539.7778	770.9	894999	187.1702	45.879314	278.6867	-125.81329	-188.70703	16.469461	5425.106082201004	30.307855219814364
180	868.2067	403.55142	1699.907	470.58002	1093.3098	468.51733	1606.1932	161.75793	848.5	808.4	899999	181.6909	47.00511	270.6685	-144.80653	-183.20993	15.939987	5451.742964982986	30.28746092584398
181	572.0525	480.36725	1581.451	128.8196	1541.2091	477.414	2162.9885	605.17206	553.1111	807.6	904999	176.75955	48.299538	269.4746	-165.30945	-178.22176	15.061073	5478.341089010239	30.26707785037341
182	1194.2058	510.48126	1756.7454	202.99083	875.8791	498.77408	2075.1233	449.57718	767.1667	1000.0	909999	173.03615	49.466015	270.26785	-111.28378	-174.53796	15.983941	5506.045743227005	30.25299860225929
183	1185.1907	497.51907	1747.1398	519.5678	1669.2195	227.96123	2024.4702	1173.5219	929.4	1000.0	914999	170.6313	50.65001	265.83173	-112.43558	-172.1752	15.3347845	5533.901505231857	30.239898944813046
184	1139.4015	395.48114	1890.08	697.12366	1240.9792	79.943245	1348.9071	1125.6987	848.1667	1000.0	919999	169.88095	51.539165	273.4229	-160.32973	-171.45403	16.53994	5561.612136125565	30.22615292409192
185	582.6083	355.60806	1268.2854	139.08464	1695.6888	67.90152	1786.659	1591.2946	524.0	1000.0	924999	170.93553	51.89655	265.51816	-134.67303	-172.69357	17.548473	5589.171896457672	30.211739993739773
186	683.7946	591.904	1693.122	151.49713	496.58154	214.57558	879.72815	197.7291	915.0	685.6	929999	177.14543	49.507355	269.30713	-108.566475	-178.98213	17.977863	5615.236411809921	30.18944308578327
187	653.321	606.0999	1952.0659	20.588364	1391.3567	655.4468	2147.7383	240.81789	455.92307	793.9	934999	180.10922	50.28842	270.29425	-117.423386	-181.90277	18.179897	5641.73668718338	30.16971491619865
188	598.32623	537.74396	1778.0853	91.363304	309.47418	451.3668	1079.9945	-471.93582	477.33334	815.6	939999	182.90553	51.70162	271.56396	-132.50526	-184.65462	18.532791	5668.781931400299	30.15309539120248
189	764.44025	634.9979	1863.5935	-111.41754	322.3069	127.303024	503.51883	108.67421	940.3333	522.2	944999	183.4958	51.96731	276.75534	-115.77229	-185.15529	17.633427	5694.000857591629	30.126988673336292
190	437.3691	308.23737	1223.9917	65.86994	1318.3042	803.05505	2194.8757	49.464905	453.63635	746.4	949999	182.1837	52.813507	277.859	-124.84733	-183.79007	17.032087	5720.200604915619	30.106318983278776
191	1065.5492	567.00653	1797.8724	90.96261	592.12976	362.84552	1125.0455	45.625137	845.6667	614.8	954999	181.15001	53.81035	277.54688	-178.23792	-182.78407	18.316048	5745.777591705322	30.082605203408846
192	763.02954	552.781	1845.3943	46.323845	1281.4529	708.658	2032.3118	104.57308	605.0	759.3	959999	180.53186	55.194504	278.87723	-166.66138	-182.17358	18.281141	5772.245967626572	30.0637810913225
193	998.1955	419.13815	1569.0676	229.77367	881.1177	388.14874	1383.4198	260.73718	858.1667	747.3	964999	180.09909	55.728306	278.46863	-138.98953	-181.74918	18.324493	5798.558786869049	30.044346057071586
194	283.946	622.9241	1188.3947	-1303.9725	1160.0868	688.83704	2055.3867	424.23245	410.6	657.7	969999	180.73746	56.050087	282.4914	-98.56917	-182.4043	18.036922	5824.163152694702	30.021459559804384
195	822.19556	456.83423	1763.4326	307.33905	498.08722	304.86722	1015.5397	165.59552	897.0	397.6	974999	180.5155	55.186275	281.69073	-208.59883	-182.16972	18.373915	5848.442628860474	29.99201349111704
196	849.981	398.8327	1642.4912	460.16397	792.2255	435.4539	1549.6267	10.932969	788.5714	640.8	979999	180.69931	55.383076	280.08887	-136.09442	-182.38127	18.136591	5874.119498491287	29.969997451013448
197	1216.3939	453.2981	1811.8643	532.27026	989.5423	517.4814	1767.7239	180.63832	859.2	730.6	984999	180.99403	55.93113	285.06992	-137.06696	-182.62653	18.317266	5900.13587808609	29.94992832605004
198	726.54987	471.90295	1453.9143	85.52913	1029.1306	508.78177	1837.1375	300.3024	567.1111	698.6	989999	180.04149	56.27879	286.6139	-240.00394	-181.64041	18.550982	5926.270204782486	29.930657610748753
199	905.51715	505.65237	1742.062	64.102196	912.9051	585.66095	1770.7332	30.025679	596.3333	988.4	994999	179.49333	56.777775	282.39334	-151.59164	-181.14067	19.251127	5954.143303155899	29.920318115895718
200	717.9484	606.9679	1759.0035	69.44945	1247.4634	763.1071	2252.4434	73.81745	731.7143	726.3	999999	179.43558	56.954998	284.8226	-164.65454	-181.08098	20.286572	5980.311944246292	29.90155972957611
