Epoch	AverageEpRet	StdEpRet	MaxEpRet	MinEpRet	AverageTestEpRet	StdTestEpRet	MaxTestEpRet	MinTestEpRet	EpLen	TestEpLen	Time Steps	AverageQ1Vals	StdQ1Vals	MaxQ1Vals	MinQ1Vals	AverageQ2Vals	StdQ2Vals	MaxQ2Vals	MinQ2Vals	AverageLogPi	StdLogPi	MaxLogPi	MinLogPi	LossPi	LossQ	LossQReg	Time	AVG Time Per Epoch
1	-236.69864	68.365974	-136.23253	-344.24387	-10.756234	0.93471456	-9.217901	-12.252841	1000.0	1000.0	4999	2.0542798	1.656138	12.599977	-3.8140287	2.054543	1.6551888	12.841783	-3.772134	-3.561791	1.0943782	9.016292	-9.856041	-2.8746176	0.60414314	0.3277584	35.90675210952759	35.90675377845764
2	-280.88284	44.260983	-237.59668	-342.56976	-47.882877	8.0912	-40.111454	-64.54346	1000.0	1000.0	9999	6.008649	3.069879	21.423933	-5.4360356	6.008102	3.069637	22.141155	-6.986599	-2.7965076	1.8140329	11.930171	-12.261077	-6.9023213	1.5361439	0.86633545	78.65159392356873	39.32579791545868
3	-100.812775	63.22161	16.056128	-164.28674	193.03226	70.40361	232.07462	-15.103109	1000.0	1000.0	14999	10.75585	3.9095335	32.219765	-4.9533787	10.755895	3.9073825	33.944653	-4.461981	-2.5904944	2.003997	14.413616	-11.723581	-11.618348	2.3111262	1.3165393	123.19745659828186	41.06581950187683
4	78.069214	99.35565	237.74811	-63.909966	565.3425	507.66373	1051.5485	-86.32041	1000.0	1000.0	19999	14.470416	4.6033316	42.923576	-2.8455286	14.470367	4.601429	42.3716	-2.8421516	-2.7846692	1.8664296	13.800936	-11.044871	-15.200834	2.3656921	1.3497292	167.85363960266113	41.96341037750244
5	240.08333	90.181465	396.71893	135.14969	996.7843	139.89159	1247.2802	824.98157	1000.0	1000.0	24999	18.133291	5.051753	47.488907	1.0162047	18.133186	5.0502043	46.789917	1.4314625	-2.5560277	1.9683977	14.396032	-12.234628	-18.831772	2.4240577	1.3832667	213.07124066352844	42.614248514175415
6	432.0546	52.8222	520.2023	365.60233	964.08777	131.36253	1214.6625	763.47424	1000.0	1000.0	29999	21.993032	5.195133	54.70428	5.623487	21.993053	5.192938	55.698593	4.905804	-2.3440404	1.9597015	15.018461	-12.277254	-22.626957	2.7296383	1.5600817	259.2465786933899	43.20776343345642
7	584.03864	69.622795	646.7969	464.94388	1051.0496	37.946613	1124.3127	997.12384	1000.0	1000.0	34999	26.21814	5.6899476	60.97373	7.2709627	26.218302	5.6879683	60.566315	8.0305395	-2.1501398	1.9960626	18.475805	-13.614399	-26.782589	3.1436815	1.8055974	305.3565936088562	43.62237082208906
8	744.1726	117.08865	947.5087	604.0216	1029.9075	222.66826	1312.069	572.09155	1000.0	1000.0	39999	30.48246	6.457043	70.47088	11.220222	30.482779	6.4548616	70.425674	11.549122	-2.0022216	2.0214965	13.191939	-13.469011	-30.992723	3.5814538	2.06232	351.52976274490356	43.94122064113617
9	933.5843	242.94748	1411.281	736.41064	2221.6272	374.19144	2698.342	1513.7192	1000.0	1000.0	44999	35.034824	7.8405514	80.8378	13.324224	35.03478	7.8396225	81.66024	13.672066	-1.7032753	2.1478212	17.899723	-12.645635	-35.52055	4.162943	2.4069254	396.70020866394043	44.07780117458768
10	1335.0039	361.55792	1780.854	882.2135	2428.8994	402.3647	2851.6228	1861.5284	1000.0	1000.0	49999	40.68381	10.787492	94.39236	16.634289	40.683678	10.787327	94.919426	16.456842	-1.3594066	2.321737	20.980558	-12.54329	-41.125175	5.7930303	3.3488598	442.31562900543213	44.23156311511993
11	1865.3955	497.2186	2481.8525	1179.7501	2514.5432	723.34595	3281.1416	1436.2871	1000.0	1000.0	54999	47.741493	14.917862	108.77125	17.925714	47.741543	14.917733	109.2655	17.75686	-1.0227317	2.5019507	25.902119	-11.909522	-48.16207	7.4859514	4.355371	492.3265643119812	44.756960587068036
12	2321.6382	556.0901	2801.3984	1623.5519	3619.9075	107.090645	3799.8435	3426.1074	1000.0	1000.0	59999	56.171078	20.114342	123.82533	14.328532	56.17091	20.115286	123.444984	14.379995	-0.7106484	2.7429888	22.0914	-12.758151	-56.545128	9.886375	5.7530236	544.2923576831818	45.357696652412415
13	3252.8296	156.698	3441.6	3065.6167	4070.6245	97.450424	4189.5894	3884.6501	1000.0	1000.0	64999	66.72344	26.71146	145.75381	8.996562	66.72377	26.712454	143.16747	6.1043262	-0.25530314	2.9940825	21.191225	-13.656328	-67.07974	12.385945	7.225308	596.3617947101593	45.87398437353281
14	3530.364	155.40544	3740.3613	3299.4958	4395.472	42.29546	4473.1377	4346.872	1000.0	1000.0	69999	78.59274	33.237427	162.96523	2.614265	78.59276	33.239025	162.0979	1.7334628	0.22067909	3.2201076	22.61604	-13.496929	-78.79974	16.486202	9.613046	649.723922252655	46.40885172571455
15	3849.8237	128.86005	4055.5825	3694.566	4514.7236	28.18405	4554.051	4453.1567	1000.0	1000.0	74999	90.624245	39.454	179.08585	-1.5345769	90.62416	39.454384	177.42113	-1.652462	0.64356625	3.3960674	27.085087	-12.879952	-90.903564	18.620699	10.902897	701.4836087226868	46.765574057896934
16	4224.4404	63.13898	4301.6772	4144.4478	4932.274	68.490166	5019.001	4815.627	1000.0	1000.0	79999	103.58649	45.819378	196.54843	-0.10150099	103.5866	45.819782	197.13095	0.7149682	0.98858446	3.5523398	28.405172	-13.302418	-103.88002	19.75007	11.570148	752.560263633728	47.035016641020775
17	4488.823	150.08592	4771.459	4367.1465	5156.171	99.56252	5331.5605	5031.9097	1000.0	1000.0	84999	117.29046	51.955036	218.87622	7.6811495	117.2904	51.95557	221.58795	3.5795972	1.3300861	3.7303348	28.680496	-12.77938	-117.58369	21.511957	12.591579	803.7157919406891	47.27739965214449
18	4626.905	40.075184	4682.314	4566.7344	5311.2017	107.646095	5443.042	5139.2217	1000.0	1000.0	89999	131.32098	58.00283	234.90147	13.180231	131.32135	58.003048	236.60297	12.482548	1.6324992	3.8518999	27.86423	-13.273705	-131.51495	22.875534	13.419738	854.8984217643738	47.49435688389672
19	4983.629	127.16184	5134.481	4813.0557	5448.104	103.9228	5674.45	5283.4844	1000.0	1000.0	94999	145.15276	63.96643	255.24286	15.871538	145.15245	63.96634	254.58655	14.298739	1.8730564	3.9171746	26.240145	-11.70698	-145.41574	23.990862	14.078463	906.3001289367676	47.700006899080776
20	5098.2827	54.138096	5162.8623	5038.3027	5570.4746	56.078083	5693.7495	5509.404	1000.0	1000.0	99999	159.06874	69.47457	270.0404	17.454254	159.06912	69.47418	270.61026	13.924607	2.0691495	3.9578204	29.24243	-11.473089	-159.20699	24.519846	14.446225	957.2856595516205	47.86428309679032
21	5151.4424	66.419945	5246.7925	5073.834	5521.835	83.029724	5691.202	5388.416	1000.0	1000.0	104999	172.9887	74.482	286.43173	15.5207405	172.98825	74.48238	285.45215	13.412958	2.3150618	4.039688	26.365643	-14.726152	-173.09288	26.771029	15.71303	1008.537919998169	48.02561532883417
22	5244.125	149.21797	5442.6206	5039.12	5820.484	39.84237	5868.289	5742.436	1000.0	1000.0	109999	186.39241	78.85941	302.286	14.70005	186.39233	78.858765	301.60797	10.209302	2.5248435	4.087135	35.609222	-11.409219	-186.40802	32.38141	18.750896	1059.358600616455	48.15266376191919
23	5353.1987	62.536583	5424.672	5281.8594	5953.764	75.48819	6049.6157	5803.5674	1000.0	1000.0	114999	199.41246	82.68704	320.0745	19.11592	199.41231	82.687065	319.22156	13.850555	2.7082474	4.0996046	27.724207	-12.284137	-199.41454	32.461487	18.894709	1110.6833312511444	48.29057972327523
24	5486.5234	43.224556	5558.4785	5423.586	5979.897	80.728386	6104.827	5857.3447	1000.0	1000.0	119999	211.50046	86.50488	329.0755	24.254578	211.50087	86.50431	328.91046	22.310804	2.8920503	4.19137	48.157364	-14.334085	-211.54291	31.69475	18.54637	1161.8359954357147	48.40983324249586
25	5548.014	87.86176	5641.0693	5441.7695	6099.8823	74.63801	6242.71	6002.0386	1000.0	1000.0	124999	223.25066	90.15003	340.80133	21.300426	223.25052	90.15013	340.98593	23.614023	3.0109084	4.1967974	36.528954	-12.847189	-223.15797	30.524088	17.934166	1213.4624798297882	48.53849928855896
26	5568.2803	157.56444	5782.449	5299.7246	6088.9434	82.76244	6272.5566	5943.947	1000.0	1000.0	129999	235.06682	93.08998	349.57333	24.7658	235.0668	93.08946	351.64005	25.167877	3.104036	4.187921	39.52023	-14.387861	-235.05925	31.268044	18.361208	1264.5614037513733	48.63697715905997
27	5682.0566	79.31046	5832.4272	5610.355	6284.5894	119.75644	6495.769	6089.453	1000.0	1000.0	134999	246.353	95.885	364.06873	26.905561	246.35295	95.884384	366.1948	25.259556	3.1533163	4.1990223	37.52487	-13.182156	-246.37857	32.463158	18.985834	1315.8920941352844	48.73674432436625
28	5735.828	45.01565	5785.4287	5666.8823	6494.4736	67.09806	6573.4224	6326.904	1000.0	1000.0	139999	257.32068	98.31018	375.84158	27.576021	257.32056	98.310234	377.7288	28.897884	3.2949352	4.2386317	52.440746	-12.634308	-257.34946	32.601883	19.15685	1367.0883684158325	48.824584654399324
29	5741.232	41.28252	5802.837	5681.5845	6530.968	54.873627	6609.8643	6431.2275	1000.0	1000.0	144999	268.17282	100.46271	383.7461	28.088161	268.1724	100.463455	382.5896	29.994186	3.4056294	4.274609	50.22108	-13.883996	-267.97598	33.843037	19.792145	1418.306123495102	48.90710779716228
30	5814.647	73.48552	5914.42	5711.593	6169.0767	57.6283	6273.269	6065.6265	1000.0	1000.0	149999	278.24234	102.73961	394.11157	27.863272	278.2427	102.739975	393.90994	30.162903	3.4579732	4.2503333	38.836014	-12.271055	-278.0746	35.494675	20.72541	1469.6562016010284	48.98854013284048
31	6052.671	74.78823	6162.8506	5946.079	6581.3384	58.04434	6685.3145	6484.0947	1000.0	1000.0	154999	288.1111	104.62676	404.4728	27.995686	288.1106	104.62745	402.86893	23.264679	3.6015646	4.2745986	41.401047	-11.543123	-288.1218	35.8651	20.947737	1520.6900734901428	49.05451857659124
32	6040.2236	94.93255	6150.324	5934.1753	6481.9746	36.89723	6542.603	6427.999	1000.0	1000.0	159999	297.00153	106.67522	412.03772	20.630957	297.0014	106.67587	412.20047	32.015152	3.6559436	4.2983003	39.58314	-11.4577265	-296.84457	36.64322	21.376188	1571.9153742790222	49.12235552817583
33	6136.5884	87.87266	6257.2	5988.3696	6395.03	45.265526	6472.0615	6322.683	1000.0	1000.0	164999	306.04468	108.278114	427.34555	33.66066	306.04425	108.27847	426.20544	32.767586	3.7681768	4.3400006	42.922523	-11.630529	-305.8814	36.803226	21.367685	1622.8919162750244	49.17854298967303
34	6094.2217	88.142784	6201.861	5972.501	6536.3716	103.41011	6674.66	6346.839	1000.0	1000.0	169999	314.36237	110.04479	431.07437	32.428066	314.36243	110.04502	431.8663	22.491741	3.8749213	4.3464584	39.979618	-12.07276	-314.27286	37.5498	21.906206	1674.1968426704407	49.24108368508956
35	6184.413	42.231335	6227.487	6108.4478	6898.245	70.964745	7003.432	6796.5024	1000.0	1000.0	174999	322.84918	111.49764	439.13272	26.8698	322.84857	111.49791	440.6784	31.30247	3.93404	4.3597198	53.070503	-14.567241	-322.51056	37.181313	21.608646	1725.5932636260986	49.30266474996294
36	6259.703	49.47405	6315.8706	6169.586	6621.943	89.136375	6766.7666	6482.6123	1000.0	1000.0	179999	330.77853	112.778595	445.00403	35.760536	330.77847	112.77958	445.19455	29.421947	3.999343	4.362133	37.645576	-10.942561	-330.54202	37.148685	21.597527	1777.1149656772614	49.36430467499627
37	6270.6807	29.93527	6321.3267	6240.0312	6857.7056	57.118824	6931.048	6756.1597	1000.0	1000.0	184999	338.76688	113.64831	456.5805	20.949015	338.76666	113.64861	454.4304	28.788944	4.0887175	4.39085	52.402775	-13.033331	-338.42188	37.344425	21.732807	1828.5473914146423	49.4201998388445
38	6455.811	53.352512	6551.817	6408.0713	6793.7695	67.66829	6897.698	6695.916	1000.0	1000.0	189999	346.12708	114.95201	461.51474	32.840305	346.12708	114.951805	464.16025	27.581182	4.1665144	4.4145637	46.5921	-12.869099	-345.83676	38.61716	22.383322	1879.7108511924744	49.46607510039681
39	6468.3467	71.9817	6584.146	6399.8496	7030.991	89.46847	7177.4526	6889.8467	1000.0	1000.0	194999	352.9905	116.47389	467.61133	18.543194	352.9901	116.47466	470.1827	31.41122	4.28612	4.4418087	52.768032	-12.300262	-352.58374	37.793922	21.89483	1931.0695822238922	49.514604739653755
40	6479.0713	91.37447	6655.7344	6398.287	7151.861	59.925835	7247.9204	7078.8643	1000.0	1000.0	199999	360.4934	116.81799	480.08554	24.69999	360.4932	116.818275	479.29987	28.31644	4.311699	4.4589624	53.170006	-12.122422	-360.19464	38.275578	22.290676	1982.2787690162659	49.55696929097176
41	6657.1616	72.67049	6780.529	6558.325	7196.672	93.93552	7371.854	7063.893	1000.0	1000.0	204999	367.09763	117.987335	485.34238	33.44803	367.0975	117.98726	487.0488	34.793262	4.3820643	4.4722204	45.663002	-14.252902	-366.65375	37.928326	22.062815	2033.3817267417908	49.59467632014577
42	6651.638	89.96376	6730.339	6494.5786	7366.335	76.63028	7494.9995	7232.3228	1000.0	1000.0	209999	373.9092	118.6165	494.49176	36.3103	373.9092	118.61775	495.10876	33.53011	4.4103274	4.4035325	39.40348	-14.647637	-373.6872	38.26918	22.166372	2085.361855506897	49.65147280125391
43	6568.6733	103.99354	6697.237	6409.4194	7487.5728	102.73158	7601.52	7271.805	1000.0	1000.0	214999	379.82416	119.72789	500.7815	34.52502	379.82352	119.72801	496.52255	34.136528	4.4807844	4.413572	45.00688	-14.038698	-379.70074	38.856644	22.599245	2136.5603964328766	49.68745113528052
44	6703.7266	122.36457	6838.2144	6494.5615	7385.9	115.77339	7559.3345	7175.246	1000.0	1000.0	219999	386.11227	120.40235	506.47546	31.95314	386.11227	120.40256	510.68463	30.292871	4.6157975	4.439908	33.71528	-13.082591	-385.7139	39.86577	23.058554	2188.071082830429	49.72888830033216
45	6753.2407	49.903896	6831.783	6675.331	7459.4194	75.885124	7567.2295	7335.6333	1000.0	1000.0	224999	392.571	120.55544	520.15186	36.267212	392.57053	120.55565	520.66846	35.52113	4.6844974	4.4604473	50.4471	-11.8746805	-392.3514	43.049683	24.792036	2239.500832796097	49.76668522093031
46	6703.702	83.601585	6867.846	6633.199	7544.621	103.79193	7730.0806	7380.831	1000.0	1000.0	229999	398.1079	121.24843	518.03156	35.416374	398.108	121.24926	520.7624	36.353188	4.729237	4.4457684	56.104794	-10.94042	-397.8519	45.132954	25.929075	2290.8747520446777	49.80162509627964
47	6867.3057	102.531685	7001.8867	6715.801	7589.8955	99.94943	7778.272	7444.858	1000.0	1000.0	234999	403.62933	121.97348	525.04816	27.597586	403.62933	121.974464	526.97815	35.656887	4.7726183	4.464899	47.301987	-12.027769	-403.4047	44.001717	25.335443	2342.2549698352814	49.83521217488228
48	6826.0703	73.5342	6950.087	6720.794	7638.468	146.75166	7869.5254	7451.9604	1000.0	1000.0	239999	408.80756	122.47781	528.0544	33.10943	408.80725	122.47717	529.22546	32.79093	4.8534756	4.4659457	36.624664	-18.294811	-408.3543	43.60435	25.142836	2393.5821664333344	49.86629518866539
49	6934.872	85.42422	7046.044	6795.0024	7687.493	79.24103	7831.7866	7601.42	1000.0	1000.0	244999	413.65067	123.27676	533.3742	33.121235	413.65042	123.27733	535.3251	27.927584	4.858549	4.4488482	36.864742	-11.912762	-413.34396	44.389435	25.555073	2444.8978731632233	49.89587500630593
50	6968.7476	73.16028	7046.284	6862.5654	7706.699	116.228264	7894.728	7508.239	1000.0	1000.0	249999	418.62845	123.448044	544.4913	35.532265	418.62793	123.44898	542.7719	26.403988	4.92193	4.500898	42.06137	-11.665694	-418.23236	44.715443	25.762281	2496.483367204666	49.92966739177704
51	7005.1436	75.85774	7120.3535	6883.897	7263.073	65.716385	7418.0254	7196.977	1000.0	1000.0	254999	423.24768	124.0044	547.3766	30.681492	423.24728	124.004295	549.62085	33.12118	4.938167	4.41941	43.019363	-13.953349	-422.96017	43.939743	25.292538	2548.226017475128	49.965216080347695
52	7113.5337	83.14934	7217.322	7009.4497	7694.828	78.1573	7758.9404	7543.257	1000.0	1000.0	259999	428.15015	123.83782	552.1388	26.47654	428.1502	123.837845	550.30664	27.88178	5.0465355	4.468464	47.29837	-12.904677	-427.6216	44.394352	25.540016	2599.5440015792847	49.991230845451355
53	7158.8945	140.5771	7340.9727	6924.443	7583.522	62.53931	7695.7153	7473.014	1000.0	1000.0	264999	432.88937	123.98413	559.59296	30.556314	432.88867	123.984245	559.91565	30.632114	5.084403	4.4667583	44.89383	-12.562525	-432.42038	44.510456	25.573864	2651.19443154335	50.02253648470033
54	7181.8047	166.60162	7365.36	6870.864	7702.2783	88.56536	7846.7554	7552.2505	1000.0	1000.0	269999	437.4082	124.41235	565.8545	29.526884	437.40805	124.412224	565.3042	31.196844	5.1248584	4.4918785	41.36759	-11.684946	-436.97595	44.086678	25.284637	2702.556506872177	50.04734276842188
55	7178.2227	143.41835	7309.2407	6934.4043	7522.1616	114.951675	7661.985	7341.1406	1000.0	1000.0	274999	441.85736	124.75717	566.9945	27.157269	441.85742	124.75692	573.821	31.282608	5.1744366	4.4757156	42.282387	-11.326244	-441.4316	45.66592	26.13077	2753.7904109954834	50.06891660690307
56	7257.663	91.650375	7420.042	7143.5894	7901.474	71.42341	8030.132	7803.7837	1000.0	1000.0	279999	446.21637	124.84171	570.66364	32.867233	446.21603	124.841644	570.28955	28.622171	5.2395086	4.4978523	45.015198	-13.1307	-445.68344	45.824326	26.201784	2805.2458202838898	50.093675404787064
57	7259.646	119.49019	7417.8774	7097.9224	7807.3486	66.599976	7944.447	7711.6914	1000.0	1000.0	284999	450.3472	124.74883	573.7458	16.597286	450.34695	124.74808	575.94055	28.193624	5.3563027	4.5218625	38.783115	-12.702415	-449.85464	45.9913	26.338213	2857.0702192783356	50.12403897235268
58	7339.375	76.369385	7453.564	7216.3374	7878.022	103.30561	8035.119	7650.1694	1000.0	1000.0	289999	454.2165	124.94128	576.9316	29.514807	454.21616	124.94121	577.35583	22.243076	5.3503785	4.502094	53.708767	-12.689673	-453.63727	46.691433	26.70918	2908.62913441658	50.14877822070286
59	7284.2446	113.30464	7460.7314	7111.801	8015.6045	120.10915	8257.94	7857.7954	1000.0	1000.0	294999	457.85526	125.21365	579.58966	30.18947	457.85492	125.21359	579.9216	26.533566	5.4036884	4.4926276	42.30044	-12.116474	-457.425	46.415207	26.540344	2960.736030101776	50.18196665634543
60	7361.8	89.03692	7535.0977	7296.589	7936.1235	152.4431	8137.1094	7633.4463	1000.0	1000.0	299999	461.472	125.55664	583.4828	25.026773	461.4723	125.55636	582.6364	13.33637	5.363648	4.486302	47.62653	-11.170419	-460.82095	46.627567	26.619757	3012.447893381119	50.20746492942174
61	7344.5312	90.502815	7446.5283	7191.204	8097.893	67.9753	8236.188	7994.2007	1000.0	1000.0	304999	465.39615	125.30622	586.5986	28.406067	465.3955	125.30641	586.9041	21.582867	5.437903	4.46623	41.227493	-11.545592	-464.81073	46.91345	26.7965	3064.3179626464844	50.23472074211621
62	7326.507	83.32342	7443.7627	7209.6724	8094.918	109.14584	8264.857	7874.162	1000.0	1000.0	309999	468.2951	125.96536	590.5862	18.953823	468.29498	125.96498	588.9007	14.90836	5.460071	4.4741573	45.94371	-11.718298	-467.7585	46.90356	26.79684	3116.024173974991	50.258454457406074
63	7328.0063	157.13641	7527.9683	7123.424	7866.7354	116.401535	8004.175	7622.7417	1000.0	1000.0	314999	471.91623	126.02596	593.1162	23.808786	471.91592	126.02559	592.806	23.277008	5.480609	4.480244	45.156578	-12.71943	-471.27014	46.228718	26.396057	3167.322160959244	50.274954969920806
64	7416.8115	96.405754	7542.0317	7266.087	7821.2866	110.00302	8020.452	7677.156	1000.0	1000.0	319999	475.20032	126.131226	595.8044	3.7825208	475.2	126.13131	598.1587	19.49591	5.5167303	4.5195103	48.96379	-11.660036	-474.57578	46.286907	26.369816	3218.9465968608856	50.29604062065482
65	7441.254	189.18526	7693.4487	7192.1704	8211.706	104.98454	8472.949	8078.7397	1000.0	1000.0	324999	478.4419	126.4066	600.498	26.138569	478.4419	126.40586	600.8898	20.965473	5.5423465	4.5350456	59.435555	-10.431303	-477.58	48.529858	27.576706	3270.3804063796997	50.3135447538816
66	7437.965	81.487335	7543.5957	7311.977	8182.3975	160.65327	8418.607	7927.195	1000.0	1000.0	329999	481.78467	126.14794	603.40546	19.695461	481.78445	126.148224	602.0784	24.616322	5.5739064	4.5154524	35.883633	-12.229883	-481.10715	48.633133	27.693813	3322.3792431354523	50.33907947757027
67	7399.022	81.38506	7477.373	7269.7173	7618.3438	95.56212	7752.203	7416.3696	1000.0	1000.0	334999	484.72742	126.03928	606.7647	21.964018	484.72775	126.03859	605.3262	25.892414	5.6016464	4.5128613	47.151726	-13.923229	-483.95865	50.26588	28.519903	3373.560042142868	50.35164245918615
68	7494.9126	118.8317	7659.6606	7334.7812	8132.3477	92.50797	8279.432	7977.9453	1000.0	1000.0	339999	487.71832	125.91535	608.78577	26.917185	487.71747	125.91522	611.2525	21.361008	5.645821	4.5025387	47.92583	-13.50045	-487.1403	50.97479	28.967566	3424.6759202480316	50.36288121517967
69	7518.366	144.23157	7673.78	7252.0635	7960.0483	79.23705	8101.6235	7864.651	1000.0	1000.0	344999	490.59787	125.70498	611.67126	23.854572	490.5977	125.70492	610.24945	21.7795	5.716247	4.534639	57.306946	-14.61493	-490.04547	50.831802	28.797472	3476.1066541671753	50.378357341324076
70	7443.806	65.39981	7515.1733	7337.6846	7801.1797	58.151142	7916.3076	7714.29	1000.0	1000.0	349999	493.41437	125.45162	613.89514	21.473991	493.4142	125.45191	613.9667	19.133533	5.7147098	4.534051	48.19128	-13.079671	-492.78555	51.37386	29.106894	3527.481988430023	50.39259986877441
71	7598.9346	24.263544	7630.6562	7569.1113	8041.993	84.44026	8183.357	7878.006	1000.0	1000.0	354999	495.72906	125.830864	614.6014	26.984564	495.729	125.83093	614.71014	26.68738	5.750142	4.574725	49.701996	-12.603405	-495.18137	50.552986	28.680662	3579.286006450653	50.41247899767379
72	7517.5205	44.31367	7563.3115	7445.6323	8273.127	82.93442	8395.313	8141.88	1000.0	1000.0	359999	498.39932	125.47137	618.94495	19.91222	498.39886	125.47158	618.6189	16.91702	5.738697	4.543994	53.114666	-13.281282	-497.7741	51.202045	29.03726	3631.0764422416687	50.4316172864702
73	7591.828	82.62947	7707.848	7458.046	8272.287	51.783245	8374.71	8212.393	1000.0	1000.0	364999	501.06265	125.06207	618.93994	22.830221	501.0628	125.06167	620.64716	15.040179	5.7418633	4.502424	47.927547	-11.147912	-500.57996	51.590187	29.292875	3682.6557428836823	50.44733897953817
74	7559.901	158.8698	7784.723	7319.4146	8060.8257	105.85346	8238.741	7887.994	1000.0	1000.0	369999	503.03036	125.45507	619.3517	20.167656	503.03006	125.45585	621.5742	11.281521	5.730765	4.4950624	53.16012	-12.587006	-502.56674	52.5074	29.719444	3734.476851463318	50.465903433593546
75	7577.1406	114.21459	7761.6045	7411.8066	8228.711	153.9517	8371.604	7794.959	1000.0	1000.0	374999	505.26016	125.253716	625.6251	23.863375	505.26004	125.25394	624.7029	19.562544	5.6839204	4.4808307	61.26778	-16.34475	-504.39062	51.563602	29.21567	3786.130112171173	50.48173486073812
76	7680.1494	156.67694	7939.6636	7474.1763	7956.733	103.4231	8078.0005	7713.3516	1000.0	1000.0	379999	507.65042	125.03187	627.30145	21.641308	507.65002	125.03148	626.1728	20.02825	5.7406125	4.464527	49.219463	-13.3100395	-506.94543	51.719093	29.23793	3837.9468183517456	50.499300272841204
77	7690.2085	54.313953	7757.675	7606.362	8287.369	44.517014	8357.939	8214.18	1000.0	1000.0	384999	509.62384	125.24866	627.7076	24.243488	509.62387	125.24865	630.355	20.0953	5.826143	4.503592	50.370934	-12.855642	-508.98935	51.362156	29.067879	3889.979668855667	50.519216509608476
78	7624.617	85.30568	7730.36	7486.504	8349.957	40.572548	8404.479	8292.152	1000.0	1000.0	389999	512.0694	124.73025	633.2511	20.125957	512.0693	124.72974	635.08295	21.611073	5.870591	4.5011663	57.79962	-12.1794405	-511.37686	51.555054	29.12315	3941.664925813675	50.53416574918307
79	7704.1665	58.904106	7789.7524	7635.559	8218.708	85.491356	8366.632	8085.3306	1000.0	1000.0	394999	514.276	124.733215	633.85535	25.493324	514.2761	124.73332	632.5337	23.135605	5.8687725	4.495294	50.63271	-11.846432	-513.55664	52.367687	29.577568	3993.2379648685455	50.547316041173815
80	7708.389	108.90333	7889.975	7576.814	8429.58	129.8187	8677.905	8245.402	1000.0	1000.0	399999	516.75616	124.00756	636.22864	24.70536	516.75555	124.00762	636.6745	19.872517	5.9095917	4.5135736	53.44094	-10.933471	-515.8057	52.97446	29.864212	4044.9546382427216	50.561933010816574
81	7787.586	100.733475	7978.7964	7698.7534	8296.109	52.5229	8398.042	8219.341	1000.0	1000.0	404999	519.15344	124.305305	636.4592	17.174042	519.1534	124.30485	637.1165	19.7007	5.8931193	4.4678407	57.89614	-13.757963	-518.4225	52.621876	29.639435	4096.487577676773	50.57392074149332
82	7849.382	88.558945	7968.933	7702.8774	8335.646	72.742355	8454.339	8221.474	1000.0	1000.0	409999	521.33563	124.219376	639.48083	19.360128	521.33606	124.218056	640.3561	12.225702	5.95955	4.491685	45.979088	-12.663702	-520.61365	52.81246	29.757862	4148.162890195847	50.58735234853698
83	7730.5757	122.61505	7854.438	7528.4155	8367.042	59.086838	8430.808	8218.581	1000.0	1000.0	414999	523.09766	124.719185	640.2085	20.388208	523.09766	124.71951	641.8135	18.658646	5.9101	4.4894047	49.94149	-13.848482	-522.37646	54.613586	30.683418	4199.906897544861	50.60128795095237
84	7713.639	88.522766	7818.4795	7563.036	8292.147	70.64689	8431.874	8186.187	1000.0	1000.0	419999	525.4875	124.05118	644.0904	20.772127	525.487	124.05148	642.9154	18.701962	5.969263	4.448089	68.410614	-11.848827	-524.75037	54.124012	30.43255	4251.341955900192	50.611213789099736
85	7705.7905	56.295013	7766.0596	7613.241	8008.596	120.77677	8213.411	7794.7573	1000.0	1000.0	424999	527.77563	123.82746	646.33875	20.54145	527.77576	123.8266	646.0032	16.305738	5.9864163	4.451942	51.659306	-12.28784	-526.965	54.81907	30.793293	4303.052319288254	50.62414496085223
86	7772.8267	35.948616	7821.398	7737.824	8138.6304	85.992294	8322.226	8010.3794	1000.0	1000.0	429999	529.4283	124.02067	646.7592	14.315041	529.4281	124.02112	647.9678	8.11388	5.970175	4.438931	43.01788	-15.184401	-528.7589	55.741486	31.246109	4354.7446274757385	50.63656546348749
87	7809.6616	102.13591	7982.917	7677.43	8411.448	113.86078	8597.2705	8238.824	1000.0	1000.0	434999	531.0351	124.204506	650.3237	8.4227705	531.0349	124.203575	651.02936	7.778937	6.060587	4.5187855	50.055943	-11.603931	-530.1887	56.220158	31.541525	4406.569350481033	50.65022244672666
88	7868.292	106.23674	7996.0405	7694.755	8411.025	59.127068	8499.482	8322.174	1000.0	1000.0	439999	532.9907	124.16305	652.29126	19.245163	532.99066	124.16296	654.1704	16.80563	6.038561	4.4295726	52.18678	-11.48308	-532.1858	56.38265	31.656475	4458.256329536438	50.66200377182527
89	7702.007	110.083694	7877.824	7579.944	8406.568	98.70499	8564.824	8241.581	1000.0	1000.0	444999	534.9976	123.71943	655.60974	18.530884	534.99774	123.71861	657.12384	15.193274	6.0047574	4.423809	49.158524	-13.365562	-534.21564	56.18191	31.529781	4509.996333599091	50.674116140001274
90	7981.742	89.14629	8071.9604	7817.1616	8423.906	94.11995	8541.145	8207.142	1000.0	1000.0	449999	536.84344	123.823845	653.1783	9.152436	536.84326	123.82434	654.08435	5.7525434	6.062936	4.4658365	44.4066	-12.268858	-536.0439	56.90077	31.838057	4561.458005905151	50.682866758770416
91	7799.802	71.55407	7871.748	7700.4434	8412.178	73.11449	8522.038	8305.195	1000.0	1000.0	454999	538.2559	124.25215	656.8703	13.444321	538.2562	124.25165	655.8218	11.581374	6.0695505	4.469403	48.898052	-11.896681	-537.6447	56.74515	31.819407	4613.233458042145	50.69487319673811
92	7842.8857	80.064	7941.5635	7734.1274	8413.881	125.554405	8563.475	8124.9385	1000.0	1000.0	459999	540.1531	123.6922	658.2288	13.94569	540.1527	123.69234	657.34106	12.687125	6.106193	4.459986	64.31775	-14.172984	-539.49677	58.099224	32.563763	4665.054039955139	50.70710915586223
93	7820.8584	42.50086	7888.204	7765.2554	8476.695	108.51078	8613.139	8185.7197	1000.0	1000.0	464999	542.1215	123.110916	660.2896	12.719835	542.122	123.11105	661.26276	14.373594	6.0831757	4.432082	49.11761	-12.256994	-541.2077	58.723194	32.866676	4716.890601396561	50.719253804094045
94	7864.3057	65.97157	7989.5635	7795.495	8174.0225	79.1266	8340.233	8056.17	1000.0	1000.0	469999	543.9755	122.65455	658.9372	17.21708	543.97546	122.65462	658.84393	17.693129	6.183206	4.3969207	42.083736	-11.532822	-543.29767	58.35222	32.67234	4768.77029466629	50.73159890732867
95	7899.1143	72.6719	8017.3193	7809.7573	8527.695	96.01385	8742.925	8416.269	1000.0	1000.0	474999	545.59894	122.53552	659.9331	13.695213	545.59875	122.535126	659.1121	13.543918	6.1953626	4.456329	55.81285	-11.36648	-544.6915	57.96276	32.43336	4820.2853746414185	50.739846078973066
96	7876.461	92.80343	7989.703	7764.847	8342.128	72.76791	8505.608	8241.277	1000.0	1000.0	479999	546.9691	122.82706	662.4868	20.35682	546.9695	122.826805	661.9246	17.743801	6.1070304	4.4537396	50.332443	-11.002806	-546.08276	57.344086	32.010906	4871.805829286575	50.74797741572062
97	8035.589	99.52208	8162.895	7918.7017	8345.992	64.85914	8462.935	8253.882	1000.0	1000.0	484999	548.68805	122.78666	663.92175	16.027834	548.68787	122.78674	662.0755	19.231907	6.071959	4.4343715	51.9848	-13.023339	-547.65295	58.08685	32.440006	4923.934265375137	50.76220894351448
98	7934.116	127.92277	8086.705	7744.111	8173.7	101.225105	8317.569	7971.198	1000.0	1000.0	489999	550.0595	122.86531	666.094	17.190039	550.0596	122.86513	667.445	13.316185	6.115817	4.410853	41.596386	-11.230464	-549.1291	59.8475	33.41366	4975.983282804489	50.77533965208092
99	7905.6904	49.84991	7955.1006	7816.339	8301.506	64.80291	8415.877	8238.308	1000.0	1000.0	494999	551.7611	122.645645	665.8816	17.487038	551.76105	122.64618	664.46155	18.446014	6.1556273	4.417126	56.62738	-10.228773	-550.8132	59.796886	33.32445	5027.861711502075	50.78648196085535
100	7903.2407	87.11994	8001.588	7801.907	8503.638	131.57198	8779.537	8351.657	1000.0	1000.0	499999	553.43463	121.96792	665.5909	19.497034	553.4343	121.96827	666.95557	13.602012	6.1678333	4.4145775	54.10004	-14.121993	-552.36487	60.102543	33.453987	5079.480506181717	50.79480508565903
101	7913.775	109.8672	7982.451	7695.417	8136.542	82.385414	8258.441	7996.409	1000.0	1000.0	504999	554.90247	121.4494	668.395	15.683529	554.9029	121.449104	669.90845	13.958372	6.208559	4.443243	40.726448	-13.859389	-553.9559	61.49811	34.19628	5130.978519201279	50.80176754045014
102	7975.9673	92.229416	8088.794	7865.656	8342.035	79.11598	8468.517	8215.907	1000.0	1000.0	509999	556.1158	121.595055	670.8553	17.895048	556.116	121.59433	669.3517	10.327124	6.2256846	4.4507957	52.91206	-12.963789	-555.18634	61.448364	34.161438	5182.828604459763	50.81204516513675
103	8067.8486	112.76112	8213.67	7935.9575	8415.451	87.59403	8620.236	8295.803	1000.0	1000.0	514999	557.8703	121.07004	670.0767	19.588749	557.87	121.07009	671.6143	19.037876	6.2788663	4.4660635	50.60443	-10.8743725	-556.92017	62.55225	34.756233	5234.65490603447	50.821892314744225
104	7982.839	73.78078	8074.499	7857.601	8253.556	101.70178	8420.105	8116.936	1000.0	1000.0	519999	559.12866	121.351135	674.5757	17.955376	559.12885	121.35045	675.4207	20.078562	6.265099	4.4356494	46.183285	-11.259946	-558.2878	61.624313	34.234123	5286.532730102539	50.832045506972534
105	8074.417	78.92018	8170.9585	7936.6987	8468.769	83.04086	8581.37	8323.635	1000.0	1000.0	524999	560.537	121.33776	674.58344	18.406458	560.5369	121.3383	674.8874	17.471949	6.282825	4.449475	56.51994	-13.571709	-559.6575	61.567238	34.157887	5338.624703407288	50.84404481706165
106	7947.979	115.128075	8108.378	7776.6455	8464.357	117.16491	8648.606	8236.348	1000.0	1000.0	529999	561.8927	121.34392	674.9637	13.478056	561.8927	121.34305	676.2334	14.93294	6.281886	4.474232	48.66592	-12.288248	-560.96454	61.78345	34.249836	5390.4250411987305	50.85306644889543
107	7925.224	232.62776	8140.5435	7531.8237	8433.268	71.86771	8541.917	8335.285	1000.0	1000.0	534999	563.3149	120.96506	677.1064	16.260273	563.315	120.96552	678.4807	9.837467	6.278844	4.4645305	48.8581	-10.254394	-562.3492	62.994164	34.944733	5442.470829486847	50.86421338420048
108	6961.447	2077.6484	8071.39	2807.1177	8422.338	60.4415	8550.962	8338.986	1000.0	1000.0	539999	563.14905	123.37034	677.91547	8.459841	563.1489	123.37025	678.1961	11.300344	6.3575153	4.492108	49.32119	-10.926037	-562.2311	66.060936	36.691467	5494.130884170532	50.87158228070648
109	7970.581	105.94828	8039.3315	7760.0664	8578.291	104.89656	8715.04	8397.556	1000.0	1000.0	544999	564.83795	122.24021	678.38196	10.127817	564.8378	122.24103	678.5452	5.3003936	6.3420486	4.496641	43.61402	-11.978518	-563.97064	67.124466	37.266865	5546.202271461487	50.88258967049625
110	7975.85	77.05322	8081.7744	7882.7095	8387.64	77.03103	8504.743	8228.094	1000.0	1000.0	549999	565.6526	122.52903	679.1363	20.38227	565.65265	122.52824	680.9293	16.84191	6.3817215	4.471426	43.17666	-12.495314	-564.7198	69.613144	38.662136	5598.16047334671	50.89236795685508
111	8059.392	139.05176	8277.367	7887.617	8433.189	131.45673	8699.939	8184.621	1000.0	1000.0	554999	567.0564	121.69038	679.14435	13.635628	567.0569	121.690445	679.0199	3.2547765	6.3868337	4.4213166	46.466385	-12.212711	-566.3199	69.3496	38.500645	5649.925617456436	50.90023081152289
112	8104.458	93.899574	8280.437	8006.7065	8465.484	102.236305	8634.687	8308.427	1000.0	1000.0	559999	568.2238	121.72505	680.65045	21.432562	568.22327	121.7249	680.7199	-2.7328172	6.3921	4.4197707	39.71949	-12.026872	-567.42334	69.4955	38.640076	5701.801400899887	50.90894110075065
113	8089.4673	71.727135	8192.028	8007.113	8570.287	67.81661	8617.563	8436.52	1000.0	1000.0	564999	569.3312	121.14836	680.2599	8.691966	569.332	121.147644	683.00134	15.699809	6.354041	4.432614	49.10033	-11.584751	-568.5154	69.91189	38.822502	5753.434541463852	50.91534994766776
114	8121.8467	55.235237	8193.026	8032.2783	8501.472	88.39803	8609.755	8365.329	1000.0	1000.0	569999	570.342	121.34417	682.1604	18.019133	570.3417	121.34432	683.27325	9.620316	6.3926234	4.3946953	46.4186	-10.830596	-569.63715	67.636154	37.59077	5805.2044496536255	50.92284607259851
115	8076.082	150.30241	8301.289	7918.8594	8503.214	41.054306	8563.495	8441.27	1000.0	1000.0	574999	571.6482	120.87303	685.9892	21.547153	571.6481	120.87427	686.5465	4.472072	6.395875	4.421844	49.4573	-11.54451	-570.89874	67.80608	37.625687	5856.883550167084	50.929422196097995
116	8008.3594	179.30423	8264.496	7733.01	8390.623	80.79908	8552.679	8284.707	1000.0	1000.0	579999	572.8251	120.85765	683.239	23.611416	572.8254	120.857994	684.48456	17.4222	6.3867855	4.4412885	47.94493	-11.496716	-571.9604	66.8328	37.042046	5908.742532491684	50.937435647536965
117	8163.221	76.48614	8228.716	8026.7505	8317.111	108.710045	8540.948	8125.0015	1000.0	1000.0	584999	573.926	120.86277	687.3601	21.719437	573.9261	120.86291	688.3136	19.089544	6.412256	4.417935	42.512486	-11.866039	-572.9443	67.02549	37.161278	5960.384648323059	50.94345855509114
118	8042.1772	95.067245	8201.917	7909.751	8676.583	75.579834	8825.599	8559.39	1000.0	1000.0	589999	575.0017	120.59888	685.797	18.175423	575.0017	120.599014	688.4072	19.071579	6.411031	4.449221	50.68801	-9.434847	-574.08167	68.19304	37.77755	6012.332234144211	50.95196810819335
119	8185.7393	92.25161	8356.082	8080.6084	8411.02	71.893005	8535.446	8261.694	1000.0	1000.0	594999	576.4645	119.834885	687.4439	17.057468	576.4643	119.83593	690.4968	15.786892	6.407938	4.409967	49.08032	-11.149256	-575.532	69.05205	38.16127	6064.325565576553	50.96071905849361
120	8142.728	100.00538	8293.778	8033.966	8329.873	96.3499	8500.959	8210.275	1000.0	1000.0	599999	577.4088	119.866646	688.3279	20.512566	577.40936	119.86598	689.24915	15.245554	6.408673	4.44228	50.60083	-12.140282	-576.34064	68.079315	37.615986	6116.20010304451	50.9683342119058
121	8089.05	90.652405	8189.871	7943.62	8558.388	110.946754	8741.809	8388.826	1000.0	1000.0	604999	578.2651	119.93531	689.69135	18.635527	578.2647	119.93564	690.4207	16.206865	6.425448	4.426486	43.678516	-11.450305	-577.3097	67.7915	37.486164	6168.390702009201	50.97843557349906
122	8081.8306	108.617546	8265.907	7936.9946	8598.495	102.91415	8744.668	8400.337	1000.0	1000.0	609999	579.07544	120.31354	688.057	18.7881	579.0754	120.31533	690.06793	13.364897	6.4306984	4.4053636	48.597706	-9.934334	-578.1535	68.84686	38.084427	6220.179393053055	50.98507700787216
123	7998.745	66.97407	8100.5415	7914.2217	8564.873	118.989494	8729.732	8382.476	1000.0	1000.0	614999	580.428	119.421074	689.39294	12.818047	580.42804	119.421265	692.15594	16.8224	6.4650483	4.432329	48.798626	-11.51783	-579.4376	68.3119	37.78985	6271.925779104233	50.99126651810437
124	8094.7812	152.44698	8274.399	7819.7056	8491.5205	98.559006	8639.25	8376.143	1000.0	1000.0	619999	581.32733	119.7371	692.242	10.984168	581.32733	119.737915	692.23	19.093319	6.4898763	4.457357	48.59676	-12.796408	-580.3124	68.4175	37.814404	6323.695618629456	50.997545328832445
125	8084.2627	85.77129	8173.6406	7962.4424	8511.862	55.523975	8625.8545	8446.686	1000.0	1000.0	624999	582.2344	119.82559	691.9526	21.336266	582.2343	119.82552	693.0296	15.733958	6.482181	4.4424033	64.5092	-11.524934	-581.3614	67.58941	37.30925	6375.270983695984	51.002167890548705
126	8110.818	49.81288	8185.7124	8038.0254	8411.226	64.367256	8520.528	8303.56	1000.0	1000.0	629999	583.22644	119.333	692.3202	14.024542	583.2263	119.33351	694.0547	12.535828	6.4973707	4.439809	52.602467	-11.070068	-582.35443	67.78896	37.447765	6426.8871281147	51.00704071824513
127	8187.7563	116.41346	8401.533	8078.733	8455.117	45.831192	8519.982	8395.521	1000.0	1000.0	634999	584.04236	119.172966	693.2587	12.256601	584.0424	119.1734	695.8583	13.975605	6.4337487	4.447595	57.54078	-11.410141	-582.8884	68.60818	37.872345	6478.611406087875	51.01268825380821
128	8024.634	125.29455	8215.607	7880.6924	8274.818	62.495262	8382.661	8179.749	1000.0	1000.0	639999	584.7191	118.97486	695.2126	18.334759	584.7196	118.9743	694.813	19.382835	6.5420337	4.446211	52.69969	-10.35617	-583.5075	68.695435	37.962692	6530.796117544174	51.02184469439089
129	8115.9814	122.81307	8326.925	7959.2065	8502.465	74.21701	8667.86	8403.633	1000.0	1000.0	644999	585.86017	118.45022	696.1052	21.045977	585.85974	118.451	696.4454	10.843393	6.477836	4.473912	69.86688	-13.053017	-584.8519	68.38805	37.772503	6582.660038471222	51.02837240788364
130	8140.81	116.91004	8367.369	8035.94	8273.518	88.000854	8411.663	8066.8613	1000.0	1000.0	649999	587.1193	118.2119	696.2117	19.923561	587.1197	118.21271	697.5014	18.046381	6.488878	4.426493	45.951492	-10.748759	-586.0242	68.96462	38.03082	6634.585792064667	51.03527534008026
131	8220.058	65.98348	8313.149	8111.043	8563.441	89.7413	8660.302	8405.587	1000.0	1000.0	654999	588.02014	117.83386	698.0005	14.461649	588.0201	117.83385	697.6034	13.114162	6.5335464	4.458459	51.25426	-13.358799	-586.93225	69.33069	38.22442	6686.730550527573	51.043744675075736
132	8151.9873	139.47565	8331.159	7911.2275	8689.766	96.36781	8879.727	8520.171	1000.0	1000.0	659999	588.84656	117.580444	697.9555	18.98159	588.84686	117.581406	698.58356	8.412365	6.512951	4.404066	47.926876	-12.369087	-587.9381	68.84368	37.933514	6738.763805389404	51.05124096978795
133	8220.54	117.29006	8394.1455	8094.224	8564.838	80.10571	8680.503	8385.357	1000.0	1000.0	664999	589.6136	117.874466	698.60516	21.2043	589.61365	117.87543	697.88586	18.975307	6.5338917	4.450326	47.13381	-10.866411	-588.5222	69.55895	38.368202	6791.032545804977	51.06039510095926
134	8208.318	97.428085	8323.3125	8033.275	8750.908	71.98468	8876.677	8630.973	1000.0	1000.0	669999	590.4057	117.76186	698.22217	18.350431	590.4055	117.762344	699.9861	15.983908	6.574126	4.482307	44.979	-12.731071	-589.3756	70.0313	38.6056	6843.2326130867	51.06890011723362
135	8286.146	130.14413	8506.135	8134.002	8608.199	49.452145	8670.832	8507.579	1000.0	1000.0	674999	591.4093	117.32081	705.78265	17.135262	591.4093	117.32167	707.4669	9.85949	6.6337705	4.470584	50.215866	-13.886045	-590.3904	71.83604	39.5129	6894.796194076538	51.072564418227586
136	8263.01	184.4026	8475.765	7965.6846	8644.201	58.02446	8750.597	8564.828	1000.0	1000.0	679999	592.0378	117.3456	706.1366	18.851583	592.03796	117.346054	708.44135	16.823408	6.614803	4.453083	55.427826	-10.933133	-590.8654	71.0715	39.193123	6946.625165462494	51.07812623416676
137	8110.915	52.20463	8174.3022	8035.265	8717.666	87.65481	8878.115	8604.852	1000.0	1000.0	684999	592.8722	116.95533	708.4288	14.51963	592.8724	116.95579	708.00806	6.2920127	6.578172	4.440645	42.303173	-12.174801	-591.85693	71.903625	39.673325	6998.32816529274	51.08268735530603
138	8270.744	107.76108	8418.23	8138.026	8554.27	124.07676	8675.587	8311.472	1000.0	1000.0	689999	593.576	116.91086	710.5341	15.009941	593.57654	116.9105	710.4683	10.198553	6.6259413	4.466196	43.390694	-12.760675	-592.66296	72.32235	39.87363	7050.523533344269	51.09075025890184
139	8169.546	81.003334	8307.048	8087.335	8619.428	124.25849	8811.565	8411.062	1000.0	1000.0	694999	594.1267	116.9713	710.9802	18.631346	594.1265	116.97279	711.1543	11.084532	6.639226	4.4541264	63.281963	-11.356661	-593.03705	73.065216	40.310787	7102.27682518959	51.09551674513508
140	8255.011	122.138535	8346.02	8017.475	8747.596	121.84206	8919.136	8540.532	1000.0	1000.0	699999	594.85986	116.786705	707.18146	14.721127	594.8599	116.78728	706.4378	16.249004	6.6263657	4.457565	53.878323	-14.505388	-593.7865	70.91336	39.10145	7154.279556274414	51.10199684756143
141	8247.953	180.9201	8443.609	7906.106	8715.797	65.01307	8821.734	8584.645	1000.0	1000.0	704999	595.4872	116.900894	706.47406	12.850734	595.48755	116.90104	708.547	15.165088	6.6717477	4.494662	48.23414	-11.675259	-594.25586	71.81044	39.6086	7206.267068862915	51.10827710442509
142	8257.236	96.391685	8427.153	8136.4194	8748.43	91.048996	8879.595	8592.752	1000.0	1000.0	709999	596.40924	115.932755	709.1301	14.29921	596.4094	115.93436	710.38196	12.551292	6.5612707	4.4186378	49.83286	-14.60783	-595.3218	72.79831	40.258163	7258.387180566788	51.115402695158835
143	8242.072	126.943275	8379.018	8030.338	8710.784	60.23754	8831.652	8616.017	1000.0	1000.0	714999	597.07825	115.826584	706.2863	9.233559	597.0784	115.827126	706.86066	9.3419	6.629612	4.4097958	66.477264	-10.588221	-596.0118	70.980034	39.256367	7310.5094673633575	51.12244384772294
144	8184.2954	136.45338	8388.296	8025.3403	8730.111	62.70985	8828.493	8628.048	1000.0	1000.0	719999	597.5294	115.770226	711.29297	9.47247	597.52954	115.770676	715.24426	11.885683	6.599137	4.415035	46.612038	-10.506824	-596.6437	71.43299	39.463413	7362.431668758392	51.12799771461222
145	8245.049	152.76964	8451.035	7994.5767	8602.709	93.6108	8786.033	8412.899	1000.0	1000.0	724999	598.07385	115.65083	713.72375	8.440407	598.07434	115.65259	712.7585	-3.4148793	6.6312146	4.417487	51.520702	-10.715933	-597.0538	73.46545	40.534428	7414.351915597916	51.133461504969105
146	8240.275	196.97043	8417.073	7883.385	8410.019	90.42322	8518.015	8204.398	1000.0	1000.0	729999	598.4146	115.8584	708.1619	10.686861	598.4147	115.85915	708.4079	5.630266	6.6038213	4.4164	46.84569	-10.510586	-597.2699	73.72655	40.67574	7466.197497367859	51.138339039397565
147	8186.608	94.82597	8300.71	8027.2446	8644.326	86.13599	8757.47	8492.27	1000.0	1000.0	734999	599.0333	115.08868	709.05786	1.1092367	599.0336	115.0896	711.5079	0.7370143	6.6680493	4.435255	48.584396	-10.493097	-597.8943	74.362915	41.060436	7518.114238500595	51.14363429011131
148	8197.738	124.3796	8390.759	8025.849	8825.424	109.34957	9063.637	8693.712	1000.0	1000.0	739999	599.5838	114.936	710.8588	12.34409	599.58386	114.93818	711.8241	7.5551896	6.646628	4.4136214	46.432137	-12.140948	-598.49084	74.78401	41.30488	7569.866700410843	51.14774799346924
149	8352.201	41.629467	8415.206	8294.395	8862.016	85.35048	9043.283	8757.79	1000.0	1000.0	744999	600.12024	114.6237	711.22473	8.533666	600.12103	114.624306	712.0557	2.6873102	6.667565	4.416813	40.426342	-11.473675	-598.98193	72.60895	40.205986	7621.68859910965	51.15227249324722
150	8267.011	67.1049	8347.466	8177.786	8716.26	114.97423	8860.491	8529.758	1000.0	1000.0	749999	600.61346	114.77327	705.8703	10.913389	600.61346	114.77511	708.6101	13.155466	6.707069	4.4184823	46.285957	-10.982173	-599.5087	71.99006	39.815685	7673.835052728653	51.158900369008386
151	8279.739	89.95486	8379.291	8115.444	8740.608	156.77722	9022.719	8543.639	1000.0	1000.0	754999	601.2295	114.81379	710.42224	12.648372	601.22974	114.81459	707.7077	15.76874	6.694433	4.4232936	47.515373	-12.854748	-600.3438	72.42649	40.04398	7725.709524393082	51.16363925175951
152	8282.117	26.221188	8321.092	8245.673	8789.119	104.53729	8984.936	8619.44	1000.0	1000.0	759999	601.8981	114.37675	709.7041	10.237656	601.89777	114.37902	714.2087	4.6778884	6.7416873	4.4384346	41.983242	-13.018618	-600.6624	73.93748	40.8544	7777.885674715042	51.1703005088003
153	8251.367	124.6514	8471.109	8116.997	8677.057	47.836918	8764.419	8608.816	1000.0	1000.0	764999	602.56506	114.09251	708.1284	8.947625	602.56555	114.09381	710.26697	5.43655	6.7183647	4.443917	40.911423	-10.782992	-601.2301	74.191666	40.983185	7829.778839111328	51.175025107813816
154	8316.955	139.25961	8520.867	8125.9067	8525.7	70.951164	8668.415	8430.529	1000.0	1000.0	769999	602.8778	114.26032	713.4168	-4.177938	602.878	114.26202	713.2339	6.204822	6.646856	4.4437885	40.196114	-10.201784	-601.82587	73.48629	40.66815	7881.574295759201	51.17905388404797
155	8307.912	95.8139	8489.17	8237.649	8855.86	56.872612	8965.522	8763.594	1000.0	1000.0	774999	603.4572	114.178154	710.907	-1.9781151	603.4576	114.17905	712.5626	4.0572987	6.6676383	4.391712	63.865566	-11.216954	-602.32904	72.97327	40.349182	7933.4947419166565	51.18383706000544
156	8264.319	81.48412	8354.677	8128.9224	8864.18	81.7918	9012.141	8732.58	1000.0	1000.0	779999	604.09845	114.22137	710.86176	11.584036	604.0981	114.22275	716.1547	11.835173	6.6903296	4.3739414	62.19365	-10.582035	-602.80505	72.87933	40.320587	7985.615056276321	51.18984011961864
157	8332.195	103.10268	8431.545	8149.513	8728.16	82.59341	8888.622	8623.116	1000.0	1000.0	784999	604.6523	113.78748	716.3945	10.301169	604.6526	113.78892	717.5577	5.0912848	6.7175617	4.4111495	44.669415	-10.860596	-603.60364	74.14763	41.047077	8037.777270555496	51.19603358560307
158	8300.729	141.16725	8439.828	8062.5806	8745.96	73.97715	8843.089	8606.592	1000.0	1000.0	789999	604.9465	113.55653	716.933	17.00671	604.94696	113.55752	718.33484	14.304548	6.758397	4.4060454	65.025345	-11.686457	-603.8617	73.5178	40.680546	8089.879270792007	51.201767551748055
159	8309.784	54.039238	8401.692	8249.072	8644.472	84.55308	8803.868	8523.921	1000.0	1000.0	794999	605.5507	113.256676	716.22504	5.3345213	605.551	113.25732	718.2765	0.90701437	6.74324	4.403426	59.683216	-15.08797	-604.4411	72.86313	40.283573	8141.910023927689	51.20698129755896
160	8259.076	49.412144	8309.142	8174.301	8839.753	73.89042	8972.952	8711.158	1000.0	1000.0	799999	605.9011	113.30594	717.4543	1.2036386	605.9011	113.30661	717.7125	6.6971107	6.752496	4.428129	47.206036	-12.407387	-604.67834	73.44637	40.633602	8193.744409322739	51.210902573168276
161	8286.85	84.30711	8453.703	8230.043	8798.737	82.544975	8901.237	8616.673	1000.0	1000.0	804999	606.4765	113.353195	716.14	8.795817	606.47723	113.35499	716.2145	14.732014	6.751062	4.4472437	64.82043	-14.245014	-605.41534	72.49573	40.09228	8246.054474830627	51.21772967066084
162	8314.657	112.22666	8439.964	8151.0854	8877.17	76.3477	9057.798	8771.615	1000.0	1000.0	809999	606.87866	113.547264	716.1187	0.022891998	606.87866	113.54942	718.9637	6.31998	6.723072	4.442611	52.114227	-10.716682	-605.5717	72.37616	40.05183	8298.07165312767	51.22266453872492
163	8330.759	42.472824	8402.447	8280.385	8747.127	90.13042	8947.014	8641.239	1000.0	1000.0	814999	607.41907	113.336655	718.1785	7.6917925	607.41956	113.3369	719.0266	2.4389796	6.7451	4.4319105	38.38627	-12.191195	-606.4783	72.882126	40.324486	8350.487130641937	51.22998240827783
164	8385.089	101.34612	8550.165	8262.163	8464.893	47.609695	8538.472	8395.79	1000.0	1000.0	819999	607.9653	113.18841	719.7473	5.9069643	607.96497	113.1888	722.91675	5.5933785	6.746703	4.404205	47.871384	-11.779455	-606.80304	74.11744	41.041645	8402.682116985321	51.235866581521385
165	8319.615	79.42574	8466.121	8243.198	8784.495	83.67898	8914.8125	8622.603	1000.0	1000.0	824999	608.39386	113.399506	720.1082	0.7420802	608.3943	113.3999	722.4379	-2.538999	6.7878685	4.4419603	48.3698	-10.650253	-607.1768	76.103065	42.213383	8454.615581989288	51.24009444930336
166	8410.01	176.33104	8591.494	8121.9736	8720.721	82.24354	8874.324	8616.394	1000.0	1000.0	829999	608.7044	113.86254	718.17523	-23.258518	608.7048	113.86237	718.9356	-1.1815405	6.7662067	4.435621	53.89103	-10.164987	-607.44904	76.08343	42.202858	8506.793233633041	51.2457423870822
167	8316.799	117.51265	8505.719	8188.8564	8441.046	77.44166	8554.2295	8271.557	1000.0	1000.0	834999	609.2653	113.48386	717.94324	-1.156323	609.26575	113.48396	720.3578	-9.364193	6.812105	4.4306383	59.97344	-10.113699	-608.06836	76.19904	42.274044	8559.084568500519	51.25200341847128
168	8372.125	114.68575	8535.495	8189.0366	8602.1	107.496185	8852.722	8510.059	1000.0	1000.0	839999	609.7817	113.61791	721.0458	1.5946169	609.7816	113.61865	721.71075	-0.17906523	6.771024	4.4136524	63.476757	-11.464331	-608.6104	77.65041	43.015182	8611.463942527771	51.25871395780926
169	8383.5625	110.577736	8489.257	8182.5376	8413.513	96.899475	8554.834	8278.524	1000.0	1000.0	844999	610.1099	113.45916	718.25635	-12.333536	610.1104	113.45991	719.3951	-17.17948	6.79449	4.4463124	44.159058	-13.284689	-608.91345	77.7155	43.101273	8663.543177127838	51.26356911094936
170	8422.497	123.76064	8572.815	8242.521	8729.084	110.0887	8965.836	8623.894	1000.0	1000.0	849999	610.7157	113.01059	719.07025	-25.575588	610.71576	113.01125	719.00745	-22.973482	6.8094296	4.4303064	60.46324	-11.004736	-609.5272	76.23851	42.25808	8715.76673078537	51.26921607746797
171	8395.515	126.59161	8538.554	8167.1987	8827.832	108.85981	9008.248	8623.265	1000.0	1000.0	854999	611.2804	113.22136	721.5749	3.5280957	611.28046	113.22208	720.9187	-8.125467	6.793984	4.477787	62.194157	-10.900112	-610.10315	74.79591	41.518486	8767.831713914871	51.2738696859594
172	8502.632	91.429375	8610.19	8383.341	8885.936	85.57968	9064.914	8725.131	1000.0	1000.0	859999	612.182	112.92589	723.6357	9.024965	612.1821	112.925705	722.4768	15.28867	6.7570853	4.4198093	81.7775	-11.192952	-611.25586	73.075935	40.526608	8820.019392490387	51.2791825297267
173	8381.99	91.613235	8493.024	8259.176	8827.148	81.52795	8967.279	8696.349	1000.0	1000.0	864999	612.7321	113.184296	723.0507	4.261022	612.7324	113.18429	725.4519	-0.63620806	6.712027	4.4120846	49.81204	-11.906253	-611.34784	73.26133	40.54474	8871.827864646912	51.2822420059601
174	8448.369	154.2085	8720.604	8325.262	8800.046	123.52088	8979.334	8591.5625	1000.0	1000.0	869999	613.18524	113.37479	721.8863	-6.406397	613.18494	113.37492	723.2087	6.791027	6.7915664	4.44228	49.695698	-11.521795	-612.1796	74.708305	41.396477	8923.637110948563	51.28527076628016
175	8470.325	121.71985	8682.996	8313.97	8894.275	92.89777	8998.328	8735.794	1000.0	1000.0	874999	613.9975	112.828476	727.1697	-4.9663506	613.99756	112.82947	725.9079	-9.891338	6.711092	4.4233294	55.808235	-12.245656	-612.82806	75.13622	41.64266	8975.94018125534	51.29108676501683
176	8394.018	92.3137	8541.035	8274.55	8728.432	67.75897	8867.522	8648.182	1000.0	1000.0	879999	614.35565	113.11773	726.6655	-0.17062569	614.3555	113.11771	726.01794	-8.704727	6.7380958	4.4303846	61.97377	-11.455778	-613.0659	74.73256	41.466743	9027.96264910698	51.295242338017985
177	8348.128	116.13863	8546.716	8206.359	8819.912	66.09883	8957.798	8749.733	1000.0	1000.0	884999	614.8224	113.08922	726.8745	-13.175429	614.82275	113.08836	726.9415	6.321624	6.8257103	4.4326873	57.13425	-11.89131	-613.7298	75.940735	42.086655	9079.924721956253	51.299009742036375
178	8405.913	24.47861	8433.194	8373.317	8889.729	120.6037	9116.032	8685.543	1000.0	1000.0	889999	615.6419	112.238144	726.1624	6.569083	615.642	112.23834	725.7122	1.8772278	6.827398	4.457932	46.433098	-11.804726	-614.4138	75.05766	41.59319	9132.522045612335	51.306303641769325
179	8360.381	102.20314	8506.395	8189.7646	8736.686	81.65174	8899.94	8611.2705	1000.0	1000.0	894999	616.1214	112.539764	728.20483	2.7123702	616.12134	112.538795	728.4143	-9.714678	6.820329	4.4448743	64.33357	-13.700931	-614.9387	74.15911	41.05015	9184.816183328629	51.311822266552035
180	8472.596	94.41888	8583.427	8309.637	8942.178	78.80246	9104.908	8811.953	1000.0	1000.0	899999	616.58856	112.44866	724.4338	2.2145333	616.5884	112.44826	726.7699	4.5387707	6.8069897	4.453453	48.02008	-13.159821	-615.24976	74.85121	41.449207	9237.01924443245	51.316773596074846
181	8329.374	51.009266	8393.171	8267.205	8396.362	77.77798	8508.32	8269.821	1000.0	1000.0	904999	617.0799	112.17968	728.0709	6.494625	617.08014	112.17898	728.302	6.7643375	6.7901545	4.456494	55.259823	-12.143633	-615.6949	74.07942	41.007557	9289.265328884125	51.321907907559726
182	8376.696	117.94021	8517.56	8193.083	8694.133	57.65334	8813.637	8619.7	1000.0	1000.0	909999	617.40344	112.14612	726.5241	-2.6538715	617.4036	112.14608	727.1448	1.2190399	6.7658315	4.4577837	69.48096	-11.848213	-616.156	75.2102	41.6214	9341.414235115051	51.3264518570114
183	8493.237	61.626892	8593.569	8424.553	8813.478	60.017796	8935.135	8711.095	1000.0	1000.0	914999	617.8231	112.335785	728.0643	-2.4246607	617.8232	112.334435	728.30383	-2.905517	6.7840095	4.4547067	53.049553	-11.171716	-616.7135	74.47275	41.20761	9393.295151948929	51.32948171766729
184	8330.912	81.33902	8402.68	8229.569	8207.581	107.822075	8444.165	8042.3804	1000.0	1000.0	919999	618.296	112.14639	728.9275	-6.8267493	618.2961	112.14539	728.62823	-7.20876	6.7683544	4.422036	53.654987	-12.207797	-617.24994	73.667786	40.803375	9445.350064516068	51.33342427792756
185	8500.247	104.1381	8615.835	8364.952	8865.193	44.51113	8928.118	8759.317	1000.0	1000.0	924999	618.8002	112.00942	728.1022	-8.241641	618.80066	112.00694	728.8994	-13.991858	6.7514553	4.396958	52.646854	-11.912359	-617.53906	74.97481	41.450073	9497.240826368332	51.33643691475327
186	8433.9795	88.4182	8589.993	8349.219	8872.596	74.10524	8983.901	8733.703	1000.0	1000.0	929999	619.213	111.89268	732.9645	-27.603765	619.2128	111.89178	731.7261	-20.900242	6.752873	4.412144	61.931404	-10.418882	-617.9705	75.69201	41.858227	9549.24429154396	51.340023085635195
187	7084.983	2584.1199	8419.597	1916.9838	8705.823	123.746704	8918.608	8496.268	1000.0	1000.0	934999	616.2989	120.34794	725.7133	-297.4374	616.29865	120.34689	728.0665	-307.80615	6.7155037	4.406796	76.38095	-12.256113	-615.0593	84.0375	46.637505	9601.386846542358	51.34431470014195
188	8386.029	148.16936	8634.495	8235.486	9078.229	92.22064	9197.84	8926.8125	1000.0	1000.0	939999	617.0527	118.89047	730.4624	-237.51466	617.0533	118.88886	732.38684	-249.17648	6.7323413	4.3931775	83.33698	-14.430954	-616.0558	81.81501	45.31701	9653.47178721428	51.34825420126002
189	8364.976	105.75228	8519.904	8254.605	8987.0	95.25444	9137.133	8829.468	1000.0	1000.0	944999	617.9468	117.41101	730.95074	-197.81352	617.9471	117.408775	729.44324	-179.23845	6.6931367	4.411656	100.299286	-13.706009	-616.79083	81.27589	45.086464	9705.662876605988	51.352713646712125
190	8478.311	108.95421	8587.144	8270.092	8097.6484	62.06495	8198.045	7987.903	1000.0	1000.0	949999	618.79675	116.68284	730.3823	-251.84244	618.7966	116.682076	730.59326	-234.81993	6.758854	4.4233937	75.67258	-11.820157	-617.5249	79.85098	44.26734	9757.728972911835	51.35646829228652
191	8568.349	89.343796	8648.608	8404.751	8915.069	96.811226	9092.896	8784.798	1000.0	1000.0	954999	619.49054	116.53111	732.47076	-313.9858	619.4907	116.53045	729.989	-293.34897	6.7664413	4.3911166	69.268234	-11.2299185	-618.27155	78.60699	43.664642	9810.068871498108	51.36161714074499
192	8373.706	101.35057	8484.791	8197.985	8952.023	65.86627	9067.962	8843.854	1000.0	1000.0	959999	619.4213	117.24196	731.59796	-312.92404	619.42145	117.23974	731.96075	-263.42496	6.8192544	4.41921	101.22846	-11.081798	-618.11957	80.2875	44.599274	9862.299187660217	51.3661416148146
193	8518.53	72.19396	8596.69	8416.043	8868.271	116.10494	9018.011	8618.964	1000.0	1000.0	964999	619.89667	117.0458	730.1343	-301.21024	619.897	117.0442	729.671	-281.49844	6.7204432	4.4376817	82.38058	-11.525625	-618.4949	79.40829	44.10153	9914.30361866951	51.36944881498505
194	8510.584	92.636856	8663.375	8414.421	8890.377	102.31528	9062.278	8757.046	1000.0	1000.0	969999	620.7037	116.59401	731.8009	-283.11703	620.70404	116.59294	728.9401	-273.73535	6.7185655	4.4484553	59.353615	-12.8523655	-619.3774	79.920265	44.449245	9965.97599196434	51.37101028014704
195	8483.604	121.961624	8635.34	8277.777	8929.731	101.3526	9094.816	8767.25	1000.0	1000.0	974999	621.0004	116.61602	731.9611	-241.68387	621.0001	116.61464	733.6305	-232.20346	6.7936425	4.4602523	46.673756	-12.8118	-619.5934	78.30052	43.572662	10017.967819452286	51.37419395935841
196	8452.416	173.20166	8632.21	8212.934	9011.018	93.6617	9136.055	8821.173	1000.0	1000.0	979999	621.78406	115.44199	728.6898	-305.2871	621.7845	115.4409	730.73596	-301.6907	6.799379	4.463774	62.174484	-9.970499	-620.5388	78.73339	43.750633	10070.16893863678	51.3784129656091
197	8424.104	58.19347	8513.503	8357.679	8859.55	87.32362	8976.514	8715.407	1000.0	1000.0	984999	621.89874	115.84663	731.59766	-290.3427	621.8984	115.84538	731.2905	-285.33917	6.7517796	4.4490128	66.05422	-11.356615	-620.65985	77.47644	43.079124	10122.396976709366	51.38272578946225
198	8408.338	53.39107	8475.375	8332.141	8910.0205	95.00952	9010.284	8687.267	1000.0	1000.0	989999	622.3527	115.67501	731.823	-321.7986	622.3534	115.67148	731.1502	-282.77704	6.727675	4.4057894	60.01742	-11.367852	-621.1347	77.983475	43.26316	10174.712204694748	51.387435389287546
199	8347.532	87.47141	8502.527	8256.468	8819.648	93.774216	9007.179	8631.965	1000.0	1000.0	994999	622.56726	115.44926	733.6576	-314.1009	622.56726	115.44811	732.6134	-284.41898	6.789943	4.407869	45.674915	-11.117714	-621.31604	81.03125	45.04144	10226.948998451233	51.39170352058794
200	8405.975	78.85336	8497.686	8293.669	8540.036	108.96769	8770.58	8390.14	1000.0	1000.0	999999	622.64655	115.58578	730.5357	-356.21848	622.6464	115.58465	736.228	-329.50977	6.8484387	4.482946	91.96976	-11.512669	-621.2061	83.10588	46.003796	10278.729563951492	51.393647830486294
