Epoch	AverageEpRet	StdEpRet	MaxEpRet	MinEpRet	AverageTestEpRet	StdTestEpRet	MaxTestEpRet	MinTestEpRet	EpLen	TestEpLen	Time Steps	AverageQ1Vals	StdQ1Vals	MaxQ1Vals	MinQ1Vals	AverageQ2Vals	StdQ2Vals	MaxQ2Vals	MinQ2Vals	LossPi	LossQ	Time	AVG Time Per Epoch
1	54.231297	16.177698	138.4606	26.86567	161.95187	47.926952	259.55182	101.44037	5.972521	17.5	4999	23.767328	13.504396	62.25899	-0.12648052	23.770422	13.500021	63.155205	-0.4803575	-25.483534	2.9652197	16.16088080406189	16.16088342666626
2	55.54221	18.190878	129.4276	26.926563	240.22433	31.239449	288.13034	194.7747	6.115055	25.9	9999	48.323875	33.658543	131.96823	3.3491356	48.323772	33.65729	132.04979	3.737215	-58.622517	6.922302	37.116233348846436	18.558117985725403
3	431.47342	167.848	1007.2985	54.355198	519.7842	158.2187	745.91016	240.87468	46.38318	55.8	14999	80.20076	61.93925	199.39163	2.62864	80.199745	61.94074	197.57573	0.7667415	-97.50442	31.432697	58.55131793022156	19.517106691996258
4	671.1088	388.2138	2595.3865	296.90164	1395.175	698.865	3086.339	625.2315	72.0	149.3	19999	116.184944	84.11935	257.65167	1.9703617	116.18359	84.11811	257.44952	3.580036	-134.3483	70.54402	80.69804692268372	20.174512267112732
5	2339.4434	2230.6172	9338.584	381.57498	9331.793	0.85019535	9333.119	9330.6875	250.58824	1000.0	24999	148.22299	102.057785	304.87128	2.0773606	148.22168	102.058624	309.8708	2.1448438	-167.24728	174.22235	106.30571842193604	21.261144161224365
6	9331.031	4.192056	9337.992	9326.644	9312.175	0.12860999	9312.531	9312.011	1000.0	1000.0	29999	185.55211	118.71537	347.87335	2.662997	185.5502	118.71602	343.77695	2.2156198	-205.4074	352.08148	131.6007218360901	21.933453996976215
7	9320.892	2.4879253	9325.723	9318.931	9311.278	0.045170635	9311.375	9311.192	1000.0	1000.0	34999	220.88641	130.56204	375.7198	3.0376506	220.88527	130.56114	374.58237	2.048936	-239.82106	521.2471	156.7629280090332	22.394704341888428
8	9317.46	0.56786096	9318.231	9316.727	9310.127	0.04821589	9310.189	9310.037	1000.0	1000.0	39999	250.38953	137.43942	402.93552	3.2995584	250.38815	137.44171	401.9447	-1.3688495	-268.8546	627.7707	182.28491473197937	22.785614669322968
9	9319.098	0.72139406	9319.869	9317.781	9314.4	0.33801463	9314.881	9313.761	1000.0	1000.0	44999	275.9712	142.13202	418.3987	2.66055	275.96964	142.13286	419.39792	-0.7537923	-294.36984	898.8255	207.91070914268494	23.101190169652302
10	9317.865	1.1167333	9319.833	9316.64	9309.725	0.11402596	9309.881	9309.556	1000.0	1000.0	49999	292.03113	139.77536	440.01022	2.9096339	292.03018	139.7799	431.6568	1.0830104	-311.4553	1693.0514	233.00608849525452	23.300609087944032
11	9318.158	0.41368943	9318.752	9317.553	9318.115	0.6297013	9319.225	9316.941	1000.0	1000.0	54999	304.70367	138.02423	445.35315	3.9974077	304.70242	138.02448	443.85684	-1.2476885	-322.9477	1696.0457	258.25637888908386	23.47785286469893
12	7800.981	3394.0889	9320.291	211.56737	9312.385	0.04390406	9312.479	9312.329	837.1667	1000.0	59999	314.37836	137.61104	455.38345	4.4245048	314.3773	137.60907	454.79245	-2.862016	-332.5775	2029.571	284.12652611732483	23.677210728327434
13	9186.349	262.8983	9318.893	8660.554	9311.268	0.30582252	9311.628	9310.845	986.0	1000.0	64999	328.7755	140.01495	462.4994	3.9954867	328.7745	140.00908	459.53638	0.28674427	-346.9294	1909.3763	309.19375705718994	23.784135359984177
14	9316.264	1.6305151	9318.712	9314.423	9312.633	0.39194566	9313.481	9312.199	1000.0	1000.0	69999	341.1612	140.28925	470.93307	3.7418478	341.15933	140.28741	468.19687	-8.01014	-358.06317	1885.936	334.4103181362152	23.88645146574293
15	7827.135	3330.4233	9317.012	380.0825	9313.165	0.27836657	9313.814	9312.843	840.1667	1000.0	74999	355.53537	139.67303	479.43445	3.4040813	355.53574	139.67552	473.57712	-7.704248	-372.5896	1935.6466	359.7505421638489	23.983369652430216
16	7791.811	3411.0613	9318.924	164.44693	9312.249	0.93729717	9314.118	9310.895	836.3333	1000.0	79999	370.61072	139.3563	483.11533	2.5829968	370.61163	139.3589	486.87726	-16.679874	-387.3064	1975.6302	385.5928809642792	24.0995551943779
17	9316.3545	0.7984424	9317.437	9315.014	9310.416	0.116545275	9310.596	9310.162	1000.0	1000.0	84999	383.86844	139.41663	505.7227	-1.2271491	383.86887	139.41689	497.9287	-18.349695	-399.3664	1905.6366	410.84302496910095	24.16723688910989
18	7915.7856	3136.508	9322.366	902.3421	9315.816	0.5204381	9316.89	9314.959	849.5	1000.0	89999	395.2907	140.21529	506.53326	-2.496955	395.2887	140.22635	502.58557	-18.149755	-410.93845	2201.7988	435.8378252983093	24.21321263578203
19	8375.288	2103.4956	9316.751	3671.7292	9303.119	0.30524415	9303.891	9302.787	899.1667	1000.0	94999	405.82086	139.85622	524.3938	-8.294128	405.8211	139.86026	517.4005	-19.129787	-420.71603	2173.512	461.47253823280334	24.288028453525744
20	8346.553	1937.8643	9322.367	4470.836	9324.845	0.4619188	9325.471	9323.786	896.2	1000.0	99999	398.2859	131.98746	513.43	-0.359842	398.28552	132.00938	514.10657	-18.982801	-415.41888	3581.61	486.7508795261383	24.337544071674348
21	9318.741	4.0156283	9322.628	9312.456	9320.214	0.13538481	9320.51	9320.036	1000.0	1000.0	104999	394.86945	129.00597	513.771	1.4614573	394.86752	129.01888	512.0542	-19.01757	-413.13434	3803.7024	511.89113998413086	24.375768706912087
22	9321.394	7.063829	9331.559	9314.517	9338.467	0.33205867	9339.259	9338.143	1000.0	1000.0	109999	395.14685	124.066376	518.52026	-1.205528	395.14935	124.07747	511.21558	-18.508642	-414.22037	3676.3115	536.947863817215	24.406721169298347
23	9330.235	5.4450417	9336.73	9323.723	9321.615	0.25776348	9322.153	9321.328	1000.0	1000.0	114999	417.65692	127.87464	529.1561	-4.1127315	417.6565	127.88352	533.0174	-15.593126	-431.41718	1963.492	562.7741866111755	24.468442979066268
24	9318.3	2.070272	9321.985	9315.949	9324.245	0.22976711	9324.675	9323.893	1000.0	1000.0	119999	412.78937	123.425385	535.9708	-7.195142	412.78824	123.44976	529.7405	-16.96226	-432.85104	4624.056	587.7264614105225	24.48860263824463
25	8292.388	2291.793	9321.04	3167.7852	9330.516	0.25224385	9330.8545	9330.1045	890.1667	1000.0	124999	397.3146	114.605545	526.0919	-9.049847	397.31342	114.61514	530.78467	-23.831558	-415.54663	4465.3555	612.8706822395325	24.514827375411986
26	5824.9775	3424.4495	9317.225	389.00784	9318.078	0.34851626	9318.516	9317.466	625.5	1000.0	129999	376.5935	106.73596	515.0566	-9.766992	376.59274	106.7686	515.35077	-15.462078	-397.0815	4910.972	638.4036428928375	24.55398635680859
27	7183.5796	2452.5007	9315.141	2679.1392	9315.646	0.16840056	9316.032	9315.476	771.3333	1000.0	134999	357.8207	97.909904	525.6285	-17.63186	357.8204	97.91278	503.7531	-25.54826	-377.32376	4131.6226	664.0915813446045	24.595984556056834
28	1075.1301	1141.7421	7361.2144	324.05545	402.6092	18.66499	426.95245	362.0342	115.62	43.4	139999	345.76233	92.19901	480.00415	-17.155985	345.76224	92.21745	482.0717	-27.214077	-364.3375	3687.3765	685.5278432369232	24.483137326581137
29	655.9168	435.55188	3252.3984	286.42636	9328.544	0.8946951	9330.698	9327.51	70.5942	1000.0	144999	329.68732	88.34947	465.3935	-11.910412	329.68335	88.36742	496.38095	-46.061302	-349.8319	4412.264	710.6610426902771	24.505553261987096
30	1959.0159	2675.0625	9325.846	238.98337	9320.631	0.094952814	9320.763	9320.446	210.3	1000.0	149999	330.10413	88.87153	449.68402	-17.693548	330.10468	88.87955	455.95303	-52.12682	-346.657	2719.0664	736.563364982605	24.552112237612405
31	4681.02	3353.2363	9319.687	816.3303	9331.451	0.23363246	9332.034	9331.129	502.72726	1000.0	154999	330.064	87.6496	445.3016	-9.065148	330.06052	87.64007	454.99527	-19.989656	-340.72382	2025.6862	761.6452887058258	24.569202930696548
32	5340.6875	2602.4985	9322.123	1825.3043	9345.363	0.2517028	9345.875	9344.973	573.0	1000.0	159999	323.55923	86.90454	494.79553	-17.372446	323.5597	86.88547	476.77094	-35.09232	-335.55875	2155.2812	786.693196773529	24.584162458777428
33	4504.069	2381.1616	9042.695	1313.3483	9333.359	0.1324897	9333.576	9333.106	483.1	1000.0	164999	318.24857	86.88538	473.7092	-10.333008	318.25238	86.8671	467.3738	-35.575397	-330.36472	2247.0288	812.4330997467041	24.619184891382854
34	3125.3042	2650.721	9328.484	173.40524	9332.529	0.2051818	9332.924	9332.044	335.2	1000.0	169999	309.58017	88.55751	492.8662	-8.25775	309.5801	88.54448	472.54993	-17.212654	-324.80286	2943.6362	837.9879086017609	24.646703264292547
35	2080.0205	2151.385	9324.06	408.24478	9331.45	0.2690631	9332.003	9331.021	223.21739	1000.0	174999	320.0112	91.84062	490.36996	-35.41545	320.0075	91.844894	505.90646	-36.200775	-341.3662	3442.2305	863.3913383483887	24.66832401411874
36	3354.4841	3165.5427	9324.684	325.33234	3959.2603	4367.585	9308.697	334.07825	359.92307	425.4	179999	355.78357	93.15885	478.25256	-24.543018	355.77835	93.18902	485.66046	-43.806988	-368.57208	1817.0272	886.2442200183868	24.61789506011539
37	3280.386	3268.1267	9334.109	203.30415	9346.928	0.51070267	9347.613	9346.144	351.93332	1000.0	184999	370.6893	94.597015	479.42886	-26.396221	370.6901	94.59935	481.57614	-33.60975	-378.4698	906.4183	912.0349779129028	24.64959404275224
38	8521.126	1635.0477	9339.61	5251.0312	9326.384	0.36193836	9326.848	9325.701	912.6	1000.0	189999	380.40082	96.974464	481.5914	-29.07821	380.40115	96.96917	510.11148	-43.41965	-388.5465	920.3393	937.0347189903259	24.658808444675646
39	9338.292	0.9770044	9340.112	9337.232	9354.78	0.32043558	9355.143	9354.139	1000.0	1000.0	194999	388.84378	98.5468	494.9753	-30.41708	388.84265	98.57677	509.94168	-39.8058	-399.0436	1609.9998	962.2188959121704	24.672279437383015
40	8489.985	1894.63	9338.194	4253.4644	9338.041	0.18892181	9338.255	9337.607	909.3333	1000.0	199999	384.31076	96.198555	519.4398	-28.655952	384.30478	96.23915	526.92847	-34.665733	-398.22647	3110.1526	987.8074290752411	24.69518577456474
41	9336.75	2.7307742	9340.186	9333.181	9359.511	0.28472936	9359.781	9358.843	1000.0	1000.0	204999	386.38092	96.985176	491.12665	-27.929073	386.37436	97.01721	491.719	-60.60078	-402.6336	3160.5356	1013.2488067150116	24.713385581970215
42	9342.389	1.986484	9344.764	9340.148	9320.408	0.543836	9321.352	9319.352	1000.0	1000.0	209999	402.08936	99.21944	499.99094	-33.816868	402.0891	99.24216	494.87082	-45.684723	-413.37906	1731.7404	1038.368897676468	24.723069037709916
43	9335.244	2.754495	9338.486	9331.634	9335.97	1.2734063	9337.954	9334.045	1000.0	1000.0	214999	406.6447	99.31952	506.3169	-48.51686	406.64902	99.324684	507.08688	-30.385386	-416.92618	1670.1342	1063.3531670570374	24.72914345874343
44	9331.015	2.0383377	9333.107	9328.029	9316.745	1.607955	9319.031	9314.727	1000.0	1000.0	219999	410.20895	99.83389	512.733	-17.134136	410.20993	99.85358	514.2165	-30.125557	-421.29688	1808.0084	1089.2099499702454	24.754771633581683
45	9326.303	1.303328	9328.466	9324.556	9319.285	1.6502312	9322.023	9316.85	1000.0	1000.0	224999	412.02863	99.91352	523.9545	-12.576162	412.02808	99.94345	514.5923	-40.81567	-423.62296	2208.3064	1114.3491733074188	24.76331500477261
46	5182.5293	3897.538	9327.395	361.99084	4217.2095	4170.469	9324.229	557.7224	555.8889	452.4	229999	414.3301	100.522835	514.3746	-18.22977	414.32928	100.56949	515.2537	-40.893658	-428.0597	2506.9893	1137.3964493274689	24.726009814635567
47	7264.353	2115.7102	9323.924	4230.5977	8592.324	2220.819	9358.039	1930.0255	779.3333	920.7	234999	423.44376	100.58008	510.36636	-26.9393	423.4414	100.6227	520.0882	-33.681564	-436.0506	2139.95	1162.6797139644623	24.737866290072176
48	9330.087	1.7105778	9333.448	9328.918	9356.839	0.9063801	9357.936	9355.317	1000.0	1000.0	239999	426.76212	100.245255	506.40872	-34.368397	426.76593	100.27391	509.94638	-51.08265	-437.5729	1693.9952	1188.4440577030182	24.759251246849697
49	9331.653	2.2459753	9335.595	9328.924	9357.411	0.31701812	9357.766	9356.5625	1000.0	1000.0	244999	419.36325	96.69412	508.3903	-34.654694	419.3679	96.702286	496.01068	-49.24008	-429.3214	1956.9784	1213.5429804325104	24.76618331305835
50	9335.654	1.8357384	9338.132	9333.886	9317.366	0.6308091	9318.108	9316.574	1000.0	1000.0	249999	415.38312	95.049416	495.34406	-24.140232	415.38593	95.05914	485.86737	-42.725403	-425.4406	1741.3145	1238.6525807380676	24.773051648139955
51	9331.828	1.5597402	9334.059	9329.245	9339.853	7.457143	9351.77	9328.89	1000.0	1000.0	254999	416.2341	93.7836	493.88446	-19.850561	416.23798	93.79552	500.2107	-37.318695	-427.53946	2013.4172	1264.5059883594513	24.794235103270587
52	9329.424	1.3669772	9330.538	9326.854	9324.576	0.5804195	9325.457	9323.944	1000.0	1000.0	259999	422.1945	94.46447	510.4047	-19.975779	422.19766	94.4672	503.35327	-32.20506	-433.80624	1868.727	1289.7963163852692	24.803775356366085
53	9328.202	0.98802763	9329.416	9327.064	9323.967	1.1490136	9325.94	9322.149	1000.0	1000.0	264999	430.2269	95.542755	520.6001	-18.510931	430.2235	95.57756	509.3145	-40.37538	-440.88794	1641.1862	1315.1016170978546	24.813238089939333
54	9327.404	1.3262706	9329.152	9325.764	9339.2	0.50238156	9339.807	9338.167	1000.0	1000.0	269999	437.42868	96.31231	526.4966	-17.221502	437.43015	96.31912	535.03516	-36.600998	-446.7275	1490.5608	1340.2783138751984	24.81996880637275
55	9329.435	1.4437566	9332.255	9328.147	9328.6455	0.37932974	9329.191	9327.786	1000.0	1000.0	274999	443.4967	96.89525	525.5502	-23.666527	443.49893	96.89623	523.9012	-30.360407	-452.6571	1530.3737	1366.1863033771515	24.83975100517273
56	9330.894	3.1681619	9335.109	9326.156	9348.938	0.49007475	9349.417	9347.688	1000.0	1000.0	279999	446.13672	97.86989	532.94336	-23.197338	446.13358	97.90484	527.7616	-37.194767	-455.41144	1728.168	1391.4156365394592	24.84670783366476
57	9333.277	1.4463412	9335.087	9331.122	9347.431	0.9067142	9349.3955	9346.232	1000.0	1000.0	284999	452.76614	99.33144	584.00775	-16.982056	452.7689	99.3273	554.95844	-57.3326	-462.07376	1643.832	1416.5986144542694	24.85260730458979
58	9334.666	0.81906897	9335.636	9333.743	9343.311	0.31313124	9343.722	9342.8125	1000.0	1000.0	289999	456.4297	102.27678	575.68384	-17.464916	456.43204	102.302376	547.5752	-55.543552	-467.74158	2029.2156	1442.24564743042	24.866304298927044
59	9332.845	1.1107926	9334.065	9331.209	9316.552	0.23195261	9316.809	9316.207	1000.0	1000.0	294999	465.77795	102.177055	558.64734	-28.281357	465.78265	102.16804	559.35175	-25.619152	-477.94174	2203.9548	1467.7002756595612	24.87627588692358
60	9331.534	1.895943	9335.136	9329.937	9310.905	0.14151736	9311.121	9310.658	1000.0	1000.0	299999	471.09955	103.17749	578.2169	-14.864824	471.10086	103.17254	573.95886	-28.510534	-483.24777	2407.5964	1492.874163389206	24.88123608827591
61	9331.846	1.329193	9333.744	9329.917	9318.411	0.13279922	9318.589	9318.156	1000.0	1000.0	304999	477.0722	103.44119	564.32886	-21.585243	477.07437	103.44875	564.8289	-28.673841	-488.5945	2089.797	1518.197158575058	24.88847803678669
62	9329.426	1.1119533	9331.13	9327.908	9334.412	0.12263036	9334.566	9334.131	1000.0	1000.0	309999	478.25323	102.69843	562.88666	-13.729838	478.25784	102.68857	567.5025	-32.8831	-489.47012	2394.4272	1544.080790758133	24.904528910113918
63	9331.068	1.99154	9333.326	9327.345	9330.705	0.11951146	9330.877	9330.502	1000.0	1000.0	314999	476.80338	103.51654	567.4395	-17.99192	476.80524	103.52532	568.207	-72.158745	-487.8811	2430.0696	1566.2808530330658	24.861600875854492
64	9327.951	1.9898775	9331.443	9325.753	9320.744	0.12892511	9320.987	9320.551	1000.0	1000.0	319999	476.8671	103.54168	563.3629	-19.224531	476.87027	103.54508	563.2238	-66.1652	-487.0285	2225.8008	1587.967052936554	24.811985231935978
65	9328.49	1.3789159	9330.14	9326.354	9327.854	0.088396974	9327.962	9327.655	1000.0	1000.0	324999	473.05032	104.817474	569.0638	-11.6476	473.04913	104.846375	563.5515	-44.613396	-485.26743	2732.427	1609.5403182506561	24.76215877532959
66	9325.099	2.3241081	9328.647	9322.742	9321.91	0.48857433	9322.534	9320.784	1000.0	1000.0	329999	471.89194	106.65074	570.99963	-16.866089	471.89453	106.65204	566.23895	-39.012352	-483.92978	2535.7756	1631.1465210914612	24.714341261170127
67	9325.085	2.0358453	9327.523	9322.535	9325.906	1.2697315	9327.357	9323.62	1000.0	1000.0	334999	464.28687	106.23118	556.8777	-18.058481	464.29	106.24721	558.73627	-55.999012	-476.96896	2993.4707	1652.6813490390778	24.66688583502129
68	9324.449	1.9900262	9326.137	9321.186	9334.3	0.17342359	9334.524	9333.967	1000.0	1000.0	339999	453.6373	101.28275	559.79266	-17.73783	453.63608	101.32969	554.9883	-57.92919	-469.0243	4036.4368	1674.2444410324097	24.621241807937622
69	9325.94	1.4179561	9327.395	9323.526	9320.716	0.14928187	9320.91	9320.473	1000.0	1000.0	344999	437.55273	94.34038	542.584	-25.78344	437.55453	94.37131	537.7098	-57.158234	-457.5524	5133.7124	1695.9212436676025	24.57856877990391
70	9325.415	2.9555197	9328.782	9320.591	9347.139	0.27666432	9347.476	9346.645	1000.0	1000.0	349999	438.0436	90.46411	592.8336	-41.55288	438.0426	90.54977	566.129	-49.007984	-454.73337	3818.0403	1717.7187304496765	24.53883903367179
71	9323.568	5.922466	9330.751	9317.344	9311.627	0.4797787	9312.184	9310.722	1000.0	1000.0	354999	445.54532	89.4917	521.2072	-20.275671	445.5485	89.51234	527.8195	-62.809658	-454.34537	1710.459	1739.5469110012054	24.500660745190903
72	9317.698	0.4832627	9318.202	9316.96	9321.646	3.0338945	9323.79	9315.311	1000.0	1000.0	359999	445.79333	87.40289	521.1458	-31.564323	445.79602	87.409454	522.4438	-78.545616	-451.76053	1143.9154	1761.3793215751648	24.463601741525864
73	8022.0547	2904.7834	9328.957	1526.7728	9336.408	0.1778572	9336.488	9335.878	860.6667	1000.0	364999	435.8563	85.22575	513.33856	-22.556673	435.85986	85.22363	492.85583	-42.032757	-441.82397	1060.3718	1782.9959297180176	24.424601806353216
74	9322.6	1.9388356	9324.494	9319.382	9330.881	0.17385116	9331.065	9330.507	1000.0	1000.0	369999	429.32388	86.20194	499.36032	-28.324112	429.3272	86.19983	512.6708	-97.05784	-436.8606	2038.4058	1804.5822081565857	24.386246081945057
75	8228.077	2459.0457	9340.19	2729.5034	9358.986	0.24177231	9359.259	9358.452	882.1667	1000.0	374999	421.58127	85.82527	491.1037	-55.08976	421.58368	85.83306	493.04904	-23.930319	-427.6464	1169.4521	1826.382165670395	24.351762234369914
76	9349.445	1.3815385	9350.848	9347.28	9359.331	0.1613874	9359.492	9358.991	1000.0	1000.0	379999	437.65314	88.14282	513.0644	-37.561417	437.65152	88.162224	511.52728	-33.40855	-444.76566	1104.1116	1848.350510597229	24.320401483460476
77	9337.085	5.831578	9345.584	9328.419	9311.085	0.18184894	9311.397	9310.843	1000.0	1000.0	384999	450.59247	90.7225	524.4426	-18.717049	450.59183	90.734344	528.3036	-58.641853	-459.25977	1619.3602	1870.0887477397919	24.286866875437948
78	9324.425	1.6252049	9327.408	9322.823	9319.18	0.47531363	9320.308	9318.565	1000.0	1000.0	389999	449.8146	90.09032	527.3534	-20.155926	449.81268	90.12626	529.9013	-22.926338	-462.2766	2642.8352	1891.6690893173218	24.252167836213722
79	9323.206	1.0300905	9324.666	9321.946	9320.06	0.7606124	9321.137	9318.386	1000.0	1000.0	394999	445.58502	87.27415	525.96826	-29.298729	445.58304	87.26265	530.43134	-42.920513	-458.78177	2694.7644	1913.3592009544373	24.219736745085896
80	9319.854	1.3879123	9321.642	9317.861	9319.967	0.29041925	9320.509	9319.5205	1000.0	1000.0	399999	440.69662	84.01739	527.16327	-24.737135	440.7003	84.02633	534.73065	-35.038677	-452.92596	2508.7102	1935.057016134262	24.188212725520135
81	9320.098	1.7730136	9323.087	9317.652	9311.986	0.38965002	9313.003	9311.441	1000.0	1000.0	404999	434.93655	82.756905	515.9107	-24.845606	434.9433	82.76521	516.6533	-85.72117	-445.54507	1918.525	1956.96058511734	24.160007247218378
82	9319.009	0.8497183	9320.279	9317.755	9318.061	0.48619446	9318.861	9317.256	1000.0	1000.0	409999	431.80234	80.3552	506.91788	-17.852053	431.80536	80.35771	507.04443	-45.484478	-440.91428	1423.023	1978.783368587494	24.131504515322245
83	8871.072	896.8088	9320.422	7077.456	9314.096	0.3454491	9314.6875	9313.547	952.0	1000.0	414999	429.9373	78.59907	519.7406	-42.040344	429.9369	78.628586	499.7408	-79.48082	-439.53418	1599.2347	2000.6142406463623	24.10378605486399
84	9319.675	0.77875406	9320.573	9318.4375	9310.682	0.32264757	9310.9375	9310.0625	1000.0	1000.0	419999	426.14548	77.52683	497.22174	-16.696995	426.14517	77.5377	498.22522	-35.77718	-436.0517	1856.2416	2022.3686172962189	24.07581689811888
85	9317.83	1.7437766	9319.964	9315.3125	9316.789	0.8485725	9317.582	9315.293	1000.0	1000.0	424999	425.72153	77.33936	499.9428	-21.399427	425.7219	77.3578	500.3899	-36.70368	-434.66446	1605.866	2044.1870596408844	24.04925954762627
86	9315.914	1.778582	9317.523	9312.639	9309.571	0.25295305	9310.027	9309.244	1000.0	1000.0	429999	424.80466	77.39097	532.436	-39.408195	424.80127	77.42967	498.04138	-46.586773	-433.75156	1667.257	2065.812425851822	24.02107474693032
87	9313.3545	0.8353677	9314.763	9312.254	9311.139	3.0787697	9313.903	9306.771	1000.0	1000.0	434999	417.02173	76.33389	511.9129	-22.021889	417.02213	76.344315	489.6857	-29.018871	-427.43613	2545.6646	2087.4521346092224	23.993702718581275
88	6862.8286	3875.7605	9314.977	697.6314	9310.307	0.2440107	9310.604	9309.766	736.8571	1000.0	439999	400.03186	72.020065	480.38672	-37.247627	400.02658	72.03744	484.5327	-27.312624	-412.36087	3238.4844	2109.245843410492	23.968702787702735
89	9316.383	0.6695487	9317.372	9315.296	9310.483	0.084432855	9310.625	9310.367	1000.0	1000.0	444999	398.3864	72.41014	500.89804	-34.37274	398.39056	72.412575	512.50354	-34.769222	-407.40805	1822.0968	2131.039892435074	23.944268475757557
90	9316.385	2.0493948	9318.95	9312.949	9311.3955	0.24816373	9311.829	9311.024	1000.0	1000.0	449999	397.20868	72.91233	506.6011	-43.65083	397.21054	72.92147	491.35345	-18.20969	-405.32397	1332.2856	2152.7949616909027	23.919944042629666
91	9314.38	1.3093225	9316.953	9313.47	9307.64	0.15219782	9307.856	9307.37	1000.0	1000.0	454999	395.92386	72.576805	488.09204	-21.609016	395.92236	72.59531	513.40497	-48.73178	-403.98602	1377.0957	2174.412812948227	23.89464631709424
92	7597.431	2706.2588	9314.963	2091.353	9308.354	0.2061891	9308.848	9308.036	815.8333	1000.0	459999	395.40298	73.18304	489.6409	-38.306423	395.40176	73.210915	489.41058	-33.82686	-404.42212	1661.294	2196.049182653427	23.870099832182344
93	8956.8955	708.78955	9313.171	7539.3193	9309.219	0.13955075	9309.418	9309.022	962.0	1000.0	464999	392.35837	71.4518	472.52234	-56.163498	392.3563	71.48258	479.70706	-66.7677	-401.2661	1770.8148	2217.6904106140137	23.84613347053528
94	8683.627	1256.8387	9313.918	6169.951	7591.464	3430.8223	9308.157	715.9384	932.6	815.7	469999	382.28946	67.500824	466.49167	-37.459198	382.28708	67.51771	485.04303	-54.494244	-392.52185	2357.76	2238.8284227848053	23.817323672010545
95	9313.158	1.6970036	9314.551	9309.979	9316.065	0.21520278	9316.245	9315.567	1000.0	1000.0	474999	372.76282	66.12009	501.99344	-19.468685	372.76532	66.13082	499.2596	-28.332932	-383.22052	2519.0132	2260.401564359665	23.793700695037842
96	8331.623	2194.3296	9314.334	3424.9536	9323.713	0.32747754	9324.183	9323.074	894.6667	1000.0	479999	368.17975	64.82822	478.557	-21.129923	368.18555	64.80243	504.28525	-35.50755	-375.57632	1342.4036	2282.1232538223267	23.772117252151173
97	8714.127	1204.7072	9322.362	6304.7227	9322.927	0.09964623	9323.065	9322.773	935.4	1000.0	484999	360.3999	61.058163	470.6993	-26.518703	360.40396	61.067436	462.90707	-43.28888	-366.16687	1070.1216	2303.789300918579	23.750405181314527
98	9332.377	8.900145	9343.698	9322.897	9354.7705	0.10908163	9354.892	9354.526	1000.0	1000.0	489999	366.86526	61.706715	457.64737	-26.756561	366.86642	61.713696	458.33112	-32.114185	-371.15	606.6207	2325.3591833114624	23.728154951212357
99	8129.543	2693.7883	9340.649	2106.0554	9343.375	0.39035586	9344.096	9342.952	871.0	1000.0	494999	389.2201	65.33932	469.73785	-40.92322	389.21948	65.32395	465.34988	-20.40741	-395.31308	1032.0676	2347.1147429943085	23.708229746481386
100	6634.1094	3952.3147	9330.881	209.21967	9349.677	0.3198322	9350.107	9348.935	711.2857	1000.0	499999	391.70172	65.701866	488.82977	-13.769646	391.69696	65.708244	481.1027	-33.11033	-401.79907	2182.9375	2368.7016224861145	23.687016243934632
101	9325.317	3.1457229	9330.81	9322.307	9336.327	1.407206	9340.494	9335.402	1000.0	1000.0	504999	387.32715	64.97879	519.10254	-18.798195	387.329	64.98786	509.47345	-33.550205	-396.53043	2252.5823	2390.614893436432	23.66945441170494
102	9321.68	5.5372934	9329.443	9314.596	8471.604	2585.2324	9334.59	715.90656	1000.0	907.7	509999	384.62393	63.092796	505.633	-24.692162	384.62433	63.137955	488.5345	-33.09073	-392.40295	1606.4047	2411.900851249695	23.646086797994727
103	6812.8906	3326.3804	9331.741	697.1706	9319.53	1.4034585	9322.592	9317.396	730.8571	1000.0	514999	395.34125	63.00542	499.65677	-34.776672	395.3413	63.03402	518.3734	-31.623491	-400.3889	782.4165	2433.6830265522003	23.62799056988318
104	9316.383	2.7330859	9320.806	9312.618	9324.776	0.16028601	9325.053	9324.452	1000.0	1000.0	519999	388.09747	60.618504	482.73172	-52.61592	388.0995	60.621677	524.9947	-30.279333	-391.79675	706.6344	2455.4650366306305	23.610240757465363
105	9327.428	4.3536983	9333.882	9322.841	9336.35	1.6495416	9338.391	9334.588	1000.0	1000.0	524999	394.6443	61.97106	543.8682	-93.62857	394.6449	61.989113	513.5802	-99.24541	-398.0997	539.7124	2477.2698380947113	23.593046097528365
106	9323.169	3.153517	9328.776	9320.052	9351.053	0.84278643	9352.308	9349.5	1000.0	1000.0	529999	408.50684	63.601154	491.99503	-68.68681	408.50378	63.615604	483.5367	-37.90821	-413.13788	836.8058	2498.9984395504	23.57545699713365
107	9319.943	3.9524593	9324.608	9314.593	9305.375	0.51983386	9306.254	9304.657	1000.0	1000.0	534999	410.78265	64.48641	497.98187	-93.44782	410.78354	64.49734	500.28027	-120.06428	-415.26242	1027.847	2520.730101585388	23.55822526851547
108	2664.159	3252.4724	9318.215	435.58524	9322.23	2.9311464	9325.318	9318.545	286.27777	1000.0	539999	400.70175	62.457222	475.3074	-50.47883	400.7053	62.460583	484.82172	-28.1082	-404.77994	944.2366	2542.4922721385956	23.54159513005504
109	9331.877	8.9101515	9345.088	9322.397	9322.592	2.557118	9325.9	9318.254	1000.0	1000.0	544999	405.29977	63.84417	529.6864	-53.923676	405.30005	63.86227	486.56516	-46.037613	-408.722	525.0363	2564.293546438217	23.52562888390427
110	9321.99	4.1372867	9329.052	9317.968	9312.73	0.3635004	9313.366	9312.101	1000.0	1000.0	549999	426.3465	67.65021	602.0299	-72.920876	426.34396	67.67876	535.66486	-34.87119	-430.83066	661.7403	2586.1312408447266	23.510284022851422
111	3061.6526	3814.3994	9317.472	332.90137	3225.6335	3983.1912	9310.588	539.2622	328.75	346.5	554999	419.3075	66.17736	477.93268	-100.29419	419.30933	66.19647	483.1457	-47.802307	-427.09396	2137.0464	2605.8497104644775	23.476123532733403
112	4083.964	4005.3784	9339.614	465.08444	9354.143	0.6590141	9354.915	9352.991	438.18182	1000.0	559999	407.90344	65.8464	486.34	-41.35858	407.90247	65.86613	465.0944	-69.12874	-413.96207	1380.02	2627.5155985355377	23.45996071824006
113	9342.139	0.95197785	9343.157	9340.576	9352.539	0.09704594	9352.642	9352.346	1000.0	1000.0	564999	420.78894	67.55996	502.43994	-99.917496	420.78827	67.56712	537.7535	-66.86617	-425.71082	617.7	2649.2924995422363	23.4450663845096
114	9335.799	2.8221579	9339.781	9331.725	9351.366	0.09635213	9351.472	9351.181	1000.0	1000.0	569999	441.8734	70.698074	516.95496	-53.72213	441.87003	70.71966	520.22614	-36.445114	-447.30573	819.20624	2670.895299911499	23.428906158397073
115	3595.2996	3280.5793	9328.3545	595.5802	9324.764	0.35307306	9325.232	9324.167	385.69232	1000.0	574999	450.93674	73.91956	613.2288	-37.102325	450.93637	73.91948	516.41547	-57.112106	-455.7127	1256.6914	2692.6709451675415	23.41452997871067
116	5918.4575	2669.961	9322.301	2714.7026	9339.207	2.2651777	9341.323	9335.4	634.875	1000.0	579999	444.3784	73.09646	524.0179	-25.84951	444.3776	73.10744	526.2727	-46.416836	-448.6116	827.39813	2714.376345396042	23.399796099498353
117	9333.455	12.964912	9348.47	9318.015	9335.052	0.293028	9335.54	9334.398	1000.0	1000.0	584999	454.9409	75.62294	516.3129	-67.76893	454.94485	75.603874	519.8428	-40.672028	-459.31693	814.25586	2736.2183499336243	23.386481639666435
118	9322.397	3.7253609	9327.649	9316.981	9311.001	0.387925	9311.662	9310.524	1000.0	1000.0	589999	454.9182	76.209145	534.1816	-66.43388	454.9174	76.227905	558.9741	-57.020992	-459.85248	1164.1342	2757.970897436142	23.372634744240067
119	9317.09	1.9846019	9319.126	9313.6455	9325.67	0.34486666	9326.011	9324.744	1000.0	1000.0	594999	446.43423	75.588165	650.9608	-162.65855	446.4397	75.56724	567.2687	-140.84785	-453.36752	1847.7512	2779.613111257553	23.35809338794035
120	7814.949	2913.748	9319.208	1356.7139	9317.639	0.4871623	9318.78	9316.955	838.8333	1000.0	599999	423.9145	71.63949	567.0584	-222.2991	423.91473	71.68839	544.2621	-209.64067	-434.75244	2901.7014	2801.3714385032654	23.344762003421785
121	8771.372	1089.5311	9319.922	6592.315	9317.433	0.2091381	9317.759	9317.139	941.6	1000.0	604999	409.52182	72.19065	500.56595	-332.22614	409.515	72.2326	503.2427	-312.8046	-418.65573	2415.8052	2823.2702379226685	23.33281190139203
122	9313.433	1.9109291	9315.327	9311.123	9315.291	0.20418753	9315.556	9314.98	1000.0	1000.0	609999	388.32446	71.79132	495.59125	-590.5403	388.32736	71.730736	529.8428	-505.47552	-397.90967	2775.0144	2845.0313515663147	23.319929126833305
123	6159.4004	3278.9019	9316.59	351.6731	9321.072	0.12552153	9321.208	9320.753	661.625	1000.0	614999	360.46124	71.360725	458.75262	-714.6262	360.4652	71.28336	471.156	-663.46234	-371.7197	3089.0425	2866.5161306858063	23.30500921001279
124	1323.0	1749.2565	9311.053	165.11414	9308.596	0.08029043	9308.701	9308.388	142.25714	1000.0	619999	323.38028	71.87138	441.27817	-1002.517	323.39166	71.760704	435.6728	-896.67633	-337.18698	4052.2375	2888.1723911762238	23.291712847448164
125	1187.1119	1553.7627	9302.578	184.18532	506.5952	44.56795	583.94904	425.6531	127.775	54.7	624999	273.74622	67.395195	403.66324	-1136.812	273.7626	67.205	370.1492	-1005.63794	-289.93286	5110.3794	2906.9068841934204	23.2552550907135
126	552.6655	179.41858	1494.6799	72.77048	2507.7896	3431.2358	9349.477	529.8246	59.52381	268.6	629999	215.43651	62.100468	361.9614	-1523.2722	215.46812	61.739513	346.56378	-1450.089	-233.73578	5740.2583	2926.461386680603	23.225884034520103
127	464.66583	94.00481	949.23584	315.1797	363.908	26.610764	417.26984	315.35257	50.06	39.3	634999	154.28493	59.481777	279.25507	-2182.597	154.30821	58.607483	261.83652	-1909.2661	-174.94084	5520.9526	2945.1727044582367	23.19033627059516
128	337.77643	81.130264	491.36166	63.607647	350.02512	50.060276	399.2998	259.56476	36.459854	37.7	639999	109.15943	55.314823	310.7384	-2498.8894	109.18565	54.177364	368.3441	-2336.7703	-133.92911	4820.09	2963.9271886348724	23.155681176111102
129	311.14142	86.468605	482.60205	63.425587	377.8487	27.898169	418.41376	334.1464	33.577183	40.7	644999	87.82741	65.15855	237.14185	-3223.4546	87.82531	64.40344	356.0824	-3106.902	-111.15088	4823.655	2982.732938528061	23.12196078041727
130	462.98016	305.97958	3024.2402	54.26136	8549.497	2414.13	9354.502	1307.1068	49.8	914.0	649999	81.1974	86.85305	275.6127	-4003.6316	81.174545	86.01248	444.59003	-3770.7285	-100.62525	5544.124	3004.1470181941986	23.108823231550364
131	9345.536	1.259903	9346.79	9343.768	9352.349	1.007642	9353.648	9350.941	1000.0	1000.0	654999	110.04768	122.39061	276.29276	-5620.594	110.04268	120.82668	636.8609	-5224.1045	-125.061676	8403.678	3025.95591711998	23.09890014706677
132	9337.551	1.9962062	9339.59	9333.86	9314.836	0.13897963	9315.207	9314.695	1000.0	1000.0	659999	143.29861	149.40866	542.3629	-7101.1323	143.23285	146.19313	737.97437	-6452.118	-156.79623	14711.235	3047.685630083084	23.088527516885236
133	9328.275	4.323183	9332.066	9319.941	9327.69	0.5998434	9328.85	9326.883	1000.0	1000.0	664999	171.86258	148.98557	782.7059	-9134.849	171.79988	144.461	1007.4225	-8393.189	-180.24266	25392.633	3069.537991285324	23.079233033316477
134	7877.032	2895.4963	9328.746	2086.0452	9331.681	0.45616612	9332.417	9330.949	844.8	1000.0	669999	160.84373	177.78502	875.64954	-11791.106	160.87321	170.84796	1477.6466	-10699.814	-166.58261	33288.562	3091.2392983436584	23.06895000365243
135	9341.59	8.782902	9350.776	9326.052	9337.835	9.624712	9357.085	9332.796	1000.0	1000.0	674999	149.95703	205.62997	951.25604	-13315.524	149.92015	197.32164	1510.3729	-12392.064	-157.72978	49282.215	3113.0250675678253	23.059444959075364
136	9346.604	3.8986936	9350.186	9339.625	9359.079	0.1147409	9359.182	9358.819	1000.0	1000.0	679999	148.39987	247.4091	874.49884	-15351.101	148.42491	236.97034	1379.6508	-14392.207	-158.40472	74772.51	3134.6975338459015	23.049246586420956
137	9345.323	3.1274545	9350.077	9342.414	9359.265	0.39696443	9359.682	9358.61	1000.0	1000.0	684999	148.02286	249.89943	719.3155	-15743.996	148.09444	243.80074	1831.7521	-14800.788	-158.74168	74028.836	3156.3985114097595	23.039405208434502
138	9344.048	1.8895541	9346.013	9340.707	9359.032	0.1305058	9359.203	9358.86	1000.0	1000.0	689999	156.18852	115.188644	594.08673	-4343.664	156.16055	117.1873	2005.0441	-5399.0503	-166.96155	3736.985	3178.192983865738	23.03038395660511
139	9343.037	2.1712623	9345.205	9339.361	9351.592	0.1753233	9351.805	9351.179	1000.0	1000.0	694999	162.09215	107.7905	322.56076	-1097.0778	162.06573	108.09705	769.09985	-1036.9479	-171.86778	1609.6259	3199.643052339554	23.019014780469934
140	7818.7456	3394.2998	9338.805	228.86217	9341.383	0.09378763	9341.471	9341.128	837.5	1000.0	699999	167.94344	106.31197	294.11835	-496.81558	167.93123	106.46779	609.2552	-754.8946	-179.39807	1665.9346	3221.2946779727936	23.009247713429588
141	9328.272	1.7505287	9331.336	9326.215	9322.01	0.9320787	9324.009	9320.758	1000.0	1000.0	704999	170.57175	86.47487	306.0071	-256.45325	170.54555	86.60253	799.7124	-547.6878	-181.02213	1722.18	3243.036461830139	23.000258611449112
142	9328.233	2.8474329	9331.867	9323.647	9332.583	0.20807382	9332.974	9332.25	1000.0	1000.0	709999	174.12376	76.287285	297.5033	-309.05872	174.10164	76.403046	494.78406	-1002.51575	-185.10548	1515.7751	3264.7828426361084	22.991428484379405
143	9329.533	2.0896118	9332.721	9327.184	9309.803	0.461474	9310.611	9308.876	1000.0	1000.0	714999	187.88339	71.60377	291.49353	-214.15012	187.85649	71.71455	294.26077	-583.9039	-200.28584	1659.6212	3286.609137058258	22.98328069206718
144	9331.604	1.0118802	9332.911	9330.446	9347.248	0.12520926	9347.403	9347.001	1000.0	1000.0	719999	200.70952	69.373474	315.91238	-169.40068	200.67896	69.484886	308.60626	-184.95375	-213.46416	1719.189	3308.4387362003326	22.97526901629236
145	9332.721	1.2297893	9334.802	9331.345	9356.557	0.34730592	9357.037	9356.065	1000.0	1000.0	724999	209.39754	71.67356	327.45428	-182.82886	209.36682	71.81436	322.79904	-149.45157	-223.48634	1948.2563	3330.324893951416	22.967757904118503
146	9333.684	1.0427341	9335.107	9331.978	9345.372	0.348561	9345.833	9344.613	1000.0	1000.0	729999	203.16888	78.85621	335.6416	-133.2292	203.14299	78.97156	329.11328	-296.48364	-221.0484	2531.146	3352.1380009651184	22.959849336375928
147	9333.961	1.5728369	9336.8	9332.6	9354.096	0.23157692	9354.489	9353.757	1000.0	1000.0	734999	192.95158	77.34828	335.72412	-104.85921	192.9236	77.4396	327.38416	-157.01482	-212.94173	2758.8481	3373.9001371860504	22.951701626485708
148	9333.699	1.4475995	9335.373	9331.38	9333.143	0.2191616	9333.562	9332.852	1000.0	1000.0	739999	190.14502	76.86487	328.5269	-116.385864	190.11656	76.94681	325.935	-128.58997	-208.85864	2507.12	3395.685591697693	22.943821578412443
149	7800.2524	3431.067	9337.146	128.15402	9355.678	0.2899881	9356.063	9355.257	835.6667	1000.0	744999	188.12334	80.81677	334.6702	-122.95689	188.0869	80.922	329.43762	-130.03665	-207.22482	2346.3198	3417.360358953476	22.935304435307547
150	7663.3013	2993.6824	9341.044	865.0576	9355.151	0.2867145	9355.618	9354.695	820.7143	1000.0	749999	193.85042	83.205536	342.53305	-121.83446	193.82385	83.28477	335.9229	-123.38345	-211.24669	1918.3948	3439.1342985630035	22.92756200313568
151	9337.302	0.5835309	9337.775	9336.152	9358.162	0.18839736	9358.437	9357.87	1000.0	1000.0	754999	199.54552	87.964386	345.49094	-128.40428	199.51279	88.05524	351.4266	-91.390976	-221.62677	2428.1821	3460.80336022377	22.919227563782243
152	9338.602	2.1193824	9340.932	9335.433	9344.873	0.1456395	9345.077	9344.625	1000.0	1000.0	759999	205.9365	98.753654	350.48874	-93.711075	205.90636	98.83892	357.35254	-123.17023	-229.78937	2545.1768	3482.6368675231934	22.912084667306196
153	9334.152	1.8735604	9336.441	9332.0	9339.7705	0.45649487	9340.63	9339.355	1000.0	1000.0	764999	221.14188	98.2711	357.77322	-103.4843	221.1071	98.360306	354.85416	-110.69857	-240.56044	2264.2063	3504.456330537796	22.904943350872962
154	8902.607	833.40485	9329.328	7235.866	9312.918	0.18160097	9313.212	9312.626	955.4	1000.0	769999	226.41779	100.69202	362.29968	-88.34522	226.38548	100.762314	357.96228	-77.94755	-242.43588	2143.2656	3526.370684862137	22.898510951500434
155	7885.398	3194.9685	9318.587	741.2328	9312.018	22.667196	9347.986	9296.831	846.6667	1000.0	774999	219.80693	87.128716	341.28503	-85.15141	219.78317	87.175514	325.64267	-78.31428	-231.39905	1495.0062	3548.065789461136	22.890747042625183
156	9214.1	237.37578	9336.582	8739.377	9342.252	0.78248733	9343.905	9341.107	987.6	1000.0	779999	218.28493	71.21343	297.80493	-70.27868	218.28539	71.203354	299.65195	-60.212475	-225.89156	1172.3582	3569.812618494034	22.883414234870518
157	9334.168	1.5822524	9336.375	9332.369	9354.74	0.28299746	9355.189	9354.203	1000.0	1000.0	784999	203.20467	52.518864	290.6225	-59.426395	203.20036	52.49209	284.53067	-84.3594	-212.07011	1761.272	3591.652190208435	22.876765556396194
158	9339.596	1.9244465	9342.211	9336.485	9353.0625	0.19297132	9353.357	9352.689	1000.0	1000.0	789999	195.69139	52.023987	296.33527	-71.31399	195.69075	51.97862	317.60876	-91.567986	-208.06952	1968.74	3613.549119949341	22.870564063893088
159	9330.627	3.147451	9334.175	9326.177	9325.444	0.21785794	9325.758	9325.101	1000.0	1000.0	794999	226.44249	57.619324	322.92273	-42.883682	226.44495	57.61392	322.3381	-101.75597	-238.03806	1494.8064	3635.28106713295	22.863402948439496
160	9340.88	4.444412	9345.182	9332.874	9358.332	1.0732628	9359.647	9356.338	1000.0	1000.0	799999	268.202	62.906616	353.45517	-119.06388	268.2001	62.899498	346.3416	-110.71964	-279.72076	1408.9478	3657.1017169952393	22.856885744631292
161	9339.824	1.8450036	9342.938	9337.239	9355.963	0.061647322	9356.05	9355.849	1000.0	1000.0	804999	294.75446	59.757618	365.6362	-44.747974	294.75406	59.754448	366.88464	-70.07207	-304.20508	1349.3386	3678.815631866455	22.849786546659764
162	9337.144	2.810256	9340.484	9333.288	9319.491	3.4097247	9324.379	9314.58	1000.0	1000.0	809999	316.44553	60.485886	379.33783	-53.894337	316.4441	60.45369	378.76694	-74.97863	-323.97015	1047.1464	3700.465435028076	22.84237924034213
163	9044.903	560.6004	9329.149	7923.712	8287.093	2059.8877	9305.313	3509.0603	970.0	890.6	814999	332.71674	62.253296	393.59952	-66.717705	332.71588	62.22708	391.29367	-77.14167	-339.93442	1026.2438	3721.877722263336	22.833605668296112
164	9328.49	6.9283156	9340.286	9321.662	9330.521	7.915961	9346.36	9324.27	1000.0	1000.0	819999	345.64972	64.88082	400.9986	-32.093697	345.64798	64.865654	396.82388	-114.38467	-352.75516	1106.6375	3743.4149911403656	22.82570117857398
165	9335.019	3.2255433	9337.926	9330.422	9348.814	8.86823	9354.639	9328.896	1000.0	1000.0	824999	356.56213	66.70822	409.48642	-62.343567	356.56088	66.69764	407.66086	-84.51733	-363.46423	1060.8838	3765.0572876930237	22.818529027881045
166	9337.468	0.74004626	9338.533	9336.658	9354.959	0.16324814	9355.127	9354.523	1000.0	1000.0	829999	364.87524	67.8538	428.77457	-53.446587	364.87225	67.834145	432.1627	-98.360916	-372.60483	1202.1608	3786.702322244644	22.811459785484406
167	9338.239	1.002578	9339.805	9336.723	9354.174	0.7766151	9354.641	9351.91	1000.0	1000.0	834999	370.21207	69.51167	427.61823	-66.67595	370.2108	69.486626	435.7288	-130.24306	-379.13184	1492.8108	3808.3928146362305	22.804747407307882
168	9338.408	1.037627	9339.467	9336.547	9353.984	0.27654707	9354.33	9353.315	1000.0	1000.0	839999	373.76126	71.008995	489.23108	-47.95195	373.76062	70.9838	434.16156	-64.777054	-382.26633	1593.036	3829.8965587615967	22.79700333731515
169	9337.588	1.7951875	9340.665	9335.726	9313.438	13.913134	9355.177	9308.637	1000.0	1000.0	844999	374.76123	71.04181	434.28503	-60.92611	374.7592	71.03495	433.76907	-74.94812	-383.48282	1615.9614	3851.649374485016	22.790824713791615
170	9327.358	4.65552	9333.22	9320.757	9315.974	0.19528955	9316.333	9315.607	1000.0	1000.0	849999	374.58246	69.904076	445.87808	-88.978325	374.58374	69.89572	437.3211	-69.92315	-383.4725	1580.9521	3873.4352955818176	22.784913516044618
171	9319.076	1.4952066	9321.363	9317.456	9308.741	0.08186192	9308.844	9308.546	1000.0	1000.0	854999	369.44717	68.616104	433.14264	-95.09687	369.44833	68.61185	423.7667	-101.64344	-378.37286	1617.3253	3895.1367559432983	22.778577531290335
172	9313.528	1.3935026	9315.072	9311.073	9306.45	0.17394139	9306.595	9306.108	1000.0	1000.0	859999	357.25446	66.91943	422.4636	-64.91812	357.2554	66.92696	416.69345	-85.17337	-367.08603	2018.877	3916.814898967743	22.772179659022843
173	8261.099	2354.8428	9316.756	2995.512	9314.822	0.36419836	9315.356	9314.127	887.0	1000.0	864999	343.8603	64.31181	407.28403	-85.92963	343.86514	64.26845	399.5995	-54.672333	-353.82608	1948.5059	3938.6101343631744	22.76653258097654
174	9315.409	1.7778311	9318.151	9312.561	9307.712	1.8829273	9313.356	9306.997	1000.0	1000.0	869999	336.77725	63.131207	406.00876	-57.580154	336.78076	63.105206	398.59805	-96.23501	-344.42847	1299.8475	3960.413842201233	22.76099910544253
175	3864.365	3380.1108	9312.668	649.73895	9312.548	0.09610338	9312.733	9312.347	415.18182	1000.0	874999	329.13858	61.29546	455.38852	-66.5643	329.13986	61.319557	393.48578	-77.33431	-336.7857	1432.5521	3982.054418325424	22.754596687044415
176	8998.829	628.6208	9316.21	7741.592	9318.001	0.17493775	9318.247	9317.696	966.4	1000.0	879999	320.31674	58.2566	379.08496	-116.98865	320.3208	58.25403	374.1467	-119.44906	-329.25662	1710.1093	4003.8014676570892	22.748871987516228
177	9314.124	1.3276417	9316.088	9311.951	9313.982	0.2915138	9314.436	9313.548	1000.0	1000.0	884999	320.02615	56.801277	374.91925	-72.1178	320.02716	56.80584	381.95026	-85.454254	-327.49628	1133.2534	4025.34401011467	22.742056566443146
178	9313.311	1.4590757	9315.025	9311.0625	9312.344	0.35280353	9312.788	9311.739	1000.0	1000.0	889999	322.9681	57.48092	385.17563	-80.602745	322.97058	57.47531	368.69876	-91.25396	-329.87244	1084.9001	4047.025769472122	22.73609984054994
179	9312.683	1.9864776	9315.133	9309.191	9313.229	1.0221171	9314.693	9312.272	1000.0	1000.0	894999	322.6354	58.3702	386.36588	-62.378746	322.63638	58.36278	379.02133	-84.88304	-330.44626	1392.136	4068.658155441284	22.729933839936496
180	8247.862	2382.2603	9314.803	2920.9668	9309.99	0.0762951	9310.178	9309.907	885.6667	1000.0	899999	324.47083	58.45738	372.82864	-52.515705	324.4709	58.46941	375.9732	-104.46291	-331.5672	1269.1515	4090.370887517929	22.724282723002965
181	9313.796	0.9304744	9314.786	9312.179	9310.778	0.09812	9310.944	9310.644	1000.0	1000.0	904999	326.76852	58.8143	381.36984	-69.18273	326.7743	58.805714	389.59537	-97.50836	-334.4475	1442.142	4112.033929109573	22.718419508380784
182	9310.653	1.4625144	9312.744	9309.189	9313.39	0.1141175	9313.581	9313.205	1000.0	1000.0	909999	324.50305	57.62193	426.45996	-49.092278	324.50452	57.62766	417.37027	-94.2888	-332.4339	1608.1259	4133.8253293037415	22.713325994355337
183	8574.965	963.59595	9313.949	6935.3774	9311.978	0.30218354	9312.4375	9311.514	921.0	1000.0	914999	324.23776	56.543423	379.24072	-37.713337	324.23553	56.559418	394.19672	-103.11198	-332.36368	1598.8411	4155.506431102753	22.707685427587542
184	9312.802	0.95661646	9313.769	9311.093	9308.776	0.05441653	9308.882	9308.679	1000.0	1000.0	919999	324.3842	56.295048	435.75784	-44.17269	324.3842	56.30059	375.57535	-83.6304	-332.7624	1480.5721	4177.33269906044	22.702895113955375
185	9313.065	0.88626885	9314.598	9311.932	9307.135	0.14964813	9307.463	9306.928	1000.0	1000.0	924999	325.784	55.984905	385.282	-44.292526	325.78555	55.983414	393.93784	-93.80454	-333.71732	1533.5494	4199.008301258087	22.697342179272624
186	8592.909	1606.3081	9311.875	5001.0957	9312.967	0.07260005	9313.129	9312.866	922.8333	1000.0	929999	325.2846	55.51599	381.8923	-53.705498	325.28168	55.544224	381.5936	-84.54988	-333.3999	1650.0349	4220.689452171326	22.691878789214677
187	9311.445	1.3518003	9313.236	9309.9	9311.6455	0.2573432	9312.069	9311.21	1000.0	1000.0	934999	324.14963	56.25764	378.88696	-86.85455	324.1496	56.267025	380.17258	-93.56944	-333.39426	1969.3468	4242.572305440903	22.68755244698754
188	9313.604	1.7682319	9316.511	9311.551	9314.985	0.17519678	9315.288	9314.599	1000.0	1000.0	939999	326.68683	56.447857	377.244	-95.10646	326.68774	56.439743	383.31918	-97.38189	-334.44617	1497.6093	4264.339616537094	22.682657546185432
189	8996.675	631.6231	9314.124	7733.4316	9308.949	0.055780444	9309.026	9308.865	966.2	1000.0	944999	327.55795	56.829727	374.77228	-62.893227	327.55914	56.845253	374.8883	-91.20899	-335.65012	1546.647	4286.041752338409	22.677469600445377
190	9312.694	1.4191219	9314.59	9310.793	9311.303	0.039091785	9311.379	9311.2295	1000.0	1000.0	949999	329.90182	56.119495	379.89273	-80.015114	329.9031	56.122158	387.4036	-72.84348	-338.03415	1483.5654	4307.78285574913	22.672541357341565
191	9311.878	1.3325992	9313.366	9309.972	9309.816	0.2022338	9310.293	9309.549	1000.0	1000.0	954999	332.5457	56.436237	380.06287	-76.606735	332.54465	56.451332	378.9638	-94.32608	-340.28168	1499.5088	4329.506525278091	22.667573443257997
192	9310.896	1.0287129	9312.724	9309.743	9309.7	0.0800549	9309.865	9309.6045	1000.0	1000.0	959999	332.1531	56.167828	383.23694	-63.12956	332.1523	56.187607	379.32565	-57.59077	-339.56424	1361.9042	4351.298817396164	22.66301468635599
193	9311.029	2.215275	9312.996	9306.839	9313.867	0.30957878	9314.365	9313.42	1000.0	1000.0	964999	332.61795	55.987537	401.74954	-44.79898	332.61877	56.002594	405.22046	-51.119488	-340.07507	1390.2086	4373.152688503265	22.65882223134214
194	9310.142	4.33384	9312.875	9301.5	9315.002	0.29258552	9315.394	9314.48	1000.0	1000.0	969999	332.51	54.839935	386.24246	-53.850655	332.5102	54.850155	371.61584	-88.57807	-340.17468	1279.91	4394.8477783203125	22.653854538484946
195	8282.065	2056.1807	9311.917	4169.705	9313.297	0.27847567	9313.829	9312.783	889.6	1000.0	974999	332.95374	54.490433	416.8443	-44.942688	332.95074	54.5043	381.44592	-61.931656	-340.14157	1277.199	4416.726925373077	22.649881679583817
196	9310.588	0.81203824	9311.32	9309.253	9315.013	0.06911138	9315.112	9314.863	1000.0	1000.0	979999	333.3226	54.53012	411.83163	-75.736916	333.32434	54.52686	384.21524	-99.016815	-341.17175	1460.4652	4438.657640457153	22.646212462259797
197	9311.128	0.735154	9312.397	9310.329	9312.692	0.13993019	9312.919	9312.505	1000.0	1000.0	984999	329.92755	54.55643	386.1869	-37.526134	329.92648	54.576473	381.25708	-39.35604	-338.1756	1607.6364	4460.343232870102	22.641336218354667
198	9310.748	1.1560589	9312.251	9309.564	9311.955	0.058869794	9312.047	9311.8545	1000.0	1000.0	989999	325.91068	54.40519	382.57806	-47.448498	325.91107	54.42438	374.9777	-90.30878	-333.57388	1623.7172	4482.249751567841	22.637625019959728
199	8354.825	2133.9343	9312.605	3583.2046	9307.729	0.15925336	9307.953	9307.451	897.5	1000.0	994999	321.715	53.907257	388.93738	-55.71552	321.71503	53.90678	424.94403	-83.837265	-329.48352	1551.0544	4503.942890405655	22.63287885584424
200	8346.431	1692.5479	9312.163	4681.694	9311.169	0.115372084	9311.359	9310.993	896.5	1000.0	999999	318.17722	53.574562	372.36502	-50.458447	318.17734	53.567497	389.49457	-79.92155	-327.59766	1827.6498	4525.735591888428	22.62867796897888
