Epoch	AverageEpRet	StdEpRet	MaxEpRet	MinEpRet	AverageTestEpRet	StdTestEpRet	MaxTestEpRet	MinTestEpRet	EpLen	TestEpLen	Time Steps	AverageQVals	StdQVals	MaxQVals	MinQVals	LossPi	LossQ	Time
1	2.2961595	5.7019362	31.072584	-12.467224	-24.187244	4.8335314	-17.211086	-33.721596	20.149193	75.1	4999	13.841907	10.77385	55.706635	-13.793764	-16.612024	1.2157202	13.913007020950317
2	2.0138104	6.388596	34.748722	-11.663861	-11.0098715	57.04651	154.90482	-50.874084	20.61157	115.8	9999	96.39285	53.574806	292.57166	-127.35328	-109.04196	55.588787	32.0271360874176
3	37.50573	96.8407	361.09247	-18.077473	797.1335	299.31152	1033.8325	183.03458	77.453125	801.4	14999	282.61618	84.56242	510.4662	-171.58871	-304.6318	310.3721	53.2977659702301
4	63.25045	113.19753	403.39355	-61.371784	134.48808	99.650955	345.66757	10.366674	111.68889	128.9	19999	403.77747	98.98816	702.5961	-338.84842	-426.47336	574.8372	72.34227323532104
5	55.895493	66.387344	206.67673	-54.969772	26.352488	94.70342	163.00316	-116.38285	139.0	216.8	24999	519.34875	113.99218	774.31195	-567.0818	-542.8207	806.5559	91.52072191238403
6	14.159202	69.06424	208.54784	-94.998665	-7.717556	11.683966	4.5010242	-40.111134	119.04878	62.6	29999	592.6184	127.78485	874.90686	-335.07944	-615.2465	871.4301	109.36800765991211
7	70.822	100.426506	345.59738	-51.459976	100.005516	95.115265	223.31226	-130.24918	132.28947	144.8	34999	636.02167	149.90352	1021.0206	-294.7967	-658.2312	1045.0764	129.5634729862213
8	47.55255	102.079796	289.7734	-113.097725	58.24047	104.94818	228.52179	-140.17424	134.55263	198.9	39999	671.4274	163.41301	1118.5879	-385.29285	-692.7467	1069.0312	153.28210043907166
9	139.17632	111.54925	391.0363	-105.352066	96.13377	164.22899	498.21664	-154.37575	162.93333	116.4	44999	696.4402	176.46939	1144.2554	-437.2379	-717.2937	1082.9834	175.69404935836792
10	55.448635	94.09284	305.66675	-93.54701	18.074495	114.79419	251.18202	-201.57715	144.85715	217.7	49999	715.7226	182.08513	1127.4836	-471.18326	-735.5993	1073.4708	195.12041878700256
11	102.05831	115.09351	408.16467	-71.34179	159.44211	90.57497	329.47464	10.096511	153.09375	123.3	54999	719.4782	190.9416	1104.5188	-379.47968	-738.1309	1061.8134	214.5558295249939
12	116.21408	123.14498	445.30612	-59.891376	220.99113	185.22395	627.1677	12.139578	151.0303	147.2	59999	711.3781	192.63371	1092.7701	-430.46988	-728.63605	996.5183	235.0094575881958
13	228.9352	147.65358	570.6995	-8.405709	203.26094	137.37805	552.73706	103.5123	203.96	146.9	64999	697.3174	195.63783	1063.9252	-603.289	-713.68604	898.0639	255.818053483963
14	134.67198	194.17686	767.8666	-216.15616	269.05005	140.81894	626.61505	136.55742	209.25	176.1	69999	679.2001	199.15126	1022.05304	-417.25415	-694.589	840.5098	278.1406261920929
15	88.29803	129.13776	437.06097	-147.99275	168.9027	189.92685	596.26733	-41.52537	158.70967	174.8	74999	655.15845	202.03342	1013.9143	-559.11957	-669.57574	806.5513	302.73758244514465
16	166.08765	142.02896	644.191	-82.78893	183.00713	146.69475	498.31348	18.313465	142.08571	231.1	79999	631.56683	197.84659	940.7579	-544.5339	-645.3703	788.98444	326.321151971817
17	58.04963	233.66058	1011.0893	-206.4238	12.997854	215.49463	462.078	-272.9083	203.88	263.4	84999	606.17615	190.46342	909.2573	-620.66595	-618.9252	715.78326	350.783451795578
18	126.81328	188.38637	835.9537	-100.22164	243.27046	115.92076	451.57474	131.44206	205.90909	168.2	89999	576.38354	184.0869	855.1489	-449.13065	-588.1284	641.7728	374.91547656059265
19	194.30148	154.43773	665.0995	3.8257806	241.38269	249.90204	936.7136	1.4196333	180.36667	318.0	94999	547.99005	175.37663	838.6694	-389.29623	-558.7627	554.9566	400.0900044441223
20	316.43954	235.7101	871.6738	12.502622	236.75009	147.71416	606.9348	96.05423	230.04546	173.2	99999	519.0576	165.79294	789.7276	-412.43707	-529.1732	506.95215	425.16728234291077
21	288.1131	237.15924	894.3963	-55.35717	339.94193	270.11115	842.13635	-72.48527	305.8125	360.6	104999	496.38397	155.49393	733.4057	-496.3985	-506.0598	433.44284	450.4111051559448
22	233.21078	182.07417	771.8862	13.358675	361.75812	142.57692	713.77026	212.2421	216.21739	200.9	109999	476.07373	146.46266	695.85486	-562.01215	-484.9681	397.6055	476.4209141731262
23	167.74756	178.33823	719.19794	-19.802225	251.73528	244.80878	649.0342	-87.459564	178.86208	297.1	114999	458.1201	141.15913	664.54156	-491.87128	-466.5736	378.04462	502.9729473590851
24	153.33627	234.1203	818.6994	-62.05537	53.976524	152.32986	510.1516	-1.9108043	177.82143	60.7	119999	440.24744	137.2188	637.9275	-417.10376	-448.158	356.00903	527.9094471931458
25	226.16966	320.64566	1052.1066	-77.74462	540.3976	380.67297	1019.69226	112.272934	262.26315	527.1	124999	424.10672	131.51155	636.3354	-440.8063	-431.6367	331.67554	554.4667074680328
26	142.90149	117.70185	463.95895	-1.0983803	362.45062	393.53036	1103.1198	29.266176	174.25926	391.6	129999	414.24045	128.4778	662.09106	-375.22797	-421.69684	329.9823	582.0628566741943
27	258.52884	315.73642	1013.3029	9.890004	475.3705	457.26242	1068.5615	46.066845	233.95454	453.2	134999	415.01645	127.15637	810.4427	-396.93466	-422.6069	339.0399	611.179524898529
28	296.86978	334.17078	1122.2084	16.954447	415.12695	267.94675	760.30457	31.013514	245.80952	330.8	139999	421.71375	125.96046	815.0116	-371.17197	-429.4072	360.59174	637.2033970355988
29	342.35498	334.5053	1048.9789	-24.115908	222.12349	152.93181	617.2896	61.083984	348.5	227.5	144999	426.32117	126.062	824.86194	-489.37485	-433.8482	361.5322	663.0094163417816
30	123.44009	118.3228	397.9018	-3.6348262	123.02364	122.17414	471.61267	22.57902	174.17241	182.4	149999	431.8453	127.30616	921.96796	-478.64703	-439.40164	379.3002	690.3074533939362
31	184.24326	221.23198	929.63715	-20.182367	557.38544	281.17206	1038.5782	145.23785	181.4	430.2	154999	442.0036	130.67209	891.4682	-332.08997	-449.903	402.39185	719.8170773983002
32	230.90219	372.42242	1029.5455	3.6970036	874.6584	41.872498	938.5469	793.6202	234.54546	1000.0	159999	443.80087	128.17516	824.3719	-329.00992	-451.16425	390.6904	751.2039868831635
33	329.24023	295.40942	1010.98425	-7.452738	66.90288	38.248676	160.44055	23.24795	297.77777	88.4	164999	439.1883	126.14703	787.8596	-446.59442	-446.4192	356.1241	776.201651096344
34	287.2655	207.69113	1034.1667	63.003357	325.56253	264.75656	1072.4666	134.36415	226.63637	223.9	169999	441.97388	127.407	797.8412	-412.90295	-449.30365	363.68524	801.7383732795715
35	198.03923	245.10919	945.759	7.314055	418.8808	349.06815	1112.8939	64.918846	188.03847	339.7	174999	445.20053	126.03543	780.4986	-379.82498	-452.44955	353.74744	827.3078498840332
36	253.27762	222.7558	835.1113	34.94111	168.39719	26.026793	201.48938	98.79607	177.12	78.9	179999	440.94254	123.34151	761.58276	-249.54501	-447.8219	349.72256	851.6395814418793
37	302.66425	259.0282	1005.0137	73.29764	226.01233	101.17173	426.59952	113.01311	225.88	130.8	184999	436.2259	121.1832	745.2318	-417.65836	-443.09946	334.81274	876.1224408149719
38	234.10661	227.37724	857.796	-56.3261	390.59644	367.53067	978.7434	-32.469997	238.28572	446.4	189999	427.15863	117.184456	742.3982	-310.49008	-433.5712	329.46036	900.9370300769806
39	313.03943	218.90253	885.7136	-28.851444	223.72134	255.90771	695.6863	-5.8085346	250.61111	157.4	194999	417.87476	116.281364	711.9892	-276.78836	-424.2452	316.39926	925.7874462604523
40	276.41272	298.8773	1297.8009	77.27593	286.2278	268.76468	979.464	55.642113	211.75	254.4	199999	408.47995	114.093956	686.77203	-344.0849	-414.44547	295.9203	951.2563645839691
41	344.20895	277.40555	1129.4036	8.890287	352.66653	465.27985	1635.9414	68.628	258.8095	232.5	204999	398.0581	111.82984	672.7314	-313.29907	-404.00284	278.53934	976.572714805603
42	283.5501	320.8787	1447.6093	7.2775993	200.6374	259.2093	894.54755	13.625254	251.3	222.7	209999	390.4465	109.684235	681.4047	-292.62476	-396.04944	264.29755	1000.9207916259766
43	148.822	162.51033	665.6522	6.9294558	210.8344	217.60071	706.92114	-18.747177	121.37838	246.2	214999	382.8951	106.768394	689.5829	-363.2177	-388.4876	279.23022	1025.8803918361664
44	166.02313	236.65633	1152.9695	-137.75407	-34.603935	64.22195	82.485405	-177.58565	209.92308	254.8	219999	380.95078	106.584915	691.5168	-301.97473	-386.84222	295.27484	1051.1955547332764
45	74.54977	125.96966	631.5979	-167.54173	82.9796	15.813622	110.20612	55.140648	139.58333	112.9	224999	388.41815	107.80325	642.88135	-348.43094	-394.6609	303.6705	1075.1863310337067
46	222.66576	266.68457	1251.8092	-10.480676	451.24634	322.8612	1176.0145	109.49739	187.07692	322.7	229999	385.63147	106.9663	634.8192	-419.78207	-391.3615	302.55054	1100.2837719917297
47	312.89346	323.21075	1403.3145	-2.1859138	258.91608	207.27121	640.6649	80.937645	262.57895	186.1	234999	377.87958	103.421936	606.6248	-373.66638	-383.3788	278.34576	1125.0911922454834
48	282.57172	230.30725	747.31793	54.480396	170.69708	115.21309	472.26712	53.7088	242.0	167.4	239999	369.69208	101.91419	590.4873	-274.49274	-375.05453	261.692	1150.3201038837433
49	154.94868	99.586044	436.2738	22.29886	219.26888	82.37715	401.87662	87.942375	130.71794	166.3	244999	367.32285	100.175316	626.8421	-315.56497	-373.01166	286.7904	1175.4026939868927
50	271.09384	328.7126	1351.0088	41.220768	231.41586	139.49492	453.58328	111.58891	141.54286	123.3	249999	378.74924	106.44917	631.97614	-355.6008	-384.92984	323.08224	1200.5162880420685
51	519.17975	688.67993	2176.068	29.230383	701.10504	619.82996	2201.5603	116.82585	264.1111	372.5	254999	385.79935	107.32933	628.64557	-320.9823	-391.7054	340.07596	1226.1585516929626
52	506.57416	409.13626	1287.9825	7.1406064	907.4623	254.44392	1521.8029	493.1913	302.35294	556.2	259999	385.70615	102.43711	638.44226	-424.18057	-391.3111	329.32074	1252.3643395900726
53	313.90918	304.76144	1455.3296	31.821312	729.3784	479.08408	1819.0083	227.30771	180.64285	388.7	264999	382.01004	100.68986	613.352	-383.11826	-387.47284	322.5624	1278.3407952785492
54	491.32114	468.00327	1509.0146	38.676487	720.7957	468.40088	1903.0695	165.6002	276.05554	314.8	269999	376.6504	100.216125	612.683	-530.9003	-382.042	314.68683	1304.1226139068604
55	590.45966	479.2451	1778.7776	118.16239	132.71938	42.230927	255.97783	103.3844	300.94116	67.6	274999	375.66788	99.28312	629.1636	-270.26056	-381.1234	310.4098	1327.9326272010803
56	469.6645	278.2018	1135.5825	93.922676	238.45003	212.8542	779.58026	123.684006	212.21739	111.5	279999	378.7214	99.782104	673.3344	-1078.4584	-384.3097	331.98816	1352.8528878688812
57	444.09473	330.4635	1271.1938	100.00703	909.3141	733.2139	2323.6404	189.1214	228.09091	399.1	284999	386.01	103.393654	677.94037	-365.95383	-391.9325	342.16504	1378.8206646442413
58	474.62833	345.38495	1212.768	69.83698	681.5423	262.91626	1238.4244	363.59973	216.78261	228.9	289999	399.59842	105.307106	692.1063	-346.63895	-405.7479	346.89056	1404.0542182922363
59	556.02045	568.8487	1950.0194	59.96742	915.1257	624.94916	2314.1506	278.06686	227.66667	430.5	294999	410.83218	106.50184	670.82544	-295.36325	-416.96457	387.85745	1429.9311661720276
60	660.25574	624.46924	2724.5522	154.39748	613.4933	448.00958	1480.3947	143.76918	261.7	292.5	299999	412.9825	104.22501	646.068	-519.98456	-419.0499	383.95844	1455.3055176734924
61	690.8991	586.3936	1994.1517	-15.309068	512.1293	518.27893	1263.7311	77.50162	289.94116	199.4	304999	417.42322	102.880066	644.7892	-670.20233	-423.4948	366.6274	1480.9039859771729
62	522.2196	567.61255	2240.1462	-44.99359	179.50542	311.7987	826.298	-57.02908	264.52942	186.8	309999	418.0134	99.738205	630.6119	-334.88058	-423.8513	364.04092	1505.4482412338257
63	776.15204	656.54114	2444.7324	26.846085	1473.9753	851.37823	3358.9543	327.58905	311.17648	486.2	314999	415.09427	98.20272	650.61597	-452.2166	-420.73444	356.9118	1530.979016304016
64	1144.971	745.8851	2855.5378	87.37997	1784.2078	946.4404	3331.9062	708.61584	396.69232	537.9	319999	414.00967	97.59469	638.2952	-316.1975	-419.7915	358.28055	1557.2681710720062
65	733.95197	513.4804	1725.2592	90.42551	618.3651	548.9039	1795.7993	71.16579	258.3684	363.3	324999	420.36606	98.53707	636.74243	-310.8169	-426.3877	365.01276	1583.5795938968658
66	631.9961	331.2374	1454.8894	45.226364	123.23088	8.839104	135.80598	108.24943	247.8	63.3	329999	423.20914	97.16503	648.2231	-426.73828	-429.0674	376.3784	1608.2646231651306
67	700.8877	632.9618	1965.0735	26.830397	903.215	820.96686	2985.6638	124.15608	258.45	343.0	334999	423.1553	97.86418	632.9285	-287.7368	-428.88556	375.03564	1634.4391403198242
68	1095.4652	445.30396	2210.858	557.291	1118.4392	520.07965	2068.9941	377.06152	403.58334	339.3	339999	420.84	96.27779	630.43225	-357.08377	-426.48065	373.4774	1660.3935940265656
69	823.29755	748.03064	2300.4868	89.30543	635.5303	746.0679	2620.055	52.3771	331.7143	251.2	344999	421.1109	95.37205	616.5719	-429.69788	-426.7802	363.12305	1685.9113919734955
70	1087.061	817.8734	2764.2712	117.05542	1392.3679	881.671	2393.6333	209.18083	429.76923	573.1	349999	425.51175	96.270836	629.42316	-288.12433	-431.3286	362.24405	1712.6192290782928
71	1305.5624	921.7596	2959.226	82.94491	1227.4944	736.44604	2584.1926	91.15444	502.9	463.1	354999	427.0407	94.879425	640.194	-381.57086	-432.6556	351.38617	1737.7581014633179
72	713.97	757.0896	2825.1917	92.39446	785.2302	830.98376	2639.644	53.977795	301.9375	369.9	359999	429.75278	94.52307	639.3459	-369.69696	-435.35056	364.18063	1763.5379152297974
73	978.33826	893.3802	2818.4294	45.913235	1576.8802	775.7747	3345.9453	597.0711	426.0	713.1	364999	430.70294	94.58867	645.2081	-406.64597	-436.3653	367.05795	1790.5704882144928
74	932.3837	769.41956	2890.0315	97.62451	1037.581	882.42944	2790.6116	229.83017	393.7143	466.6	369999	433.08163	94.43717	681.8561	-381.6284	-438.6082	355.8959	1816.434023141861
75	1387.9741	1157.4894	4012.4983	116.997894	61.955383	3.7659736	72.07817	57.833355	456.0	62.7	374999	433.68295	94.941025	679.1516	-385.5842	-439.21204	378.892	1841.11873793602
76	919.8345	978.8689	3382.8176	12.73508	2029.1088	1077.2607	3390.7773	92.86701	342.25	666.7	379999	437.4512	93.50458	654.1592	-318.85736	-443.05615	365.00406	1868.2336132526398
77	1526.0214	1108.9572	3687.221	141.89314	1370.0566	1122.0408	3019.2861	111.573364	529.2222	490.0	384999	440.784	92.58022	665.2812	-666.1065	-446.4168	382.36166	1893.9001171588898
78	1419.4047	1024.4102	3066.4475	129.0322	1315.2816	747.6287	3107.4927	747.9026	525.5	450.3	389999	441.7662	93.188446	662.52246	-587.3772	-447.1442	364.46634	1920.4991850852966
79	1117.9341	737.86774	2084.448	28.149096	1031.1725	609.2332	2224.8625	149.00592	457.4	333.7	394999	441.67447	93.823395	659.9518	-374.55734	-447.0835	362.64346	1946.3748466968536
80	1222.753	676.3926	2410.8962	315.526	1737.5768	1010.25854	3008.7373	128.53065	479.2	693.0	399999	443.14178	95.33329	679.41534	-426.11124	-448.4731	363.7561	1972.917664527893
81	1172.171	935.33655	2998.8982	198.78337	689.307	442.3743	1389.7845	94.38683	458.0	287.4	404999	443.5698	94.68656	679.45123	-455.8167	-448.9718	377.3173	1998.0833089351654
82	866.43616	891.66724	3209.3994	99.17698	933.973	534.75104	1994.7521	101.0363	331.57144	338.3	409999	444.3905	94.44462	663.8502	-412.79962	-449.8017	364.67377	2023.3700113296509
83	1027.2964	784.7424	2764.26	71.38573	860.80634	688.58594	1870.4147	7.2748165	375.23077	258.1	414999	447.81403	93.46755	645.1638	-331.6588	-453.3677	371.41006	2048.4452974796295
84	765.12085	718.8571	2250.347	-62.657085	670.45	543.2385	2055.0972	90.0736	362.53333	319.6	419999	452.32858	91.83373	631.5748	-350.91364	-457.9163	380.7399	2073.540614128113
85	678.1943	387.2685	1305.7706	18.429161	1060.6768	889.2046	3342.0354	316.31247	296.70587	441.1	424999	448.8711	91.9748	646.9283	-322.0833	-454.17126	359.80353	2099.8020193576813
86	872.0619	524.5075	1812.1243	168.29918	783.3031	790.19617	3035.3528	200.47154	343.85715	338.1	429999	450.6823	93.43309	672.49744	-353.2393	-456.22214	361.71753	2126.0122520923615
87	417.45456	548.0171	1830.3943	-79.160255	341.1529	385.94144	1069.1995	24.027103	245.14285	327.2	434999	462.48242	98.783844	740.21155	-485.30518	-469.03705	409.3107	2151.972903251648
88	377.85498	371.61804	1089.161	-11.596072	604.0736	519.878	1592.3176	48.012333	357.75	498.6	439999	494.6917	111.18854	772.4301	-559.515	-501.9191	454.0406	2178.619760990143
89	1164.222	519.0545	1715.449	90.70967	632.7577	508.51663	1502.7858	160.43117	822.0	510.6	444999	507.09482	111.43543	772.7566	-583.2317	-513.5131	457.64	2204.982892036438
90	1081.1576	968.4167	2416.4648	39.1375	1148.8079	1118.5612	2855.4155	38.284607	506.27274	464.2	449999	499.27444	102.976326	724.7892	-392.75238	-504.9369	434.6951	2231.308705806732
91	1004.427	867.47046	2953.3699	126.567764	503.37335	503.12402	1439.1694	84.212944	407.33334	311.4	454999	486.55487	97.45708	680.3137	-574.16254	-491.91595	405.4702	2257.1032757759094
92	486.59204	542.14685	1907.6227	-8.893306	803.5861	680.406	2386.7007	78.96879	236.0	279.8	459999	474.99097	93.74218	689.08356	-507.01608	-480.31006	394.79694	2282.5588595867157
93	682.65314	651.1038	2865.8818	-89.04273	1366.6819	953.4451	2958.3032	119.40349	267.21054	531.1	464999	468.30984	92.87185	704.50824	-342.87366	-473.5375	393.9684	2309.3683454990387
94	825.2355	698.287	2207.166	116.42911	1386.1117	1414.8524	3657.8223	20.19961	309.5	426.1	469999	462.93332	93.5673	697.6987	-631.513	-468.2471	374.66232	2335.1955964565277
95	851.0008	453.36276	1771.6104	22.857372	1014.77765	430.29623	1770.7406	472.82513	321.13333	428.8	474999	465.85065	96.882065	711.5006	-451.3049	-471.38846	392.99973	2360.9175601005554
96	1140.8962	538.2448	2406.9426	397.32925	723.0534	606.0153	1941.7216	39.817436	402.76923	281.4	479999	469.3367	99.147804	708.1699	-712.7837	-474.7344	376.99994	2386.0765612125397
97	1589.5349	1095.2135	3659.3733	13.505242	1579.227	672.8077	2543.243	710.36304	602.625	633.6	484999	471.7175	98.64611	669.0054	-476.49667	-477.1734	385.04733	2412.5871317386627
98	1498.7415	962.00006	3321.0059	67.69826	926.75696	1181.6884	3399.106	40.157387	498.5	349.5	489999	470.80106	98.258385	665.7715	-430.35342	-476.0933	386.66766	2438.698316335678
99	1784.2799	1074.0706	3350.6045	195.5383	1805.1682	823.02106	3305.4905	655.4464	566.44446	592.6	494999	466.3516	95.9585	664.3434	-291.88025	-471.48804	373.19727	2465.028450489044
100	1148.3745	1161.6034	3241.1565	58.904778	1277.9905	573.07837	2797.2148	787.7719	379.3846	385.6	499999	465.05783	94.20865	664.51776	-423.06805	-470.3345	378.7371	2490.1554605960846
101	1202.4673	940.0988	3192.9392	61.444447	2444.8665	957.7298	3256.603	174.24828	396.91666	814.6	504999	464.75613	93.22523	653.8512	-497.92615	-469.9806	357.94504	2517.7034499645233
102	2111.0254	905.47925	3346.5476	1027.7192	2352.836	1110.7208	4610.358	1128.9601	655.8571	579.6	509999	461.26877	91.463486	642.1326	-497.02084	-466.3075	355.8512	2544.6440105438232
103	1950.8705	1439.9266	3998.3901	55.409412	2826.309	844.6318	3979.4612	1426.5205	562.3	760.2	514999	462.03464	91.1133	655.9168	-398.4095	-467.1409	344.3903	2571.933544397354
104	1838.6755	1057.1901	4137.9946	274.29672	3012.351	1035.179	4305.6973	1231.9056	526.44446	777.1	519999	462.72238	90.2344	656.31494	-409.45975	-467.7166	354.41928	2599.2855608463287
105	1232.173	1085.6615	3273.8638	38.076893	1976.6887	1040.97	4059.4275	445.6045	358.93332	544.4	524999	461.15817	89.900154	684.711	-576.55	-465.9878	328.69305	2625.8060777187347
106	1320.7952	763.9002	2751.0847	36.114838	2289.476	959.2619	4057.9045	606.93384	397.58334	527.4	529999	458.4507	89.45967	657.31244	-393.02298	-463.2558	345.1662	2652.25098156929
107	2316.531	965.1862	4341.59	1100.4751	981.13586	1205.4253	3376.4365	1.895872	576.0	332.1	534999	457.66858	89.02849	693.04736	-375.49323	-462.50815	333.73648	2678.002644300461
108	1321.9529	1130.7815	4249.1323	21.428335	774.8608	632.91705	2118.6978	115.941246	373.0	228.7	539999	457.45563	88.5455	689.9133	-312.99167	-462.3237	333.43274	2703.7327415943146
109	1040.1284	1196.411	3590.3264	17.7549	1051.2887	908.1764	3046.417	28.635136	335.13333	418.0	544999	459.90234	88.36775	701.44055	-414.1126	-464.8374	346.0687	2729.492695569992
110	1252.244	838.42236	3239.2302	245.00969	1492.4885	559.782	2817.6052	659.05786	455.0	430.2	549999	461.4291	89.40813	700.44025	-341.7896	-466.2857	345.98004	2756.124782562256
111	1825.4309	1181.3627	4383.4077	34.664917	2161.6804	1517.5952	3934.6184	144.08685	471.18182	626.4	554999	461.03003	90.17553	712.16626	-419.00616	-465.78806	342.1356	2782.827428817749
112	2501.555	1433.7426	4006.6292	177.36096	2603.4236	1460.8015	4423.539	700.4756	733.3333	658.9	559999	460.47546	88.940285	686.2574	-471.1078	-465.16455	333.32834	2809.962821483612
113	1511.4703	1441.201	3907.184	58.388016	2516.8398	1335.2501	4049.7427	204.722	443.66666	720.1	564999	458.82254	87.18573	697.00073	-429.53165	-463.4763	324.2644	2837.2514452934265
114	2529.263	1390.9337	4061.2908	349.8934	2617.4692	1159.6558	3753.0627	569.89026	682.1429	716.3	569999	457.1416	86.83421	656.24194	-259.28	-461.7609	327.2463	2863.911669254303
115	2447.695	1305.2902	3819.9438	-7.013794	3153.4622	1327.323	4205.157	595.71405	693.25	791.7	574999	455.7079	85.86696	683.7763	-391.80643	-460.2757	319.49722	2890.9701125621796
116	1247.7238	1252.0781	3840.4873	144.33382	2432.3267	1102.8787	4178.6123	513.04895	373.92307	679.7	579999	455.70358	85.298546	694.0184	-427.05032	-460.27206	318.926	2917.5544323921204
117	1489.4128	1374.8284	4004.2246	17.042177	1944.1465	1241.8118	3701.6519	473.52466	459.18182	603.7	584999	454.36493	83.77356	667.05286	-622.05896	-458.79385	316.7388	2944.1915855407715
118	1070.4261	809.0946	2710.819	39.978264	1133.1785	612.79755	2516.3928	421.7752	327.13333	326.6	589999	452.04953	83.747574	661.65784	-350.21924	-456.4482	319.83844	2970.2550444602966
119	2676.1206	1089.3633	3935.8525	1274.4037	1625.0638	1118.3284	3816.3623	290.88824	709.5714	544.4	594999	450.25003	84.236206	668.39105	-615.33246	-454.55624	303.23105	2997.0268330574036
120	2168.6047	1432.763	3790.7207	174.95953	1720.809	1225.1224	3608.5315	316.1715	651.0	502.6	599999	447.35666	84.81688	664.7068	-317.68048	-451.55316	302.32196	3023.7343242168427
121	2270.147	1182.6721	3654.1897	864.076	1283.2916	1130.8905	3768.6792	119.90514	687.7143	394.3	604999	445.88733	86.01482	648.39307	-318.39542	-450.2314	306.2844	3050.210841178894
122	2030.3988	1530.4115	4053.6975	29.180616	2247.0952	1842.8105	4289.5273	109.86336	562.125	574.5	609999	447.56454	84.74948	710.0444	-351.994	-451.868	301.9803	3077.1074409484863
123	1778.1522	1229.0284	4057.6672	117.270065	2194.0952	1398.6875	4306.7705	143.1859	509.0909	643.5	614999	448.04355	85.693	653.72894	-478.84567	-452.37616	300.47305	3103.195524454117
124	2297.6008	1693.4028	4083.367	176.86758	1375.5596	1033.278	3348.4512	113.088524	642.2857	448.8	619999	450.0514	86.06086	663.11383	-493.26462	-454.3711	303.88675	3130.284428834915
125	1946.0547	1467.4357	3988.983	112.19247	1328.1968	745.0087	2318.9363	157.87126	555.0	376.5	624999	453.15152	85.5143	662.3963	-413.92523	-457.5915	321.31174	3156.016783952713
126	1031.3706	1265.4452	3705.2566	85.37351	1340.4608	1491.0543	4522.941	112.70733	337.46667	378.8	629999	455.348	87.45999	661.4469	-502.81384	-459.784	313.96338	3182.319416284561
127	2285.3352	1210.7843	3695.7683	476.0533	2637.6904	1445.737	4283.2256	79.08952	681.8571	675.6	634999	458.2991	87.367424	644.8915	-396.4943	-462.7272	312.64215	3209.1564581394196
128	1793.7694	1226.3818	3754.8872	202.48358	2198.978	1479.0669	4312.7812	255.86577	577.1111	559.7	639999	458.46338	87.37138	646.59674	-537.2199	-462.8104	314.9319	3236.2661397457123
129	1408.0709	1659.6807	4464.275	17.012827	3441.9233	713.3953	4130.832	1566.8887	378.63635	928.1	644999	457.6162	87.734634	660.9706	-274.85452	-461.7553	306.76294	3264.4949197769165
130	1806.0046	1292.6515	3897.7646	163.62172	1153.5464	853.62115	2777.9812	109.9806	497.45456	410.1	649999	456.41736	87.95081	641.50476	-435.51724	-460.6814	306.17886	3290.9588372707367
131	1263.1392	983.4573	3504.9785	102.28158	2124.8962	1259.401	3642.8193	88.17596	405.69232	625.5	654999	455.45206	87.440956	649.1348	-471.1689	-459.5294	313.15912	3317.865777492523
132	2395.8645	1277.0791	3967.1226	112.495346	2381.584	1434.4907	3722.5051	105.06186	675.5714	718.6	659999	454.86392	86.95367	649.946	-361.1968	-459.07846	312.04227	3345.126071214676
133	1769.0836	1268.1654	3731.0671	89.92657	1551.4807	1211.8716	3163.27	171.27235	538.6	526.0	664999	454.72247	86.23341	637.2117	-347.48358	-458.82834	302.7817	3371.200159072876
134	2533.9436	1308.1399	3781.5273	558.49286	1363.3142	941.82623	3336.9233	476.73578	754.0	465.2	669999	454.77597	86.28661	660.8511	-385.5234	-458.9559	292.81717	3397.314470767975
135	1370.5553	1220.3939	3232.2642	128.49649	1728.7805	919.58887	3279.477	407.58762	429.33334	566.7	674999	454.90536	86.14776	657.437	-471.00565	-459.04196	306.19604	3424.262538433075
136	1312.4042	1013.852	3179.7732	223.45523	1093.133	759.0615	2461.7817	282.76508	413.0	380.3	679999	454.96194	86.19731	652.4567	-373.31738	-459.0239	298.72336	3451.0707700252533
137	894.0762	887.22906	3173.7634	72.79499	2305.4907	1326.9517	4002.2183	327.5603	324.8	697.9	684999	453.33606	86.62462	651.89545	-486.90796	-457.39114	305.76895	3478.378435611725
138	2122.5571	1175.8826	3426.6187	157.74896	950.36755	668.5448	2352.7517	208.77681	678.75	372.2	689999	452.56787	86.706314	665.42926	-659.9523	-456.5034	298.90164	3504.0522961616516
139	1550.6396	1218.2021	3598.0413	157.06212	966.1034	425.57623	2011.1255	429.5452	523.625	407.6	694999	451.38568	86.63402	659.1889	-344.93945	-455.2545	291.49304	3530.0287907123566
140	1307.9604	981.40857	3112.6274	107.01955	1428.3365	966.6712	3330.9348	309.8746	507.9091	422.5	699999	449.6318	86.58988	652.95605	-532.576	-453.4989	298.8604	3556.224561214447
141	1343.7941	1024.8386	3478.0525	150.96404	839.3353	850.6551	3109.0784	139.15811	505.5	280.7	704999	449.3661	85.41093	632.01086	-313.52927	-453.3429	296.23895	3582.3750388622284
142	1280.1981	1157.3303	3764.4429	47.655106	1357.7458	985.60297	2558.2817	50.60862	448.81818	551.5	709999	449.1345	82.873215	631.6475	-384.91928	-452.965	285.2248	3609.323421239853
143	1430.7146	1208.1377	3430.388	24.80699	1627.2375	1468.4935	3905.09	78.70406	499.1	482.5	714999	445.23215	81.1903	646.19836	-483.69727	-448.88065	284.88773	3635.6323297023773
144	1166.0345	1286.9551	3585.6172	55.635063	1411.7478	739.0236	2457.3003	182.34637	406.15384	411.0	719999	441.4265	81.689964	643.3728	-383.5803	-445.2514	295.9477	3662.2173557281494
145	1849.5868	913.4546	3249.0596	455.29755	1054.26	954.22437	2945.8933	103.02988	533.3333	412.2	724999	440.44177	81.34576	660.3215	-385.6837	-444.2526	268.4733	3688.8404564857483
146	971.2159	1245.0623	3746.9233	23.308458	1861.4783	1409.1356	3661.8496	103.010895	342.26666	561.9	729999	441.06	80.22346	631.66583	-385.48306	-444.9552	296.1563	3716.142247200012
147	1242.6561	1319.249	4084.4817	73.30897	1669.377	771.83264	3077.8804	693.27374	392.53845	430.3	734999	440.74594	80.85731	608.2406	-454.29446	-444.4479	278.0669	3742.54776263237
148	1694.3502	1520.7332	3911.4382	48.40084	3312.3438	1110.7058	4087.139	177.67375	482.1	866.7	739999	441.2653	80.690926	625.72363	-415.3206	-445.1099	281.2143	3770.305188179016
149	1903.4673	1908.218	4143.8115	88.14242	1007.67773	966.5976	2654.2524	101.48501	505.44446	330.8	744999	440.87137	80.21247	623.86676	-571.9214	-444.5641	274.33435	3797.039133787155
150	1579.7098	1660.1322	3768.99	47.021366	585.37537	837.15894	2789.8687	92.03833	458.58334	226.7	749999	440.67798	81.07363	649.668	-344.25165	-444.45926	272.8971	3823.353185415268
151	1857.6962	1555.4669	3742.1746	79.28564	564.0104	734.2984	2697.0376	133.11389	550.8889	199.8	754999	442.50015	81.6957	636.50916	-504.7031	-446.3446	268.47864	3849.6373443603516
152	1024.4464	845.1826	2540.1436	81.697105	2295.904	1378.8848	4102.543	146.16121	327.07693	654.9	759999	444.75308	81.66641	637.2816	-305.17764	-448.53085	274.5269	3877.180620908737
153	2864.6887	1185.6495	4025.662	754.03186	4001.3218	546.4143	4729.698	2974.611	777.7143	946.4	764999	442.5238	82.25341	632.47687	-398.21625	-446.1743	286.89594	3905.6811802387238
154	2869.5764	1853.8958	4824.787	63.38416	1756.6077	1563.988	4202.1143	102.02495	693.8571	502.9	769999	441.76913	83.23702	643.1379	-330.1673	-445.4591	278.7756	3932.3369040489197
155	1802.9222	1583.7662	4312.5083	70.72994	1847.054	1550.6542	4314.3076	88.175354	482.0	494.5	774999	442.57956	81.50779	638.4617	-378.37936	-446.3346	280.6303	3959.31138920784
156	3295.5789	1019.228	4145.7607	1063.5286	529.3676	580.95667	1734.4116	138.49207	885.3333	200.9	779999	444.22516	81.83649	658.1264	-398.95682	-447.98065	281.3241	3985.3422124385834
157	2093.3623	1574.8372	4087.4563	26.858812	1753.6578	665.895	2967.08	481.91528	563.0	390.0	784999	445.04773	82.78275	661.9987	-298.81335	-448.6983	286.92114	4012.1033556461334
158	2258.227	1571.1608	4267.1284	48.159332	1630.0139	1354.4658	4005.7698	63.851788	550.8889	500.0	789999	445.46167	82.98914	645.10333	-493.77982	-449.1111	270.87064	4039.4157752990723
159	1520.662	1110.5958	3584.2603	61.085762	1854.6246	1028.5114	3856.4033	244.70668	467.0	524.1	794999	446.67267	83.409874	642.99854	-407.31357	-450.3476	273.6417	4066.8198668956757
160	1777.8041	1205.6781	3901.9102	423.08896	2272.4744	1691.1244	3995.8643	85.440865	493.22223	640.1	799999	447.8132	83.43014	653.0689	-467.6643	-451.4492	289.2471	4094.0381877422333
161	1681.1458	1660.8431	4555.1655	73.97195	2349.5679	1192.1274	3868.963	175.01491	453.30768	621.7	804999	449.11087	82.59219	647.798	-416.5691	-452.8066	293.75494	4121.537305355072
162	2228.2363	1312.8541	4211.8	65.14958	1775.4426	1456.9149	4517.5654	232.9436	609.125	451.4	809999	450.12262	82.6411	640.3034	-331.58762	-453.7835	273.23593	4148.6213710308075
163	1873.3164	1519.7301	4500.3774	41.750587	2542.2864	1243.7059	4349.472	145.11635	460.36365	643.7	814999	450.9786	83.71484	659.6568	-431.2871	-454.6801	289.97592	4176.088322639465
164	1380.5787	880.4348	3729.4475	318.06116	1473.684	1281.849	3646.7874	123.417366	385.53845	430.8	819999	453.21692	83.38663	648.47955	-408.3664	-456.9745	283.675	4202.319607257843
165	1690.6417	1252.1445	3368.3745	67.396416	1819.2373	1228.746	3206.2312	140.02274	465.0909	633.6	824999	455.85623	82.58072	652.27734	-749.8283	-459.5814	284.1343	4229.348873615265
166	2089.016	1350.3066	3659.1582	26.63271	1150.8816	974.3064	3116.9343	139.53107	579.0	320.6	829999	455.75873	82.29644	704.64923	-338.32642	-459.37854	281.9019	4255.690333843231
167	2667.096	1451.0464	4259.467	66.09829	3062.5217	1545.2832	4499.8804	25.306889	685.8571	752.0	834999	454.706	83.170685	662.1755	-623.54193	-458.2978	277.74008	4282.810164928436
168	2715.0142	852.3564	4079.2217	1753.462	2432.0225	952.6951	3972.785	522.3008	772.0	630.6	839999	455.14682	83.35648	668.6014	-428.77008	-458.8312	282.445	4309.860200405121
169	2669.032	1064.1549	3960.048	1337.2645	3193.3352	1259.0394	4327.8506	693.53876	714.1429	802.8	844999	457.01334	82.95902	665.93365	-442.68546	-460.6347	284.3322	4337.419056177139
170	1941.5188	1690.2955	4252.8555	18.879238	1707.7946	906.8058	3656.08	666.07324	539.7273	498.1	849999	455.99542	83.58476	648.82416	-284.19626	-459.53876	285.00974	4364.259558677673
171	2161.7515	1440.1542	4025.9863	173.47154	2585.7068	1562.5378	4325.0317	142.76233	588.5	706.9	854999	456.8959	83.979675	647.94617	-528.69666	-460.50824	288.1057	4391.8406229019165
172	1487.1019	1215.5195	3135.6338	91.440895	2987.4258	1238.9498	4322.0664	1141.5034	414.5	766.2	859999	458.68616	81.87784	653.89264	-491.93164	-462.3092	277.4273	4419.432890892029
173	1489.0676	1081.088	3544.4705	229.62852	1048.6042	896.9768	3277.2085	81.06767	449.5	394.8	864999	457.87527	83.34061	664.1449	-526.13965	-461.45834	282.55774	4445.246196508408
174	1751.3702	1145.278	4272.795	478.65576	1658.1311	953.5056	3978.2146	475.9608	487.63635	441.8	869999	459.60645	83.36103	662.9362	-337.47623	-463.30786	286.59482	4472.11429309845
175	1748.2504	1260.2432	4049.637	15.374192	1919.6523	1111.5358	3623.413	165.65749	483.36365	599.9	874999	462.52258	84.65773	679.85486	-615.7104	-466.216	282.2905	4499.504067897797
176	1488.6686	1401.7678	3815.1624	26.45296	2539.7559	1441.0793	3860.815	214.12305	414.41666	655.4	879999	465.08438	84.22475	677.2119	-366.53265	-468.7762	292.9471	4525.316105127335
177	1697.6052	1025.0162	3587.701	35.58179	2411.143	1348.755	4316.649	159.67743	493.4	599.3	884999	464.86868	83.107475	672.2995	-626.71985	-468.3826	287.00436	4552.022130727768
178	2624.545	1370.1099	4185.869	47.721348	2233.0273	1639.6315	4182.0483	30.530773	730.0	674.5	889999	463.8921	83.94204	663.35803	-474.46576	-467.49606	284.31085	4579.895770549774
179	2781.9824	740.0595	4015.652	1407.8771	2756.3306	1393.3866	4501.1772	467.01907	719.0	658.9	894999	463.35382	85.31347	669.81616	-328.83008	-466.95755	286.2877	4607.581387281418
180	1693.3181	1272.9282	4111.743	95.07947	1015.6996	1015.09625	2681.5547	239.69968	438.7	310.3	899999	464.19412	86.25478	679.71185	-452.407	-467.8433	289.2417	4633.557159423828
181	1688.8619	1509.7252	4177.7886	243.54526	2653.312	1362.0177	4896.858	822.41016	469.91666	621.4	904999	466.07483	84.68001	674.95874	-467.55807	-469.6719	289.1807	4660.6635529994965
182	2364.8	1405.0753	4533.724	197.04366	2794.7646	1418.2699	4206.9507	169.06541	608.1429	763.1	909999	465.47903	84.73709	674.2185	-395.06497	-468.9913	284.3529	4687.878807067871
183	2099.5378	1256.6471	4344.8896	442.34683	2116.862	1322.3854	4441.783	187.51247	593.7778	615.7	914999	466.1699	82.758095	667.6461	-645.8671	-469.6934	267.3855	4714.684020996094
184	2266.0508	1202.8204	3906.2803	147.48984	1622.592	870.89435	3405.7676	264.83252	622.0	464.5	919999	465.5005	83.268295	701.65985	-374.9379	-468.9609	277.4135	4740.839271783829
185	2119.3325	1260.8816	3822.2446	536.4435	2478.592	1389.4052	5206.529	97.97994	620.125	600.8	924999	464.30536	83.96518	674.27545	-475.33508	-467.8086	283.72485	4767.676649808884
186	1829.1622	1546.4491	3942.5159	85.982635	2361.98	1267.765	3802.5857	56.05438	492.54544	732.3	929999	464.24097	83.00238	700.092	-542.6115	-467.71695	281.20804	4794.660141468048
187	1376.4865	1519.9424	3984.8774	29.807701	489.35504	945.5156	3085.1345	32.51096	394.3846	124.9	934999	464.24854	82.35219	679.5448	-703.5643	-467.7823	279.7549	4819.88641500473
188	1524.2273	1180.058	4542.6025	34.953804	1035.2454	1080.7911	3182.8843	80.14009	435.5	358.5	939999	465.08017	84.39106	681.7362	-483.69354	-468.5806	297.31534	4846.488234996796
189	1745.1919	1213.7284	3631.9773	4.0064588	1855.5602	857.67114	3542.2898	678.8854	479.72726	498.8	944999	465.25333	84.46162	679.10455	-333.77304	-468.6427	278.0011	4873.064114332199
190	1698.9185	1209.3201	4186.5786	53.091293	2076.2334	1177.535	3920.7268	267.07562	488.18182	590.7	949999	463.3263	83.923	670.91315	-649.31616	-466.6507	285.7432	4900.3608045578
191	2870.648	1358.7854	4447.099	1036.5612	2444.4937	1699.4034	4826.355	91.14155	666.2857	588.1	954999	461.85095	85.05534	656.89886	-408.61823	-465.3186	290.32355	4927.528754234314
192	3045.864	1766.8859	4489.1284	225.06032	2514.0615	1665.5568	4039.2778	68.96488	744.5714	649.6	959999	463.675	84.06891	667.9611	-374.963	-467.1972	287.73148	4954.649146556854
193	1707.3002	1088.5463	3936.3137	159.84108	922.7088	1617.9088	4857.2573	44.741295	432.1	196.7	964999	462.65216	84.17754	682.2295	-340.40106	-465.9529	280.94427	4980.876558542252
194	3095.7463	1538.9812	5097.367	206.4038	3396.5676	1341.2753	5046.2056	1001.59937	699.75	780.0	969999	462.23425	84.15349	651.6745	-373.3892	-465.6617	281.9286	5008.474797487259
195	2033.609	1296.7245	4047.2058	72.7538	2689.656	1200.365	4306.7407	1028.0841	512.3	683.5	974999	461.09665	83.31951	664.2676	-356.6764	-464.3729	283.62378	5035.79228925705
196	1466.2596	1517.5505	4394.6504	45.313766	1448.0258	1323.2491	3446.208	153.85268	408.63635	380.4	979999	460.39496	82.94455	665.4788	-347.4119	-463.7451	284.47003	5062.643483400345
197	1957.0016	1161.0342	4193.926	168.51038	2935.812	1647.0365	4920.7944	150.27548	481.81818	633.9	984999	460.62503	83.60375	663.65656	-346.4662	-463.9184	277.50174	5089.798089265823
198	2458.2412	1114.7874	3882.346	169.93382	1938.7415	1340.0322	4678.1157	647.1607	538.7778	447.7	989999	460.4932	84.32669	668.4472	-424.6089	-463.84576	278.46826	5116.561191082001
199	2203.6833	1317.635	4159.5874	28.527266	2582.8403	1479.0438	4136.319	461.50528	579.44446	664.9	994999	461.171	85.454506	674.2827	-374.3183	-464.5328	279.46326	5143.718074321747
200	2527.7502	1472.5503	3718.6265	159.73834	2931.5667	1478.0665	4868.6255	173.55894	675.2857	653.4	999999	462.48615	84.88499	668.46436	-407.76382	-465.8091	278.56573	5170.586810827255
