Epoch	AverageEpRet	StdEpRet	MaxEpRet	MinEpRet	AverageTestEpRet	StdTestEpRet	MaxTestEpRet	MinTestEpRet	EpLen	TestEpLen	Time Steps	AverageQVals	StdQVals	MaxQVals	MinQVals	LossPi	LossQ	Time	AVG Time Per Epoch
1	1.7625833	6.0924945	31.141685	-12.119613	858.0456	395.34662	1057.8398	63.77297	20.387754	813.0	4999	23.452032	19.347637	95.28047	-33.092598	-28.116394	4.0083246	19.29626703262329	19.29626965522766
2	1.7817148	5.3140774	27.461218	-11.592596	860.1115	18.310837	903.256	833.45245	20.22672	1000.0	9999	209.67174	132.01459	685.7616	-218.5725	-238.10667	292.03265	43.05399513244629	21.52699875831604
3	-1.0116876	42.862247	421.50183	-75.65872	5.1063337	3.2245684	10.03238	-0.54703563	34.157536	45.0	14999	641.12695	212.81816	1232.7332	-901.5967	-695.3889	2048.9905	63.82577848434448	21.27526021003723
4	3.0209649	69.972786	373.63263	-56.00283	-34.264214	122.91946	294.48422	-139.73375	82.85	223.1	19999	990.12897	303.48807	1861.4314	-1484.4445	-1056.247	3777.3376	85.35232973098755	21.338082909584045
5	9.947633	94.56769	170.95554	-224.56433	59.57838	55.747932	186.48163	10.569523	116.81396	92.1	24999	1327.9781	381.21057	2492.1628	-653.8665	-1401.1322	5753.6245	106.46698474884033	21.293397378921508
6	37.983658	81.95225	310.24207	-19.29106	-10.742893	1.9087601	-8.314997	-14.552745	73.76471	53.1	29999	1594.2482	416.3766	2774.9595	-1672.6733	-1666.027	8712.0625	127.37868547439575	21.22978127002716
7	37.97996	107.60202	398.6744	-90.59575	172.63211	155.59496	439.1481	-80.21585	138.05556	268.8	34999	1746.8243	491.64694	3613.0515	-1018.2313	-1820.7018	10709.945	149.1345853805542	21.304941041128977
8	153.46628	104.91743	410.8899	-80.185265	91.82628	96.42104	243.81134	8.8744955	146.26471	66.0	39999	1971.2133	548.45245	3562.0173	-998.83984	-2048.2156	12421.082	170.12212586402893	21.265265971422195
9	53.85553	126.55728	424.60178	-87.77383	61.969276	120.47597	291.0704	-64.17997	147.33333	151.8	44999	2126.5483	568.9484	3342.9668	-1036.9595	-2202.0388	13186.019	191.3705756664276	21.263397534688313
10	37.427208	110.34583	335.1762	-270.0769	-15.2415695	1.6928343	-13.131266	-18.615496	140.48648	30.9	49999	2208.9797	598.7114	3394.395	-944.55994	-2280.099	12636.949	212.19390606880188	21.219390797615052
11	-27.447466	50.55163	43.361923	-281.4348	67.0034	170.78853	479.7109	-95.89001	86.08929	178.6	54999	2191.3945	638.3398	3324.522	-1348.6133	-2257.87	12491.52	233.55327796936035	21.232116374102507
12	141.03943	185.89944	668.11176	-126.742615	219.59253	144.10634	500.04953	-8.662231	239.2381	271.5	59999	2139.4004	659.11084	3249.6448	-2045.74	-2201.9292	10927.079	255.23985242843628	21.269987841447193
13	184.54008	102.71308	359.67206	-8.597612	198.09921	43.99518	279.97394	140.41762	177.6207	107.8	64999	2071.8289	646.94403	3217.618	-1208.8562	-2127.7458	9364.368	276.38029766082764	21.260023043705868
14	74.90574	131.35016	477.44083	-175.52885	121.619644	142.98312	470.66547	-63.705624	191.0	317.1	69999	1946.2535	632.7152	2966.391	-1889.1151	-1996.1012	7801.837	298.50611877441406	21.321865762983048
15	127.32793	154.82306	354.86734	-86.20701	69.30114	100.744415	238.48181	-79.8586	299.2353	178.1	74999	1815.286	592.7708	2787.9434	-1254.8358	-1859.5176	6604.853	319.8121757507324	21.32081184387207
16	92.53892	117.53063	467.6198	-3.8738472	156.50441	137.21028	482.72903	28.76453	145.24243	188.9	79999	1671.7515	548.9037	2563.5227	-1390.3425	-1710.3464	5420.096	341.3599286079407	21.334995672106743
17	118.9403	183.0882	720.8341	-79.91231	20.623917	26.202894	68.62599	0.8251614	193.92592	33.0	84999	1536.9186	508.96616	2308.628	-995.2645	-1572.1425	4594.0586	362.0526442527771	21.297214465982773
18	206.12901	233.85103	974.14453	-165.39435	202.36664	289.15442	981.1362	-87.74856	205.375	329.3	89999	1412.8104	473.4864	2141.4158	-1343.5258	-1444.0728	3982.1577	383.91259598731995	21.32847770055135
19	217.1766	264.38666	1119.3376	-2.3234663	208.27727	193.69275	707.46515	-35.94991	244.73685	280.3	94999	1303.8419	424.80344	1925.8135	-1947.6918	-1331.7769	3193.038	405.8839364051819	21.362312542764766
20	240.27654	287.7349	1076.1978	-67.06439	79.23716	80.7319	310.8977	16.349537	251.61905	85.6	99999	1200.0103	382.37784	1747.3524	-990.42896	-1224.8301	2671.6252	426.93925619125366	21.346962904930116
21	90.45353	99.42546	433.76984	-55.64311	175.19077	141.8004	509.6502	-9.297341	192.51852	302.2	104999	1093.4701	350.69467	1578.6228	-904.9357	-1115.0742	2136.435	449.0086603164673	21.38136486780076
22	252.04652	227.6379	857.3668	8.425775	301.9467	257.1123	863.46643	30.847208	280.6111	306.5	109999	985.29987	322.58926	1430.7833	-679.5718	-1003.7508	1766.864	471.07282400131226	21.412401188503612
23	127.11346	96.82502	296.1401	-88.77172	95.31523	104.044426	286.267	-74.03753	192.34616	176.7	114999	884.0692	293.6587	1281.045	-1177.9929	-900.2801	1447.1469	492.63880705833435	21.41907865068187
24	65.96296	99.62272	348.53897	-69.78739	219.95627	249.45409	800.2563	-89.71561	134.27026	347.5	119999	795.8599	267.05136	1174.3768	-616.08936	-810.1988	1254.1168	514.646833896637	21.443618188301723
25	212.58215	251.48857	996.0703	-19.037868	203.61702	155.58292	639.4668	86.49112	242.15	189.1	124999	713.05884	241.76556	1042.6786	-787.54425	-725.77466	1006.4238	536.0208985805511	21.44083601951599
26	288.4424	335.15796	1209.1919	14.983328	414.51416	563.87146	1895.0096	48.134335	252.70589	367.0	129999	641.5011	215.84743	941.087	-609.3776	-652.5648	788.9746	558.3705604076385	21.475790858268738
27	326.01083	282.633	978.7489	-21.220518	219.20786	231.2976	853.883	23.348427	346.35294	192.7	134999	582.3634	193.82744	881.34766	-601.8754	-592.3096	662.6201	579.8838212490082	21.47717864425094
28	161.55638	266.12512	956.8388	-62.533142	395.41254	341.00824	878.4724	-50.974087	198.54546	514.2	139999	538.82153	178.2498	868.1159	-472.8475	-548.3995	590.33374	602.989767074585	21.535348900726863
29	200.88467	211.10384	847.1524	-0.28027597	148.29419	121.6998	358.36417	-27.657305	235.0	205.3	144999	503.04294	165.6552	823.0959	-550.59326	-511.72614	504.42514	624.5864651203156	21.53746437204295
30	157.83249	154.8967	496.75842	-50.5834	127.64729	79.28123	320.63434	73.4548	222.95454	102.2	149999	467.29398	151.54898	785.31085	-370.15558	-475.14584	426.0643	645.9153425693512	21.53051150639852
31	193.09506	178.25427	499.9356	-37.305588	84.56591	114.85907	305.2384	-55.22883	385.3846	182.0	154999	431.88776	138.15771	687.2381	-355.81165	-438.9713	353.7484	667.4528307914734	21.53073653867168
32	177.70174	233.74889	822.7144	-90.18099	284.10178	223.81831	610.109	-14.704304	349.07144	393.8	159999	400.67484	125.203835	599.9084	-390.1963	-407.0569	294.06244	689.7713048458099	21.555353328585625
33	194.33324	201.52475	798.2815	30.5141	202.22906	151.18556	448.768	-89.82871	301.6111	255.9	164999	370.0242	114.15866	564.2163	-372.52704	-375.75314	252.13588	711.5123665332794	21.560980869062018
34	362.24487	328.6698	1118.8884	-31.494295	175.7276	180.81516	703.60803	60.181652	416.54544	185.1	169999	341.90573	105.337364	528.8483	-342.107	-347.14386	214.37245	732.9355087280273	21.55692678339341
35	355.28302	175.70882	808.63873	125.572525	240.81514	170.18459	611.797	40.011127	298.3889	222.3	174999	319.27155	98.33793	574.4105	-262.29117	-324.113	192.4065	754.694030046463	21.56268662725176
36	247.9799	215.16273	844.4213	-7.7274494	432.63422	303.46603	989.13983	162.4827	233.71428	250.8	179999	298.62857	91.80491	503.93527	-292.16235	-303.1209	169.16493	776.4135637283325	21.567043503125507
37	316.13144	318.17746	1106.2223	23.061895	411.49658	415.80707	1313.5238	32.36938	284.29413	396.2	184999	279.8068	85.39423	445.40283	-275.64706	-283.8728	147.69649	798.9079630374908	21.59210715422759
38	297.94147	319.02634	1200.7349	-3.6609154	217.39836	309.85773	1032.1332	-55.648705	297.875	315.5	189999	264.9206	79.93017	405.581	-329.4709	-268.82474	132.9779	821.0915806293488	21.607673230924103
39	447.08664	352.16306	1093.2803	75.474106	709.4683	365.3002	1147.1642	7.3797145	430.58334	667.1	194999	252.3452	76.131424	383.74292	-297.49707	-255.87013	119.44412	844.4311811923981	21.652081617942223
40	372.22003	270.3702	1086.6703	16.683561	404.12076	299.44394	1028.7112	65.014854	316.0	312.0	199999	238.8116	71.47331	370.6799	-335.95224	-242.17136	107.64384	866.4365768432617	21.660914462804794
41	373.67978	290.38364	1075.3884	31.384924	350.44763	301.42004	867.39044	-28.245136	275.6111	326.9	204999	229.73476	67.48524	348.42548	-264.40536	-233.03078	100.14538	888.3243169784546	21.66644680790785
42	173.53474	186.12642	581.4076	-76.410385	216.37923	144.46518	609.06494	101.35341	179.42857	141.0	209999	221.76115	63.665546	344.2968	-239.87311	-224.82616	91.838066	909.541690826416	21.655754605929058
43	300.03604	204.10585	776.6308	14.925222	216.00925	169.69221	629.21075	72.75462	219.13637	174.7	214999	214.69421	61.91232	330.67007	-224.0315	-217.675	86.39422	930.960198879242	21.650237233139748
44	326.06525	337.28503	1411.923	55.644825	274.3235	238.78673	833.2367	122.37933	214.82608	170.7	219999	209.19127	60.231163	329.35446	-230.14847	-212.12845	84.907486	952.3367035388947	21.64401602745056
45	290.8318	276.19086	943.1858	-109.365074	210.69043	179.54108	532.13116	-82.57666	257.15	220.5	224999	204.70242	58.734123	321.3471	-329.20578	-207.52797	80.22082	973.9300742149353	21.642890580495198
46	267.4867	240.7984	938.3992	12.274882	113.99103	86.64977	340.41754	34.8955	230.59091	207.4	229999	199.28223	58.061172	312.92126	-197.15051	-201.98456	81.066315	995.4614825248718	21.64046705805737
47	171.10803	251.32297	1236.8186	-22.335894	296.31046	142.37738	596.1294	109.726845	149.9697	226.5	234999	194.88304	56.92519	309.69495	-201.9052	-197.51437	76.61509	1017.1791849136353	21.64211036296601
48	367.16827	282.40356	1073.9307	-74.87716	300.27362	244.62352	848.31836	16.784431	280.55554	238.6	239999	192.02434	56.410046	309.9385	-360.5195	-194.6893	77.91314	1038.8378036022186	21.642454281449318
49	257.33945	224.20952	728.83136	-2.224756	196.19824	146.17804	451.78366	25.99375	182.51852	164.8	244999	191.80843	55.870903	313.15714	-208.48787	-194.48851	73.965576	1060.2663390636444	21.638088596110443
50	142.4056	173.73366	665.57855	-2.1864355	33.155346	1.2996223	35.12167	31.151339	137.37837	33.0	249999	192.00171	55.477226	324.4485	-176.46184	-194.62746	74.94653	1081.059155702591	21.621183152198792
51	149.19409	194.69197	752.66223	-20.280306	436.85562	538.63556	1920.0131	10.266387	213.91304	322.2	254999	191.80908	55.65812	332.37143	-190.09102	-194.4801	79.732956	1103.01855134964	21.627814774419747
52	584.74615	583.3634	1843.309	-64.033646	433.18414	290.39148	989.09344	89.79923	383.84616	381.9	259999	191.82404	55.8944	326.99115	-249.3089	-194.40227	78.997734	1125.318829536438	21.64074675853436
53	414.62408	380.49594	1408.3982	-19.458338	635.4054	284.50452	1087.4547	193.4899	248.73685	318.3	264999	191.44131	55.97007	322.5692	-218.93294	-194.03873	74.85156	1147.3468658924103	21.648054109429413
54	437.00946	321.75	1096.7322	-73.19617	563.38043	373.41766	1074.5022	94.3113	370.2857	526.7	269999	192.44754	56.536026	370.81134	-153.25525	-195.1032	77.64709	1170.2907927036285	21.672051752055133
55	595.5865	506.8149	1672.2112	15.117237	302.85114	224.01004	760.03864	-37.471413	398.23077	304.4	274999	196.62733	58.34192	379.15588	-226.26488	-199.39224	80.680984	1192.1873784065247	21.67613418752497
56	311.70428	251.19229	924.79236	-87.06833	141.63443	37.276024	230.35559	98.6069	351.92856	163.1	279999	200.83952	59.55157	364.25186	-165.542	-203.53723	80.17285	1213.7318816184998	21.67378365142005
57	131.6416	133.6919	375.13342	-164.87105	104.78224	298.01224	694.5801	-341.92548	355.76923	485.1	284999	204.108	60.673203	337.35492	-221.1433	-206.88866	80.07284	1236.5230343341827	21.69338660072862
58	264.5573	257.69247	681.4983	-62.187317	106.77724	153.19537	435.97418	-197.62834	448.0909	266.4	289999	204.43571	59.160854	345.052	-204.09088	-207.0746	78.46916	1258.2781431674957	21.694450781263154
59	474.3287	330.4979	1050.4764	-15.966565	575.6922	423.15643	1410.2852	154.02437	449.45456	333.9	294999	202.72891	57.376865	357.809	-258.58804	-205.34654	79.50124	1280.1891372203827	21.69812100216494
60	385.56503	339.13312	1289.7513	61.00222	573.0807	548.2245	1745.3528	-12.440305	290.1579	376.2	299999	202.75876	56.34235	360.08975	-613.85443	-205.35532	81.3244	1302.3861010074615	21.70643505255381
61	396.8743	331.0628	1060.3184	-58.852974	368.4158	281.43927	928.55383	-22.391855	292.82352	254.2	304999	202.3237	55.22869	362.42166	-227.78598	-204.86716	79.22592	1324.040776014328	21.705586523306174
62	479.79446	481.16464	1691.7146	-1.2135887	458.27393	249.40895	1026.5417	201.99898	304.4375	264.2	309999	202.2996	54.40534	361.4364	-200.83714	-204.85228	76.41169	1345.980381011963	21.709361014827603
63	355.94986	239.2367	965.0878	-52.66954	568.75604	491.10336	1429.8518	-69.98068	217.66667	412.8	314999	201.9666	53.7043	374.0074	-152.44148	-204.54771	79.37216	1368.3679790496826	21.72012668185764
64	475.49503	248.23026	1092.7533	72.64706	439.29102	378.73495	1229.2405	9.861826	245.1	415.7	319999	202.2484	53.518787	374.70676	-160.07742	-204.78265	78.26944	1390.739640712738	21.730306915938854
65	503.77283	407.78384	1335.6836	109.41341	373.38852	244.54396	992.8427	134.11227	415.25	234.4	324999	202.87924	52.535313	365.15427	-128.22173	-205.36404	75.54752	1412.3061618804932	21.727787135197566
66	502.2865	406.1979	1467.1685	98.808685	455.597	598.56805	1989.5883	109.42142	278.27777	236.7	329999	203.03168	52.252907	371.70078	-174.86942	-205.4913	75.25574	1433.962611913681	21.726706277240407
67	533.011	270.975	1180.0508	74.14891	341.56363	409.3677	1443.6469	30.471432	295.47058	236.4	334999	203.87564	52.5168	384.26688	-341.8663	-206.32068	75.65043	1455.7386388778687	21.72744240333785
68	446.42114	386.509	1451.0831	17.074577	529.13007	535.5138	1901.4784	57.192963	252.6	295.4	339999	204.58012	52.77136	360.55554	-246.19467	-207.0684	77.39887	1477.466569185257	21.727449578397415
69	453.8162	453.02234	1688.2953	-22.613699	964.0964	847.1626	2457.605	122.87034	294.47058	435.6	344999	203.92657	53.32483	355.32977	-172.43033	-206.36604	78.26643	1500.0007464885712	21.73914128455563
70	636.0615	530.786	2184.6892	-6.374524	304.309	209.53998	717.7912	120.337296	304.1875	129.3	349999	203.90604	53.125927	378.90005	-274.56604	-206.38377	80.0697	1521.5522825717926	21.736461206844876
71	585.6252	462.55988	1697.9088	-218.74431	469.97177	549.97754	1984.2466	65.53553	301.73334	220.8	354999	205.15793	53.389946	374.89935	-179.3824	-207.64137	76.717804	1543.070628643036	21.733389162681473
72	501.16614	447.12146	1953.9271	44.928818	667.32806	664.0633	1959.2946	41.25887	235.95454	346.8	359999	206.27959	53.944653	363.57755	-257.3654	-208.74248	78.43937	1565.2139608860016	21.739082823197048
73	729.3558	458.73923	1681.488	117.353065	1177.4832	444.11288	1879.7094	284.65	301.27777	477.4	364999	208.68588	51.819016	364.39233	-234.42586	-211.2286	80.7271	1588.1777923107147	21.755860198034
74	682.7082	527.9965	2325.1172	109.2858	877.82404	497.96155	2187.0469	403.15976	326.2	408.1	369999	211.30045	52.24793	353.3715	-197.54198	-213.7604	79.36394	1610.4973788261414	21.763478118020135
75	660.9683	600.03033	2054.072	36.500393	603.2518	350.37833	1142.2551	142.07681	328.4	413.1	374999	212.406	53.29671	368.02625	-175.4931	-214.89375	81.77397	1632.8566930294037	21.771422599156697
76	463.1987	376.4987	1303.7239	115.98144	1548.683	690.30817	2666.502	646.6682	223.04347	697.6	379999	215.20035	53.87915	368.80554	-191.47357	-217.7226	84.368225	1656.3487379550934	21.79406236661108
77	593.0129	410.52835	1804.3416	146.30763	-6.6915884	0.12998642	-6.450011	-6.8753676	270.1111	6.0	384999	216.61433	54.469196	368.88782	-190.41739	-219.13925	86.70414	1677.0683760643005	21.78010880482661
78	687.5344	590.59875	2796.5947	-7.7057505	645.2814	379.89053	1368.5958	79.232765	290.16666	285.3	389999	218.45293	54.584156	353.83905	-194.05792	-220.96217	86.33692	1698.9180817604065	21.781001078776825
79	588.6134	458.30035	1548.1965	55.52756	889.18866	798.47076	2434.5095	153.04103	271.58823	392.8	394999	219.99379	54.719402	381.3617	-158.17375	-222.4878	88.64246	1721.2600872516632	21.78810239743583
80	667.8587	615.52277	2300.7075	79.66419	772.602	550.5868	1929.5416	295.80875	310.05884	334.4	399999	222.59427	56.20201	383.76257	-512.11	-225.16388	94.875725	1743.3153874874115	21.79144236445427
81	804.3333	598.9477	2196.085	147.08698	739.3384	661.55383	2468.1067	55.277122	380.84616	314.2	404999	225.71556	56.23957	373.7554	-218.03908	-228.31987	93.389046	1765.3797626495361	21.794811911053127
82	542.2294	406.40686	1329.282	46.270702	302.02402	156.14012	666.89844	177.82785	245.4762	192.6	409999	227.29994	56.601498	379.84622	-294.46606	-229.8319	94.04586	1786.7585818767548	21.789738826635407
83	882.77606	593.69293	2497.48	208.36792	642.8375	381.31345	1273.9845	49.755783	379.69232	359.1	414999	228.9757	56.61093	412.64615	-199.78899	-231.50516	94.85834	1809.148329257965	21.796967845365227
84	975.9758	537.4554	2230.6943	204.3642	587.516	317.75674	1295.885	309.39197	388.23077	217.8	419999	231.63522	56.938522	420.20395	-277.22714	-234.24518	97.03804	1830.693819284439	21.793974061806995
85	875.91504	621.07446	2363.8972	153.99751	349.087	242.84155	961.4419	157.13559	397.75	198.2	424999	236.09076	58.47251	414.55078	-230.25443	-238.85703	99.44435	1852.1685583591461	21.790218358881333
86	636.06995	468.90234	1839.078	122.586555	842.6193	620.51166	2514.062	270.59616	286.83334	336.0	429999	239.7586	59.32169	434.37576	-319.6811	-242.43547	100.83575	1874.2908337116241	21.79407948671385
87	713.14294	404.90076	1660.7515	232.67366	786.59814	538.9565	1892.941	270.34546	314.125	325.8	434999	240.30547	58.64777	411.27487	-251.23734	-242.8518	101.16575	1896.1632137298584	21.794979487342395
88	758.57074	627.59106	2629.8289	210.64944	1124.717	774.10535	3082.0745	161.97638	357.57144	433.2	439999	241.31363	58.46005	389.00723	-232.26009	-243.907	104.28771	1918.7091572284698	21.80351317199794
89	894.0543	618.639	1969.9733	154.00925	666.9195	552.59827	2111.855	148.91762	369.46155	357.7	444999	240.9151	58.349155	371.96564	-167.05832	-243.36642	99.96673	1940.9553909301758	21.808487559972185
90	841.901	610.94916	2364.6924	176.15247	964.43616	596.66797	2051.1646	379.45218	334.93332	405.6	449999	240.56656	59.401424	387.91037	-259.21484	-243.13855	102.121376	1963.3636116981506	21.81515125963423
91	680.12714	534.4996	2002.0328	145.82382	1180.0388	720.6398	2288.1653	245.86874	300.11765	521.1	454999	242.98984	59.59611	388.89005	-192.29839	-245.5901	106.94637	1986.350312948227	21.82802543797336
92	657.503	549.01337	2405.0942	129.8996	517.3542	657.22675	2374.0647	27.967775	319.0	257.2	459999	243.93242	59.96208	403.21118	-236.39896	-246.49985	105.67099	2008.0305969715118	21.82641955303109
93	604.6712	524.3068	1920.899	10.442336	684.50525	683.7543	2188.448	38.350803	308.53333	305.9	464999	244.24348	60.364376	389.2201	-201.8229	-246.75333	104.05988	2030.0435905456543	21.828425725301106
94	824.44904	794.2897	2861.8413	84.680534	1115.1993	788.9989	2735.3586	230.65721	322.6875	479.6	469999	244.61366	59.770508	369.2533	-182.44598	-247.1653	105.351616	2052.6476645469666	21.836677302705482
95	1040.7853	665.8452	2517.001	130.6188	799.6815	518.00793	2002.094	180.78674	412.0909	292.4	474999	246.33546	59.41245	370.13574	-206.97081	-248.90463	105.0219	2074.580020427704	21.83768444563213
96	976.93866	755.26807	2711.6401	134.20015	483.2508	414.05197	1667.4707	193.13956	407.92856	247.7	479999	247.64737	60.42401	391.19473	-180.50995	-250.21848	107.01277	2096.18390250206	21.8352490067482
97	684.8043	611.2628	2515.29	121.15208	712.50037	514.6267	1724.0028	228.66205	282.17648	264.8	484999	248.70798	60.56595	381.5509	-189.35962	-251.26825	106.40588	2117.8796215057373	21.83381055065037
98	856.82697	607.92633	2372.1262	132.75786	884.6185	975.6258	2953.2505	188.88191	339.2	353.4	489999	249.49878	60.42136	395.64386	-249.5868	-252.05734	109.98334	2139.94473862648	21.836170821773763
99	1324.5464	864.53284	2653.544	129.75479	1038.6711	973.45764	3063.0002	194.95718	533.6667	461.2	494999	249.83461	60.22419	384.68594	-219.80696	-252.38515	107.096085	2162.6464400291443	21.8449135525058
100	979.0796	899.6888	3255.6929	71.10609	384.12823	483.13422	1717.2013	108.43366	373.7857	190.9	499999	250.55722	59.888798	387.86304	-255.09372	-253.0588	107.93956	2184.2785274982452	21.84278529405594
101	624.4225	603.243	2331.2065	20.059256	566.6303	802.3069	2829.2788	108.90526	276.16666	242.4	504999	251.38768	61.984447	389.14005	-216.36919	-253.98935	111.347176	2206.138449907303	21.842954970822476
102	1088.8558	985.17316	3283.146	72.70002	1323.2092	1208.7715	3832.997	42.570877	357.5	452.4	509999	253.20543	62.2536	401.53412	-410.0509	-255.78212	112.876976	2228.4879410266876	21.84792100681978
103	840.5371	471.3817	1792.4497	127.47243	959.3207	837.64355	2847.5266	125.19494	295.70587	334.8	514999	255.24413	60.81043	393.1457	-240.54974	-257.84955	115.05833	2250.569699525833	21.850191278365052
104	785.86414	794.5573	2626.343	76.98084	613.0851	479.75208	1673.1069	94.8758	292.52942	293.4	519999	257.21426	61.24891	406.6396	-285.94427	-259.82736	114.97741	2272.4058446884155	21.85005621955945
105	995.1859	746.4445	2354.3752	60.42285	1241.2924	934.37665	2770.1277	135.21617	377.54544	507.5	524999	259.89685	61.756405	409.74146	-276.51178	-262.5118	120.12205	2295.0916986465454	21.858016198022025
106	997.13684	724.1655	2706.471	29.787138	2068.0896	722.22473	3038.5105	1034.4004	374.13333	757.9	529999	261.7665	62.163765	416.92645	-253.03893	-264.4143	120.0878	2318.8791630268097	21.876218537114703
107	1439.5226	947.13104	3038.7468	131.39546	1145.8428	899.9193	3273.2866	367.39508	501.6	366.0	534999	263.86508	62.659	416.41	-268.08267	-266.46313	118.58423	2341.139361858368	21.87980713799735
108	1309.0842	809.15826	2398.9226	89.72921	873.3081	353.05762	1508.1927	269.22595	483.5	315.8	539999	265.62885	63.66625	417.79422	-226.83693	-268.2751	122.07946	2363.2349650859833	21.881805249938257
109	780.30963	708.68774	3163.6648	179.19592	565.8553	303.58133	1171.4031	180.81209	317.94116	252.1	544999	269.99927	64.779854	457.30325	-221.05795	-272.79465	128.17578	2385.0853233337402	21.881516743143763
110	604.4081	422.90643	1410.8488	-6.4167123	607.6239	738.22473	2320.633	141.22218	290.58823	293.6	549999	275.08865	65.409874	465.74365	-270.89264	-277.9121	132.43283	2407.0659160614014	21.882417433912103
111	1078.0831	617.0378	2231.3652	330.22238	943.2152	831.969	2621.658	90.520706	452.9	337.3	554999	277.4944	66.46347	473.9233	-229.18993	-280.2642	133.77338	2428.868408203125	21.88169738623473
112	1437.0103	1034.468	3061.2705	230.98296	840.7537	454.3385	1772.9664	238.2131	505.81818	321.7	559999	277.78363	67.21511	501.48428	-228.72948	-280.4513	133.8034	2450.9644372463226	21.88361106812954
113	1146.2146	653.2877	2578.9688	94.27152	929.9995	594.2934	2227.524	144.9408	407.16666	351.9	564999	277.32187	65.649574	492.06256	-268.9763	-279.98587	133.45428	2473.0975575447083	21.885819110195193
114	1331.9982	935.8982	3223.8276	234.81036	1616.3171	1299.0173	3605.4214	46.178234	454.27274	522.8	569999	277.68848	65.221245	441.876	-307.92978	-280.3732	133.93958	2496.10378241539	21.89564723299261
115	501.8995	616.8905	2798.7117	24.96275	1022.4259	986.5033	3437.078	210.84889	203.32	336.8	574999	278.39432	65.12732	427.9916	-416.71298	-281.0653	132.44774	2518.033796072006	21.895946071458898
116	1433.2554	889.43304	2906.179	97.77785	451.3379	802.9514	2856.3208	135.66032	494.5	187.0	579999	280.2034	66.14749	434.9774	-217.3924	-282.8754	135.71393	2539.3783519268036	21.891192707522162
117	1320.1627	955.2794	2946.8145	318.33258	943.0721	781.6122	2600.7688	8.446554	534.55554	351.8	584999	282.22128	66.36079	451.12875	-260.19968	-284.9835	140.13678	2561.323126554489	21.891650672651764
118	974.9331	815.87555	3037.8638	63.983616	1434.3217	924.5863	3081.0815	246.17535	360.92856	474.4	589999	285.11212	65.81465	468.56906	-276.01758	-287.8372	141.8877	2584.327390909195	21.9010796001402
119	904.4998	1008.4334	2726.819	30.131786	1169.4294	823.727	2999.5308	115.46603	367.07144	406.2	594999	286.6797	66.417915	563.5892	-348.2206	-289.41336	141.71613	2606.7751998901367	21.905673964684752
120	1296.3046	696.3887	2491.7793	162.54	964.3519	427.31583	1738.7478	172.62947	447.63635	333.9	599999	289.1784	67.44048	550.12335	-256.31396	-291.96204	146.79636	2628.854063510895	21.907117211818694
121	505.90985	498.9786	1990.6913	50.37382	1326.6218	854.9267	3108.5442	473.79462	197.07692	396.6	604999	289.51382	68.85989	535.0243	-240.57849	-292.24854	146.94675	2651.0955893993378	21.90988092186037
122	911.5145	481.992	1924.8414	96.40893	833.11804	683.7068	2650.794	163.47429	345.2143	302.8	609999	290.73178	69.625656	477.34543	-202.903	-293.46674	141.96413	2672.9906725883484	21.90975962896816
123	925.7406	1023.91046	3046.8848	119.57916	1460.3904	654.9551	2530.977	326.24536	344.6	476.3	614999	292.12125	69.26425	502.21585	-222.27429	-294.8852	146.45224	2695.7419333457947	21.916601101557415
124	953.4325	796.148	2420.882	171.59343	896.7987	709.6277	2621.339	138.72324	314.46667	353.5	619999	294.26538	68.51386	518.07135	-315.56195	-297.029	146.29518	2717.816617012024	21.917875960949928
125	952.6005	902.1894	3047.7864	105.41423	1056.342	896.35114	2958.3674	203.33105	338.69232	357.2	624999	295.40866	68.7428	494.02795	-271.53665	-298.1938	150.45555	2739.915842294693	21.919326753616332
126	1840.5226	1067.8633	3228.603	76.32272	1512.8887	684.11755	2391.293	558.2778	627.3333	559.3	629999	296.0121	69.88503	520.09576	-252.25516	-298.72357	152.43306	2762.791492700577	21.926916623872422
127	1257.36	1137.6958	3254.333	116.791954	1382.1965	1066.8461	3192.1765	140.44014	437.66666	443.6	634999	295.51453	69.51239	536.7835	-294.10455	-298.14996	154.71179	2785.394056558609	21.932236678957
128	697.84326	813.2677	2787.3484	111.23652	846.0915	772.3225	2241.995	66.85273	266.5263	273.3	639999	295.654	69.32816	499.59732	-231.20358	-298.4008	147.17737	2807.1580708026886	21.930922446772456
129	798.49744	573.5363	1833.3345	114.640045	1725.8174	1202.1874	3510.6106	152.16547	294.6875	556.5	644999	297.47928	69.469826	495.43362	-230.59335	-300.20645	151.88083	2830.0918006896973	21.93869614231494
130	2125.9128	1203.3727	3479.556	263.2595	1553.23	1165.4325	3887.6755	231.90294	641.375	480.6	649999	298.226	68.712234	515.01746	-177.51213	-300.93387	149.74413	2852.8005311489105	21.944619486882136
131	1180.3682	649.1114	2148.8525	136.69543	580.2277	524.7651	1654.2949	22.40551	388.66666	234.8	654999	299.5716	68.64985	502.9124	-386.86118	-302.3047	152.43648	2874.5379359722137	21.943037693737118
132	992.3718	960.58875	3221.7268	11.090427	1676.4144	1273.5514	3670.3123	135.23996	403.84616	496.4	659999	299.70178	68.87121	516.4889	-168.08937	-302.3345	147.37836	2897.560079574585	21.951212738499496
133	1158.6731	740.636	2518.9006	168.4579	1276.8983	1067.642	3530.9128	185.66467	373.0	396.7	664999	300.09015	69.30161	543.26556	-358.1527	-302.7708	156.0228	2919.860394001007	21.95383756322072
134	990.3454	855.45874	2691.6023	92.63492	1123.463	1166.6897	3464.386	122.96885	317.73334	340.8	669999	300.56543	70.84458	525.23987	-252.09949	-303.20346	159.40367	2942.074458837509	21.95577955957669
135	1231.9194	951.9062	3380.053	73.0914	779.85956	376.87637	1657.7688	270.75668	386.15384	227.1	674999	301.598	70.636986	495.15677	-292.37335	-304.3119	159.19505	2963.803037881851	21.954096592797175
136	1375.5634	1184.5497	3859.4324	133.36873	1220.6906	883.65204	3304.8594	361.4208	388.15384	410.2	679999	305.2229	70.55659	562.5754	-201.17192	-308.0504	159.6715	2986.050772190094	21.95625569189296
137	1533.2427	1061.9977	3655.1082	114.04596	694.97217	501.82138	1672.352	153.72485	426.08334	226.7	684999	309.06842	70.64075	607.6435	-337.70782	-311.87823	162.42581	3007.70060133934	21.95401900180065
138	1488.6473	1011.60516	3930.4934	127.596375	1279.9783	1117.651	3712.5024	235.9207	419.5	425.9	689999	310.61197	71.71966	602.22577	-409.67487	-313.3391	161.8388	3030.2265317440033	21.958163287328638
139	1107.7458	1074.2297	3513.5037	91.48176	1889.1868	1045.6332	3670.874	366.75793	331.0	518.9	694999	313.37308	71.83506	637.95734	-261.01556	-316.21146	160.70012	3053.160979270935	21.965186918382166
140	1094.8745	1054.8779	3388.5908	105.589554	949.147	1002.4281	3690.192	152.95274	334.86667	303.3	699999	314.99564	72.33336	554.0862	-272.5623	-317.79672	169.18008	3075.1440522670746	21.965314672674452
141	814.4935	890.7442	3201.4746	134.96852	905.0286	1183.166	4143.515	220.18608	284.3889	260.9	704999	315.76614	73.124084	558.5725	-199.52362	-318.54483	166.53542	3096.9865198135376	21.9644434181511
142	1265.2096	1008.34766	3487.9202	149.97601	1304.6921	776.10004	2386.8755	169.40085	400.84616	397.5	709999	317.29663	73.80151	558.0895	-209.37479	-320.095	171.20863	3119.285399913788	21.966798606053203
143	858.2608	417.77142	1694.8402	187.24913	1076.5747	345.43506	1656.7717	348.3793	272.82352	350.2	714999	319.4687	74.06385	559.0678	-286.23187	-322.29044	169.10574	3141.454509496689	21.968213368129064
144	1095.7144	936.8316	3046.508	19.894165	1387.9766	671.6444	2506.1804	403.0116	334.25	418.7	719999	321.95294	74.963715	568.90967	-179.88667	-324.82224	180.35722	3163.8339397907257	21.971069037914276
145	982.3252	817.70483	3104.623	207.31602	1338.8118	1190.4673	3351.448	214.8617	287.4	405.2	724999	323.55396	74.445335	605.1346	-419.04825	-326.33	174.09047	3186.2253034114838	21.973967622888498
146	1068.1924	1120.8323	3815.2812	114.550545	953.66486	651.364	2540.372	173.74425	318.64706	276.8	729999	323.54825	75.190186	602.9168	-424.58597	-326.405	181.919	3208.1276013851166	21.973476736512904
147	980.79877	1126.0107	4110.118	68.495155	1687.5491	1126.7283	3835.3665	201.02238	299.125	489.5	734999	326.50476	76.05828	645.00214	-566.25104	-329.46036	190.34431	3230.7538208961487	21.97791716679424
148	1535.1454	1149.5278	3567.9868	59.355812	527.7462	562.0087	1788.2115	-156.82228	493.54544	436.5	739999	333.83783	77.376335	650.7412	-322.03415	-337.09644	207.29608	3253.3234601020813	21.9819152838475
149	510.13037	419.93695	1349.7241	-82.302284	635.61584	488.28262	1809.689	189.96082	420.81818	497.6	744999	344.6958	79.87687	575.5399	-245.17291	-348.1737	215.3899	3276.080759048462	21.987119201045708
150	856.4794	765.1804	2734.431	2.449974	671.47046	337.45746	1265.0947	137.24408	416.69232	304.8	749999	348.52606	79.79812	571.9492	-340.9164	-351.6795	210.88776	3297.9097397327423	21.986064947446188
151	779.24756	604.5966	1944.2715	70.939735	883.60266	1232.9889	3674.6313	88.02835	308.375	288.2	754999	344.6942	79.71759	571.2104	-439.04733	-347.58954	210.70375	3319.707134246826	21.984815472798633
152	1155.7411	698.664	2287.8447	163.51515	1047.3252	867.04596	3184.454	184.4238	380.41666	357.8	759999	341.64386	80.13107	560.1955	-214.18663	-344.5164	198.96992	3341.7152152061462	21.984968533641414
153	1115.2252	692.3413	2352.2395	441.92175	973.10205	849.8565	2955.69	107.08619	353.53845	315.1	764999	338.7802	81.09255	557.37463	-374.1994	-341.70023	202.09943	3363.77773809433	21.98547542484757
154	1630.7692	1065.1147	3722.2056	181.8782	1765.9916	1327.28	3804.2068	186.32295	482.5	526.7	769999	340.51202	79.7328	565.0201	-575.8657	-343.47495	201.0304	3386.6633105278015	21.99132021216603
155	1674.804	1486.3998	3968.9434	92.73584	2276.3296	1264.0922	3712.448	276.7767	465.27274	658.1	774999	339.72516	79.90403	555.0533	-259.474	-342.58002	199.83133	3410.082847595215	22.00053451445795
156	1316.5503	1058.1758	3788.6567	309.095	677.4686	414.15634	1499.5227	202.76141	383.69232	247.8	779999	339.42612	78.72942	540.3327	-351.74225	-342.31506	201.49023	3431.9362721443176	21.99959150185952
157	925.0141	703.5319	2528.074	72.06715	1213.4572	1046.9409	3589.079	104.03377	298.75	344.0	784999	338.1261	76.578445	550.562	-317.8371	-340.91885	204.1919	3454.1038687229156	22.0006615978897
158	1311.2656	673.2184	3108.5676	443.86606	562.1749	516.9046	1574.9832	190.9662	369.6154	175.1	789999	337.84802	76.66412	543.4432	-272.95297	-340.6709	189.25417	3475.599091529846	21.99746261518213
159	1997.6692	1151.2627	3693.7598	503.19098	918.0402	624.2992	2166.2488	107.37504	548.0	280.8	794999	337.11603	77.47338	541.62244	-273.71185	-339.8455	194.78197	3497.4325308799744	21.996431026818616
160	2460.654	1202.2782	4401.202	764.5396	1197.3552	874.4596	3138.1125	308.51447	614.125	372.8	799999	337.31674	79.0374	543.82996	-412.05392	-340.1025	189.86896	3519.631923675537	21.997699534893037
161	1523.5555	793.0062	2598.4917	203.0435	1676.6074	1434.7241	3669.695	140.96178	495.4	479.7	804999	338.93448	78.541016	559.7614	-265.4875	-341.73984	194.65541	3542.136745929718	22.00084936692848
162	2500.1545	1573.3119	4289.087	145.03812	1406.4099	983.3469	3921.0337	394.04532	641.375	418.2	809999	339.88828	78.279	556.2625	-281.75543	-342.6572	197.27869	3564.521065711975	22.00321646825767
163	2157.4011	1422.9119	4193.272	553.18097	2078.3345	1067.373	3672.606	615.7549	575.5	564.0	814999	340.7196	78.21442	548.4018	-334.10568	-343.4966	187.2578	3587.571884870529	22.009643477164893
164	1458.9059	1036.4758	3690.6	112.028465	1298.7126	868.3037	3528.358	267.54352	416.58334	397.7	819999	341.538	79.41526	552.40204	-260.23782	-344.41916	202.64311	3609.949043035507	22.011884420383268
165	1269.7289	987.02435	3351.444	134.5941	2463.2605	1300.3076	4200.314	543.30554	391.16666	680.7	824999	342.93402	78.47108	561.7253	-339.88754	-345.75546	203.67311	3633.5494022369385	22.021511540268406
166	1867.5013	1316.154	3673.3835	118.34431	2006.359	1451.5387	4277.124	101.38757	548.4	537.0	829999	343.65985	78.51459	547.7137	-338.72336	-346.48	198.70164	3656.4304168224335	22.026689270892774
167	1202.827	1312.5186	3937.202	67.77488	272.83527	345.66757	1308.3864	139.84947	357.35715	118.7	834999	345.20215	77.848465	556.46423	-364.0792	-348.01627	199.60625	3677.329243659973	22.01993560219953
168	1663.5378	1305.5874	3762.2761	137.41473	781.3136	513.2602	1557.8533	28.645224	472.36365	229.6	839999	346.57767	77.4411	559.7703	-389.65985	-349.43353	197.01068	3699.1226093769073	22.01858697476841
169	1458.1794	1234.5894	3983.5027	177.28505	1794.9799	1226.2816	3827.6204	113.72193	425.5	563.9	844999	346.8649	77.64388	564.1672	-335.675	-349.5845	203.97284	3722.2669360637665	22.025248153675236
170	1865.9774	1400.9138	4153.34	39.96768	810.1624	679.15393	2508.9932	194.87643	525.8182	270.9	849999	344.80246	77.96976	593.5759	-439.85187	-347.49896	200.84319	3744.0647304058075	22.023910190077387
171	983.6827	1012.8664	4261.2007	83.86009	1448.3003	1302.6165	3900.9446	191.37987	302.6	419.1	854999	343.6456	77.56887	554.19977	-386.5509	-346.23434	195.84451	3766.573432445526	22.02674523013377
172	2041.4307	1215.6149	4011.16	562.74146	2354.749	1195.369	3714.8682	195.2161	567.5	745.7	859999	343.62952	77.691765	553.031	-356.355	-346.30804	197.14651	3790.3077585697174	22.03667302741561
173	2019.1367	1482.4164	3935.5312	89.52642	1701.2014	1062.8293	3477.8225	296.2912	566.2	507.2	864999	344.4935	77.66846	570.2015	-258.88287	-347.17197	201.9511	3813.229194879532	22.04178726466405
174	1909.8507	1145.5272	3753.761	203.91156	2409.701	1467.4943	3862.1926	140.77542	557.7778	697.5	869999	346.52777	78.02026	554.56836	-509.63214	-349.23566	204.61957	3836.7726838588715	22.050417734288622
175	3127.4314	759.0195	4161.9043	2053.6113	1943.2484	1185.2906	3637.0344	132.18764	842.6667	596.0	874999	346.87866	79.43826	576.9713	-337.3899	-349.5529	200.88408	3860.0083241462708	22.057190433229717
176	2087.6104	1466.4894	4159.195	99.74045	1711.1592	1555.8534	4041.4314	129.4861	626.0	490.2	879999	346.73117	79.771194	564.2271	-253.9715	-349.3783	201.37503	3883.035403728485	22.06270116974007
177	2139.4058	1069.5098	3446.2334	162.25035	1939.6907	1614.0247	4372.9287	164.12485	642.2857	498.6	884999	347.19135	79.24168	569.7021	-466.77814	-349.8856	204.23953	3905.742970228195	22.06634447399506
178	1970.0223	1791.3772	4500.5283	37.289585	1966.6064	1130.6959	4381.7925	935.67664	501.0	590.8	889999	347.68066	79.67293	564.7669	-278.53818	-350.3695	202.56544	3929.034211874008	22.07322592145941
179	2214.4255	991.5209	3641.7876	672.8028	1472.495	1459.803	4370.1416	215.69637	574.5	395.6	894999	348.44452	80.27485	571.6628	-338.61273	-351.1572	205.31364	3951.3335502147675	22.07448911800065
180	2673.3418	1536.5596	4233.194	475.31454	2596.4812	1528.8813	4604.878	511.93164	684.75	644.6	899999	350.11002	80.18073	557.53613	-629.8671	-352.80496	201.98047	3974.6086189746857	22.081159007549285
181	2336.9304	1584.2158	4411.7466	226.31018	508.49066	528.9309	1622.163	40.433628	592.2857	223.0	904999	351.05316	80.25083	556.6105	-354.47897	-353.73776	205.61948	3996.1595497131348	22.078229566963998
182	2030.5879	1199.6692	4012.3523	390.00665	1950.237	1280.6277	3694.9375	470.67035	581.3	574.2	909999	352.9939	80.4382	559.56854	-226.83679	-355.62964	203.4646	4019.2546322345734	22.083816672419452
183	2168.0447	1591.5535	4600.0693	109.09284	828.59436	554.02234	2063.162	160.35718	547.55554	227.4	914999	353.57043	79.22247	567.2335	-272.55707	-356.2408	205.7351	4040.7474064826965	22.08058692979031
184	1820.6438	1447.055	3821.987	107.8315	1486.0304	1253.8129	3653.7554	129.51471	519.0	395.5	919999	354.2788	79.20351	560.8817	-270.13138	-356.8992	202.00652	4062.817765235901	22.08053134187408
185	1395.5807	1515.1229	4279.6885	38.948074	1972.5668	1181.6122	3949.4417	219.39462	398.0	554.4	924999	354.0225	79.03716	556.5034	-266.29694	-356.66962	218.84453	4085.8810362815857	22.085843449669916
186	2520.6155	1262.93	3956.4917	553.87115	1888.4407	894.18005	3111.903	455.69266	703.5714	517.9	929999	353.83124	79.29516	564.988	-333.3399	-356.4272	205.71582	4108.776971578598	22.09019878474615
187	1192.769	1159.7827	3768.203	136.1947	2737.4702	877.3197	3891.9536	1396.2334	360.07693	729.9	934999	353.01956	80.5528	551.11694	-234.50697	-355.5178	207.97797	4132.538024902344	22.099133834481876
188	1337.0623	869.46405	3038.9817	40.06377	3303.914	1101.0797	4406.1626	726.62415	372.8	821.3	939999	350.9358	81.30162	568.3109	-244.43454	-353.41476	209.1032	4156.769553661346	22.110476360676138
189	1885.7611	1294.8014	3678.817	197.85161	2633.7249	1451.1577	4308.914	87.20102	532.1111	706.1	944999	350.56888	80.98053	591.44354	-390.04868	-353.17706	211.2302	4180.331679582596	22.11815704492034
190	1203.4042	1304.156	3737.5881	116.862015	858.493	1060.0079	3442.3723	65.81039	358.16666	275.7	949999	352.87152	79.40229	567.6199	-314.10147	-355.4393	201.49478	4202.063911437988	22.116125860967134
191	2422.0027	1330.7175	4277.7524	170.03487	1827.5918	1454.6384	4013.1648	95.71627	671.0	512.0	954999	353.058	80.47396	561.39716	-280.8405	-355.5982	207.34822	4224.740915775299	22.119062397492495
192	2593.587	1284.498	4372.8394	708.3681	3142.0913	1389.91	4390.1567	198.58409	686.25	806.7	959999	353.4346	81.27734	550.5118	-599.153	-356.0417	207.87141	4248.74490070343	22.128879699856043
193	1399.0094	760.7699	2520.9949	128.60754	2137.131	1605.9984	4445.9233	162.1291	411.7	614.3	964999	354.92886	80.81436	575.41425	-302.09015	-357.47995	210.1432	4272.020556688309	22.13482161383555
194	1369.4166	1470.1128	4352.729	-6.095116	2597.839	1235.0652	4050.483	158.42036	414.0	736.1	969999	355.26212	81.43542	553.4078	-335.00867	-357.77844	205.04071	4295.796718120575	22.143282061999606
195	2738.2615	964.07495	4314.9604	1750.0259	838.14075	726.4996	2610.859	145.58311	779.4286	261.5	974999	355.79974	81.99107	578.2536	-298.95844	-358.34146	211.7912	4317.6337904930115	22.141711757121943
196	2129.9128	1166.3226	3369.655	134.97984	1064.3542	866.81775	2870.6016	121.22266	565.3333	312.0	979999	354.99655	82.16293	575.3768	-479.5004	-357.45398	209.94635	4339.558999300003	22.14060715023352
197	1584.8378	1312.3245	4153.679	124.92286	2179.1804	1413.7356	4300.2744	174.52681	436.9091	541.8	984999	354.62277	80.84017	562.6726	-399.35596	-357.131	212.90994	4362.61687707901	22.145263345108418
198	990.29114	837.5147	2998.4365	98.582886	2303.075	1628.9305	4551.9	145.46338	301.41177	582.9	989999	355.43475	80.66121	630.92456	-273.37125	-357.9383	203.12846	4385.601138830185	22.149500710795625
199	1195.8821	959.00366	3487.8071	175.30728	2675.4604	1112.8842	4576.0093	1411.8687	330.93332	701.8	994999	355.8068	80.824905	570.04663	-306.2447	-358.3599	212.4619	4409.2396647930145	22.156983248552486
200	2229.957	1524.1376	4535.232	407.8885	809.14734	546.54706	1698.4714	184.73267	564.625	256.0	999999	356.93625	80.293106	569.71045	-309.5619	-359.53165	215.83037	4431.089766025543	22.155448838472367
