Epoch	AverageEpRet	StdEpRet	MaxEpRet	MinEpRet	EpLen	AverageVVals	StdVVals	MaxVVals	MinVVals	Time Steps	LossPi	LossV	DeltaLossPi	DeltaLossV	Entropy	KL	ClipFrac	StopIter	Time	AVG Time Per Epoch
0	-397.22552	67.76358	-284.97034	-469.02017	1000.0	0.014489905	0.3559613	0.9961506	-0.933002	5000	5.607605e-08	1532.1423	-0.08650078	-1175.0579	0.9189437	0.00809507	0.3768	79.0	4.764314651489258	4.7643163204193115
1	-391.6324	108.60142	-274.2107	-529.0597	1000.0	-28.332022	2.3130226	2.6282296	-29.856146	10000	-6.9856645e-09	420.27664	-0.08892972	-96.66	0.90706855	0.020582853	0.3866	79.0	9.081860065460205	4.5409311056137085
2	-409.9767	49.132538	-313.1824	-449.84467	1000.0	-36.341663	4.067654	22.719774	-38.49009	15000	-2.2560358e-09	203.3978	-0.08937831	-34.21428	0.8985483	0.0301759	0.3882	79.0	13.520910501480103	4.506970802942912
3	-367.0854	46.678047	-313.75073	-435.57935	1000.0	-39.97053	4.2914643	6.022003	-42.8498	20000	1.0581105e-08	239.17474	-0.08966983	-34.818085	0.8908125	0.025774188	0.3884	79.0	17.91521406173706	4.478803873062134
4	-318.1043	83.77576	-160.55283	-389.33813	1000.0	-35.49211	5.200708	24.907703	-41.756695	25000	-1.4964863e-08	319.71207	-0.09662125	-66.58659	0.88539815	0.03253763	0.3934	79.0	22.344470739364624	4.468894577026367
5	-321.86047	51.953445	-262.40762	-418.53903	1000.0	-31.63455	8.588383	21.245031	-42.530674	30000	-6.4522028e-09	198.54393	-0.09508559	-46.81128	0.87594	0.025642682	0.3946	79.0	26.830382108688354	4.471730629603068
6	-225.19255	54.43963	-154.67462	-309.03915	1000.0	-32.774693	5.856723	8.697159	-42.04215	35000	-1.05626885e-08	196.66986	-0.0965895	-93.344696	0.86591667	0.03497741	0.4232	79.0	31.385144233703613	4.483592339924404
7	-230.04036	33.988457	-165.80095	-260.26978	1000.0	-25.410244	4.9377813	8.201029	-37.503284	40000	2.1651387e-09	174.15656	-0.099570796	-27.895935	0.8585408	0.029645758	0.4374	79.0	36.05492424964905	4.5068657994270325
8	-232.66064	62.312542	-189.35672	-355.36453	1000.0	-22.094774	5.7995553	4.3910003	-35.239292	45000	2.4414062e-08	153.42676	-0.10283219	-33.938484	0.84463984	0.03687428	0.4388	79.0	40.33681392669678	4.481868426005046
9	-166.2676	67.32692	-80.9299	-256.3833	1000.0	-23.343819	8.038407	22.468115	-37.522038	50000	1.3935566e-08	182.27538	-0.10173895	-75.40766	0.8362002	0.035693854	0.4442	79.0	44.90828347206116	4.490828537940979
10	-189.13434	34.75311	-122.798256	-223.52953	1000.0	-17.863619	6.4131413	4.006299	-32.23139	55000	1.9788742e-09	119.30155	-0.103410706	-28.809273	0.8303307	0.026898531	0.4616	79.0	49.15685153007507	4.468804857947609
11	-139.13504	55.993664	-61.248653	-226.122	1000.0	-17.968521	5.2455373	6.4957175	-33.072964	60000	-1.0734796e-08	182.94725	-0.10816783	-66.97141	0.8241493	0.04010579	0.4828	79.0	53.70517945289612	4.475431799888611
12	-134.77347	39.232124	-95.00363	-205.49954	1000.0	-16.050385	9.689473	16.202528	-33.869587	65000	-7.748604e-10	98.600815	-0.106889635	-24.645668	0.81379056	0.03219652	0.4866	79.0	58.155118227005005	4.473470797905555
13	-134.59918	87.72305	-26.275816	-251.50977	1000.0	-9.151359	14.282894	31.562767	-31.869028	70000	1.2606383e-09	325.12192	-0.110020764	-223.01495	0.801929	0.022964228	0.4766	79.0	62.58592510223389	4.470423374857221
14	-99.79514	71.182655	-11.303402	-203.07591	1000.0	-14.121644	5.37353	2.175713	-32.056587	75000	1.1454895e-08	146.95116	-0.11196142	-60.927933	0.79082894	0.049127165	0.4936	79.0	67.1232442855835	4.474883063634237
15	-157.62692	31.650621	-113.27332	-190.73746	1000.0	-13.399204	8.878081	9.903641	-31.343971	80000	-1.2981892e-08	96.194016	-0.11054022	-36.883083	0.7788515	0.03289082	0.4992	79.0	71.67878103256226	4.4799239337444305
16	-123.88243	109.44468	56.168888	-247.0548	1000.0	-12.876899	7.8479085	11.7907	-29.314163	85000	-1.5318393e-09	190.06267	-0.11024309	-51.229416	0.7711377	0.035001174	0.5006	79.0	75.9779679775238	4.469292346168967
17	-126.98981	48.119343	-58.120438	-194.68414	1000.0	-16.157495	11.525646	21.565308	-32.089165	90000	2.2155046e-08	142.66782	-0.10783002	-41.311493	0.75859684	0.027931055	0.5028	79.0	80.30762887001038	4.461535043186611
18	-125.10054	95.85883	7.140709	-249.51114	1000.0	-14.000347	9.052082	16.812296	-28.67117	95000	4.23193e-09	90.120346	-0.10704837	-22.091164	0.7495392	0.043372694	0.483	79.0	84.65465331077576	4.45550819447166
19	-58.376305	104.254326	64.51535	-210.18962	1000.0	-9.138797	8.910447	16.413477	-29.255194	100000	-1.8805265e-08	143.12042	-0.11242672	-33.43332	0.73891795	0.041656036	0.5088	79.0	89.27651786804199	4.46382600069046
20	-28.90039	39.222115	22.531855	-75.20153	1000.0	-6.063405	10.62925	22.717552	-30.111967	105000	6.592274e-09	101.4972	-0.11000272	-28.556168	0.7295997	0.027980212	0.5028	79.0	93.57964205741882	4.456173567544846
21	-67.95692	74.81988	21.571943	-192.01363	1000.0	-8.588961	12.341865	25.100765	-30.925623	110000	9.834766e-10	68.855354	-0.10939039	-19.10484	0.7152367	0.032169245	0.5138	79.0	98.05576705932617	4.457080407576128
22	-39.141624	68.27862	45.0208	-118.94178	1000.0	-5.208379	11.584117	17.265285	-26.539387	115000	1.4281273e-08	84.60432	-0.11245645	-21.47718	0.70128375	0.032427102	0.5106	79.0	102.38820219039917	4.45166105809419
23	-53.168373	81.8775	103.26063	-118.27084	1000.0	-11.294547	13.286801	28.216503	-29.992355	120000	-1.7559529e-08	106.852776	-0.11362617	-35.741287	0.6899526	0.047807656	0.537	79.0	106.8096489906311	4.450402130683263
24	-28.289429	85.72967	131.05655	-115.97643	1000.0	-3.3529317	14.488925	28.160845	-29.845167	125000	9.82061e-09	137.01575	-0.113051884	-37.174088	0.6751475	0.03028811	0.5276	79.0	111.1518006324768	4.446072101593018
25	-36.49129	76.28791	65.73068	-125.70204	1000.0	-5.0122085	11.485988	29.331083	-23.256533	130000	2.4694204e-08	109.998985	-0.109770566	-31.8471	0.6623709	0.038201224	0.5174	79.0	115.53155374526978	4.4435213804244995
26	-48.15926	70.63479	51.38758	-115.59704	1000.0	-4.564673	12.516914	31.69067	-27.037333	135000	2.849102e-09	74.50846	-0.11017715	-24.741253	0.6548452	0.04293209	0.5334	79.0	119.95320677757263	4.4427114239445435
27	2.0585418	53.384327	58.085293	-85.05892	1000.0	-1.5165306	10.304434	26.355711	-20.579483	140000	7.468462e-09	131.4876	-0.11314616	-34.610863	0.6446088	0.03501533	0.5112	79.0	124.23637533187866	4.4370134728295465
28	75.64345	31.466118	104.30909	17.409763	1000.0	2.001624	10.850891	31.229738	-21.496672	145000	-1.8078088e-08	140.36859	-0.11702037	-53.886047	0.63346785	0.03481159	0.5188	79.0	128.70084857940674	4.437960361612254
29	105.47606	70.4365	199.51237	5.5068393	1000.0	6.092111	11.994397	32.148422	-19.436974	150000	-1.5556813e-09	107.470116	-0.116047375	-33.938286	0.6188438	0.028998945	0.5238	79.0	133.0393226146698	4.434644150733948
30	67.46147	65.694466	160.0707	-30.776932	1000.0	9.042919	12.447337	36.775764	-19.506866	155000	-1.5553832e-08	118.4494	-0.11745105	-37.163025	0.6057001	0.033147313	0.5302	79.0	137.67326974868774	4.441073286917902
31	21.518597	121.03609	210.55418	-144.12434	1000.0	-1.9988127	14.058583	31.442862	-26.517357	160000	1.0994077e-08	182.19872	-0.11348543	-68.26264	0.59781015	0.048243437	0.5408	79.0	142.11354637145996	4.441048391163349
32	80.44347	71.248886	149.99147	-52.753242	1000.0	7.301169	15.026613	37.465225	-20.579708	165000	-3.862381e-09	137.29683	-0.11388354	-60.900284	0.58945405	0.03703884	0.529	79.0	146.5709936618805	4.441545341954087
33	106.0381	73.3069	187.63315	-22.926323	1000.0	8.447682	10.628091	32.991543	-16.749508	170000	7.122755e-09	103.48118	-0.11562342	-38.038574	0.57944715	0.042291712	0.5384	79.0	151.1201455593109	4.444710226619945
34	112.98682	81.152985	227.06316	13.508007	1000.0	10.850713	11.6530075	32.664803	-18.85924	175000	-1.0871887e-08	117.63297	-0.11928151	-41.380936	0.5695045	0.03431186	0.5536	79.0	155.7241051197052	4.449260207584926
35	153.42308	110.01695	361.2173	40.861187	1000.0	8.23611	15.267606	37.209137	-20.084288	180000	7.629395e-09	165.59593	-0.117338456	-79.81681	0.55631953	0.03870379	0.5392	79.0	160.0657970905304	4.4462722010082665
36	156.53162	88.94752	249.21043	2.9371886	1000.0	17.599674	15.4726305	46.558296	-18.35903	185000	2.0597875e-08	117.44625	-0.11543647	-48.065117	0.5438675	0.033170182	0.5356	79.0	164.60448503494263	4.448769923802969
37	93.477196	113.00893	246.09325	-69.25569	1000.0	9.823051	16.196331	37.14445	-19.593739	190000	5.2273275e-09	92.00809	-0.11671649	-31.321968	0.5335092	0.023622405	0.5562	79.0	168.92967915534973	4.4455179164284155
38	113.193275	189.11522	392.0207	-200.4874	1000.0	6.5101657	19.287106	33.156357	-33.411186	195000	2.2447109e-08	152.01553	-0.11994143	-65.40263	0.52205116	0.03554585	0.5896	79.0	173.2708113193512	4.442841364787175
39	277.94742	169.23705	458.17175	23.977203	1000.0	20.400375	15.529093	43.020187	-21.756098	200000	9.179115e-09	210.95227	-0.11981225	-100.60038	0.50857896	0.042098455	0.5498	79.0	177.7076132297516	4.442690372467041
40	237.8435	108.68457	417.97946	139.29314	1000.0	25.74813	18.227198	52.371033	-20.18235	205000	1.2171268e-08	204.79193	-0.11901933	-79.98979	0.5009971	0.026758417	0.5742	79.0	182.1350498199463	4.442318328996984
41	247.73764	99.40066	426.14786	149.1087	1000.0	21.734478	16.981968	49.16537	-19.652897	210000	-3.04237e-08	171.66125	-0.118442796	-71.53835	0.4872642	0.040075604	0.5682	79.0	186.55037903785706	4.441675736790612
42	236.06352	147.93895	427.44977	57.41195	1000.0	19.997522	20.062384	50.053642	-20.214989	215000	-2.0086766e-08	186.15373	-0.11599695	-78.56341	0.47422802	0.026386179	0.5604	79.0	190.9899423122406	4.441626609757889
43	174.14783	196.6988	461.17822	-7.6821704	1000.0	17.02969	20.85377	53.456673	-31.692335	220000	2.2813678e-08	191.82764	-0.11858592	-84.83884	0.4628203	0.029330036	0.5782	79.0	195.4795560836792	4.442717232487419
44	109.998314	121.30665	268.0025	-28.803848	1000.0	12.155455	22.138798	54.601677	-21.459635	225000	-1.5759468e-08	178.63565	-0.11568299	-103.22613	0.45561817	0.021826014	0.5748	79.0	199.96593832969666	4.44368756612142
45	339.8636	192.01472	515.2571	-7.4601984	1000.0	18.419775	15.892796	45.58891	-15.73447	230000	5.835295e-09	407.33853	-0.1263396	-289.24298	0.44660494	0.049713857	0.592	79.0	204.45100140571594	4.4445870337278945
46	202.35587	111.22938	405.82993	86.17626	1000.0	24.037416	24.58239	61.181644	-21.255894	235000	-4.6480446e-09	247.81293	-0.11673742	-115.090546	0.4308077	0.020187292	0.57	79.0	208.87312531471252	4.444109094903824
47	178.27127	101.4942	375.5955	85.68218	1000.0	18.027779	19.43091	53.005238	-17.637814	240000	-4.937649e-08	164.1764	-0.121617205	-67.99151	0.4192286	0.03579868	0.584	79.0	213.30881762504578	4.443933740258217
48	306.26324	154.83311	534.28094	145.82857	1000.0	22.501106	19.01507	60.77573	-19.926285	245000	8.678437e-09	244.15317	-0.119248	-134.53403	0.4066564	0.038092516	0.5682	79.0	217.8364987373352	4.44564287029967
49	243.47258	122.43036	352.69977	53.602386	1000.0	26.135332	24.129234	63.109024	-22.38148	250000	-1.46567825e-08	158.25972	-0.114276424	-82.55595	0.39518407	0.02084466	0.5624	79.0	222.4032256603241	4.448064551353455
50	188.76952	151.4693	376.69714	9.055402	1000.0	18.914818	21.585463	54.342163	-22.764957	255000	2.6845932e-08	209.43169	-0.11451817	-92.22265	0.3851109	0.020366639	0.566	79.0	226.70876669883728	4.445269977345186
51	406.76505	222.46782	684.64453	56.728737	1000.0	25.114208	20.24882	57.78249	-18.34999	260000	1.3756752e-08	450.4678	-0.12354376	-319.82147	0.3744958	0.047168	0.5856	79.0	231.1228575706482	4.444670374576862
52	316.63495	143.26312	521.4312	100.89345	1000.0	31.136974	31.32363	72.0445	-34.12466	265000	2.4795532e-09	202.02272	-0.11830132	-88.75694	0.36388785	0.026067505	0.598	79.0	235.51020073890686	4.443588733673096
53	373.51816	228.55733	583.7618	15.078091	1000.0	36.61004	25.388641	69.07733	-15.290943	270000	4.87566e-09	185.71692	-0.120635286	-78.14009	0.3524913	0.027184702	0.5888	79.0	239.92650198936462	4.44308340549469
54	250.1196	272.0604	586.4126	-241.98436	1000.0	22.71525	32.914566	69.41911	-34.43193	275000	-3.4570693e-08	187.76756	-0.11551859	-86.305435	0.33785826	0.041636333	0.6036	79.0	244.20422625541687	4.440076875686645
55	405.4912	137.37079	581.79346	203.58777	1000.0	42.243275	19.936493	68.919205	-12.023229	280000	1.4833733e-08	206.02713	-0.12178695	-93.033615	0.32539076	0.026813105	0.5816	79.0	248.69230818748474	4.4409341130937845
56	396.68295	182.14621	708.51306	145.35683	1000.0	36.415836	24.926826	71.81838	-16.388634	285000	-2.8973817e-08	286.93057	-0.12131285	-123.657	0.31784454	0.032098785	0.6016	79.0	253.1635513305664	4.441465846279211
57	325.88873	191.78009	669.1036	86.86157	1000.0	32.548885	31.28178	75.97947	-39.55897	290000	-2.9444694e-08	321.9237	-0.11859801	-147.68721	0.30667347	0.028261676	0.6132	79.0	257.4963629245758	4.439592501212811
58	465.21518	200.73608	642.5285	84.55576	1000.0	44.187107	18.18061	73.9542	-13.440834	295000	-2.1874905e-08	233.7056	-0.12601517	-120.22987	0.2948439	0.0357708	0.61	79.0	261.9454765319824	4.439753875894062
59	384.25763	183.31493	608.202	165.35995	1000.0	33.155254	28.17741	77.36999	-18.505733	300000	-1.5497207e-08	250.41466	-0.12166919	-130.0553	0.28388932	0.027605023	0.611	79.0	266.3544166088104	4.439240316549937
60	565.53204	143.29346	674.04803	297.99136	1000.0	50.133472	21.307676	77.97268	-22.750872	305000	1.2528896e-08	256.86313	-0.12217024	-141.14879	0.27335465	0.03310407	0.6308	79.0	270.75249886512756	4.438565590342537
61	406.12726	198.59131	724.9527	218.62137	1000.0	46.13346	25.83493	83.56175	-16.58133	310000	-4.1081012e-08	399.19516	-0.12335861	-209.53217	0.2593601	0.030761054	0.6096	79.0	275.18018317222595	4.438390097310466
62	521.07513	74.42442	648.73956	436.5031	1000.0	48.513603	19.64372	83.60217	-15.625808	315000	3.1936167e-08	251.19687	-0.12649417	-142.94011	0.25123215	0.04010318	0.6258	79.0	279.8847849369049	4.4426156641945
63	319.17816	241.40553	571.68176	-119.82339	1000.0	34.9907	28.729143	77.54565	-27.74474	320000	2.0492077e-08	308.7748	-0.12798026	-191.21906	0.23819952	0.04362264	0.6376	79.0	284.46473503112793	4.444761514663696
64	426.83154	166.5589	625.7165	156.18861	1000.0	38.885983	23.337334	75.81894	-20.155636	325000	3.4233928e-08	308.73248	-0.12558973	-163.06477	0.22632205	0.038571376	0.6368	79.0	288.91022086143494	4.444772657981286
65	623.9855	183.48997	794.4065	274.287	1000.0	49.598427	26.17753	80.58301	-38.789764	330000	-8.070469e-09	355.35907	-0.13041131	-257.02795	0.21225318	0.05054559	0.6444	79.0	293.38351011276245	4.4452047275774405
66	462.9108	232.4205	741.5741	117.553535	1000.0	51.199577	30.640228	92.250305	-16.831411	335000	4.7683715e-11	349.7964	-0.12349569	-180.47159	0.20291035	0.026480587	0.6354	79.0	297.7177209854126	4.443548109994006
67	532.6171	192.83688	789.59143	282.20166	1000.0	49.388874	28.43317	89.684265	-17.474728	340000	-1.1694431e-08	350.61667	-0.11990991	-166.95638	0.19066247	0.029874898	0.6156	79.0	302.2755103111267	4.445228131378398
68	487.4746	184.61682	716.60266	193.72527	1000.0	47.571186	29.84266	94.2094	-15.099534	345000	-2.467148e-08	358.63416	-0.12444439	-176.32501	0.18020262	0.0373701	0.6366	79.0	306.826340675354	4.44675858815511
69	594.02277	221.59386	819.5591	237.24959	1000.0	56.85497	27.968779	97.5	-20.707245	350000	-1.9800662e-08	463.47345	-0.12579839	-238.26328	0.16761507	0.037522636	0.6354	79.0	311.3288264274597	4.447554690497262
70	586.6867	225.61359	761.1064	144.57289	1000.0	63.209175	28.220104	110.0982	-18.357958	355000	1.7881393e-09	265.61667	-0.12644696	-156.56003	0.15178068	0.0389135	0.6476	79.0	315.90042662620544	4.449301813689756
71	759.59827	100.503716	851.0646	565.981	1000.0	69.336105	16.813007	94.26558	-11.095166	360000	7.2911384e-09	310.92435	-0.12461879	-174.94658	0.14148058	0.0305108	0.6326	79.0	320.3153839111328	4.448824803034465
72	590.8294	138.39542	776.67426	420.18494	1000.0	59.451023	33.057007	101.79614	-22.969385	365000	2.6226044e-09	329.68808	-0.1215125	-186.03725	0.12857191	0.027071472	0.6312	79.0	325.6611931324005	4.461112264084489
73	639.6544	233.156	855.22284	194.82855	1000.0	62.5016	26.2305	98.16015	-13.655687	370000	1.0359288e-08	275.23697	-0.12360716	-151.70547	0.121100746	0.04145509	0.6426	79.0	330.0339181423187	4.459917841730891
74	838.8919	77.98702	970.5047	727.8123	1000.0	74.530174	12.921459	106.01254	-5.7137933	375000	-2.6589632e-08	321.3553	-0.12803318	-213.49333	0.112476915	0.038776826	0.6476	79.0	334.7047390937805	4.462729880015055
75	472.4892	249.31589	780.6897	62.088764	1000.0	61.287	35.63967	108.62084	-34.768715	380000	-5.042553e-09	533.1747	-0.12986627	-384.08728	0.09709671	0.035441615	0.6584	79.0	339.2230281829834	4.463460925378297
76	698.45056	252.59444	906.116	231.7018	1000.0	59.931824	24.558437	93.894226	-7.812381	385000	-4.7147273e-09	537.0629	-0.12906414	-333.12354	0.08595174	0.03685321	0.6516	79.0	343.6838173866272	4.463426227693434
77	702.49664	143.6726	885.84357	457.1823	1000.0	69.78873	30.03476	110.86143	-22.95573	390000	1.5997887e-08	475.2329	-0.122054555	-239.58961	0.075497136	0.022831043	0.6468	79.0	348.52625155448914	4.468285297736143
78	802.8629	75.92356	897.6504	676.9634	1000.0	79.55522	20.33542	110.91387	-6.5944595	395000	-4.9185754e-08	274.70526	-0.12633699	-155.08838	0.061271884	0.043258388	0.659	79.0	352.95539450645447	4.467789831040781
79	627.9116	307.41513	918.41986	81.45479	1000.0	68.103516	29.849579	108.6301	-3.5460303	400000	-1.3056398e-08	338.04495	-0.1285261	-211.94287	0.049821716	0.037963107	0.672	79.0	357.34861946105957	4.466857767105102
80	675.8793	199.58113	997.25275	381.42578	1000.0	68.10696	31.955437	110.412186	-19.758116	405000	1.0579824e-08	490.8835	-0.12003117	-274.40768	0.03783124	0.022490464	0.6426	79.0	361.79300022125244	4.466580273192606
81	798.3096	192.38649	981.69006	509.7678	1000.0	72.2199	22.808783	108.41758	-7.0384154	410000	3.414154e-08	433.74234	-0.13185386	-275.55356	0.023053775	0.042913288	0.6646	79.0	366.18787360191345	4.46570579889344
82	709.1034	235.52725	917.9901	288.67432	1000.0	74.74152	30.451746	115.308495	-8.481717	415000	-2.599433e-08	331.42194	-0.12764975	-194.61394	0.011066581	0.04172476	0.6586	79.0	370.6441607475281	4.4655923240156055
83	911.4762	123.05743	1152.2739	831.67944	1000.0	87.57541	16.033733	116.964455	-23.377853	420000	1.8501282e-08	335.3304	-0.12222865	-202.72456	-0.0019024081	0.03363066	0.6624	79.0	375.06560492515564	4.465066745167687
84	556.6398	440.96588	980.3226	-230.42255	1000.0	61.778442	45.541245	121.57692	-40.99039	425000	-2.1779536e-08	432.48425	-0.12761422	-295.21878	-0.011765036	0.03685628	0.6708	79.0	379.5237412452698	4.464985213560216
85	727.85706	130.18797	896.25464	524.098	1000.0	75.90181	30.659855	119.23398	-24.85584	430000	2.0885468e-08	393.84753	-0.12091193	-221.8571	-0.019896217	0.0344066	0.6666	79.0	383.9818661212921	4.464905444965806
86	623.505	276.16284	989.88153	205.01477	1000.0	63.683395	34.334034	114.39735	-11.581483	435000	-5.2440168e-08	364.40582	-0.12857002	-204.16338	-0.0325899	0.041406386	0.6668	79.0	388.4066779613495	4.464444596191933
87	501.8229	443.99365	993.14	-87.35115	1000.0	47.83826	48.379265	112.65455	-48.076035	440000	3.249645e-08	400.18677	-0.12606303	-234.81378	-0.048588086	0.04519332	0.6668	79.0	392.9774787425995	4.465653186494654
88	599.3413	450.61426	1039.3427	-203.89159	1000.0	56.72937	52.052914	117.99736	-53.4461	445000	4.26054e-08	362.90204	-0.12536927	-219.78474	-0.0633119	0.039147124	0.6862	79.0	397.2720296382904	4.463730694202894
89	700.4463	178.06288	929.8359	436.66562	1000.0	69.91547	38.432438	119.63493	-22.482548	450000	-3.4475327e-08	508.7074	-0.124127865	-284.96844	-0.07566209	0.022135353	0.677	79.0	401.605770111084	4.462286358409457
90	747.52655	296.40027	1108.7216	287.05002	1000.0	71.7566	39.352055	122.62908	-31.007532	455000	-5.364418e-11	413.30698	-0.12559402	-240.953	-0.086409174	0.03918313	0.6748	79.0	405.9737870693207	4.461250430935031
91	895.984	194.37663	1090.3798	529.9991	1000.0	84.10148	30.264133	122.21109	-21.960825	460000	-3.8158895e-08	414.2073	-0.124407664	-276.9645	-0.10065307	0.04847009	0.6736	79.0	410.383070230484	4.460685566715572
92	909.7838	224.16414	1208.8109	541.3403	1000.0	89.69063	31.869328	130.38425	-13.101869	465000	1.5920401e-08	424.75656	-0.12788922	-251.78339	-0.113742895	0.036765385	0.6696	79.0	414.9544701576233	4.461876043709376
93	890.76746	192.07379	1063.6704	587.33875	1000.0	91.540955	33.975594	134.15274	-18.126007	470000	6.666183e-08	412.57062	-0.12790298	-250.50717	-0.11958081	0.037325237	0.6972	79.0	419.41438031196594	4.461855129992708
94	606.41516	194.39308	933.422	403.03488	1000.0	61.875507	49.994537	137.02907	-31.25604	475000	-5.4562094e-08	761.4443	-0.11466932	-449.34778	-0.13130815	0.020158768	0.648	79.0	423.9180037975311	4.462294796893471
95	1002.2623	128.94815	1145.4276	804.3618	1000.0	90.500084	22.587313	131.12201	-14.363967	480000	5.5372715e-09	533.0149	-0.12811226	-373.87604	-0.14339915	0.054306366	0.6976	79.0	428.6376950740814	4.464976010223229
96	791.31635	170.43074	1053.8838	516.55865	1000.0	86.0146	36.43377	140.01015	-18.350733	485000	-5.5807828e-08	640.1984	-0.12984386	-402.92438	-0.15727502	0.04035553	0.7008	79.0	432.9949731826782	4.46386572503552
97	1021.7197	99.188896	1136.0754	857.8784	1000.0	96.53951	23.09317	134.1229	-18.822227	490000	-1.5318394e-08	572.46136	-0.12631342	-333.2593	-0.16977042	0.043908607	0.6926	79.0	437.5672173500061	4.464971627507891
98	899.8959	196.86264	1100.1501	605.4601	1000.0	92.0943	32.578373	137.25879	-10.72785	495000	1.2362003e-08	824.7015	-0.12759626	-479.7978	-0.17834936	0.032191962	0.7062	79.0	441.76012802124023	4.462223546673553
99	970.76843	188.43663	1111.9772	604.4274	1000.0	91.87529	24.253231	131.25539	-10.922275	500000	-3.9100647e-09	481.1812	-0.13279004	-304.0711	-0.19161847	0.048095934	0.7116	79.0	446.24118542671204	4.462411878108978
100	893.79736	173.38284	1231.0161	768.89874	1000.0	86.93194	37.606373	139.05348	-16.641138	505000	1.0085106e-08	658.46716	-0.12632129	-365.82788	-0.20757079	0.026085334	0.7066	79.0	450.7231149673462	4.4626051199318155
101	872.68604	320.05905	1180.3729	392.2277	1000.0	87.44295	38.776863	141.39409	-15.676114	510000	-4.4620037e-08	467.0852	-0.13200267	-294.78967	-0.21915755	0.044929005	0.7234	79.0	455.2639992237091	4.463372562445846
102	1051.718	170.35132	1240.0573	751.98505	1000.0	103.26291	28.66277	141.93332	-18.731985	515000	4.950762e-08	529.207	-0.12185165	-304.82922	-0.22988391	0.034363173	0.7068	79.0	459.6225469112396	4.4623548452136585
103	1092.259	125.74181	1187.9103	848.51044	1000.0	103.803	24.259892	142.2997	-23.134825	520000	-7.7068805e-09	477.71466	-0.12302174	-307.0226	-0.24377584	0.04721364	0.6962	79.0	464.11035323143005	4.462599566349616
104	1040.1715	106.14665	1131.4172	872.9566	1000.0	105.640114	23.39919	142.8375	1.3112723	525000	3.6883353e-08	414.65826	-0.1302258	-257.9502	-0.25623235	0.044430345	0.7088	79.0	468.54046177864075	4.4622901348840625
105	974.71564	260.3071	1264.0846	661.5423	1000.0	96.512856	34.448055	143.66307	-9.183067	530000	-6.073713e-09	600.6381	-0.12539771	-355.9641	-0.26950523	0.03591999	0.7004	79.0	473.0067341327667	4.462327696242422
106	945.2827	192.78606	1105.6102	568.48004	1000.0	100.99571	33.558746	151.30074	-19.807842	535000	-4.1425228e-08	474.17065	-0.12535726	-311.01224	-0.28242344	0.04206833	0.712	79.0	477.5049273967743	4.462662892920949
107	1057.0466	169.03783	1219.1511	761.4216	1000.0	96.959564	29.191906	134.32803	-20.89347	540000	3.141165e-08	432.31436	-0.13032769	-293.25342	-0.29325134	0.046706967	0.7348	79.0	481.9996073246002	4.462959344740267
108	906.85956	292.95642	1210.0928	425.2407	1000.0	91.39866	45.011265	149.17012	-21.799898	545000	6.482601e-08	584.88	-0.12399012	-339.36642	-0.3046089	0.026576968	0.712	79.0	486.3469762802124	4.461898882454689
109	1110.0222	74.38334	1202.061	991.91895	1000.0	105.61014	30.233093	147.83383	-18.643656	550000	5.071163e-08	464.73535	-0.12529317	-291.90637	-0.32075155	0.04601016	0.7034	79.0	490.8646922111511	4.462406314503063
110	1017.77637	202.23701	1211.6547	652.9387	1000.0	107.35047	33.608833	154.81563	-13.640318	555000	1.4233589e-08	585.0316	-0.12723698	-350.38214	-0.3330841	0.0446799	0.7296	79.0	495.31884384155273	4.462331945831711
111	1078.5739	96.57608	1190.9753	922.5031	1000.0	109.31425	27.012922	151.11475	-9.428176	560000	3.8194656e-08	406.451	-0.13405421	-279.226	-0.3424686	0.05583979	0.7504	79.0	499.59887886047363	4.460704296827316
112	989.4212	221.36731	1220.1874	641.1878	1000.0	105.8298	27.021866	148.92865	8.4010935	565000	-2.315268e-08	721.5321	-0.128547	-448.87744	-0.35231182	0.036200527	0.7026	79.0	504.0859303474426	4.460937453582224
113	1072.7904	103.551994	1201.3453	930.2033	1000.0	102.128784	26.98225	146.84258	-7.9402065	570000	-4.3678284e-08	556.4733	-0.13037263	-367.15363	-0.36424538	0.04816694	0.7456	79.0	508.54974389076233	4.46096268243957
114	730.0444	292.63312	1108.4133	382.67676	1000.0	90.2159	36.210953	148.9384	3.2211182	575000	6.658435e-08	1032.127	-0.13482115	-688.13184	-0.37428316	0.045909304	0.725	79.0	513.0738451480865	4.4615117155987285
115	1026.4042	227.32907	1234.1648	694.0736	1000.0	96.56706	30.755838	145.61499	-17.852367	580000	-1.7762185e-08	694.0871	-0.13372836	-409.23972	-0.38438153	0.048812464	0.7392	79.0	517.5921308994293	4.462001144886017
116	877.59454	190.82086	1139.3232	573.77277	1000.0	89.79987	41.839077	151.14761	-26.275734	585000	9.465218e-09	989.1867	-0.1291252	-574.1965	-0.39776796	0.035796575	0.7232	79.0	522.0625624656677	4.462073199769371
117	1043.9888	89.752716	1160.3695	922.94904	1000.0	99.212166	27.943659	147.02757	-4.226872	590000	4.092455e-08	664.543	-0.13301024	-400.7324	-0.41038147	0.04651074	0.7274	79.0	526.5010454654694	4.461873284840988
118	909.1553	224.56136	1162.6312	565.4282	1000.0	94.00398	35.31823	151.55774	-7.777533	595000	-6.389469e-08	741.291	-0.13382626	-447.33875	-0.42208964	0.029325461	0.7462	79.0	530.9568202495575	4.461822032928467
119	896.16797	395.15912	1198.34	114.104485	1000.0	89.85305	34.682117	145.03246	-11.243654	600000	2.8163194e-10	703.9224	-0.13781829	-472.76196	-0.43730667	0.05611397	0.7604	79.0	535.4685337543488	4.462237799167633
120	1131.783	123.6888	1243.9524	913.9152	1000.0	109.41664	26.39972	151.28009	-25.75079	605000	4.6777725e-08	370.14734	-0.13420328	-256.2696	-0.4517398	0.060541213	0.7568	79.0	540.1106178760529	4.463724138322941
121	951.8751	294.40637	1229.8623	464.17584	1000.0	103.94901	37.24465	152.74348	-11.010241	610000	2.7894973e-09	630.71216	-0.13506997	-396.5642	-0.46766368	0.051980462	0.752	79.0	544.5772204399109	4.463747724157865
122	1029.8806	204.21288	1278.8247	742.87604	1000.0	97.49123	44.095516	154.04378	-52.81384	615000	-7.915497e-09	735.9854	-0.13303612	-441.73816	-0.4786117	0.05305708	0.7668	79.0	549.0232207775116	4.463603436462278
123	768.8372	439.65173	1323.6547	44.4236	1000.0	82.41315	52.012592	162.9188	-25.07991	620000	-5.7220458e-08	776.99744	-0.13275398	-470.0672	-0.49316782	0.03850675	0.7518	79.0	553.7082259654999	4.465388938303916
124	1017.6271	307.05942	1315.5892	581.4167	1000.0	97.78192	47.264225	155.55714	-30.357672	625000	-2.0217895e-08	569.62646	-0.13185434	-355.61862	-0.50495815	0.068924926	0.7674	79.0	558.178751707077	4.465430032730103
125	1135.1809	95.77932	1268.811	1023.2184	1000.0	116.043236	29.941883	161.8291	-35.623802	630000	7.624626e-08	555.78955	-0.122200444	-416.4477	-0.51536137	0.052145485	0.7288	79.0	562.5924332141876	4.465019326361399
126	870.50714	417.5887	1317.441	295.05258	1000.0	98.5558	36.58851	159.18605	-5.3810396	635000	7.201433e-08	942.6741	-0.13394047	-717.1763	-0.52312434	0.052845318	0.7508	79.0	567.0787398815155	4.465186948851337
127	941.4676	188.57884	1174.2334	690.52515	1000.0	92.82415	46.191574	148.90094	-28.602556	640000	9.3960765e-08	736.5443	-0.12605761	-445.79257	-0.5372532	0.051649883	0.7474	79.0	571.6296083927155	4.465856337919831
128	1227.7971	71.48707	1310.5824	1119.0415	1000.0	109.54155	18.50363	147.59875	-11.61128	645000	3.77059e-08	551.9307	-0.13284904	-391.69797	-0.55047756	0.063347094	0.744	79.0	576.1634893417358	4.466383651245472
129	606.911	448.25824	1249.8323	83.44419	1000.0	76.658325	50.11636	162.11913	-9.633431	650000	-4.8977135e-08	1005.594	-0.12997109	-725.131	-0.5617304	0.048301302	0.7502	79.0	580.6343078613281	4.46641776745136
130	1106.8381	223.66023	1305.0186	692.284	1000.0	95.94235	31.814482	148.08522	-26.747305	655000	1.0602474e-07	766.0516	-0.12917736	-528.83496	-0.57446146	0.057937287	0.7412	79.0	585.0174860954285	4.465782351166237
131	969.64514	175.98178	1222.5912	700.35175	1000.0	96.15233	49.751305	165.01451	-51.326687	660000	-1.9741059e-08	683.2205	-0.13037655	-403.00867	-0.5872205	0.041966632	0.77	79.0	589.4554271697998	4.46557143240264
132	911.2416	405.4029	1305.5206	183.70335	1000.0	89.83894	48.019493	152.51106	-33.341656	665000	7.951856e-08	985.3485	-0.12696266	-544.0097	-0.59955925	0.041899182	0.7748	79.0	593.8717160224915	4.465200888483148
133	757.774	278.0413	1240.6917	517.77997	1000.0	79.935074	50.098614	160.62642	-19.571503	670000	7.2181225e-09	720.1478	-0.13258833	-430.89304	-0.61221397	0.040483516	0.7656	79.0	598.3670127391815	4.4654254824367925
134	983.8493	515.60474	1350.6439	-34.905766	1000.0	87.027466	52.410126	150.84703	-56.6967	675000	-5.251169e-08	643.98206	-0.13454092	-447.1731	-0.62582844	0.08614186	0.7828	79.0	602.8040204048157	4.465214985388297
135	1016.91394	282.37158	1287.2908	665.40967	1000.0	106.66017	37.43715	156.43985	-17.402067	680000	3.2913686e-08	759.9147	-0.13077137	-440.17178	-0.63539886	0.055459216	0.762	79.0	607.1486480236053	4.46432830656276
136	1044.7502	304.45435	1259.2927	441.4382	1000.0	107.01495	32.898212	165.33733	-10.144961	685000	9.307265e-08	513.544	-0.1394273	-355.0794	-0.65147007	0.070156515	0.795	79.0	611.4425723552704	4.4630844836687515
137	1135.6277	113.2379	1307.8729	991.1532	1000.0	115.65341	26.43906	158.14185	-33.293198	690000	2.1648408e-08	472.40695	-0.12982437	-320.13358	-0.6636681	0.048967328	0.7614	79.0	615.862806558609	4.4627739743909975
138	1234.7665	65.934814	1278.9427	1104.823	1000.0	116.1644	18.47636	155.4248	-1.2466843	695000	6.192513e-08	444.43594	-0.13566926	-306.65604	-0.6783872	0.058436573	0.7788	79.0	620.2281801700592	4.4620732540706936
139	1048.0927	180.12946	1224.9414	747.34283	1000.0	116.58533	25.201317	159.36975	17.79581	700000	-5.4679813e-08	838.9911	-0.13864285	-556.40875	-0.69106996	0.052550342	0.773	79.0	624.7424473762512	4.4624460714203975
140	841.33594	581.20294	1394.773	-92.58181	1000.0	87.65237	44.086174	155.53369	-16.514513	705000	5.912185e-08	718.919	-0.14197402	-522.67645	-0.7050837	0.06730485	0.8068	79.0	629.0960562229156	4.461674172827538
141	770.4064	292.79416	1258.4863	391.62634	1000.0	83.01689	63.02822	160.26816	-70.56792	710000	-4.506111e-08	893.8999	-0.12879768	-560.35474	-0.72176313	0.044256233	0.7726	79.0	633.7914128303528	4.463319822096489
142	1134.5435	136.93665	1327.3744	955.06836	1000.0	104.65139	30.246462	154.67746	-26.774668	715000	-7.4887275e-08	513.0647	-0.13351849	-337.412	-0.7362495	0.061317693	0.784	79.0	638.1041886806488	4.4622670653816705
143	1127.9104	209.55904	1270.8333	715.6079	1000.0	112.4456	29.09286	155.21478	-11.318372	720000	-1.4483929e-08	384.37198	-0.13421766	-243.55905	-0.74619484	0.07128833	0.7884	79.0	642.5599591732025	4.462221951948272
144	955.61926	234.72118	1249.2877	641.8185	1000.0	100.31411	43.956295	162.66492	-13.633843	725000	5.41687e-08	715.7868	-0.13004404	-437.0605	-0.7608006	0.0488535	0.7912	79.0	647.0609090328217	4.46248904589949
145	1012.2298	278.1087	1371.7183	722.0435	1000.0	100.90249	36.765186	152.6706	-12.095811	730000	-2.8967857e-09	774.7509	-0.1390504	-452.95123	-0.779993	0.06386949	0.8084	79.0	651.4083228111267	4.461700855869136
146	1155.0983	227.55135	1349.5336	709.2708	1000.0	110.8975	34.54912	161.1048	-12.20616	735000	7.7939035e-08	531.4896	-0.13571726	-338.9005	-0.78894603	0.06977616	0.785	79.0	655.9937024116516	4.462542206251702
147	1155.9574	160.75993	1368.8458	910.18524	1000.0	117.38618	34.746567	169.06267	-10.716694	740000	3.013015e-08	600.8755	-0.13244581	-354.95523	-0.798481	0.05822813	0.804	79.0	660.4291491508484	4.462359130382538
148	800.2044	554.7892	1312.5502	-219.17195	1000.0	84.27603	62.861702	162.72508	-68.26423	745000	-1.5574247e-07	642.0683	-0.13438812	-395.2818	-0.8117782	0.0767607	0.805	79.0	665.0001549720764	4.46308829960407
149	1231.7117	87.056656	1373.8348	1124.4985	1000.0	121.215965	20.451288	163.86696	-3.8283591	750000	-8.3851816e-08	378.19693	-0.14399122	-249.43558	-0.8228867	0.0915106	0.8172	79.0	669.4346086978912	4.4628974040349325
150	1186.0303	191.92378	1381.0441	920.3219	1000.0	119.26794	30.00267	162.52104	-15.968711	755000	-1.0633469e-07	627.0004	-0.13756014	-365.6956	-0.83349025	0.068964235	0.8102	79.0	673.969310760498	4.463372929996212
151	1093.2344	254.62239	1334.9796	681.8593	1000.0	110.560165	50.104443	167.73935	-69.55366	760000	-1.5413761e-08	623.17	-0.13528779	-371.03998	-0.8479904	0.07003988	0.8162	79.0	678.2887263298035	4.462425843665474
152	1202.4236	188.0862	1427.2399	970.1718	1000.0	121.87259	28.991405	180.03214	-8.635609	765000	3.6162138e-08	565.1699	-0.13533103	-334.68872	-0.8647402	0.07657409	0.8038	79.0	682.6376736164093	4.461684159983218
153	1281.5251	98.433365	1408.6449	1120.0538	1000.0	126.302284	21.052837	164.11563	4.0352554	770000	8.254051e-08	395.1754	-0.14176622	-263.99792	-0.88079685	0.08228047	0.8026	79.0	687.0244884490967	4.461197987779395
154	1279.9154	92.263855	1353.2488	1098.6339	1000.0	132.44423	18.77981	171.65714	-1.4129875	775000	7.550717e-08	385.49802	-0.13577059	-263.5905	-0.89459425	0.08434122	0.7956	79.0	691.4194898605347	4.460770913093321
155	1308.7753	132.80774	1480.709	1125.4769	1000.0	128.45618	14.5918665	166.96495	15.333661	780000	1.036644e-07	407.13083	-0.13913228	-263.45844	-0.90897775	0.062931955	0.7994	79.0	695.9062871932983	4.460937749116849
156	1080.6091	290.3332	1330.9865	522.4764	1000.0	117.96916	35.64913	169.20555	2.6431072	785000	4.873276e-08	763.9112	-0.13772517	-532.92773	-0.92221355	0.06358076	0.801	79.0	700.2669949531555	4.460299344579125
157	1125.2869	248.92528	1426.2074	718.13043	1000.0	111.04102	41.39803	163.16582	-22.399448	790000	-1.4451741e-07	644.06995	-0.12890401	-379.0252	-0.9346456	0.05674539	0.7834	79.0	704.6497876644135	4.459808794757988
158	1112.2874	216.96086	1414.9655	764.44006	1000.0	111.3454	40.566742	169.57877	-26.515875	795000	1.5414953e-07	928.183	-0.1289674	-530.37634	-0.94637465	0.054562207	0.7828	79.0	709.0426349639893	4.459387654778342
159	1268.9948	66.651306	1348.5327	1168.0823	1000.0	119.1918	20.917244	161.17917	-12.812813	800000	-3.273487e-08	373.72702	-0.13982916	-289.18903	-0.9615443	0.096266665	0.8068	79.0	713.3689761161804	4.458556115627289
160	922.2078	404.47284	1267.2743	135.72887	1000.0	98.90111	57.72791	170.14195	-59.686306	805000	9.436011e-08	697.3731	-0.1360275	-453.36548	-0.9723062	0.059670135	0.8322	79.0	717.733274936676	4.457970663627482
161	1143.9435	235.71605	1521.693	800.02594	1000.0	105.667274	35.640568	159.02351	-13.432242	810000	9.0551374e-08	907.6321	-0.13284701	-562.92847	-0.9908481	0.075629756	0.7974	79.0	722.1202673912048	4.45753253094944
162	916.78845	232.0404	1200.6974	525.9704	1000.0	104.17763	47.278717	169.69073	-38.79135	815000	6.598886e-09	979.2331	-0.13228488	-628.6248	-1.0008647	0.06271441	0.8156	79.0	726.5260326862335	4.457214934694255
163	1143.6184	146.12277	1341.8534	906.96643	1000.0	106.64967	30.030224	158.65144	-11.262845	820000	1.5354157e-08	647.65955	-0.021538598	-411.00208	-1.0142838	0.15485884	0.676	9.0	729.9594597816467	4.450972330279466
164	1191.9504	283.7403	1456.7786	744.75525	1000.0	109.51717	38.368965	173.03134	-25.079355	825000	-2.9087066e-09	815.5646	0.0803682	-488.36285	-1.0141249	0.18964262	0.7068	1.0	733.1746830940247	4.443482940847224
165	1153.9707	277.7277	1328.7507	603.29675	1000.0	117.23479	38.535263	169.36603	-16.150486	830000	-6.7412856e-08	792.8077	0.081248045	-452.4007	-1.0140425	0.18588524	0.7112	1.0	736.5632929801941	4.437128282455077
166	1030.4448	347.84833	1410.5912	588.39264	1000.0	105.58523	48.184933	162.75275	-18.244823	835000	-8.581877e-08	797.72003	0.08537732	-447.4715	-1.0139878	0.16958426	0.6968	1.0	739.7254469394684	4.4294937042419065
167	1247.2144	98.376175	1378.8048	1138.9554	1000.0	123.50376	31.02973	177.81735	-23.328978	840000	3.7240984e-08	778.44464	0.08184656	-457.56607	-1.0139703	0.20325075	0.7226	1.0	743.2296831607819	4.423986222062792
168	1361.4596	128.19077	1561.6787	1189.1985	1000.0	128.98137	15.811263	173.22466	-2.193555	845000	5.2952768e-08	488.9725	0.112626165	-334.94382	-1.0139481	0.30877298	0.7608	1.0	746.5068571567535	4.4172003509024895
169	944.1289	220.20064	1169.7751	577.3994	1000.0	115.096924	42.27045	175.33592	-10.273269	850000	-6.651878e-09	1136.5482	0.11917302	-785.8094	-1.0139488	0.30723926	0.7556	1.0	749.8733711242676	4.411019842764911
170	1043.7393	288.9337	1398.5787	652.71625	1000.0	97.13308	46.949955	159.1244	-76.3355	855000	-3.6096573e-08	914.0478	0.10984657	-519.18774	-1.0139498	0.26955327	0.769	1.0	753.377420425415	4.405715921468902
171	736.1305	386.38748	1244.892	296.81354	1000.0	83.25496	53.39747	159.03073	-33.102997	860000	-2.8324127e-08	1115.7784	0.109776676	-671.25757	-1.0139393	0.24768017	0.7562	1.0	756.8184010982513	4.400106994218604
172	895.4235	383.73935	1262.5746	191.21574	1000.0	82.14768	44.994663	154.449	-31.84582	865000	7.3896345e-08	945.5337	0.12912077	-529.584	-1.0139128	0.28222483	0.7582	1.0	760.2039294242859	4.394242377639506
173	603.96936	491.6075	1157.8073	-217.68578	1000.0	57.454037	68.724075	149.00058	-95.656006	870000	-6.8843367e-09	958.1846	0.1125656	-554.1133	-1.013866	0.32641438	0.7712	1.0	763.3747887611389	4.387211441993713
174	1026.131	172.62274	1239.4531	782.01996	1000.0	86.451935	40.606693	155.5853	-40.98722	875000	7.209778e-08	1186.356	0.11664704	-687.9048	-1.0138241	0.33071825	0.764	1.0	766.4924449920654	4.3799568394252235
175	954.1569	209.03471	1154.3842	598.4189	1000.0	96.80224	41.22397	161.451	-27.305986	880000	-2.8443337e-08	1193.6482	0.11410929	-633.8122	-1.013776	0.27232978	0.7672	1.0	769.6219749450684	4.372852145270868
176	850.9508	118.11322	1028.2662	709.7884	1000.0	90.36635	38.534214	152.85701	-21.713934	885000	-6.059408e-08	896.1118	0.11248805	-534.9457	-1.0137483	0.21445276	0.7352	1.0	772.7409725189209	4.365768222485558
177	1062.328	184.33693	1307.2108	772.85345	1000.0	92.29343	30.12148	142.36871	-22.716574	890000	1.229763e-07	980.7018	0.095760815	-585.57367	-1.0137689	0.1932736	0.7178	1.0	775.9094445705414	4.35904183548488
178	392.32663	362.3411	782.97656	-211.07254	1000.0	59.535683	57.78558	151.10757	-66.832886	895000	5.0210954e-08	1478.0432	0.09467734	-965.8514	-1.0137874	0.27777582	0.7622	1.0	779.3411428928375	4.353861144135118
179	439.54547	457.84818	869.75543	-407.62024	1000.0	43.13529	54.92796	133.71619	-70.16401	900000	3.174469e-08	819.1429	0.15198065	-471.13562	-1.0138352	0.36503175	0.797	1.0	782.6251611709595	4.347917572657267
180	893.04785	182.23425	1139.1853	697.48035	1000.0	82.28612	35.356934	142.78801	-29.044918	905000	9.7692014e-09	1032.4464	0.13839176	-544.7931	-1.0139097	0.29015407	0.7728	1.0	785.7721915245056	4.341282836640079
181	639.4171	241.50752	1018.8919	358.393	1000.0	69.86392	46.50016	144.16245	-42.29964	910000	2.6369095e-08	1257.784	0.11000733	-692.6482	-1.0139688	0.2634366	0.7512	1.0	790.6492824554443	4.344226838468195
182	731.30225	265.93716	1094.0648	368.60233	1000.0	68.180435	35.260117	132.65028	-36.443733	915000	8.635521e-08	1074.7487	0.10163301	-565.9403	-1.0140646	0.19766316	0.7332	1.0	794.113433599472	4.339417681667974
183	582.07745	147.54594	723.3945	331.37378	1000.0	61.518257	35.754284	132.84448	-34.13374	920000	-8.72612e-09	949.9736	0.12013821	-548.90735	-1.0141271	0.25986353	0.7512	1.0	797.7524936199188	4.335611387439396
184	642.6837	246.07231	870.809	286.53763	1000.0	61.39407	27.000175	122.12382	-20.17343	925000	1.1105537e-07	1075.4016	0.112874545	-581.9697	-1.0142018	0.20881706	0.7238	1.0	800.9278893470764	4.329339954015371
185	592.5887	129.04834	840.8249	469.40775	1000.0	62.1831	36.60448	132.61655	-58.726833	930000	1.0048747e-07	990.3269	0.1083539	-561.72095	-1.0142771	0.22609805	0.7448	1.0	804.9181516170502	4.327516954432252
186	609.9361	354.99106	1036.2214	52.190716	1000.0	61.730038	30.469511	127.320656	-28.130913	935000	4.1779877e-08	1265.199	0.10660773	-697.80835	-1.0143837	0.254607	0.7262	1.0	809.6010887622833	4.329417594613876
187	588.7777	175.34798	787.863	283.43658	1000.0	57.428383	37.643772	135.06949	-41.65941	940000	-2.835691e-08	1219.2612	0.09699655	-683.88916	-1.0144429	0.19153966	0.7104	1.0	812.9978497028351	4.324456657500977
188	418.5645	179.50104	615.68445	180.7208	1000.0	50.54042	30.04149	122.19322	-29.196865	945000	-6.166697e-08	911.381	0.09053169	-525.19977	-1.0144609	0.19603874	0.7252	1.0	816.0940940380096	4.317958180866544
189	497.4	208.8296	706.42664	187.3187	1000.0	46.96299	25.63304	104.432655	-29.871136	950000	-7.317066e-08	857.993	0.12421649	-469.48114	-1.014525	0.2960987	0.7772	1.0	819.195805311203	4.311556881352475
190	516.66504	313.28732	848.6201	-75.94575	1000.0	40.986538	36.17981	120.19967	-68.345665	955000	-5.161762e-09	1143.8497	0.18287593	-675.6736	-1.0145719	0.6403995	0.81	2.0	822.3106243610382	4.305291237007261
191	310.70496	321.03998	815.7212	-178.5043	1000.0	41.915695	43.23885	124.05563	-83.71159	960000	-3.4618377e-08	1231.0039	0.22341846	-693.3235	-1.014637	0.7467154	0.8168	1.0	825.4949185848236	4.29945271089673
192	646.79407	150.72585	855.65985	394.32553	1000.0	58.218838	26.644728	122.41823	-31.740852	965000	5.1164626e-08	750.91046	0.19864884	-458.72778	-1.0146841	0.80270094	0.8292	1.0	828.5481140613556	4.292995420762295
193	710.1871	89.20545	836.68274	608.80255	1000.0	67.52575	22.229105	132.48624	-18.64445	970000	-3.1089783e-08	477.59796	0.19060159	-316.71463	-1.0147558	0.6511922	0.822	1.0	831.920845746994	4.288251793261656
194	675.29224	78.77726	768.7606	555.8098	1000.0	72.07194	19.746231	119.66984	-5.7119365	975000	6.4516065e-08	516.76843	0.1970902	-322.49225	-1.0148197	0.704814	0.8152	1.0	835.1491451263428	4.282816137411656
195	657.20667	150.75458	911.0273	490.49057	1000.0	64.39858	23.617409	126.041214	-18.807585	980000	4.2438508e-08	603.8155	0.20640376	-357.37738	-1.0149082	0.6072243	0.8214	1.0	838.408388376236	4.277593826761051
196	775.1865	138.52043	904.48785	590.87976	1000.0	72.19109	19.098782	124.67448	-22.970766	985000	1.631975e-08	562.0264	0.18247056	-372.55707	-1.0149634	0.6137926	0.8142	1.0	841.6462650299072	4.272316075823634
197	701.5641	82.9615	844.32544	626.143	1000.0	79.41917	14.389019	122.52494	7.956872	990000	8.392334e-09	352.86795	0.2074204	-244.49026	-1.0150269	0.507402	0.8026	1.0	844.7769575119019	4.266550300097225
198	552.9215	226.2646	752.05505	136.37596	1000.0	61.328255	32.917843	118.22239	-61.25552	995000	6.761551e-08	478.0662	0.18038462	-318.24197	-1.0150764	0.5007528	0.7998	1.0	847.9259870052338	4.260934618849251
199	575.67084	44.11443	626.0924	514.56604	1000.0	67.17117	16.38769	119.42557	-25.081034	1000000	-1.7881394e-08	457.38226	0.14331694	-318.02472	-1.015162	0.29917955	0.7718	1.0	851.0787918567657	4.255393968820572
