Epoch	AverageEpRet	StdEpRet	MaxEpRet	MinEpRet	AverageTestEpRet	StdTestEpRet	MaxTestEpRet	MinTestEpRet	EpLen	TestEpLen	Time Steps	AverageQ1Vals	StdQ1Vals	MaxQ1Vals	MinQ1Vals	AverageQ2Vals	StdQ2Vals	MaxQ2Vals	MinQ2Vals	LossPi	LossQ	Time	AVG Time Per Epoch
1	-315.8659	83.947624	-206.35886	-463.5121	-442.99878	10.700128	-430.49576	-463.7545	1000.0	1000.0	4999	-0.052735694	1.3556869	8.372038	-5.960194	-0.05281169	1.3553112	8.721721	-6.2184052	-0.7248084	0.22348078	20.501468896865845	20.501471519470215
2	-221.4185	73.47852	-131.3039	-307.1552	-631.1214	52.576954	-533.1117	-705.0517	1000.0	1000.0	9999	3.396351	3.2686818	20.716566	-7.2532907	3.396433	3.269601	20.875141	-6.953597	-4.7479773	0.6104611	44.94305205345154	22.471526861190796
3	-242.92227	80.44855	-134.92181	-315.00818	-131.54066	84.677925	-34.56934	-270.6551	1000.0	1000.0	14999	6.6548586	5.485004	34.868305	-6.9921474	6.655129	5.4852314	34.97025	-7.255037	-8.0365715	1.4047465	70.54519271850586	23.515064875284832
4	261.12216	158.5929	426.74683	-3.56426	335.98483	87.423225	491.31342	190.58276	1000.0	1000.0	19999	7.7978034	8.254211	41.883217	-11.31036	7.7982163	8.254041	42.222904	-10.258214	-8.9317045	1.540566	96.08671045303345	24.02167809009552
5	535.68604	92.37207	664.17236	426.35202	499.94232	444.7485	942.1681	-466.62402	1000.0	1000.0	24999	11.010586	9.220744	42.89942	-10.949663	11.010493	9.220993	43.991528	-10.049878	-11.957723	1.9587115	121.74086618423462	24.34817361831665
6	1115.2957	333.08228	1443.9546	712.8775	1095.4797	359.12057	1773.6602	623.1322	1000.0	1000.0	29999	15.262388	10.113519	56.806164	-10.389672	15.262259	10.113589	55.188118	-10.128331	-16.28616	2.298875	147.52176690101624	24.586961428324383
7	1578.271	479.55374	2079.7632	677.9881	1773.5408	438.9381	2207.7764	616.3309	1000.0	1000.0	34999	21.250938	13.069527	72.89915	-9.030823	21.250834	13.070056	70.88396	-8.790221	-22.464495	3.1969411	173.3071208000183	24.758160420826503
8	1612.4988	614.27563	2191.3325	848.0657	2558.2598	148.31071	2777.365	2297.5461	1000.0	1000.0	39999	28.728825	17.150337	89.33549	-5.721121	28.728685	17.148756	86.842384	-6.5507507	-30.069122	4.3821135	198.7679557800293	24.84599471092224
9	2577.86	76.00209	2682.1147	2458.161	2615.9214	104.47822	2807.5784	2415.1777	1000.0	1000.0	44999	38.74856	22.765669	112.10452	-1.6003451	38.74882	22.765749	109.57004	-6.115634	-40.188953	6.0335054	224.48051762580872	24.942279921637642
10	2863.328	199.38396	3025.084	2473.5645	2879.484	79.61757	3011.3833	2755.9646	1000.0	1000.0	49999	50.567955	28.832203	125.51143	1.1069564	50.56767	28.833391	126.192085	-0.6245848	-52.120983	7.4331717	250.02107882499695	25.0021080493927
11	3115.147	173.65701	3374.1199	2959.3474	3221.5742	105.15132	3509.7998	3109.602	1000.0	1000.0	54999	63.087578	34.999744	144.60568	-0.69149435	63.087505	35.0021	145.03716	-1.1769412	-64.69494	8.960963	275.76241540908813	25.06931070847945
12	3282.767	146.27219	3569.909	3158.376	3134.729	714.945	3570.1125	1049.0028	1000.0	1000.0	59999	76.15019	40.81356	161.28065	-2.999355	76.15001	40.815586	161.86658	-4.122851	-77.94276	10.686676	301.5990149974823	25.133251408735912
13	3320.664	73.30537	3433.8145	3205.5076	3273.6233	176.70024	3602.942	2955.7097	1000.0	1000.0	64999	89.207146	46.109215	176.4036	-0.500679	89.20662	46.111874	176.53304	-2.6928437	-91.00961	12.132286	327.35209345817566	25.180930394392746
14	3413.684	67.95269	3514.5952	3350.709	3547.7832	101.60434	3675.9746	3339.8848	1000.0	1000.0	69999	102.012115	50.685314	193.76326	-1.0030446	102.011665	50.687046	192.37001	-4.0818057	-103.73734	13.456613	353.11445569992065	25.22246127469199
15	3136.0703	1075.4143	3757.3516	990.44275	3520.151	721.29956	3956.597	1418.125	1000.0	1000.0	74999	113.413704	55.106213	205.72234	-0.21784449	113.41361	55.107258	205.99689	0.91776705	-115.11523	14.865431	378.71220088005066	25.247480201721192
16	3744.5737	193.5424	3918.0066	3384.1523	4235.192	125.27028	4506.179	4050.4985	1000.0	1000.0	79999	124.75748	59.24997	227.40771	-3.0482183	124.75759	59.25089	225.37337	-1.7572432	-126.79714	16.461962	404.27491331100464	25.26718220114708
17	3987.0083	43.186832	4042.3843	3923.0288	4103.3525	113.42681	4262.8833	3926.513	1000.0	1000.0	84999	136.90855	63.236828	239.88356	-7.7006583	136.90865	63.236893	238.67691	-8.122739	-138.7116	17.432135	429.9830939769745	25.293123287313126
18	3469.8677	1229.7137	4269.887	1020.0355	4295.8813	586.02466	4643.9478	2569.8264	1000.0	1000.0	89999	148.54655	67.22469	255.76648	-9.283255	148.54713	67.22459	257.9745	-10.866964	-150.43506	19.030254	455.6116807460785	25.31176013416714
19	4360.7524	108.052155	4542.842	4237.855	4770.988	78.39308	4859.2603	4631.2554	1000.0	1000.0	94999	159.36475	71.50629	271.2646	-8.383324	159.36513	71.50638	271.44022	-5.3265615	-161.45103	20.636076	481.4179804325104	25.33778853165476
20	4503.441	154.31027	4745.9507	4274.6245	4525.989	135.64247	4709.83	4245.367	1000.0	1000.0	99999	171.68816	75.26098	289.70563	-5.777615	171.68886	75.260445	290.12433	-4.438365	-173.80449	22.054506	507.27877283096313	25.363938748836517
21	4543.104	92.80927	4680.962	4426.311	5076.8237	86.90018	5164.314	4892.855	1000.0	1000.0	104999	183.98624	78.566696	307.3739	-9.507677	183.98651	78.566986	303.82492	-11.616514	-186.21277	23.080671	533.0638928413391	25.38399498803275
22	4833.6895	178.63506	4969.4087	4483.807	5221.825	155.4772	5421.978	4880.6772	1000.0	1000.0	109999	195.89003	81.86702	318.13123	-1.0762737	195.89073	81.866425	317.80276	-5.7272263	-198.09914	24.409756	558.8634300231934	25.40288326957009
23	4962.537	53.67084	5046.0938	4898.544	4961.9756	73.97876	5052.9927	4819.994	1000.0	1000.0	114999	207.40591	85.27237	340.23315	-5.656034	207.40656	85.27213	338.74457	-6.9802628	-209.81	25.806393	584.5956659317017	25.417202949523926
24	5031.1396	64.47631	5116.8936	4935.4155	5503.049	104.13082	5618.983	5299.9136	1000.0	1000.0	119999	218.79031	88.52566	351.1764	3.9228883	218.79073	88.52571	350.1271	3.1741154	-220.71957	26.989487	610.4367256164551	25.434863656759262
25	5105.9424	142.4913	5283.3057	4891.826	5415.095	74.901215	5551.5713	5291.029	1000.0	1000.0	124999	230.14513	91.33573	361.2246	1.5409186	230.14584	91.33557	359.7722	1.7824855	-232.75757	28.001444	636.3992302417755	25.455969285964965
26	5121.031	102.708336	5263.151	5007.464	5546.821	109.724625	5742.2314	5399.64	1000.0	1000.0	129999	240.95996	93.82196	373.1606	3.6524649	240.96056	93.82174	372.42368	-0.68144536	-243.20265	29.058912	662.006555557251	25.46179067171537
27	5166.947	33.131924	5224.4653	5134.1743	5419.962	149.12024	5630.0996	5135.6084	1000.0	1000.0	134999	251.51562	95.959076	377.9779	2.8735373	251.51643	95.95817	381.10095	8.330301	-253.8823	29.95968	687.7216904163361	25.471173789766098
28	5382.398	83.8982	5517.333	5262.1353	5844.4414	76.903946	5978.8496	5686.4014	1000.0	1000.0	139999	261.58667	98.234024	391.31696	3.4022322	261.58737	98.23425	393.23883	7.189846	-263.83652	30.533037	713.274820804596	25.474100819655828
29	5345.2617	157.3078	5514.258	5085.491	6139.8535	84.572365	6263.3657	5944.6475	1000.0	1000.0	144999	271.68033	99.7688	401.19687	5.0409474	271.6811	99.76862	401.27365	2.8046613	-273.90997	31.011375	738.771665096283	25.474885085533405
30	5495.55	129.48158	5668.7476	5333.384	5687.3325	99.60661	5868.8	5526.1543	1000.0	1000.0	149999	281.14087	101.468056	409.5023	-1.6134505	281.14145	101.46748	412.0583	-5.1135693	-283.52444	31.221844	764.1580972671509	25.471936639149984
31	5606.8003	73.39545	5721.4976	5512.615	5874.048	106.50555	6113.8794	5736.658	1000.0	1000.0	154999	290.5288	103.01498	418.04004	-14.983941	290.52975	103.014595	418.52985	2.6730304	-292.44168	31.725159	789.8481228351593	25.47897176588735
32	5761.4585	111.586	5923.463	5628.2734	6245.381	116.05516	6381.9414	5969.161	1000.0	1000.0	159999	299.29443	104.653534	431.24478	-5.9019814	299.29495	104.65346	430.40103	-1.7995143	-301.76743	32.204308	815.750123500824	25.492191419005394
33	5868.6704	139.93314	6073.8716	5642.3003	6035.083	54.29729	6121.225	5954.8813	1000.0	1000.0	164999	307.587	106.43417	439.86932	-23.58043	307.58713	106.43454	438.7876	-18.463251	-309.62207	32.936058	841.3280630111694	25.494789853240505
34	5860.7393	121.53268	6008.4893	5685.6006	6066.006	67.73863	6184.8496	5996.2363	1000.0	1000.0	169999	316.30487	107.73816	445.19846	-14.45349	316.305	107.737526	445.21762	-7.401305	-319.0142	33.24037	867.0885140895844	25.50260340466219
35	5853.876	129.30914	6039.8716	5698.3677	6304.505	55.904255	6401.8843	6216.2056	1000.0	1000.0	174999	324.13043	109.09454	455.60364	-8.512196	324.13098	109.093094	453.78363	-14.349033	-326.4531	34.160675	892.8532090187073	25.510091747556412
36	6038.6357	152.99446	6252.576	5775.445	6503.198	93.219696	6584.1553	6351.1865	1000.0	1000.0	179999	332.25327	110.406235	463.326	-8.806285	332.25336	110.40681	463.74628	-5.1903753	-334.40543	34.370987	918.4960677623749	25.513779719670612
37	5799.539	281.80154	6066.618	5252.6953	6476.435	154.04704	6727.3027	6252.667	1000.0	1000.0	184999	339.59296	111.90725	472.29913	-161.69467	339.5938	111.906075	475.60233	-118.03022	-341.8489	35.41796	944.4118971824646	25.52464592779005
38	6097.4785	154.55379	6284.436	5829.28	6822.104	139.22061	7099.9653	6595.369	1000.0	1000.0	189999	346.81207	113.22478	478.0732	-129.67595	346.81238	113.224266	477.658	-126.12706	-349.34793	36.829544	970.1950867176056	25.531449706930864
39	6149.0537	88.28933	6247.341	5998.4346	6604.1123	149.93314	6850.7134	6347.7373	1000.0	1000.0	194999	354.32416	114.100174	485.08423	-133.49628	354.32483	114.09959	483.50348	-128.99696	-356.7811	36.885105	995.9498624801636	25.537176022162804
40	6286.229	80.994896	6379.8857	6179.6646	6688.737	119.330154	6915.52	6552.539	1000.0	1000.0	199999	361.28876	115.05217	492.83078	-147.1388	361.2891	115.05192	496.10013	-142.61533	-363.3177	37.50441	1021.5786159038544	25.539465451240538
41	6240.201	39.3714	6284.387	6173.859	6721.014	146.0896	6961.3755	6426.369	1000.0	1000.0	204999	368.41797	115.91168	509.9244	-158.1144	368.41843	115.91044	506.64734	-148.00645	-371.15344	37.782707	1047.3253927230835	25.54452182025444
42	6185.886	101.81721	6321.7266	6037.971	6541.8574	63.4883	6654.204	6444.921	1000.0	1000.0	209999	375.28726	116.46969	512.68384	-145.3884	375.28772	116.47005	514.81525	-134.94661	-377.3978	37.92915	1072.9282767772675	25.545911397252762
43	6241.625	72.33462	6302.932	6103.412	6804.573	87.83162	6940.334	6616.96	1000.0	1000.0	214999	381.59814	117.25379	518.3921	-98.32876	381.59866	117.253456	517.3664	-96.484184	-383.75363	38.47809	1098.4409465789795	25.54513834243597
44	6266.504	184.9887	6621.4946	6076.836	6696.2915	110.4894	6891.642	6487.8115	1000.0	1000.0	219999	388.16473	117.568855	522.0193	-78.22722	388.16513	117.568146	522.4833	-84.91092	-390.98227	39.008087	1124.1254799365997	25.54830640554428
45	6340.5693	103.070175	6461.2324	6162.5845	6743.0444	166.2765	7062.5977	6536.7686	1000.0	1000.0	224999	394.25266	118.0159	529.1574	-55.468166	394.2536	118.015076	528.4546	-54.294456	-396.61453	39.47531	1149.8744378089905	25.552765332327947
46	6404.7803	105.78397	6518.4565	6249.4897	6895.456	161.29753	7209.857	6660.2427	1000.0	1000.0	229999	400.16733	118.49604	535.1633	-63.618042	400.16776	118.49672	532.94293	-52.73542	-402.6397	40.066967	1175.565933227539	25.555781203767527
47	6482.969	72.76199	6613.6577	6407.989	6546.6475	129.07523	6708.0166	6245.5703	1000.0	1000.0	234999	406.2406	118.35301	537.62573	-44.933514	406.2407	118.353226	539.9843	-38.952003	-408.8168	39.73296	1201.3378098011017	25.560378977592954
48	6384.2476	56.01125	6448.4966	6310.2256	7051.233	120.644684	7274.8755	6885.74	1000.0	1000.0	239999	411.40747	118.91019	544.3367	-60.527805	411.40845	118.90923	541.4624	-51.10621	-413.84103	38.799442	1226.7972192764282	25.55827543636163
49	6472.6787	45.247066	6526.03	6410.258	7128.001	105.09811	7307.243	6974.324	1000.0	1000.0	244999	416.59634	119.40658	547.9109	-59.638638	416.5966	119.40681	545.0317	-57.13495	-418.6408	38.43159	1251.5900182724	25.54265346819041
50	6462.504	159.5497	6654.317	6250.3657	6602.65	76.25444	6751.5566	6476.548	1000.0	1000.0	249999	422.06097	119.219315	549.7035	-58.41253	422.06168	119.21784	549.38544	-56.57496	-424.5359	38.13173	1277.0824308395386	25.541648654937745
51	6595.962	119.633736	6724.227	6408.333	6793.8696	46.73751	6912.4316	6736.6963	1000.0	1000.0	254999	426.73807	119.634735	555.6633	-64.70571	426.7387	119.633644	554.51373	-59.601383	-428.91055	38.054592	1302.53449177742	25.539892037709553
52	6491.3643	120.50844	6696.781	6337.482	6866.28	123.57899	7178.8887	6663.5786	1000.0	1000.0	259999	431.3009	120.065285	559.84436	-58.97955	431.30145	120.06492	558.5719	-57.79141	-433.73004	37.969276	1328.1079161167145	25.540536885078136
53	6520.925	83.640205	6649.3647	6387.489	6618.414	75.7931	6740.0713	6482.568	1000.0	1000.0	264999	436.11407	120.197685	563.8609	-46.22612	436.11487	120.196915	561.6834	-32.012276	-438.70593	37.540142	1353.436756849289	25.53654262254823
54	6556.169	129.12244	6726.4395	6343.1216	7170.0444	82.36031	7294.6343	7013.5557	1000.0	1000.0	269999	440.68005	120.23767	563.8461	-54.57423	440.6801	120.237686	564.84174	-46.03666	-442.5119	37.961334	1378.7696664333344	25.532771635938573
55	6509.4487	101.88091	6697.235	6420.7983	6955.964	111.73529	7141.6714	6762.9717	1000.0	1000.0	274999	445.2361	120.22838	567.5302	-47.09094	445.23648	120.2282	568.6872	-26.70492	-447.54904	37.97537	1404.0469808578491	25.52812695503235
56	6606.4155	120.20116	6801.3853	6424.2114	7165.1396	72.242485	7295.954	7070.6826	1000.0	1000.0	279999	449.3307	120.427666	572.30817	-29.962881	449.3313	120.42801	571.72205	-34.801125	-451.106	37.30885	1429.167030096054	25.520839852946146
57	6676.6533	114.53453	6814.247	6482.9014	6916.54	97.60284	7032.0684	6690.881	1000.0	1000.0	284999	453.48264	120.07238	578.85315	-16.604967	453.48273	120.07242	579.7232	-19.58046	-455.61975	37.259274	1454.6586484909058	25.52032720833494
58	6630.5767	111.298065	6785.925	6484.6914	7109.91	75.42364	7239.0815	7006.2075	1000.0	1000.0	289999	456.9698	120.79695	580.98193	-33.5346	456.97046	120.79595	583.1619	-16.562834	-459.2354	36.742878	1480.4646697044373	25.52525295471323
59	6685.3213	55.315247	6784.9653	6630.097	7101.974	116.51976	7316.361	6901.013	1000.0	1000.0	294999	461.10226	120.22366	588.88086	-43.37313	461.10284	120.223915	587.1685	-35.096584	-463.33807	37.002758	1506.0058267116547	25.52552252300715
60	6681.935	84.11732	6777.439	6558.0264	7446.4365	105.50138	7586.914	7267.5225	1000.0	1000.0	299999	464.9547	119.85005	586.25275	-36.027023	464.95538	119.847275	585.1034	-42.67145	-467.3981	36.756496	1531.402009487152	25.523366856575013
61	6688.69	147.4057	6916.023	6525.5	7130.095	54.782345	7208.143	7036.205	1000.0	1000.0	304999	468.4521	120.25063	588.29706	-36.34541	468.4525	120.24914	590.2845	-25.778433	-470.5231	36.29315	1556.7688269615173	25.5208004771686
62	6764.439	58.018894	6854.522	6690.542	6812.8125	47.21067	6855.107	6707.2207	1000.0	1000.0	309999	472.04437	120.06995	590.99805	-40.532196	472.04492	120.06847	593.00684	-47.812107	-474.0206	35.9496	1581.8809611797333	25.514209085895168
63	6857.702	84.39129	7015.2524	6765.826	7271.083	60.545013	7350.6377	7149.8237	1000.0	1000.0	314999	475.79184	120.269936	596.1088	-32.498997	475.79205	120.27008	598.47363	-32.32782	-477.98022	35.610233	1607.2211346626282	25.511446616006275
64	6853.525	149.88887	7082.467	6617.4575	7593.2085	87.33931	7685.6504	7376.8096	1000.0	1000.0	319999	479.24597	119.98832	599.3757	-29.884146	479.2465	119.987854	597.8471	-25.499727	-481.6722	36.3092	1632.8079934120178	25.5126249268651
65	6956.4165	86.072914	7091.081	6837.082	7200.5337	90.895775	7304.828	7023.883	1000.0	1000.0	324999	482.49622	120.29581	606.02454	-43.915485	482.4963	120.29549	604.2886	-38.43527	-484.47778	36.200058	1658.4684965610504	25.514899980104886
66	6934.85	64.75521	7008.1436	6855.877	6996.9307	80.05797	7140.8945	6872.2725	1000.0	1000.0	329999	485.98074	120.28515	607.404	-41.651947	485.98135	120.284195	605.70905	-41.886993	-488.10565	35.402374	1683.6229410171509	25.509438529159084
67	6856.8955	48.860283	6951.8286	6816.6533	7355.883	91.425385	7503.193	7153.2065	1000.0	1000.0	334999	488.9613	120.48987	608.95184	-56.256844	488.9619	120.4888	609.99347	-57.26673	-490.95624	35.0486	1708.9330461025238	25.506463406690912
68	6920.593	120.72528	7127.7144	6777.0986	7433.4688	59.13557	7544.88	7364.7646	1000.0	1000.0	339999	492.12146	120.437935	609.152	-65.35354	492.1218	120.43784	609.8866	-71.96781	-494.23596	35.68318	1734.0082669258118	25.500121600487653
69	6982.427	32.504456	7024.9175	6941.2905	7577.84	60.10729	7734.8086	7526.951	1000.0	1000.0	344999	494.9638	120.834404	614.3471	-65.840096	494.96396	120.83445	614.1233	-77.445946	-497.01495	36.40722	1759.3655951023102	25.498052127119422
70	6886.8	55.962803	6990.0425	6830.586	7402.1157	126.22365	7696.4546	7243.6055	1000.0	1000.0	349999	498.10916	120.54229	615.56354	-66.09818	498.10938	120.540955	614.65497	-56.50524	-499.93875	36.035908	1784.887216091156	25.498388828550066
71	7061.7705	90.98164	7197.8267	6959.3774	7493.2354	138.61168	7768.765	7285.7354	1000.0	1000.0	354999	500.74283	120.818794	620.013	-54.567192	500.74335	120.81742	618.49316	-53.422585	-502.83075	35.572132	1810.7240734100342	25.503155993743682
72	7094.7236	140.37918	7330.415	6972.2114	7795.2593	102.840935	7935.223	7648.77	1000.0	1000.0	359999	503.76895	120.56968	621.499	-63.595764	503.76874	120.57025	620.49243	-54.051697	-506.23886	35.888763	1836.1624538898468	25.5022563305166
73	7063.5156	94.93328	7213.468	6931.8643	7674.6807	170.28282	7918.999	7306.173	1000.0	1000.0	364999	506.5651	120.32099	622.4922	-43.43723	506.56528	120.3199	621.72205	-43.536415	-508.50735	35.920055	1861.4323914051056	25.499073880992523
74	6988.6953	132.07639	7131.4565	6817.551	7753.776	106.75868	7917.5884	7618.084	1000.0	1000.0	369999	509.54553	119.99527	624.27844	-48.884216	509.54553	119.99558	623.95764	-37.560722	-511.2899	35.33943	1886.7803709506989	25.49703206564929
75	7193.157	113.16418	7294.547	6988.912	7515.1885	145.51039	7707.6885	7235.973	1000.0	1000.0	374999	511.99802	120.5909	626.33014	-64.953514	511.9983	120.59036	626.7614	-57.76686	-514.15656	35.546223	1911.9484701156616	25.49264629681905
76	7066.8477	94.365845	7223.809	6946.857	7791.0845	86.98288	7942.073	7622.9507	1000.0	1000.0	379999	514.69495	120.50902	630.04047	-55.810913	514.69543	120.50843	630.7788	-55.56086	-516.5341	36.28038	1937.066561460495	25.48771794218766
77	7083.889	84.36486	7208.514	6994.986	7792.9717	59.428265	7907.4287	7715.9062	1000.0	1000.0	384999	517.5657	119.870056	633.93915	-86.29473	517.5661	119.86853	635.1458	-97.07659	-519.73425	35.76492	1962.6439485549927	25.488882470440554
78	7000.3096	108.97762	7110.223	6820.6724	7855.75	123.12702	8054.663	7726.5273	1000.0	1000.0	389999	520.1975	119.37776	633.2338	-90.00704	520.1979	119.37728	632.2739	-97.89169	-522.15375	34.831738	1988.1852524280548	25.48955454276158
79	7196.343	96.61376	7332.0713	7057.607	7934.7734	104.17786	8120.745	7801.963	1000.0	1000.0	394999	522.4859	119.64548	634.3321	-113.59697	522.4863	119.64495	636.1634	-103.421906	-524.2853	35.28741	2013.5138981342316	25.487517725063277
80	7120.9883	107.449936	7318.541	7010.6084	7905.0312	113.60072	8147.387	7748.0454	1000.0	1000.0	399999	524.955	119.40561	638.5067	-107.55048	524.9556	119.40332	638.63336	-107.84275	-526.72766	35.448067	2038.5589761734009	25.48198722600937
81	7161.999	101.361465	7320.9736	7038.903	7753.2607	88.816055	7937.829	7627.0938	1000.0	1000.0	404999	527.51	118.991936	640.3113	-141.7486	527.5103	118.99239	642.0731	-134.69969	-529.89734	35.867294	2063.9394199848175	25.48073360655043
82	7249.939	178.19952	7552.0073	7058.862	8047.389	115.161156	8172.922	7873.4683	1000.0	1000.0	409999	529.5866	119.23677	643.23	-106.01113	529.58704	119.23648	644.74634	-108.498924	-531.7009	35.514645	2089.356569290161	25.479958188243028
83	7187.9165	96.071724	7317.7754	7100.1714	7933.5923	144.72095	8132.4365	7683.2993	1000.0	1000.0	414999	532.3244	118.6746	645.2847	-121.993774	532.32434	118.67301	647.7206	-101.3294	-534.40936	35.4208	2115.0030431747437	25.48196440145194
84	7288.6016	89.36351	7402.2905	7130.9414	8083.4736	159.89626	8366.083	7872.0625	1000.0	1000.0	419999	533.9333	119.655495	647.5335	-112.994576	533.93335	119.65568	647.4932	-108.76802	-536.3456	35.978794	2140.5787937641144	25.48308090085075
85	7212.95	92.09327	7377.4097	7103.4497	7511.5166	81.3077	7707.838	7411.192	1000.0	1000.0	424999	536.7899	118.73046	648.60046	-119.31335	536.7903	118.72976	648.3194	-109.76841	-539.0654	35.821968	2165.9143273830414	25.4813450532801
86	7186.8096	33.967865	7246.179	7142.977	7960.129	114.03819	8117.685	7765.8477	1000.0	1000.0	429999	538.62524	119.20574	651.98285	-102.87279	538.6255	119.20579	652.2939	-96.40721	-540.65985	35.837376	2191.3154096603394	25.480411762414978
87	7339.159	112.52817	7493.6045	7202.6216	7664.0093	107.845764	7825.9126	7487.319	1000.0	1000.0	434999	540.81866	119.13106	654.131	-78.06647	540.81824	119.13108	652.0517	-73.83418	-542.5564	35.34544	2216.8892061710358	25.481485150326257
88	7320.0225	106.91614	7437.969	7120.1655	7866.7812	112.428116	8100.295	7719.142	1000.0	1000.0	439999	542.91425	118.7069	659.48944	-57.23388	542.9147	118.706566	659.14465	-45.343113	-544.7988	36.62836	2242.133504629135	25.4787898497148
89	7366.447	112.20124	7488.048	7182.706	7958.1313	71.1783	8063.411	7826.838	1000.0	1000.0	444999	545.25525	117.99442	657.636	-70.25618	545.2558	117.99475	656.4099	-54.007866	-547.5651	35.96274	2267.5710229873657	25.478326122412522
90	7338.142	82.54118	7426.0176	7199.6587	8010.626	101.64136	8155.181	7800.6924	1000.0	1000.0	449999	547.2786	118.46793	660.3587	-98.911804	547.27856	118.4666	661.8094	-100.00942	-549.61896	35.658245	2293.2740938663483	25.480823283725314
91	7304.322	94.4731	7423.3965	7137.676	7905.042	123.787964	8063.2	7682.1484	1000.0	1000.0	454999	549.4902	117.64057	665.47595	-109.53751	549.49054	117.64	663.8508	-113.678566	-551.4769	36.306664	2319.0655314922333	25.484236633384622
92	7340.0835	152.37329	7568.749	7145.71	7941.4077	114.85397	8121.5967	7770.769	1000.0	1000.0	459999	550.9373	118.41543	661.4122	-99.84676	550.9371	118.417305	664.3882	-101.72161	-552.89966	35.52016	2344.341320991516	25.481970901074618
93	7380.1055	90.52763	7484.447	7223.279	8070.3	95.53776	8261.642	7908.0474	1000.0	1000.0	464999	553.19904	117.86823	664.02997	-77.85386	553.199	117.867355	665.08563	-71.188934	-554.8232	35.17503	2369.6669313907623	25.480289602792393
94	7393.8623	127.01741	7613.8525	7275.0933	8189.7876	97.714195	8286.336	8038.9014	1000.0	1000.0	469999	555.45966	117.17783	666.41943	-74.37409	555.4602	117.17704	665.8335	-61.1423	-557.7111	34.994408	2394.686418533325	25.47538745149653
95	7446.0625	75.13096	7523.8564	7306.6553	7838.1357	81.85809	7978.431	7692.133	1000.0	1000.0	474999	557.03204	117.59956	669.4832	-37.38195	557.0324	117.59898	669.4484	-34.91753	-558.9465	36.02367	2420.1684482097626	25.475457367144134
96	7384.479	42.585457	7436.3853	7312.1704	8165.557	108.45482	8326.3545	8014.79	1000.0	1000.0	479999	559.0094	117.29159	672.3003	-42.63657	559.00946	117.29101	671.0766	-36.128517	-561.31006	36.134445	2445.4620740413666	25.473563293615978
97	7401.38	110.103966	7568.5664	7294.661	8142.7046	90.218315	8283.7705	7987.9507	1000.0	1000.0	484999	561.0657	116.56282	670.181	-68.44314	561.06586	116.56316	669.89246	-62.153286	-562.52563	36.04848	2471.1464459896088	25.475736578715217
98	7521.4585	122.82071	7765.0596	7439.582	8155.2	135.57861	8363.923	7913.8257	1000.0	1000.0	489999	562.3446	116.624466	673.09424	-68.24121	562.3448	116.62232	672.09235	-70.1971	-564.2233	36.447918	2496.3709723949432	25.4731732047334
99	7454.5547	133.22314	7614.975	7225.5215	7987.767	77.66286	8107.3633	7855.3105	1000.0	1000.0	494999	564.31793	116.24735	679.6325	-82.566246	564.31854	116.245705	677.4337	-70.23082	-566.139	36.005	2521.7641518115997	25.472365186672018
100	7469.8623	56.59523	7538.0835	7367.304	8328.609	114.84828	8586.76	8187.945	1000.0	1000.0	499999	566.1942	115.82957	679.9361	-93.50072	566.1942	115.8288	678.64984	-81.33464	-568.0348	35.53971	2547.185575246811	25.471855773925782
101	7488.1406	83.1957	7594.4355	7390.1895	8261.083	121.57205	8428.397	8035.573	1000.0	1000.0	504999	567.8032	115.83964	677.3504	-82.199356	567.8032	115.840515	678.3648	-79.61328	-569.9919	35.474777	2572.737220287323	25.47264576666426
102	7442.1514	143.53561	7587.0996	7178.723	8304.211	139.32881	8529.262	8055.891	1000.0	1000.0	509999	569.537	115.18459	680.1496	-95.00589	569.5375	115.18281	679.10626	-97.90719	-571.6169	34.672012	2598.160623550415	25.472162999358833
103	7522.796	89.21385	7620.9956	7410.563	8070.215	111.89017	8209.412	7879.5005	1000.0	1000.0	514999	571.1993	115.0634	682.4756	-96.77664	571.19946	115.06237	682.4894	-73.73125	-572.9202	35.280518	2623.9772436618805	25.475507238536206
104	7526.7173	53.82177	7588.4355	7452.5317	8035.806	123.142166	8202.062	7822.763	1000.0	1000.0	519999	572.76996	115.40345	682.0263	-122.95341	572.7709	115.40214	681.5305	-111.287254	-574.7749	35.287235	2649.634514093399	25.47725496842311
105	7495.122	159.40588	7706.0464	7269.4565	8403.37	111.758064	8561.082	8246.977	1000.0	1000.0	524999	574.24756	115.2189	685.11774	-88.7889	574.2474	115.216934	684.04395	-80.46739	-576.4595	35.16369	2675.1270685195923	25.477400673003423
106	7634.0654	55.04489	7723.368	7569.426	8365.258	123.85653	8572.551	8156.5503	1000.0	1000.0	529999	576.211	114.90152	689.7324	-59.916527	576.2119	114.89929	687.1494	-83.73342	-578.11383	34.956776	2700.212598800659	25.473703780264223
107	7609.129	130.95752	7814.729	7474.997	8289.3545	79.17006	8384.293	8128.3457	1000.0	1000.0	534999	577.6329	114.74416	690.4345	-53.548424	577.6335	114.74262	691.9778	-49.262417	-580.04266	34.720287	2725.921327114105	25.47590026900033
108	7693.095	74.216095	7777.0537	7595.0903	8217.971	105.05503	8362.868	8017.844	1000.0	1000.0	539999	579.2118	115.21736	692.2086	-78.606155	579.21216	115.21652	693.99036	-73.10245	-580.6722	34.67959	2751.195506811142	25.47403248813417
109	7600.1025	39.564697	7660.5747	7551.538	8407.253	133.89456	8613.719	8170.635	1000.0	1000.0	544999	581.1426	114.46877	695.084	-88.02567	581.1422	114.46928	693.97656	-80.6865	-583.14014	34.570164	2776.75013589859	25.47477190866383
110	7671.508	128.02968	7885.8394	7524.8184	8013.9897	104.00152	8243.863	7868.3726	1000.0	1000.0	549999	582.7506	114.6279	696.4558	-56.05943	582.75104	114.62804	698.10626	-56.82061	-584.8755	35.596806	2802.3596284389496	25.475996639511802
111	7726.9424	148.15842	7905.7783	7535.0205	8182.626	116.22404	8386.528	8013.5957	1000.0	1000.0	554999	584.34155	114.1149	697.3733	-88.52876	584.3421	114.113754	698.58966	-83.625984	-586.64044	36.078068	2827.9618208408356	25.47713353827193
112	7230.014	952.6239	7751.842	5326.8306	8192.447	109.97398	8449.532	8073.856	1000.0	1000.0	559999	585.2696	115.07969	702.12976	-125.4294	585.26984	115.07792	699.9252	-63.6373	-587.2859	36.973843	2853.2092673778534	25.47508276147502
113	7650.543	80.11136	7718.169	7495.7207	8005.175	146.44109	8201.478	7770.573	1000.0	1000.0	564999	586.7663	114.984924	699.4781	-59.514717	586.7665	114.9848	698.99817	-75.90054	-589.0167	37.044907	2878.3319125175476	25.471963846578006
114	7661.5117	83.54775	7761.0205	7563.8765	8261.375	117.53788	8500.579	8007.928	1000.0	1000.0	569999	588.09784	114.90305	700.2416	-70.36273	588.0975	114.90355	700.0621	-55.595726	-590.46704	36.980625	2903.946658372879	25.473216322430392
115	7657.6885	119.256065	7826.316	7494.745	8465.602	130.22455	8700.163	8251.718	1000.0	1000.0	574999	589.31604	115.03194	703.81915	-80.91122	589.3165	115.03177	701.4103	-73.138985	-591.5293	36.686657	2928.8938372135162	25.468642081385074
116	7661.461	82.160324	7736.091	7508.573	8277.392	120.29537	8483.845	8031.9966	1000.0	1000.0	579999	591.0624	114.26571	701.0556	-64.37118	591.06274	114.26525	700.30225	-80.63607	-593.3754	36.668755	2954.2439415454865	25.467620204234944
117	7739.677	135.79321	7946.752	7568.5244	8351.232	86.89558	8467.156	8188.1763	1000.0	1000.0	584999	592.1685	114.20538	702.97107	-68.928535	592.1687	114.20546	701.67	-65.500435	-594.24286	37.145138	2979.9365108013153	25.46954284570156
118	7890.224	137.08087	8107.919	7708.9795	8377.776	120.07837	8558.939	8185.45	1000.0	1000.0	589999	593.603	114.391655	704.2705	-92.593834	593.6033	114.38978	705.7185	-94.161964	-596.1775	37.830242	3005.3482728004456	25.46905317548978
119	7788.647	122.35909	7900.709	7551.145	8225.498	68.459816	8313.659	8097.728	1000.0	1000.0	594999	595.0506	113.88357	706.38214	-87.27326	595.0509	113.88382	707.55756	-97.49933	-597.4462	37.861973	3030.6039986610413	25.467260512985103
120	7770.1562	141.57922	7924.4707	7562.6597	8473.979	87.901596	8635.607	8276.271	1000.0	1000.0	599999	596.51373	113.320465	706.63324	-64.752396	596.51385	113.32045	707.255	-60.240143	-598.73236	37.480854	3055.8329446315765	25.465274552504223
121	7823.491	84.40991	7933.864	7674.943	8246.721	123.01789	8379.342	7978.2266	1000.0	1000.0	604999	597.9003	113.01155	706.73035	-66.46123	597.9001	113.01226	708.0782	-76.6724	-600.0348	36.246655	3081.305641889572	25.465335899148105
122	7937.9053	134.23857	8085.4546	7761.876	8605.189	123.48671	8816.464	8444.515	1000.0	1000.0	609999	599.2695	113.78067	711.2613	-79.90284	599.2701	113.77887	713.186	-79.10123	-601.35144	37.257267	3106.6490643024445	25.464336610231243
123	7880.8975	115.42822	8008.1777	7683.478	8469.354	92.35999	8583.234	8332.302	1000.0	1000.0	614999	600.8421	113.42998	715.7071	-72.91796	600.84174	113.43069	714.8059	-81.02676	-602.61127	36.207573	3132.2879967689514	25.46575608679919
124	7774.667	98.445885	7943.249	7663.4473	8754.659	91.41736	8889.377	8622.055	1000.0	1000.0	619999	602.2937	113.33274	715.74884	-74.43591	602.29395	113.33265	716.0048	-74.045265	-604.5489	36.85691	3158.106931447983	25.46860430125267
125	7903.116	153.77248	8105.012	7736.5977	8541.83	81.47752	8716.319	8395.426	1000.0	1000.0	624999	603.35474	113.67886	717.5316	-96.87048	603.35516	113.67663	717.2078	-97.21994	-605.24554	37.35691	3183.4386916160583	25.467509546279906
126	7893.53	130.78043	8103.124	7694.486	8609.523	63.465534	8716.816	8499.506	1000.0	1000.0	629999	604.7866	113.84909	718.8619	-70.37039	604.7866	113.84913	718.3299	-70.62862	-606.82446	37.64779	3209.0913615226746	25.468979074841453
127	7938.9053	143.22044	8117.996	7711.6475	8609.014	116.772255	8782.492	8357.71	1000.0	1000.0	634999	606.1538	113.43758	719.02606	-60.930374	606.15436	113.436935	717.14185	-68.39087	-608.02844	37.444626	3234.7618544101715	25.470565799653063
128	7982.378	72.31946	8082.8804	7893.3374	8339.615	111.73752	8493.538	8157.7964	1000.0	1000.0	639999	607.57477	113.33993	719.1388	-55.12053	607.57446	113.341484	719.6526	-49.747807	-609.8095	36.9386	3260.2574138641357	25.470761062577367
129	7987.4077	102.09201	8113.246	7820.69	8484.467	113.10822	8653.785	8267.027	1000.0	1000.0	644999	608.9036	113.18321	721.82227	-84.48199	608.9042	113.18151	721.3673	-87.10867	-611.17285	37.00407	3285.6401929855347	25.470079028329184
130	8079.7344	156.93874	8250.557	7830.646	8516.74	197.21794	8723.872	8031.479	1000.0	1000.0	649999	610.5061	113.181244	726.54944	-109.90753	610.5063	113.18215	727.397	-99.66419	-612.25	36.019005	3311.010021209717	25.469307871965263
131	8066.7666	103.16993	8162.568	7892.735	8678.602	138.6137	8831.44	8432.009	1000.0	1000.0	654999	612.06134	112.90633	727.53827	-134.33264	612.0614	112.904884	725.7977	-143.33463	-613.76373	36.450268	3336.538341522217	25.469758346790577
132	7625.129	750.76105	8144.668	6132.4404	8777.01	113.251434	8962.738	8520.806	1000.0	1000.0	659999	613.3039	113.53924	731.02124	-153.07367	613.3038	113.53984	729.30035	-145.51135	-615.5014	36.90564	3361.8790028095245	25.46878034057039
133	8086.8994	93.76117	8238.441	7972.449	8695.75	113.35553	8929.6045	8506.026	1000.0	1000.0	664999	614.75586	113.33728	730.4824	-217.91801	614.756	113.335915	730.47217	-214.72435	-617.25366	38.01712	3387.1744685173035	25.467477223030606
134	8100.7373	91.634094	8187.1426	7970.4214	8678.308	64.07412	8787.127	8576.175	1000.0	1000.0	669999	616.03253	113.801895	731.11505	-163.87968	616.0325	113.80094	730.30664	-168.28629	-618.1296	38.868076	3412.4555773735046	25.466086410764436
135	8062.564	85.22299	8188.185	7972.181	8608.13	126.24939	8806.134	8430.525	1000.0	1000.0	674999	617.3977	113.602104	737.5697	-150.50565	617.39795	113.6042	739.47095	-135.76968	-619.2578	39.439613	3437.7596955299377	25.464886647683603
136	7443.3804	1201.373	8227.468	5051.8037	8850.451	146.97466	9071.042	8535.713	1000.0	1000.0	679999	618.1778	114.61322	739.6551	-150.549	618.1778	114.61482	739.1238	-179.81635	-620.19324	40.127323	3463.093964576721	25.463926222394495
137	8080.421	119.909584	8197.318	7875.9307	8651.512	124.77692	8885.694	8375.92	1000.0	1000.0	684999	619.6384	114.67965	740.62775	-183.3251	619.6381	114.68195	738.2273	-166.93053	-621.3721	41.741974	3488.553833961487	25.46389661218128
138	8070.8994	118.5341	8274.872	7962.8657	8861.033	109.484764	9042.868	8676.493	1000.0	1000.0	689999	620.99023	114.84923	742.17316	-143.93271	620.9902	114.85008	741.2024	-140.28778	-623.3749	40.941536	3514.2151896953583	25.465327473654263
139	8185.5444	88.379654	8280.884	8064.0967	8768.614	132.72913	9025.374	8626.171	1000.0	1000.0	694999	622.462	114.75671	744.1254	-153.21068	622.46185	114.75777	741.01483	-170.79243	-624.3206	42.191967	3539.549998998642	25.464388495726553
140	8067.001	111.65858	8271.508	7929.315	9004.432	88.41098	9127.696	8863.228	1000.0	1000.0	699999	624.05676	114.035706	742.1338	-171.42867	624.0568	114.03594	745.0063	-209.50198	-626.10693	44.331688	3564.9034769535065	25.463596275874547
141	8165.3	62.902866	8220.149	8045.511	8974.33	62.444794	9093.178	8894.016	1000.0	1000.0	704999	625.07	114.85622	743.7319	-153.55682	625.07074	114.85573	744.19434	-135.5908	-627.34735	43.98743	3590.285585165024	25.46301834803101
142	8192.617	110.26967	8375.982	8064.9824	8727.615	163.66217	9008.221	8389.253	1000.0	1000.0	709999	626.38324	114.89634	747.486	-158.4616	626.3833	114.89835	749.63293	-193.16832	-629.15076	45.54682	3615.744261741638	25.462987773854966
143	8240.879	136.86081	8453.688	8101.106	8758.197	116.17213	8893.436	8486.403	1000.0	1000.0	714999	627.98	114.01529	751.37006	-185.0059	627.98004	114.01586	751.6533	-168.97241	-630.38837	44.69983	3641.2735686302185	25.46345154222075
144	8158.697	132.7471	8353.247	7961.288	9004.0	85.30603	9111.499	8830.342	1000.0	1000.0	719999	629.1201	114.66094	753.2904	-209.81136	629.1198	114.66374	753.46	-167.03761	-631.0426	45.334076	3666.947619199753	25.46491403546598
145	8235.162	106.68896	8342.959	8094.872	8912.8	92.41006	9053.745	8755.138	1000.0	1000.0	724999	629.7361	114.75027	753.6386	-179.53778	629.7356	114.753586	754.349	-171.5142	-631.61914	46.312443	3692.3300127983093	25.464344929004536
146	8195.247	129.52101	8378.414	7983.5947	8849.036	152.16124	9037.937	8601.109	1000.0	1000.0	729999	631.6943	114.042915	753.5824	-141.07172	631.69403	114.04554	754.0721	-155.59343	-633.8636	44.448593	3717.769095182419	25.464171896242117
147	8260.084	53.952248	8320.424	8191.3174	8867.99	87.728195	9025.677	8760.511	1000.0	1000.0	734999	632.8344	114.32996	756.9492	-164.31163	632.8346	114.330055	754.8554	-164.32465	-635.12366	44.606472	3743.228583097458	25.464140034046302
148	8301.028	76.998474	8387.779	8201.123	8739.619	59.827255	8810.329	8648.975	1000.0	1000.0	739999	634.2118	113.802925	758.7406	-123.92232	634.2117	113.8032	756.8442	-134.52881	-636.3107	43.363945	3768.602304458618	25.46352909867828
149	7517.514	1755.5083	8491.999	4010.492	9091.982	62.507854	9161.577	8986.21	1000.0	1000.0	744999	635.5954	113.97427	758.1981	-428.39444	635.5953	113.976746	757.1213	-356.22882	-638.28046	44.566956	3793.7029836177826	25.4610938641849
150	8255.948	156.35565	8469.831	8045.9766	8935.255	138.81425	9117.769	8628.95	1000.0	1000.0	749999	636.7062	115.831535	761.30634	-346.09253	636.7064	115.83433	758.47534	-445.9807	-638.5288	46.114876	3819.120599746704	25.46080400943756
151	8276.425	98.95725	8430.822	8149.2573	8981.131	118.70042	9193.741	8813.475	1000.0	1000.0	754999	638.2257	115.54068	758.458	-298.63602	638.2265	115.53762	759.06366	-296.74393	-640.7197	50.62983	3844.7203545570374	25.461724213417003
152	8409.025	36.18487	8473.578	8375.383	8941.919	92.786606	9067.306	8795.499	1000.0	1000.0	759999	639.0122	116.00806	761.4033	-323.03864	639.0124	116.00701	760.71295	-398.7687	-641.37366	49.581787	3870.174217939377	25.461672498991614
153	8336.483	87.06685	8455.25	8217.78	8731.807	111.757095	8963.476	8559.9795	1000.0	1000.0	764999	640.0543	116.576065	759.79504	-348.61267	640.05524	116.572586	760.67865	-478.80536	-642.2397	54.603577	3895.494781255722	25.460750218310388
154	8382.0625	107.30223	8558.822	8226.464	9035.803	117.70123	9261.144	8828.958	1000.0	1000.0	769999	641.59283	115.51376	763.5537	-234.66934	641.5925	115.51502	761.6473	-198.40582	-643.8746	51.894638	3920.9262862205505	25.460560314067
155	8512.403	69.50877	8618.826	8402.905	8906.244	159.36336	9247.402	8721.326	1000.0	1000.0	774999	642.993	115.44546	764.2038	-200.6137	642.99347	115.44316	763.9478	-260.1448	-645.14856	50.968216	3946.312057495117	25.460077804134738
156	8369.102	199.64262	8564.517	7999.0664	9038.851	131.48534	9175.813	8794.317	1000.0	1000.0	779999	644.3718	115.35196	765.1521	-327.39896	644.37256	115.34768	767.0895	-332.08398	-646.70483	49.86915	3971.7895307540894	25.460189311932293
157	8422.447	224.71118	8647.583	8051.4785	9009.646	113.61958	9161.483	8808.364	1000.0	1000.0	784999	645.3105	115.68185	769.1236	-197.14308	645.31024	115.67731	771.04663	-154.096	-647.4875	50.317856	3997.0439143180847	25.458878447295753
158	8425.589	218.21965	8803.611	8177.2505	8659.561	848.93134	9018.405	6123.6636	1000.0	1000.0	789999	646.87006	115.16723	768.865	-296.31097	646.87134	115.16785	770.3018	-344.4285	-649.0885	52.12395	4022.279298067093	25.45746392388887
159	8518.6045	96.15164	8626.701	8364.462	9214.095	99.2248	9401.381	9066.133	1000.0	1000.0	794999	648.22546	115.145134	773.57947	-182.83502	648.2263	115.141365	776.4489	-248.61777	-650.66675	50.780807	4047.6319658756256	25.45680482882374
160	8563.768	54.65976	8667.005	8509.504	9155.011	162.93027	9488.734	8961.275	1000.0	1000.0	799999	649.8052	115.115074	774.3815	-164.97397	649.8058	115.11356	772.22034	-168.91797	-651.84656	47.615425	4073.025051355362	25.45640659183264
161	8570.516	66.89577	8639.685	8444.771	9352.406	113.01855	9574.626	9181.807	1000.0	1000.0	804999	651.1897	115.12771	778.99603	-181.34776	651.19	115.12677	779.2893	-166.82076	-653.3614	48.15076	4098.482315778732	25.45641190961281
162	8672.614	134.67746	8840.555	8512.429	8838.345	93.56496	8989.545	8624.56	1000.0	1000.0	809999	652.3426	116.0062	783.4491	-239.70065	652.3428	116.00615	779.07245	-222.86935	-654.8398	47.64575	4123.7871334552765	25.455476142742015
163	8432.51	160.54109	8681.919	8204.317	9196.84	137.86006	9432.788	8997.085	1000.0	1000.0	814999	654.27	115.017265	784.39374	-233.19954	654.2704	115.017456	783.0932	-141.55133	-656.9315	49.250668	4149.42770075798	25.456611671330737
164	8181.823	451.79886	8592.117	7310.6006	8809.033	100.43543	8983.863	8642.687	1000.0	1000.0	819999	655.54785	115.56239	785.43475	-149.67229	655.5478	115.56595	785.46576	-150.49797	-657.71704	52.857327	4174.890897035599	25.456651824276623
165	8616.357	127.52678	8782.955	8398.723	9155.258	164.0447	9330.737	8872.215	1000.0	1000.0	824999	656.36786	117.28126	785.50165	-229.87607	656.3683	117.27986	784.42676	-223.26033	-658.52045	52.920605	4200.060369253159	25.45491134036671
166	8695.216	141.63145	8908.937	8516.364	9108.88	92.614655	9261.584	8953.127	1000.0	1000.0	829999	657.97723	116.16584	786.96234	-253.8678	657.9776	116.164635	787.4517	-232.46088	-660.3074	53.405388	4225.203910827637	25.453035618885455
167	7933.8774	1156.9893	8753.753	5641.971	9381.962	88.93471	9528.657	9237.876	1000.0	1000.0	834999	659.0827	117.70505	787.34467	-220.39645	659.0828	117.70449	788.82117	-233.24628	-661.37646	51.704353	4250.356219768524	25.451234861762224
168	8668.262	117.19137	8774.991	8441.673	9007.31	196.75417	9297.151	8629.614	1000.0	1000.0	839999	660.68726	117.056305	791.3694	-211.61589	660.6872	117.05668	790.95105	-339.5001	-663.0651	51.63041	4275.583961009979	25.44990454259373
169	8641.109	154.6565	8767.965	8366.587	8171.6455	1890.8724	9290.777	3712.887	1000.0	1000.0	844999	661.82367	117.86747	793.1572	-188.77289	661.82336	117.8694	791.67957	-187.69536	-663.9338	52.35247	4301.230662107468	25.45106901783915
170	8663.486	131.72783	8826.797	8478.888	9275.045	101.181526	9396.793	9110.384	1000.0	1000.0	849999	663.1196	117.953606	794.1043	-191.91112	663.1201	117.953156	798.67914	-211.6767	-665.7852	53.148212	4326.7350907325745	25.451382896479437
171	8467.135	243.85875	8801.681	8075.712	9119.484	125.20323	9311.279	8848.085	1000.0	1000.0	854999	664.6115	118.11424	793.7163	-273.75272	664.61163	118.11313	795.0841	-270.31995	-666.89056	54.7695	4352.117770910263	25.450981127588374
172	8673.216	218.01483	8864.1045	8246.63	9086.329	174.50075	9299.71	8782.891	1000.0	1000.0	859999	666.1292	118.244545	797.4589	-294.82562	666.129	118.245865	797.6745	-420.96732	-668.4419	55.81755	4377.646985292435	25.451435972091762
173	7909.867	1439.9556	8755.315	5034.2466	9362.342	107.72635	9555.966	9190.654	1000.0	1000.0	864999	667.6084	117.30586	796.5673	-401.7638	667.60944	117.303535	798.1767	-376.88425	-669.5604	60.375027	4402.905378818512	25.45032011980266
174	8584.021	127.14989	8749.411	8411.199	9162.183	136.86525	9415.367	8958.294	1000.0	1000.0	869999	667.94525	119.239815	797.2323	-418.0169	667.9458	119.23936	799.71844	-356.5397	-669.9044	57.473183	4428.169257879257	25.449248620833473
175	8762.598	82.59965	8870.868	8625.644	9360.913	145.0606	9624.6045	9121.9375	1000.0	1000.0	874999	669.23926	119.2591	802.54956	-335.0383	669.23987	119.257416	802.5286	-312.29187	-671.2205	53.813637	4453.795796394348	25.4502617086683
176	8732.123	133.60593	8982.68	8621.652	9182.057	86.33079	9345.904	9080.319	1000.0	1000.0	879999	670.8897	119.10579	807.3227	-289.35315	670.89075	119.10318	806.544	-305.25443	-673.2981	53.359276	4479.377225160599	25.451006970622323
177	8808.565	169.74286	8942.452	8483.539	9247.674	108.02944	9430.774	9096.135	1000.0	1000.0	884999	672.3531	119.103065	805.60895	-311.46912	672.3526	119.10373	805.1476	-315.8814	-674.6325	54.466312	4504.697531223297	25.450268550107708
178	8660.991	163.48073	8838.87	8378.031	9282.736	146.95912	9485.534	9015.524	1000.0	1000.0	889999	673.5286	118.93592	806.0801	-288.92606	673.52985	118.93353	804.2075	-214.85452	-676.0535	55.258587	4529.967020750046	25.449252934938066
179	8843.031	74.52064	8955.238	8745.439	9483.638	157.1098	9769.887	9153.824	1000.0	1000.0	894999	674.53375	119.6093	804.6631	-235.2441	674.53375	119.607796	805.7331	-224.49696	-676.85297	53.641	4555.355884075165	25.44891556414812
180	8857.638	119.25364	9010.143	8731.31	9614.254	130.74771	9806.59	9401.897	1000.0	1000.0	899999	676.03577	119.56689	808.25146	-258.27814	676.0358	119.56704	809.8632	-283.15405	-678.24786	51.871346	4580.967676639557	25.4498204363717
181	7324.8506	3105.7166	9108.412	1122.1152	9359.442	96.83381	9543.06	9210.935	1000.0	1000.0	904999	677.43115	119.535	808.7771	-428.31448	677.43097	119.536545	808.75085	-419.4186	-679.71484	53.82875	4606.319455385208	25.449278769572135
182	8851.674	221.52945	9159.516	8471.833	9314.925	157.23994	9677.772	9123.873	1000.0	1000.0	909999	678.3003	121.26665	812.0881	-326.4502	678.30023	121.2657	812.098	-363.60837	-680.66675	57.185875	4632.179485797882	25.45153564804203
183	8740.289	104.9377	8875.1875	8629.618	9193.709	173.7353	9413.108	8784.7705	1000.0	1000.0	914999	679.1918	122.41823	816.5655	-352.6355	679.19147	122.41929	817.1854	-443.23773	-681.6857	59.461224	4657.760316610336	25.452242176389433
184	8790.097	164.08331	8922.206	8484.82	9292.582	82.92846	9433.831	9129.21	1000.0	1000.0	919999	680.66046	121.75387	817.8353	-599.7108	680.6614	121.75158	818.13745	-515.97064	-683.26685	66.20613	4682.999005317688	25.451081561005633
185	8806.352	197.64664	9155.023	8570.498	9591.644	81.29098	9751.581	9451.834	1000.0	1000.0	924999	681.6946	121.68418	820.7551	-514.3108	681.69415	121.68569	818.93896	-540.50183	-684.2449	64.75681	4708.190952777863	25.449680836136277
186	8744.82	132.94954	8996.273	8604.009	9429.184	150.07294	9628.074	9166.425	1000.0	1000.0	929999	682.4571	121.78883	820.7277	-452.62195	682.457	121.792595	820.75476	-435.02985	-684.63025	65.985535	4733.480135917664	25.448817944013943
187	8904.545	122.5202	9016.199	8683.56	8966.013	125.26141	9148.757	8761.102	1000.0	1000.0	934999	683.40314	121.752945	820.2904	-451.97226	683.4035	121.75088	821.35284	-359.63257	-685.878	62.767437	4758.52786231041	25.446673071958166
188	8908.243	90.02278	9051.344	8808.454	9275.765	137.88567	9449.623	9008.255	1000.0	1000.0	939999	684.6849	121.29897	818.2534	-361.2935	684.6859	121.29657	820.3491	-383.24738	-687.15265	60.537437	4784.17918753624	25.447761647244718
189	8906.564	216.6249	9151.236	8513.529	9698.932	131.68301	9966.306	9461.9	1000.0	1000.0	944999	685.5839	121.385185	822.4978	-330.0666	685.5845	121.38421	821.09546	-346.67072	-687.8654	59.949226	4809.930864095688	25.449369661391728
190	8971.449	253.60687	9314.369	8628.076	9622.832	64.37794	9735.924	9527.561	1000.0	1000.0	949999	686.2951	121.893234	833.95374	-254.18509	686.29504	121.89099	832.86304	-241.27272	-689.06476	61.196114	4834.957483768463	25.447144660196805
191	8969.686	88.75481	9068.997	8818.522	9193.326	130.29762	9447.993	9044.0205	1000.0	1000.0	954999	688.0454	121.06369	834.85364	-262.51227	688.04553	121.06499	832.2687	-265.71725	-690.62604	61.36044	4860.035860776901	25.44521393950697
192	9026.729	130.79668	9223.984	8831.667	9662.369	114.34677	9844.016	9420.396	1000.0	1000.0	959999	689.1446	120.67746	835.7045	-348.43787	689.1449	120.67746	837.4169	-284.16464	-691.73486	60.1407	4885.156009435654	25.443520891169708
193	8943.205	137.24258	9096.996	8746.639	9770.217	145.59819	9909.506	9363.041	1000.0	1000.0	964999	690.02264	121.53527	839.72003	-244.18504	690.023	121.535126	840.6308	-284.55945	-692.22266	60.993755	4910.381485462189	25.44239112750236
194	8845.568	83.65256	8946.7295	8699.348	9418.604	186.76764	9678.782	9089.207	1000.0	1000.0	969999	691.428	120.982605	838.54596	-253.31456	691.4286	120.97753	839.5763	-278.8898	-694.11053	59.26456	4935.796500682831	25.44225001212248
195	9101.943	145.35722	9370.379	8976.428	9405.029	1033.1663	10027.297	6324.2793	1000.0	1000.0	974999	692.4232	121.3359	841.2096	-262.15817	692.4235	121.33525	841.04865	-204.40054	-694.91205	60.361664	4961.403959989548	25.443097241719563
196	8968.489	110.49156	9080.99	8770.187	9702.656	126.26877	9911.01	9536.296	1000.0	1000.0	979999	693.49896	121.08837	836.7694	-361.97412	693.4988	121.090866	836.3793	-242.07082	-696.33563	58.91242	4987.021349668503	25.443986486415472
197	9047.064	143.39073	9275.195	8829.684	9750.334	102.412155	10017.673	9618.729	1000.0	1000.0	984999	694.5993	121.235275	840.51105	-411.38284	694.5998	121.23557	838.84973	-407.2171	-696.87415	61.55822	5012.392416000366	25.44361633455693
198	8978.856	107.50237	9140.456	8854.888	9707.248	108.92159	9834.325	9539.037	1000.0	1000.0	989999	695.5249	121.754036	840.7176	-356.5331	695.5252	121.75427	838.15497	-324.9263	-697.9697	66.25343	5037.776027441025	25.44331327953724
199	9015.943	230.84854	9284.99	8628.864	9840.762	155.3796	10043.762	9584.372	1000.0	1000.0	994999	696.5778	121.47604	842.9605	-370.6542	696.57825	121.47684	842.50006	-365.59045	-698.4051	65.330536	5063.383810043335	25.44413975854615
200	9241.014	127.63085	9430.164	9078.483	9773.569	92.36986	9921.966	9651.934	1000.0	1000.0	999999	697.72174	120.765686	842.50305	-348.71774	697.72174	120.76438	843.8861	-385.23523	-700.26013	63.552242	5088.841675281525	25.444208385944368
