Epoch	AverageEpRet	StdEpRet	MaxEpRet	MinEpRet	AverageTestEpRet	StdTestEpRet	MaxTestEpRet	MinTestEpRet	EpLen	TestEpLen	Time Steps	AverageQ1Vals	StdQ1Vals	MaxQ1Vals	MinQ1Vals	AverageQ2Vals	StdQ2Vals	MaxQ2Vals	MinQ2Vals	LossPi	LossQ	Time	AVG Time Per Epoch
1	-43.259373	79.36233	26.64985	-356.4556	870.4528	20.443974	884.96814	819.8731	141.14285	1000.0	4999	-0.1597058	2.0273688	18.39764	-13.509082	-0.15959518	2.0263433	19.185066	-12.742968	-0.8251969	0.3613912	21.103533029556274	21.103535652160645
2	-54.457592	93.57592	18.927671	-347.07602	-197.53731	439.79938	-5.7175436	-1500.671	190.41667	132.9	9999	4.539766	4.6446996	39.080605	-15.464824	4.5388775	4.6477633	38.114975	-14.263965	-7.2445025	1.8039887	40.48076367378235	20.24038314819336
3	28.089106	296.79684	465.60574	-802.5936	214.77588	157.18977	529.2669	21.275784	421.08334	716.4	14999	9.792239	5.49832	49.934334	-16.263828	9.792708	5.5074306	51.36741	-14.969978	-12.316186	3.3313687	64.63560271263123	21.545201619466145
4	76.681755	139.87315	521.09033	-52.814137	60.69761	158.89278	535.38385	-12.832507	359.33334	167.7	19999	11.325629	5.82644	50.802834	-16.693354	11.325538	5.830715	50.940575	-15.433956	-13.475899	3.5711539	85.50823426246643	21.3770592212677
5	135.32631	191.49057	586.0003	-7.3348703	178.92758	246.02405	608.77423	0.9216253	325.93332	326.3	24999	11.162157	6.057474	51.31138	-21.841864	11.161357	6.059068	51.302082	-22.279066	-13.147792	3.5808258	107.31872272491455	21.463744974136354
6	202.00882	261.89044	687.0016	-3.2994425	392.0796	362.83582	822.0242	-221.9483	330.13333	673.1	29999	11.569668	6.172278	48.00838	-19.12273	11.568705	6.1739626	47.966312	-20.666979	-13.504877	3.4674	131.13202691078186	21.855338215827942
7	211.48901	254.19835	712.09033	-4.896579	396.63177	258.52185	794.37286	21.100368	456.54544	643.0	34999	12.429888	6.0244145	46.504295	-15.793816	12.429151	6.0277796	47.71073	-15.912384	-14.239595	3.058623	154.66879439353943	22.095542362758092
8	371.74133	267.72678	767.1916	16.78472	428.8681	316.63498	780.5917	26.613876	569.125	674.2	39999	13.448192	6.1715164	47.05276	-17.155462	13.447472	6.1726665	46.41985	-17.465178	-15.188695	3.0667796	178.37385082244873	22.296731621026993
9	469.60736	236.43654	739.6507	106.26456	585.00525	191.28761	781.8722	163.6489	725.1429	905.5	44999	14.235055	6.8335834	46.15971	-22.652958	14.235011	6.833011	46.227253	-22.077663	-16.106009	3.3369265	203.37098836898804	22.596776697370743
10	499.0902	307.8976	756.791	9.451045	323.46933	288.06403	795.0701	52.234344	689.25	446.0	49999	15.361327	7.47528	48.516796	-19.409983	15.361434	7.47516	48.70974	-21.372675	-17.091717	3.2539375	225.80144715309143	22.580144929885865
11	416.04758	335.7394	794.5307	15.069058	361.76202	366.70242	897.3381	16.043142	587.5714	437.5	54999	16.584913	7.762627	51.118954	-20.263536	16.58495	7.7631693	49.577625	-24.16748	-18.19376	3.2204864	248.2967402935028	22.57243113084273
12	493.50958	308.16403	871.40436	41.544685	365.75702	342.23013	862.97125	21.152103	671.75	455.3	59999	17.830317	8.050356	48.613167	-25.530592	17.830008	8.052257	48.220535	-21.720552	-19.434814	3.1541429	270.87009024620056	22.572507719198864
13	307.88376	265.23434	758.67413	19.558878	281.28027	205.2711	717.9516	19.015684	374.46155	492.1	64999	19.303686	8.483195	50.21692	-18.73079	19.30309	8.48542	49.945393	-19.328716	-20.827572	3.2564368	293.8267409801483	22.602057163531963
14	666.0048	302.4329	1020.2028	88.71343	1004.749	196.8507	1379.1292	804.3575	849.6667	913.0	69999	20.658861	9.037335	51.84004	-20.238455	20.658768	9.038053	50.315617	-20.075426	-22.164734	3.3695664	318.8747863769531	22.77677059173584
15	1002.42834	122.596375	1120.0983	842.3598	890.9989	281.5433	1376.5507	359.46558	1000.0	874.7	74999	22.579535	9.527659	51.73802	-19.311834	22.579672	9.526872	52.895824	-17.092428	-24.10331	3.410415	343.64511799812317	22.90967467625936
16	752.33075	267.74725	1010.9206	286.75134	789.2901	455.53018	1496.5514	91.909325	770.1667	742.3	79999	24.461136	10.165992	57.763527	-25.096739	24.461084	10.166687	57.71028	-24.4228	-25.970526	3.5484211	368.0810315608978	23.005064591765404
17	785.543	157.26712	1087.1077	666.24304	727.98016	264.0813	996.2624	128.54224	1000.0	835.7	84999	25.988148	10.978214	62.22244	-20.606165	25.98838	10.978591	62.11604	-20.079504	-27.535688	3.7044766	392.7775182723999	23.104560024598065
18	673.3859	422.9776	1307.791	43.059975	522.2046	332.96494	913.70984	27.384674	729.4286	486.9	89999	27.45705	11.788693	66.50052	-18.72235	27.456945	11.790484	65.0813	-18.62906	-29.062115	3.9629586	415.59295105934143	23.088497400283813
19	721.8349	338.4504	1175.692	114.50561	759.7956	351.64246	1060.5482	29.420948	855.1667	813.3	94999	28.949612	12.696769	67.49231	-19.941494	28.94962	12.698057	68.02004	-19.364502	-30.582188	4.305405	440.4901523590088	23.183692342356633
20	699.48065	286.64258	935.9495	17.648443	497.16132	454.53503	1091.6029	-339.22018	794.4286	813.0	99999	30.405613	13.32442	70.88878	-22.614674	30.40567	13.325162	70.38082	-21.223682	-31.952179	4.3841834	465.14121317863464	23.25706077814102
21	823.34326	226.13246	1208.6982	599.9764	798.9049	357.61835	1470.1777	92.30613	819.8333	835.0	104999	31.830732	13.968366	74.60603	-19.900034	31.831173	13.968759	75.9151	-18.08023	-33.459145	4.625595	489.98645281791687	23.33268832025074
22	524.1545	311.3616	918.82434	42.819534	380.19254	334.7833	942.1376	53.311394	728.8571	376.5	109999	32.858864	14.884346	77.091324	-20.641796	32.85888	14.885256	76.88599	-20.424828	-34.58751	5.0163703	512.0783984661102	23.276290926066313
23	439.62512	344.42197	1042.6504	65.581856	1070.4226	569.5231	1827.967	183.74217	526.1111	912.2	114999	33.363457	15.836884	79.682	-20.99127	33.363857	15.836347	78.326584	-19.236935	-35.191917	5.4255967	537.540688753128	23.37133438690849
24	1026.1232	358.61237	1715.0856	689.6925	1325.1866	524.3364	1965.8042	538.4245	1000.0	813.6	119999	34.212864	17.070608	80.66065	-18.881205	34.21286	17.070284	80.51041	-20.324741	-36.025726	5.648353	562.1571159362793	23.42321326335271
25	1195.7782	629.4774	1830.925	45.926647	1148.4117	311.00644	1764.6442	780.8132	838.6667	1000.0	124999	35.214283	18.967283	83.51098	-21.20259	35.21467	18.967703	84.08544	-24.482063	-37.15968	6.058914	587.9676897525787	23.51870768547058
26	982.4395	555.80457	1563.836	157.71469	1123.907	479.20044	1679.3896	222.87823	745.8571	837.1	129999	36.129917	20.719881	87.94422	-22.717754	36.130028	20.719984	88.345314	-21.123209	-38.171043	6.556171	612.685489654541	23.564826607704163
27	738.938	364.56754	1328.8888	184.13356	1937.225	32.700245	2001.2748	1899.7076	734.3333	1000.0	134999	36.85251	22.050049	91.21602	-27.201248	36.852703	22.051018	93.92274	-24.904932	-39.004116	7.0363483	637.7657091617584	23.62095226181878
28	1155.4519	581.0489	1803.7505	35.750923	1816.4089	537.7208	2313.7058	764.8827	784.2857	935.8	139999	37.578506	23.938944	95.66668	-27.449175	37.57819	23.939533	95.606346	-25.221264	-39.63419	7.4108596	662.7441520690918	23.669434087617056
29	1296.0048	525.87946	1920.2994	398.15814	1695.8851	500.0191	2197.8625	863.4361	691.1429	897.7	144999	38.891537	26.158474	97.771904	-24.25707	38.89147	26.158447	97.23813	-24.548283	-41.14647	8.229898	687.3982558250427	23.703388205889997
30	1215.69	645.0154	2095.0151	182.8933	1959.4788	214.74869	2173.6553	1362.6353	619.375	1000.0	149999	40.46649	28.694536	105.71714	-27.86656	40.466335	28.696783	102.72356	-28.63988	-42.825703	9.216753	712.6798520088196	23.755995138486227
31	1722.9417	425.7509	2117.923	1099.0079	2188.0625	83.74311	2328.4421	2030.5338	905.2	1000.0	154999	41.975536	31.252625	108.77023	-39.5257	41.975388	31.253698	105.77213	-44.329273	-44.280167	9.993684	738.0947394371033	23.809507808377667
32	1580.669	649.0484	2091.8567	665.1908	1537.8391	574.43335	2273.3967	727.3769	889.3333	878.3	159999	42.89257	34.300842	110.46913	-63.128742	42.89197	34.30166	111.934456	-64.48154	-45.23141	10.821559	762.9356973171234	23.841740615665913
33	1328.9996	1121.38	2194.5493	-500.81982	1686.49	670.12683	2283.9417	459.9941	836.6667	962.0	164999	44.299698	37.268787	115.54994	-59.05869	44.299225	37.269215	113.12862	-63.02484	-46.748363	11.633819	788.0056791305542	23.878960038676407
34	1714.3379	614.56036	2257.2324	624.0411	2043.6725	298.99103	2265.539	1366.0507	943.4	959.9	169999	46.165016	39.72919	119.14769	-59.231358	46.164112	39.72957	116.86103	-63.443264	-48.875	12.6758995	813.2350270748138	23.91867732300478
35	1539.4808	706.63763	2367.6924	595.92523	2004.1348	590.9787	2520.1514	566.357	921.8333	1000.0	174999	47.9459	41.36725	119.48501	-59.87816	47.94552	41.367332	119.20574	-59.751392	-50.517166	13.363041	838.7340543270111	23.96383019174848
36	1832.8241	752.9713	2216.6804	151.33571	1103.6837	921.58887	2375.9502	-1123.7494	846.3333	734.1	179999	49.81066	43.984188	123.51851	-65.73136	49.810192	43.98482	125.07839	-64.40066	-52.65124	13.998338	862.6773107051849	23.963258690304226
37	1686.7686	802.47504	2447.0015	603.4187	2522.0396	277.80835	2690.164	1708.5479	1000.0	1000.0	184999	51.447544	46.744034	126.09158	-54.83937	51.44623	46.746113	125.22659	-53.425007	-54.207718	14.409605	887.9951679706573	23.999869462606068
38	2130.6785	398.63428	2577.2544	1629.3074	1912.76	798.4193	2685.6177	109.755974	886.4	913.5	189999	53.19686	48.906147	130.57063	-64.978134	53.196415	48.907097	129.76895	-58.013596	-55.90234	14.811128	912.7689082622528	24.02023448442158
39	1795.5171	783.5463	2437.9534	604.21436	1754.0375	808.2176	2524.804	104.035355	889.6667	828.0	194999	55.599064	50.892494	133.29129	-62.68584	55.598743	50.892597	133.91017	-57.53333	-57.861393	14.92434	937.3317487239838	24.034147458198742
40	1799.5013	829.31464	2488.9631	558.66254	2046.554	763.04205	2651.0203	176.36453	874.6667	982.7	199999	57.40922	53.208855	136.97124	-76.55165	57.408524	53.209892	136.803	-71.59742	-59.72284	15.45395	962.4795832633972	24.061989641189577
41	2160.286	545.9637	2604.0044	1098.0509	1973.6516	986.5643	2844.763	106.89913	870.8	820.2	204999	59.687473	55.82865	140.59157	-79.831245	59.68727	55.83102	141.03836	-74.852165	-62.23517	16.079662	986.8909544944763	24.070511137566914
42	2413.7815	111.369705	2536.2808	2178.6995	2392.4966	492.9302	2750.2886	1066.6346	978.8333	956.3	209999	61.707333	58.741024	147.49933	-79.82458	61.705425	58.74328	145.77077	-69.27667	-64.23571	16.478754	1012.2057585716248	24.100137154261272
43	1379.4034	927.9162	2592.4858	372.7218	1629.7034	1362.2202	2912.4521	-1135.2103	700.1667	802.2	214999	64.055374	60.976418	147.52272	-76.28997	64.05437	60.97862	149.32979	-77.16276	-66.71419	17.246315	1036.5652368068695	24.10616834219112
44	1585.0386	1347.6796	2509.9944	-928.7558	2561.4392	419.99045	2852.8726	1409.7832	866.1667	986.5	219999	65.65974	63.185574	150.34573	-69.898636	65.65863	63.187267	152.11655	-65.025024	-68.10202	18.75347	1061.846872806549	24.132883527062155
45	2255.2295	733.47003	2695.3945	626.95337	1751.2037	1003.91223	2769.9385	54.541676	872.5	717.3	224999	68.15193	65.539024	157.20238	-69.93349	68.15264	65.538994	156.14557	-66.82506	-70.695694	18.816301	1085.597953081131	24.124398999743992
46	2151.2056	664.3769	2759.0444	1044.3494	2587.4734	571.4468	2915.516	884.63416	879.2	1000.0	229999	70.80696	68.045876	161.34305	-87.77032	70.807495	68.04549	160.08397	-86.78178	-73.09995	19.365437	1110.916567325592	24.150360211082127
47	2714.5576	93.71317	2843.1794	2602.8298	2900.1177	36.39858	2967.6455	2851.6687	1000.0	1000.0	234999	73.40735	69.78307	163.06664	-97.45065	73.40736	69.78312	164.45941	-102.928566	-75.829926	20.752464	1136.1149928569794	24.172659468143543
48	2176.829	924.3549	2801.3125	375.0302	2729.4512	739.0216	3116.3296	529.2733	800.1429	917.8	239999	76.59651	71.30047	168.32748	-86.2462	76.596725	71.301636	169.92204	-94.3936	-79.1734	21.821432	1161.0447270870209	24.18843186398347
49	2764.5413	46.856987	2826.092	2695.192	2835.8645	659.7918	3195.8777	872.24854	1000.0	928.8	244999	79.72909	72.768814	171.87921	-107.06655	79.72838	72.76929	171.03313	-93.71466	-82.32134	22.766418	1185.8725996017456	24.201481673182272
50	1928.4922	1144.8129	2911.223	125.46259	2328.309	919.3175	3059.816	92.483696	866.6667	802.5	249999	82.65443	73.966866	175.80043	-112.19419	82.65472	73.96806	176.34492	-102.03559	-85.323784	22.954243	1210.0751068592072	24.20150218009949
51	2418.356	744.86804	2821.4338	929.37384	848.0319	845.22906	2283.4624	-332.81836	869.2	464.6	254999	86.17845	74.942696	177.8731	-106.522995	86.17876	74.94326	178.53716	-105.13465	-88.67537	22.46435	1232.2504589557648	24.161773737739114
52	2149.4744	902.2651	2859.4172	622.1023	1816.8776	1702.0875	3203.5676	-1863.7792	890.6667	755.3	259999	89.80809	75.13958	181.0044	-106.982765	89.8081	75.13938	182.10289	-101.94999	-92.42851	23.14461	1256.266839504242	24.15897772403864
53	1944.2393	964.6034	2929.324	681.3754	3016.7183	250.77173	3248.505	2306.5667	809.8333	971.1	264999	92.94706	75.200356	183.16112	-106.50902	92.9467	75.201546	185.37866	-97.67	-96.01552	22.96713	1281.4865610599518	24.178991763096935
54	1660.301	932.0929	2954.1719	133.42352	2799.569	632.2432	3260.4246	1518.14	638.25	903.5	269999	96.14731	75.86374	185.67798	-96.6146	96.14769	75.864586	187.34305	-97.99944	-98.44466	24.825676	1306.2483022212982	24.189783409789758
55	1762.6766	1148.1582	2903.4111	151.17845	2609.9128	948.4765	3126.7048	109.75441	781.8333	855.0	274999	98.44504	77.35008	189.37573	-94.378296	98.444046	77.351845	189.92026	-93.7863	-100.784546	24.596731	1330.8305313587189	24.196918790990654
56	2386.4358	1064.5023	3192.3838	23.052263	3204.4202	97.78691	3387.0889	3002.0945	802.0	1000.0	279999	100.483665	79.44792	192.86392	-94.64302	100.48365	79.44951	195.72618	-102.41536	-103.09482	25.877	1356.0839641094208	24.215785111699784
57	2387.1543	706.11127	3032.4897	1449.4711	3222.4817	79.65706	3364.6084	3048.7144	912.6	1000.0	284999	102.577354	81.22412	195.22249	-104.66731	102.577515	81.224144	196.20818	-109.026405	-105.545334	27.22596	1381.3901011943817	24.234914097869606
58	2372.0012	1070.974	3122.6492	270.0351	2899.1023	842.34576	3481.4622	854.5799	783.8571	954.0	289999	105.35272	82.64035	200.53746	-96.86071	105.35246	82.64186	199.64194	-96.55983	-107.758514	27.414669	1406.4127633571625	24.248495956947064
59	1761.6146	1284.2018	3060.8345	58.898308	3153.6707	50.362278	3225.0293	3084.4548	730.2857	1000.0	294999	107.15452	84.31155	202.20796	-102.33766	107.15574	84.31224	205.46312	-83.499374	-109.695274	27.311613	1431.5836758613586	24.264130135713998
60	2104.0571	1134.8136	3245.829	305.94852	2971.8823	53.957348	3046.1396	2861.605	687.0	1000.0	299999	109.63353	85.76967	207.34843	-90.59525	109.63395	85.77002	204.64171	-93.339874	-112.02119	27.8223	1456.8967552185059	24.281612622737885
61	2693.148	851.0782	3183.003	801.33575	3291.7153	93.8169	3410.1738	3114.288	883.0	1000.0	304999	111.71452	87.61654	208.362	-94.9692	111.715385	87.617	208.95181	-82.89092	-114.502144	29.341635	1481.9636907577515	24.294486768910144
62	2549.8867	1104.673	3252.7346	102.263954	3013.7808	46.810127	3096.9963	2943.787	842.1667	1000.0	309999	113.4954	89.57304	212.30655	-84.99269	113.497345	89.57255	210.66695	-88.511635	-115.86004	30.091925	1507.2915375232697	24.311153861784167
63	1929.9996	1193.462	3268.3738	421.78357	3125.2095	47.036312	3210.955	3073.869	747.5714	1000.0	314999	115.03312	91.579315	215.59137	-89.56906	115.03458	91.57905	214.05531	-89.21504	-117.78463	30.742607	1532.5759682655334	24.326602701156858
64	2817.0686	817.2354	3305.1042	1185.3964	3295.3481	102.06603	3466.0833	3153.2612	1000.0	1000.0	319999	116.72542	93.09581	214.80911	-108.45958	116.72585	93.096306	217.10606	-111.07331	-119.49929	31.37195	1557.8988320827484	24.342169284820557
65	3193.7036	86.83743	3289.2334	3044.6091	2224.0845	1129.2244	3284.7434	360.6256	1000.0	773.2	324999	119.27457	94.01953	217.76558	-109.40398	119.275215	94.020546	218.53287	-118.941536	-121.849434	31.859356	1581.7938632965088	24.335290230237522
66	2482.5535	867.468	3294.5986	988.95404	3366.5552	102.53289	3521.6265	3172.5288	797.1667	1000.0	329999	122.01204	94.71253	221.20157	-121.48631	122.01258	94.71264	220.96227	-117.59066	-124.510475	33.3099	1606.9584937095642	24.34785599780805
67	2325.3384	1165.0139	3471.5488	395.26102	2703.9736	1023.58905	3408.484	519.25024	748.7143	1000.0	334999	125.15141	94.6734	223.8353	-111.16656	125.15182	94.67387	224.39757	-112.09602	-127.78539	32.659023	1632.304841518402	24.362758860659245
68	2866.9688	659.8031	3297.2808	1562.6157	2004.7504	1942.3475	3329.1487	-2060.136	898.8	932.1	339999	127.824486	95.29343	229.37514	-102.81739	127.82565	95.29358	229.89688	-101.91933	-130.13858	33.125	1657.2867693901062	24.371864290798413
69	2890.6533	997.66473	3451.9927	672.5834	3131.4924	598.7765	3411.1475	1342.9557	868.3333	941.3	344999	129.84657	96.45634	232.0324	-98.62104	129.847	96.45693	229.43451	-101.435486	-132.35294	34.490673	1682.0073895454407	24.37691871670709
70	3262.4712	159.02943	3569.6045	3137.867	3353.8176	66.478065	3470.1526	3233.7002	1000.0	1000.0	349999	131.7264	97.65576	232.56389	-103.887955	131.72488	97.66	232.67015	-114.05	-134.48071	35.56435	1707.0842068195343	24.38691727093288
71	2571.2205	1106.0431	3287.2754	263.97913	3301.9214	79.70135	3456.6707	3132.8872	796.7143	1000.0	354999	133.9648	99.07677	236.89836	-111.98687	133.96323	99.0797	233.86308	-121.9221	-136.80777	36.543312	1732.3618869781494	24.399463233813435
72	2610.1333	831.9555	3281.8027	1424.4005	3357.8489	140.65875	3572.976	3084.7708	821.5	1000.0	359999	135.71486	100.25309	239.81442	-111.83662	135.71451	100.25476	236.74538	-111.21871	-138.53836	38.421276	1757.3197555541992	24.407218856943977
73	2660.527	1001.6754	3620.628	669.90045	3173.8872	648.18567	3477.1594	1242.8033	820.3333	941.6	364999	138.27985	100.68118	242.46606	-132.17807	138.27957	100.68154	238.94041	-113.68598	-141.48024	38.102013	1782.2405679225922	24.414254384498072
74	3169.8672	289.79285	3545.6853	2729.7751	3598.0522	198.51672	3827.4617	3151.76	961.4	990.7	369999	139.82782	102.211914	243.56929	-124.47105	139.82736	102.21289	241.70586	-127.47735	-142.91586	41.610382	1807.570101261139	24.426623022234118
75	2554.0715	1070.1571	3478.5134	525.36145	2921.8237	1046.6797	3738.747	1018.1932	764.5714	794.0	374999	142.02367	103.01026	244.926	-141.30887	142.0259	103.00878	248.11407	-147.98172	-145.17842	41.18765	1831.6529116630554	24.4220388507843
76	3400.6274	95.91401	3535.6223	3278.1404	3631.843	100.57989	3752.9463	3452.561	1000.0	1000.0	379999	144.13206	103.51355	245.56845	-167.24663	144.13469	103.51048	245.71869	-140.55392	-147.12962	43.365944	1857.0470433235168	24.434829551922647
77	2782.1262	1083.479	3462.4893	404.9889	3655.521	88.442215	3807.1902	3514.362	822.1667	1000.0	384999	146.19392	104.29775	248.10562	-133.30275	146.19907	104.28976	246.57463	-131.47467	-149.13593	42.262405	1882.246201992035	24.44475589479719
78	2863.4165	991.84375	3546.1096	900.88214	3535.65	370.41748	3822.8171	2464.5781	856.2	1000.0	389999	147.78978	105.92869	250.81209	-133.3647	147.7908	105.92915	250.11661	-133.29515	-150.73041	43.5288	1907.6307666301727	24.456804727896667
79	3462.3547	94.046036	3571.9692	3327.3948	3366.1562	473.03537	3675.675	1978.8604	1000.0	955.3	394999	150.76382	105.20334	253.01189	-139.5865	150.76276	105.20543	261.1055	-127.44339	-153.61255	42.51271	1932.5806150436401	24.463045787207687
80	3463.7778	90.79205	3546.9875	3302.925	2653.8113	1485.4766	3763.9587	154.1999	1000.0	737.9	399999	152.8524	105.845436	253.10492	-430.7062	152.85094	105.8471	255.565	-144.2522	-155.51373	42.365013	1956.232194185257	24.45290245115757
81	2792.2207	1134.1642	3651.1338	179.725	1059.1877	890.7021	3345.4905	162.39923	815.8571	324.5	404999	155.3767	106.30131	259.43317	-126.72247	155.3763	106.30146	258.7766	-129.84464	-157.81438	41.54509	1977.8561968803406	24.41797776575442
82	1591.6184	1399.7728	3435.7043	340.58646	3135.784	1188.2782	3879.018	162.16356	486.2	897.6	409999	158.21922	105.80873	262.15436	-129.16618	158.22011	105.80968	257.6402	-125.66625	-161.12111	42.888107	2002.5574955940247	24.421432899265753
83	3188.5103	470.44077	3634.7498	2449.8254	3729.616	154.60518	3939.3796	3453.5442	902.2	1000.0	414999	160.8155	105.33554	261.47437	-135.67772	160.81552	105.33609	261.73083	-132.85094	-163.53415	43.941433	2027.8618128299713	24.432070057076142
84	3500.7734	97.56835	3640.7874	3382.971	3797.472	116.73293	3952.5571	3638.6648	1000.0	1000.0	419999	163.0632	104.8087	260.8182	-119.2569	163.06442	104.806335	262.16275	-144.01846	-166.15663	46.28328	2052.9775257110596	24.440208664962224
85	3300.1162	854.77374	3800.7874	1394.384	3822.5825	520.0363	4081.7893	2270.562	896.3333	955.1	424999	165.71077	104.51013	264.93002	-141.64758	165.7114	104.50842	264.67798	-132.7002	-168.85423	44.8268	2077.9005947113037	24.445889371984144
86	2531.5315	1270.4834	3644.9976	603.3918	2773.8228	1225.8229	3925.6567	86.295685	710.1429	733.7	429999	168.67195	103.87765	269.41608	-135.12952	168.67307	103.87849	266.7837	-119.03255	-171.36304	45.244583	2101.670697927475	24.43803139620049
87	2715.2625	1403.2369	3808.5344	556.4023	3016.8003	990.3945	4000.522	1404.7448	739.3333	812.3	434999	171.11507	103.84301	271.68115	-145.2719	171.11642	103.843445	267.31308	-161.96207	-173.9316	45.124733	2125.9999446868896	24.436780998076514
88	2050.812	1571.7727	3663.4478	226.4939	3733.6597	134.91554	3989.8088	3513.1433	677.375	1000.0	439999	173.91833	104.45682	273.73825	-138.5622	173.91832	104.45682	270.3897	-154.88763	-176.59253	45.118835	2151.3938138484955	24.4476569972255
89	3572.8452	272.1255	3855.9795	3067.072	2844.27	1629.6521	4082.072	-717.6708	969.6	861.3	444999	174.32388	106.29929	272.46738	-108.010704	174.32361	106.30019	275.1967	-122.699295	-177.0836	46.87273	2175.947529554367	24.448848668109164
90	3185.3694	1115.9807	3792.1667	695.8684	3525.1047	507.07178	3917.5916	2251.404	870.8333	943.3	449999	176.15065	107.35445	276.47995	-123.14095	176.15158	107.35418	274.7193	-126.02407	-179.02907	46.92596	2200.8162882328033	24.453514337539673
91	2523.0723	1337.3442	3749.6511	774.1106	3888.825	56.88966	3981.532	3782.0366	688.1429	1000.0	454999	178.10558	108.14171	276.74103	-128.85541	178.10515	108.141846	279.46884	-124.6988	-180.565	46.7985	2225.833288669586	24.45970649247641
92	3774.4368	112.66129	3888.94	3569.4575	3382.724	1291.1125	4264.5425	425.9679	1000.0	825.0	459999	179.56718	109.648834	281.407	-130.64575	179.56856	109.64765	281.2401	-154.38342	-182.245	48.84438	2250.1175112724304	24.45779905371044
93	3347.9373	613.2704	3809.7236	2189.8396	3742.3723	93.80953	3879.143	3520.0874	889.0	1000.0	464999	181.45937	110.62089	282.9818	-194.61435	181.46014	110.61907	284.60318	-166.24701	-184.55125	50.82172	2275.412294626236	24.46679889002154
94	3782.5112	81.812645	3877.7732	3636.6233	4025.813	71.386055	4139.555	3894.94	1000.0	1000.0	469999	183.43977	111.5458	284.77234	-126.22311	183.44005	111.54615	284.72754	-183.84944	-186.35732	50.58785	2300.5300040245056	24.473723467360152
95	2714.2124	1216.528	3850.5623	801.8228	1240.1243	1358.3815	3925.3147	-1564.0414	710.7143	460.9	474999	185.0548	112.5858	287.65674	-226.82463	185.05627	112.58272	289.89133	-166.03838	-187.75671	48.92114	2322.9532883167267	24.45213989709553
96	3021.0393	689.9558	3688.4785	2102.37	3568.4324	1223.2257	4239.882	216.65382	819.8333	870.5	479999	186.59236	113.43504	291.64105	-166.72244	186.59448	113.43583	293.8898	-157.12544	-189.73111	53.225937	2347.48952960968	24.45301595578591
97	3308.4163	1099.9116	3948.294	862.95984	3752.7085	1123.3042	4229.972	390.47174	868.1667	910.0	484999	188.13757	114.44012	296.28867	-144.56892	188.1378	114.44063	295.9234	-171.23582	-191.1255	53.385437	2371.998021841049	24.453587876152746
98	3153.6624	1041.1608	4107.3223	1525.193	4161.4814	155.25981	4434.0845	3818.0122	814.8333	1000.0	489999	190.05629	115.31149	295.784	-181.73808	190.05684	115.312386	296.0994	-188.51636	-193.06148	53.12171	2397.1771008968353	24.460990844940653
99	3463.1538	701.73785	4105.8438	2101.0994	2431.5571	1527.2087	4067.4836	101.7734	910.4	636.9	494999	191.69261	116.921906	298.006	-132.68575	191.69197	116.92407	297.14496	-138.83727	-194.76445	52.278442	2420.1749148368835	24.44621128265304
100	3453.1504	598.30646	4098.47	2281.5483	3265.2878	1464.2078	4362.431	475.2609	899.8333	783.4	499999	193.08257	118.572525	300.2627	-175.5923	193.08131	118.574745	298.88562	-151.1644	-195.8395	54.4515	2444.164133310318	24.441641356945038
101	3137.706	1420.8	4116.58	306.79782	3841.2493	822.6977	4226.941	1391.0032	779.8333	935.6	504999	194.33221	120.31854	302.88657	-178.19353	194.33202	120.31831	302.5433	-153.69382	-197.26941	56.467743	2469.0325961112976	24.44586730711531
102	4055.8523	227.78778	4290.154	3631.3354	4145.602	660.6619	4484.954	2171.139	1000.0	949.9	509999	195.8194	121.14317	306.01755	-130.85059	195.81912	121.14416	306.14853	-155.80698	-198.95515	59.03513	2494.0115807056427	24.451093949523628
103	4053.8335	120.632286	4218.7964	3893.923	4168.6714	872.29767	4565.8403	1559.4827	1000.0	937.3	514999	197.47238	122.188965	308.75354	-150.56161	197.47412	122.18722	309.21048	-153.34827	-200.65948	57.499756	2518.9649500846863	24.45597040768966
104	3792.136	815.2321	4270.0684	1975.9388	4337.1978	169.39392	4580.0645	3909.9673	910.8333	991.7	519999	199.16127	123.18782	308.23288	-155.62051	199.16261	123.18622	307.48074	-169.86557	-201.98508	58.90194	2543.9718408584595	24.461267718902
105	3699.6824	1006.55164	4380.86	1697.9729	3722.5789	1346.8962	4608.107	50.02835	885.0	851.4	524999	200.9278	124.47467	310.44034	-175.45793	200.9278	124.47545	310.8812	-151.07733	-203.85309	56.329327	2568.3901755809784	24.46085883322216
106	3598.655	998.63696	4205.123	1372.2136	4140.8213	67.9916	4246.187	4030.865	890.5	1000.0	529999	202.93802	124.928375	312.87958	-229.36528	202.94061	124.92258	314.12897	-186.32658	-206.40903	58.3378	2593.7305216789246	24.4691558851386
107	3066.424	1508.3843	4276.4683	551.82245	4421.0674	642.90094	4719.1553	2499.842	747.8333	955.4	534999	204.9003	125.38562	315.26224	-226.5153	204.90038	125.386635	316.6677	-224.66026	-208.22797	56.518436	2618.5528495311737	24.47245655550021
108	4071.3394	114.19325	4239.471	3934.4653	3515.8738	1302.3193	4539.445	616.5674	1000.0	813.4	539999	207.18639	125.36942	317.22784	-191.6025	207.18672	125.37121	318.19568	-239.40594	-210.4376	60.379425	2642.743736743927	24.469849434163834
109	3469.3054	1442.2554	4287.7246	257.60025	4330.163	399.98337	4655.57	3177.0073	840.3333	972.8	544999	208.1643	126.95695	319.95062	-145.45036	208.16455	126.95936	320.3884	-167.09848	-211.06189	61.875305	2667.834367990494	24.475544680149184
110	4191.1396	133.38287	4433.6313	4028.7048	4441.091	164.65144	4689.7686	4173.266	1000.0	1000.0	549999	209.59982	127.69299	320.25842	-147.66072	209.60048	127.69027	321.00864	-142.63275	-212.16353	62.178326	2693.067225933075	24.48242934400385
111	4213.532	121.300995	4393.4946	4088.1062	4032.7798	520.26697	4485.4756	2749.054	1000.0	941.7	554999	211.21037	127.57459	322.30545	-142.43646	211.21216	127.57208	322.09695	-176.97679	-214.02637	61.16075	2717.8268752098083	24.484926823023205
112	3858.3818	953.1944	4473.425	1740.462	3706.1277	1295.4943	4536.881	429.0806	908.5	833.3	559999	212.24646	128.40149	322.09854	-167.87244	212.24757	128.39877	322.58582	-161.82204	-215.58806	61.78647	2742.146983861923	24.483455232211522
113	3706.782	1195.4114	4520.031	1085.7909	3882.435	1281.4535	4883.095	1316.3887	872.3333	829.4	564999	213.7417	129.0523	331.10138	-190.61792	213.74153	129.05418	327.23904	-154.88695	-216.82729	61.2245	2766.4824900627136	24.48214594874762
114	3622.1074	973.1025	4525.662	1823.3191	3830.6843	932.4645	4663.767	1671.8241	863.8	868.2	569999	214.66759	130.3011	327.72668	-179.15143	214.6671	130.3022	330.56775	-323.60754	-217.43767	61.62215	2791.1384558677673	24.48367068223786
115	3723.9988	720.5472	4391.966	2245.937	4021.0833	1327.033	4825.008	260.39264	958.3333	906.6	574999	215.83156	131.2924	330.19653	-144.4038	215.83162	131.29527	332.3911	-151.61038	-218.9403	62.387592	2815.8723900318146	24.485846886427506
116	4105.042	133.46898	4272.875	3944.5947	4476.809	140.61128	4638.2124	4175.585	987.2	1000.0	579999	217.60143	130.86232	329.688	-151.14873	217.60144	130.86214	330.98166	-166.43422	-221.15036	64.426476	2841.0465009212494	24.49178019679826
117	2993.719	1324.2986	4332.115	836.6262	4622.9346	140.9497	4852.7554	4316.8574	711.8333	1000.0	584999	218.64738	131.40689	334.59366	-162.55743	218.64804	131.40485	330.77188	-143.01326	-222.05467	66.11648	2866.188819885254	24.497340359239498
118	3516.349	1274.2552	4400.419	1185.8896	4349.3105	808.9396	4747.7383	1937.7871	815.4286	943.1	589999	219.9691	131.80579	334.11816	-175.55179	219.96924	131.80719	333.54294	-161.39015	-223.31114	63.9739	2891.0990357398987	24.500839302095315
119	3704.0298	1026.444	4355.8687	1657.3663	4616.812	111.060585	4832.847	4441.7476	875.6	1000.0	594999	221.25179	132.11671	332.3507	-163.68037	221.25133	132.11859	337.88602	-188.19829	-224.74872	66.526634	2916.331629037857	24.506988497341382
120	3439.0295	1368.5042	4548.9077	1079.5646	4156.732	866.4056	4770.982	2049.1145	804.2857	910.1	599999	222.21329	133.48993	338.13593	-235.09181	222.2139	133.48967	338.5518	-232.1686	-225.72801	65.54088	2941.024582862854	24.508538208405177
121	3459.4436	1401.5048	4516.3447	479.68378	4744.8857	108.78485	4907.488	4522.8994	796.1667	1000.0	604999	223.63716	133.21654	339.16718	-228.23431	223.63828	133.21396	340.44153	-208.45238	-226.75772	65.73012	2966.211248397827	24.514142566475986
122	4024.7422	945.4194	4714.76	1940.2839	4615.464	91.36742	4723.647	4434.9375	912.6667	1000.0	609999	225.24411	133.38995	341.56732	-172.98306	225.24403	133.39143	341.76456	-148.21062	-228.02623	65.38762	2991.2860355377197	24.518738019661825
123	3568.4468	1613.2902	4523.2783	350.34888	4424.9585	952.8465	5001.178	1592.5651	818.4	933.9	614999	227.0572	132.96692	342.45657	-154.23508	227.05653	132.96878	341.14017	-181.7013	-229.90015	68.35656	3016.1454408168793	24.521507670239703
124	4410.4297	90.790886	4545.5986	4295.3594	4683.1567	121.144745	4807.0723	4444.71	993.6	1000.0	619999	229.59119	131.8867	340.89462	-200.72597	229.59044	131.89038	340.73605	-175.90128	-232.71342	65.66616	3041.34823012352	24.52700187313941
125	4018.2683	863.1504	4562.793	2110.935	4560.7104	229.16412	4830.168	3971.9705	910.3333	992.1	624999	231.38046	130.86421	345.21844	-197.59256	231.38118	130.86409	345.7826	-180.9014	-234.82428	70.76	3066.542741060257	24.532341943740846
126	3463.673	1126.5406	4461.629	1848.0748	4240.956	1376.9066	4814.9287	116.536934	782.1667	904.3	629999	233.26778	129.93375	345.325	-192.85915	233.26833	129.934	346.22775	-145.60333	-236.70871	72.56649	3091.2196583747864	24.53348936921074
127	3376.914	2352.2166	4653.8496	-1325.7113	4681.4824	127.47347	4890.9395	4483.301	1000.0	1000.0	634999	234.41982	130.22435	346.16772	-179.45514	234.41982	130.22664	345.75275	-178.20166	-237.8126	70.10024	3116.222693681717	24.53718657944146
128	4454.915	46.25252	4505.5493	4381.076	4384.9497	583.7362	4830.3193	2721.8762	1000.0	958.7	639999	235.26244	131.54779	347.60367	-224.1855	235.26253	131.55145	346.46292	-201.95624	-238.63937	71.167915	3141.236718893051	24.54091188311577
129	4312.077	173.35783	4440.8345	3979.4165	4776.15	130.63705	4974.8857	4572.518	973.6	1000.0	644999	236.82567	132.19746	349.53336	-201.32825	236.82657	132.19705	351.87323	-288.9284	-240.55357	72.42193	3166.585550546646	24.547174827072972
130	4125.8877	756.5647	4646.3755	2451.3723	4704.1733	144.17278	4939.973	4436.291	926.5	1000.0	649999	237.84935	132.52963	348.811	-202.29846	237.85019	132.52757	351.28293	-195.77577	-240.931	73.366325	3191.719653367996	24.551689657798182
131	4458.1494	152.14848	4584.6113	4160.3735	4061.6206	1410.5908	4970.8667	555.4245	1000.0	854.7	654999	239.90514	130.83812	351.0551	-212.88345	239.90686	130.83708	351.25995	-206.52214	-242.63107	72.9916	3216.0085492134094	24.549683596341666
132	3902.6113	1190.1577	4635.801	1541.0322	4518.7256	296.1705	4893.0415	3763.2998	875.8	976.9	659999	241.91008	128.3902	352.04437	-235.5234	241.91138	128.38919	351.31805	-213.72998	-245.12518	73.05125	3240.911232948303	24.552357841621745
133	3903.4192	1597.0315	4886.6743	344.25787	4604.6777	607.8606	5007.748	3104.0493	847.6667	931.2	664999	243.60237	127.68532	357.86893	-194.35138	243.60187	127.68708	355.68665	-183.42064	-246.90813	73.16553	3265.7698459625244	24.55466051209242
134	4455.884	59.98502	4505.3975	4341.6426	4657.299	505.12564	5052.121	3239.5115	1000.0	969.6	669999	244.83122	128.25256	356.31018	-206.272	244.83342	128.24898	355.20505	-262.21484	-248.06615	72.82541	3290.951870203018	24.559342330961083
135	4587.6123	90.902245	4689.962	4453.5337	4679.552	40.488594	4738.513	4629.6206	1000.0	1000.0	674999	246.37738	126.99261	353.18817	-231.83913	246.37712	126.99164	355.0254	-212.24164	-249.61407	72.11029	3316.1252071857452	24.56389043772662
136	4465.8506	167.39471	4629.9614	4183.206	4356.765	1177.5221	5122.0884	1057.7572	982.0	901.3	679999	248.21834	125.526886	356.4589	-185.96568	248.21747	125.527275	355.66122	-193.1357	-251.6196	70.604935	3340.771439552307	24.56449589483878
137	4150.3384	746.7812	4754.703	2968.0154	3881.6821	1470.1307	5088.4194	424.08224	888.0	849.7	684999	250.66316	122.98319	358.16153	-171.80182	250.66382	122.979195	358.9751	-181.49951	-254.17073	71.26173	3365.147059440613	24.563117237856787
138	3437.5696	1871.724	4804.401	134.69821	4815.9795	147.60228	5061.0493	4521.8315	748.8571	1000.0	689999	252.5107	122.47479	358.06314	-228.26656	252.51382	122.46567	361.47165	-155.20451	-255.69089	74.18098	3390.3914403915405	24.568053933157437
139	3819.114	1507.6243	4616.027	465.10757	4850.333	388.1614	5163.2314	3720.9602	852.6667	980.1	694999	253.66054	122.60931	360.7865	-180.32556	253.66164	122.608215	360.9384	-204.47137	-256.94553	73.035034	3415.5358805656433	24.572200593330876
140	4312.4805	582.7152	5029.9707	3255.0967	4521.9224	102.15607	4731.901	4340.953	940.4	1000.0	699999	255.43304	121.89683	362.47784	-178.47685	255.43353	121.8951	365.89804	-182.5872	-258.55295	74.5274	3440.538059234619	24.575271868705748
141	3628.547	1448.7775	4722.614	1366.3306	4205.139	1621.1437	5268.3315	835.14984	906.6667	844.2	704999	257.08752	121.20685	362.48523	-155.34738	257.0882	121.20446	362.49258	-142.32121	-260.45016	73.10229	3464.818588256836	24.573181493907956
142	3337.17	1713.6538	4783.002	435.33795	4919.824	130.00256	5132.552	4684.892	721.7143	1000.0	709999	258.2786	120.62955	363.6125	-182.26077	258.2783	120.6303	364.87744	-179.54454	-260.98898	76.639786	3490.034350633621	24.577706706355993
143	4020.748	1540.6062	4846.4478	940.447	4786.44	113.38313	4956.669	4574.0835	844.8	1000.0	714999	260.31366	119.65107	365.1969	-146.6011	260.31454	119.6478	366.90527	-150.01657	-263.02203	73.479866	3515.2575132846832	24.582220387625526
144	3458.6626	2353.5298	4719.853	-1246.1317	4094.3188	1508.154	5083.918	650.90063	1000.0	833.4	719999	261.42496	119.84381	369.34204	-173.45506	261.42554	119.84361	367.18793	-189.11942	-264.16132	75.92542	3539.385100841522	24.579063216845196
145	3070.5698	1416.6115	4815.0405	683.45734	4527.6562	1072.2896	5125.2773	1336.1699	762.0	930.2	724999	262.11252	121.18217	367.6566	-182.3586	262.11313	121.18147	367.5632	-178.32481	-264.77512	74.631744	3564.38090968132	24.581937321301165
146	4255.1455	665.9742	4715.878	2932.1694	4845.2734	168.23332	5091.4326	4589.642	924.4	1000.0	729999	262.35538	122.748405	371.8645	-179.41396	262.35358	122.752686	369.49768	-129.6892	-264.99576	73.81978	3589.4781770706177	24.585466982567148
147	4679.5977	186.1121	4916.505	4410.391	4326.9736	1342.6567	5159.332	876.55457	990.6	948.6	734999	262.95004	124.119644	374.7555	-160.68294	262.95215	124.113525	373.67987	-202.06024	-266.13696	76.7886	3614.4167001247406	24.587868722928626
148	4238.256	712.37244	4807.8027	2692.3467	4991.6616	110.88962	5179.0435	4760.3794	928.6667	1000.0	739999	262.8383	126.770004	376.40564	-166.9751	262.8388	126.77109	380.98376	-146.64839	-265.74185	82.75689	3639.6938343048096	24.592525923574293
149	4481.2764	327.0549	4747.441	3840.683	4806.034	93.52776	4961.388	4602.82	962.4	1000.0	744999	263.3512	127.82477	378.42255	-130.80035	263.35312	127.81983	378.0417	-208.96872	-265.95813	82.92146	3664.8395636081696	24.596238696335146
150	4791.1377	192.51097	4997.956	4503.9683	4943.4062	234.00766	5227.366	4403.41	1000.0	989.8	749999	264.00095	128.8174	380.5213	-177.52643	264.00137	128.81758	378.10468	-144.81705	-267.53897	80.53668	3690.150187730789	24.60100126584371
151	4314.308	1107.775	4827.59	1837.4457	4090.5984	1625.4928	4978.775	156.39893	894.8333	841.6	754999	265.2459	128.44435	378.43933	-186.86502	265.24655	128.44278	373.99243	-157.03384	-268.6511	81.43197	3714.4073634147644	24.598724273656376
152	4752.329	81.95269	4857.689	4652.23	4940.081	107.273155	5059.28	4716.304	1000.0	1000.0	759999	266.30026	128.17108	376.42197	-165.97821	266.3037	128.16469	374.42783	-169.46732	-269.5849	82.15945	3739.6605353355408	24.60302985185071
153	4375.2974	768.85474	4813.404	2843.6724	2611.7356	2090.8108	5021.9644	-373.56723	916.6	691.4	764999	267.6778	126.83203	377.23712	-323.2239	267.68	126.82829	375.16177	-299.70773	-271.10217	81.38138	3763.2702577114105	24.596537646125345
154	4128.1196	1183.3091	4823.5405	1497.9277	3979.0679	1636.2505	5153.712	412.64548	891.3333	807.1	769999	269.11874	126.36431	377.9247	-255.85544	269.11984	126.36091	376.75775	-279.6958	-272.0347	82.3588	3787.426512002945	24.593678661755153
155	4654.4033	105.60627	4774.488	4495.133	4768.434	90.415726	4969.6704	4653.011	1000.0	1000.0	774999	269.84564	126.74764	378.64642	-182.98485	269.8478	126.74731	377.8454	-160.47318	-272.93	80.6083	3812.599854707718	24.597418429774624
156	3764.4492	1606.5719	4979.4688	281.5468	4857.424	845.1111	5353.8716	2376.2124	824.1667	937.1	779999	271.2271	125.10898	379.0933	-204.49052	271.22913	125.10789	376.9009	-191.80206	-274.36148	82.79191	3837.27911400795	24.597943053795742
157	4425.3735	750.6405	4946.151	2941.1875	4687.451	908.9074	5286.284	2111.7861	1000.0	985.8	784999	272.60925	123.69148	380.99423	-307.15994	272.61133	123.688	380.5099	-241.54683	-275.79797	82.65022	3862.4044737815857	24.60130239292315
158	4806.9966	100.86555	5007.6387	4742.153	5241.4746	106.62737	5463.9067	5060.9165	1000.0	1000.0	789999	273.60657	122.526085	382.5819	-149.59926	273.60858	122.52209	379.2579	-155.64133	-276.7653	85.3601	3887.7535088062286	24.606034879443012
159	4649.755	166.2532	4766.428	4319.836	4841.468	944.7623	5384.1753	2058.1528	1000.0	940.4	794999	274.49655	122.580864	383.56763	-372.35156	274.4957	122.587746	386.67053	-372.5993	-277.89444	86.42191	3912.6356954574585	24.607771681539667
160	4708.5728	267.11087	4939.5635	4262.276	5088.1323	138.58792	5272.022	4843.9155	988.0	1000.0	799999	275.79575	121.87028	383.6389	-226.605	275.79547	121.872536	392.50287	-245.00316	-278.863	87.33396	3937.889662504196	24.611810404062272
161	4698.2026	104.16687	4853.8037	4596.0425	2981.8984	2174.5312	5397.0483	176.39061	1000.0	676.8	804999	276.68048	120.94003	403.38565	-170.25381	276.6802	120.94365	384.09067	-160.63365	-279.9207	87.00595	3961.4843859672546	24.60549309535056
162	3921.5105	1519.1039	4842.109	890.18475	4925.954	691.91205	5432.4355	2923.2517	1000.0	959.9	809999	278.22824	119.90835	385.44684	-175.88966	278.2285	119.911835	383.7433	-155.1568	-281.42673	86.557205	3986.628009557724	24.608814885586867
163	4752.187	31.151394	4809.3	4723.2715	4827.9385	1106.2673	5318.7363	1516.6173	1000.0	1000.0	814999	279.01166	119.78967	385.50586	-202.823	279.01248	119.790115	383.12674	-223.79971	-281.98203	83.622925	4011.6786201000214	24.611525288388773
164	4732.079	164.97244	4932.341	4514.577	4942.7896	123.03178	5080.264	4615.193	1000.0	1000.0	819999	280.0972	120.00485	386.31085	-537.44086	280.0991	120.002846	383.7879	-501.8162	-283.1696	80.46944	4036.9264521598816	24.615405209180786
165	4029.8938	1460.3008	4835.639	774.1879	4782.467	90.8782	4941.5093	4658.6753	860.3333	1000.0	824999	280.32233	121.22556	383.6632	-174.48172	280.323	121.22957	386.58914	-198.83437	-283.3367	85.98513	4062.32922911644	24.62017715627497
166	4711.208	145.42511	4876.8633	4465.4995	4858.063	410.6783	5252.203	3952.7659	1000.0	944.5	829999	281.25095	120.98002	389.4217	-245.21469	281.25183	120.98151	386.00766	-311.70532	-284.38376	89.75636	4087.3022949695587	24.622302994670637
167	4692.8096	155.96277	4941.399	4469.7305	4703.0117	1042.495	5263.8936	1608.2683	1000.0	934.9	834999	281.8342	121.151794	392.8173	-203.70943	281.83435	121.15192	387.39575	-175.89696	-285.0793	87.62557	4112.213918209076	24.624035451226607
168	4610.8506	319.61768	4851.52	3978.6929	4328.363	1264.224	5163.14	583.21234	966.6	913.4	839999	282.64383	120.8321	387.52994	-202.91328	282.64148	120.84301	386.99908	-315.0882	-285.79523	87.15328	4137.057902097702	24.62534466669673
169	4484.4424	570.00433	4896.223	3352.992	4900.8247	673.52136	5261.1562	2920.7407	1000.0	958.2	844999	282.83698	121.364525	387.44443	-183.16502	282.83685	121.36639	386.36667	-178.136	-285.92972	88.21341	4162.056902647018	24.627555651072214
170	3635.4795	1281.2648	5015.438	1854.0956	4319.6084	1159.3896	5105.742	1141.8555	742.1667	871.9	849999	283.74405	121.22381	387.39783	-268.4602	283.74185	121.233696	388.0901	-202.3085	-287.13345	89.269775	4186.673983573914	24.62749403224272
171	4791.7314	117.57156	4978.781	4682.913	4835.674	709.8113	5158.7417	2712.352	1000.0	958.5	854999	284.269	121.11273	389.31885	-155.61714	284.2693	121.113396	387.84705	-164.58417	-287.51968	86.972565	4211.601872205734	24.629250725807502
172	4838.4883	102.795334	5033.0586	4747.1797	4701.3135	901.7133	5277.889	2082.718	1000.0	928.3	859999	285.9009	120.0473	393.41092	-171.77649	285.9011	120.04623	397.08276	-220.64102	-289.21072	88.28455	4236.405917644501	24.630266975524815
173	4039.5618	1615.4337	5047.5146	149.50114	5087.442	145.6306	5413.9204	4852.757	832.5714	1000.0	864999	286.60077	120.59433	393.49918	-134.16559	286.60004	120.597694	390.81622	-167.51976	-289.87817	85.495026	4261.537714719772	24.633165993442425
174	4918.1475	131.91322	5098.529	4729.9	4961.8477	134.07423	5158.621	4646.7153	1000.0	1000.0	869999	287.25687	121.42344	391.87494	-177.24284	287.25687	121.42553	390.25247	-196.02666	-290.22726	86.15692	4286.709799528122	24.636263226640637
175	4025.246	931.4492	4860.5645	2558.916	4725.7764	847.77576	5234.3477	2208.676	841.8	945.1	874999	287.98758	121.8367	390.3906	-330.66418	287.9883	121.838036	390.87836	-441.44815	-290.61853	89.718124	4311.749587774277	24.638569083895003
176	4992.5845	144.14285	5188.665	4764.8105	5098.1143	248.92882	5320.0327	4452.267	1000.0	986.7	879999	287.83887	122.43284	398.6031	-730.787	287.83994	122.42541	397.78918	-415.75626	-290.44144	89.65839	4336.49086856842	24.639152673157778
177	4851.694	59.539898	4935.5557	4760.6973	4912.493	121.36593	5140.9067	4764.791	1000.0	1000.0	884999	288.50812	121.56455	392.33337	-257.7393	288.5098	121.56535	391.42142	-470.41928	-291.64542	91.38239	4361.676899909973	24.642242383148712
178	4201.6533	813.7036	4692.09	2576.5757	5050.1284	407.29263	5342.9697	3873.8137	1000.0	973.3	889999	289.66672	120.51979	395.8178	-167.1638	289.66733	120.51682	399.17007	-197.57681	-292.9444	87.11462	4386.694670677185	24.644352093171538
179	4749.2666	128.89581	4868.2188	4522.6665	4951.577	108.64029	5120.5244	4732.46	1000.0	1000.0	894999	290.4384	120.374214	396.2935	-234.22401	290.4419	120.36478	397.22696	-215.60416	-293.3213	86.08565	4411.876864433289	24.64735679653104
180	4678.735	480.09525	5117.426	3654.8057	5145.127	134.50453	5305.1367	4915.5596	974.5	1000.0	899999	290.95187	120.10731	395.61832	-240.72379	290.95193	120.10584	395.1242	-226.07414	-294.03317	89.42535	4437.023627758026	24.650131277243297
181	4796.482	155.88124	5080.122	4655.1377	4947.9775	807.44696	5432.348	2559.7295	1000.0	951.5	904999	291.1824	120.43971	393.19196	-291.76727	291.18164	120.44311	401.03906	-245.72188	-294.049	90.9192	4461.938436746597	24.651593583723457
182	4019.7637	1516.0161	4869.652	991.9521	5153.419	349.67538	5353.9277	4143.129	840.8	980.7	909999	292.08505	120.43651	396.14346	-211.33675	292.0833	120.44414	397.80157	-330.034	-295.02975	90.29305	4486.980977296829	24.653741642669008
183	4884.968	230.64746	5269.688	4641.2744	5073.0713	263.84683	5391.818	4407.402	1000.0	1000.0	914999	292.50146	120.73664	398.47406	-164.68987	292.50095	120.74482	403.45743	-241.68044	-295.49304	88.890816	4512.027900218964	24.65589017555362
184	4802.544	114.529594	4982.025	4631.074	4806.6577	1123.5963	5361.454	1448.679	1000.0	932.7	919999	292.98895	120.93481	393.4859	-207.60649	292.9888	120.93396	398.01074	-188.45685	-296.37665	91.94787	4536.751841783524	24.656260020059086
185	4126.263	1039.8557	4993.131	2243.302	5155.251	146.1337	5380.6025	4872.427	944.8333	1000.0	924999	293.50632	121.381775	398.5503	-168.40538	293.50467	121.39171	396.61563	-261.66458	-296.5119	89.23574	4561.8281686306	24.65853065284523
186	4832.632	141.01779	5006.129	4631.0693	5099.267	95.39192	5288.69	4940.5737	1000.0	1000.0	929999	294.26065	121.67568	407.9576	-273.02017	294.26038	121.67243	396.1281	-219.50342	-297.7205	90.30954	4586.79318189621	24.660178408827832
187	4630.0312	208.50957	4914.1924	4351.784	4811.0703	443.3566	5116.0107	3637.2231	978.0	963.3	934999	295.15225	121.43494	396.56873	-170.93777	295.15396	121.43227	400.34216	-163.1687	-297.87238	90.42352	4611.863107204437	24.662369567442706
188	4357.8867	784.3952	5185.3594	3024.8413	4957.065	134.75327	5148.854	4770.8438	886.6	1000.0	939999	296.10034	121.4825	397.5458	-206.02652	296.10138	121.48573	395.91278	-226.9771	-299.07645	89.051285	4637.1399166584015	24.665637864711435
189	4766.157	173.49548	5063.2285	4534.799	4758.574	971.2317	5242.045	1859.3274	1000.0	938.6	944999	296.7616	121.39656	413.05994	-211.72372	296.76065	121.40092	398.632	-286.4885	-299.29404	87.29907	4662.103686571121	24.667215285477816
190	4542.296	375.31213	4824.5938	3747.2808	5132.784	145.48183	5330.3	4939.74	964.1667	1000.0	949999	296.9313	121.904564	403.05402	-228.89433	296.93106	121.91164	399.76733	-206.14003	-299.70135	88.33325	4687.437744379044	24.67072498170953
191	4366.5894	1068.3431	5036.5854	2240.7048	4885.29	648.1337	5289.6855	2955.7993	896.2	959.4	954999	297.3104	122.46727	402.76132	-192.9971	297.31015	122.46533	403.32364	-213.42346	-300.29596	91.216736	4712.369486093521	24.672091561462242
192	4285.793	1242.6407	4978.3193	1514.7109	4527.0747	1376.6233	5483.9253	1184.254	887.0	875.1	959999	297.6058	123.139725	404.9111	-185.47475	297.6056	123.140976	398.60928	-194.68431	-300.72946	92.18361	4736.948059558868	24.671604488044977
193	4695.118	453.6715	5022.8535	3796.029	4268.7017	1583.5143	5160.3853	192.89859	1000.0	851.9	964999	298.30957	122.68083	399.57672	-288.8692	298.30936	122.68275	401.09457	-205.79967	-301.3058	91.60654	4761.283084392548	24.669860552011993
194	4144.7485	1642.0599	4983.9604	479.85376	5191.7856	151.26389	5377.438	4819.678	851.8333	1000.0	969999	298.83136	122.93204	407.98712	-206.19455	298.8332	122.92968	397.99847	-208.32674	-302.322	91.42756	4786.425712347031	24.672297497385557
195	4137.4243	1186.8868	4832.485	1768.146	4310.3604	1494.6686	5173.3477	935.72296	1000.0	857.3	974999	298.91812	123.85248	403.03336	-201.0325	298.9191	123.8538	401.73962	-276.2392	-301.90836	92.4944	4810.779849529266	24.670665907248473
196	4838.516	179.98462	5031.5312	4531.627	5138.807	84.763664	5251.0728	4967.778	1000.0	1000.0	979999	299.07773	124.75563	402.13626	-219.09377	299.07837	124.75283	402.56366	-218.89331	-302.10104	89.225	4836.043149232864	24.67368954785016
197	4997.036	114.14237	5197.9424	4847.441	5001.276	330.41898	5296.1816	4067.4358	998.4	1000.0	984999	300.21384	123.81848	403.33035	-207.92561	300.213	123.818756	399.46414	-241.09558	-302.9057	91.5929	4861.325953722	24.676781501866838
198	4932.29	106.14842	5068.43	4806.374	4746.9346	799.5043	5359.3213	2974.7527	993.2	919.2	989999	300.71475	123.113976	401.77768	-188.30998	300.71484	123.11311	402.68222	-179.45683	-303.91116	89.498764	4886.043196678162	24.676985852646105
199	4427.187	813.256	4917.814	2808.5369	5122.726	87.034355	5288.6616	4960.806	915.8	1000.0	994999	301.0889	123.1828	400.7511	-254.61447	301.0894	123.18887	401.53754	-204.46062	-304.2824	93.96922	4911.309816598892	24.679948839110946
200	4210.469	1477.0914	5111.106	922.0226	4588.8706	1095.046	5303.7407	2316.338	872.0	894.2	999999	301.4158	123.16098	399.61655	-174.82126	301.41644	123.164	401.9332	-264.81976	-304.63113	87.521774	4936.118803262711	24.680594025850297
