Epoch	AverageEpRet	StdEpRet	MaxEpRet	MinEpRet	AverageTestEpRet	StdTestEpRet	MaxTestEpRet	MinTestEpRet	EpLen	TestEpLen	Time Steps	AverageQ1Vals	StdQ1Vals	MaxQ1Vals	MinQ1Vals	AverageQ2Vals	StdQ2Vals	MaxQ2Vals	MinQ2Vals	AverageQ3Vals	StdQ3Vals	MaxQ3Vals	MinQ3Vals	LossPi	LossQ	Time	AVG Time Per Epoch
1	18.989666	17.69979	130.5588	2.5027785	33.48684	0.95965195	35.43101	32.652275	23.009216	21.2	4999	2.9281967	2.0765145	14.448527	-3.021764	2.9280229	2.0768273	14.41684	-2.7355602	2.9280622	2.0771298	14.4852	-2.668738	-3.388508	0.16052243	17.390136003494263	17.390138626098633
2	17.877098	14.742815	103.7774	3.73635	19.48677	0.63182265	21.348219	19.109459	21.525862	14.1	9999	9.484157	4.941656	34.046047	-11.173964	9.484061	4.9385095	34.789413	-14.5064745	9.484043	4.93911	35.00092	-11.83125	-10.996471	1.065596	38.839765787124634	19.419884204864502
3	119.25391	66.43326	176.71991	14.408403	166.34267	1.9276699	168.35805	162.10437	61.333332	85.1	14999	22.222536	9.428059	50.052036	-35.92112	22.222624	9.417679	50.59497	-39.35615	22.222605	9.416353	50.445694	-38.112476	-24.875982	6.3638034	61.635873556137085	20.545291980107624
4	181.62448	11.570286	212.34763	166.53442	174.54501	2.638691	178.33086	170.05902	85.23729	82.9	19999	35.43172	11.472934	74.32975	-27.568815	35.4314	11.465637	73.50048	-26.124218	35.4316	11.468714	73.03505	-22.630028	-38.02241	8.078659	84.43211364746094	21.108029007911682
5	175.37341	5.70004	189.71606	158.94133	173.9346	2.2432923	177.84073	171.31133	83.66102	85.1	24999	45.488403	13.831719	82.892555	-34.031174	45.48802	13.827068	84.15593	-32.49291	45.488216	13.83294	86.013245	-32.452126	-47.634773	9.262918	107.09597277641296	21.419195032119752
6	182.9282	5.90748	202.2107	172.20892	188.08675	1.3302859	190.31458	186.44669	83.933334	83.3	29999	52.366657	16.446089	95.6063	-34.422874	52.36614	16.44447	95.59721	-39.412605	52.366364	16.447853	95.4456	-43.43075	-54.4775	9.464339	129.77115774154663	21.62852668762207
7	185.77257	6.382661	201.18689	168.35773	181.82579	1.67612	184.76682	178.82848	87.77193	91.5	34999	58.53118	18.726992	100.85371	-46.506325	58.53073	18.72679	102.18532	-43.34356	58.53128	18.729462	100.457794	-49.338768	-60.481003	9.803603	152.48909902572632	21.784157378332957
8	183.88377	9.209013	210.31328	167.79567	200.43217	2.177708	205.81332	197.61662	91.61818	87.9	39999	62.507137	21.26119	109.413826	-43.55839	62.506733	21.260921	110.80629	-48.308395	62.506912	21.262457	109.30895	-49.289078	-64.25042	9.86864	175.43570017814636	21.92946282029152
9	198.98148	215.43555	1038.4604	9.408107	1013.1598	0.46845397	1013.9676	1012.4727	132.16129	1000.0	44999	67.055626	22.058823	109.62427	-76.68215	67.05536	22.059305	110.9978	-82.721214	67.05578	22.062828	113.15369	-75.73038	-69.85353	14.663627	201.521244764328	22.391249656677246
10	283.50916	181.07578	1028.2728	201.20406	220.81088	1.5195272	222.37079	217.46045	162.88889	95.5	49999	70.81028	21.893236	109.026276	-76.56973	70.81049	21.895302	109.60701	-63.927074	70.80994	21.899364	111.82343	-64.15431	-73.56683	16.136961	224.2745180130005	22.42745201587677
11	221.7481	5.4570236	246.70802	208.98172	221.2332	2.1816034	224.01028	217.24538	97.07843	98.3	54999	73.013565	24.173977	108.81518	-53.962727	73.01354	24.175386	110.30671	-56.684303	73.01369	24.180279	110.334724	-48.99773	-75.56609	16.07113	246.88491463661194	22.444083322178233
12	220.73965	13.104181	287.61526	208.55496	220.54285	1.4342579	221.4183	216.28467	97.15385	94.8	59999	74.927086	26.35725	112.56413	-57.389164	74.92725	26.357365	111.65189	-58.280804	74.92748	26.361027	110.864586	-51.714733	-77.36733	13.867212	269.2940950393677	22.441174745559692
13	218.04695	28.917007	236.11203	13.060353	219.60205	2.1418297	222.64136	216.63033	95.76923	98.1	64999	77.25152	27.886969	113.076225	-50.184875	77.251656	27.886093	113.39355	-52.661663	77.251816	27.889738	112.8435	-52.034607	-79.67762	13.132927	292.02302718162537	22.463309929921078
14	222.3263	2.4743743	226.59482	215.63783	216.44499	1.1278943	218.66331	214.73033	99.62	99.9	69999	78.960396	28.6362	115.92155	-66.48952	78.96048	28.637539	116.04769	-75.52138	78.96034	28.642305	115.14806	-59.266685	-81.05103	12.692698	314.4891016483307	22.463507379804337
15	223.04283	2.0395281	226.42075	218.57062	222.33994	1.1724111	224.36058	220.01695	98.68627	96.0	74999	80.74465	30.008177	117.603096	-90.590675	80.74453	30.008663	117.64446	-93.30843	80.74445	30.012959	116.99056	-93.05514	-82.791756	12.63653	337.15762305259705	22.477175029118857
16	226.302	6.7430935	251.94922	216.49188	226.6685	6.3770356	244.99551	221.92822	98.333336	98.6	79999	81.92262	31.02476	119.01261	-81.64222	81.92272	31.024347	118.793175	-78.63132	81.9228	31.028395	118.43909	-73.77389	-83.83539	12.159476	359.89138555526733	22.493211716413498
17	282.42734	30.395947	343.40277	228.99594	307.97342	3.2526562	313.2536	302.3647	135.69444	158.3	84999	83.14172	31.745384	121.25568	-97.96537	83.14176	31.748516	123.275566	-116.32974	83.141464	31.751211	120.88612	-87.246956	-85.06549	12.091652	382.64478850364685	22.508517068975113
18	314.36526	35.139088	357.01965	186.61908	494.89404	29.477583	536.3153	442.64474	167.96666	186.9	89999	84.6149	31.950506	122.90463	-107.4732	84.61479	31.952663	122.93813	-92.57206	84.61463	31.949917	122.354836	-93.87683	-86.544556	13.215356	405.7273037433624	22.540405856238472
19	321.58292	46.571445	566.30695	261.44662	363.95236	2.4114377	368.61307	359.76028	133.52632	131.0	94999	86.216774	32.418842	125.88688	-86.4058	86.21659	32.41982	125.44049	-92.67084	86.21663	32.41964	125.64006	-84.80858	-88.13706	13.207236	428.6698160171509	22.56156937699569
20	316.6363	56.77084	577.9265	240.14891	322.65073	4.7809005	329.5292	311.90094	124.75	123.2	99999	88.41311	32.59718	129.14076	-83.22267	88.413155	32.59765	127.8767	-77.362366	88.413155	32.596928	129.26491	-77.30039	-90.2556	14.179291	451.3558349609375	22.567791843414305
21	389.94077	50.632957	551.46185	234.48854	318.85773	50.126797	468.96402	297.6656	143.02856	125.4	104999	90.56053	32.692715	131.50137	-81.41079	90.560455	32.695297	131.57173	-91.257744	90.56046	32.692375	131.39722	-85.794685	-92.543304	13.89204	474.18988251686096	22.580470698220388
22	406.62946	106.175964	670.93445	234.1612	622.4974	31.51426	654.1869	547.00287	154.09375	209.9	109999	92.77388	32.86826	136.81912	-89.718475	92.773994	32.870525	136.22461	-87.83838	92.773895	32.86798	135.71863	-86.1688	-94.85296	14.395205	497.4546949863434	22.611577131531455
23	417.4963	127.86419	648.9122	222.51874	297.24988	63.039864	424.24866	261.7936	153.24243	116.2	114999	95.54605	33.004368	148.29747	-77.01305	95.545685	33.005497	152.87064	-80.96616	95.545654	33.005466	150.84543	-75.02561	-97.748116	15.303376	520.221312046051	22.618317987607874
24	312.51886	137.83745	936.1194	183.87473	1003.51056	179.45274	1067.1387	465.29068	137.5	931.4	119999	98.27368	33.23528	151.82053	-70.24427	98.273674	33.237984	152.76491	-90.37726	98.27374	33.235355	149.94612	-68.033516	-100.68953	17.49603	546.0022594928741	22.750094215075176
25	331.2627	172.67812	1171.5474	186.13654	342.4646	7.96352	351.10013	326.75772	156.28125	123.7	124999	101.14445	33.357986	152.98328	-74.48233	101.14463	33.359516	154.13223	-65.07668	101.14502	33.35444	152.72205	-63.02085	-103.665436	17.403955	568.7765851020813	22.751063480377198
26	308.35928	81.750336	582.51764	179.62877	592.9806	103.34531	654.2234	284.3078	122.19512	255.5	129999	104.12084	34.2828	159.19244	-77.14543	104.12081	34.28514	161.3668	-84.681305	104.12116	34.283096	160.11903	-75.59882	-106.460266	18.986876	591.9835660457611	22.768598776597244
27	664.7087	235.39357	1154.0363	448.22537	546.7345	125.26403	767.98785	440.56082	330.26666	293.5	134999	106.77572	35.18446	176.62576	-91.46954	106.77554	35.18868	174.2706	-90.177635	106.77638	35.185944	183.6769	-76.86605	-109.02452	19.850245	615.2568802833557	22.78729194181937
28	633.4403	76.3062	800.94293	530.66223	602.0112	6.169592	611.62714	594.5965	254.55	197.6	139999	109.26327	35.71908	175.00682	-85.27313	109.263664	35.720783	175.65793	-79.291374	109.26373	35.71877	178.27316	-79.64804	-111.624084	20.580402	638.2198431491852	22.793565886361257
29	587.35736	39.09964	648.6126	467.67288	621.7565	3.861472	625.56006	613.17847	192.03847	196.8	144999	112.623566	36.698406	180.54149	-76.98395	112.6235	36.700314	181.73949	-88.11444	112.6233	36.699135	180.55238	-72.54857	-115.1038	20.111895	661.0251002311707	22.793969039259284
30	609.8354	32.34327	661.761	551.37964	659.28186	4.160787	666.5088	653.8848	194.72	210.6	149999	116.50578	37.88871	195.69363	-87.58003	116.505875	37.889668	189.56659	-101.53751	116.505486	37.8894	196.66626	-86.645775	-119.05312	20.152716	684.0873084068298	22.802910335858662
31	699.3381	155.57628	992.3246	308.43658	312.8791	1.9493523	315.48404	308.99664	225.72728	139.8	154999	120.03473	39.61578	215.50514	-91.757065	120.03449	39.61868	210.8259	-90.961044	120.03464	39.615086	216.25934	-84.760574	-122.33101	19.327988	706.8805177211761	22.802597399680845
32	753.57666	196.33475	977.7923	294.75082	768.4956	42.20083	818.36774	709.9289	241.7619	236.9	159999	123.61933	41.25009	217.77673	-126.48548	123.61944	41.250237	210.4537	-123.28126	123.61929	41.250736	217.10358	-106.55491	-126.008415	21.63086	730.0171482563019	22.813035935163498
33	647.97925	198.19843	906.207	263.82877	709.4998	3.0451093	714.6234	704.05414	208.08333	213.8	164999	127.1231	42.693054	219.80586	-115.99904	127.123024	42.696507	215.76845	-123.72944	127.123184	42.69442	218.74004	-111.35326	-129.46112	24.859251	752.8050427436829	22.812274080334287
34	631.6358	96.78132	840.2208	419.45566	630.9247	12.9272175	653.0483	613.8405	196.5	193.7	169999	130.45341	43.692772	227.28592	-107.20501	130.45375	43.693596	225.04686	-97.631065	130.45377	43.693913	228.9416	-102.837395	-132.8589	26.170616	775.6786751747131	22.8140787377077
35	705.9801	88.53004	866.7889	561.9221	944.8838	32.912872	982.8113	893.66235	214.56522	267.0	174999	133.09543	44.377583	230.18965	-90.49926	133.0963	44.37786	229.75978	-90.291046	133.09604	44.37754	235.02264	-95.69646	-135.5283	27.254768	798.990021944046	22.828286388942175
36	810.0833	108.11453	938.579	600.27783	940.3591	10.040759	950.3803	922.51	239.7619	265.6	179999	135.05914	44.950333	234.07938	-104.98303	135.05968	44.952454	232.71593	-110.84049	135.05984	44.94895	238.71478	-103.89171	-137.5869	27.916143	822.3031170368195	22.84175330400467
37	854.82306	86.51058	977.3003	645.3374	1001.19666	87.60095	1152.6136	926.86523	248.9	296.9	184999	137.30075	45.49425	234.45758	-105.91292	137.30193	45.49396	231.6171	-91.631355	137.30171	45.49644	235.29596	-98.473076	-139.76408	28.140488	845.5764985084534	22.853418923713065
38	873.4704	87.6063	1099.619	684.54987	853.0299	22.586834	881.26196	804.6727	260.10526	247.1	189999	139.47862	46.21616	238.41391	-118.49547	139.47899	46.217667	234.89777	-143.65376	139.47888	46.217335	237.75931	-113.169426	-141.91205	28.014782	868.6599252223969	22.859471772846423
39	876.0828	77.42347	974.0783	651.101	958.4388	69.29081	1126.6467	873.3898	256.45	284.9	194999	141.68521	47.209564	236.20312	-95.47783	141.68564	47.214455	234.06367	-107.539635	141.68556	47.213654	237.35995	-87.488686	-144.45035	28.464537	891.989171743393	22.87151726698264
40	862.4446	95.190384	981.1283	626.61707	733.4989	16.125214	750.6212	692.95764	253.8421	216.7	199999	144.14722	48.00352	235.04701	-108.882164	144.14763	48.00443	231.85292	-121.68469	144.14743	48.003704	234.29416	-98.14093	-146.59673	29.339766	915.0166046619415	22.875415170192717
41	963.9177	125.069786	1384.3772	785.97504	999.792	38.868202	1088.6213	944.3728	281.1111	295.9	204999	146.64622	48.812847	232.01381	-80.98984	146.64632	48.813385	233.41676	-108.47172	146.64621	48.811	234.73831	-84.21509	-148.97008	26.8982	938.6811280250549	22.89466169985329
42	984.2587	103.642044	1241.3687	828.57117	1238.3778	82.08392	1419.2002	1147.8322	291.52942	362.0	209999	149.18266	49.830826	234.49614	-92.237206	149.18303	49.832443	237.31453	-103.842476	149.18274	49.82864	233.83301	-95.38555	-151.60995	29.099506	962.1662876605988	22.908721180189225
43	1296.4517	252.75279	1815.5533	989.2206	1288.1204	73.61786	1500.0653	1229.3788	389.53845	383.6	214999	151.84065	50.634754	235.31389	-108.68164	151.84122	50.635696	241.20702	-121.14671	151.84123	50.63501	233.90254	-118.731476	-154.25835	30.006266	985.811021566391	22.925837755203247
44	1155.581	220.14163	1625.9414	877.29846	1834.4707	579.09503	2984.8374	921.46783	353.7857	576.9	219999	154.45529	50.971596	244.51433	-104.43946	154.45569	50.973846	242.75513	-88.55795	154.45566	50.97315	242.46082	-71.085495	-157.14803	30.165253	1010.4056332111359	22.963764439929616
45	852.1537	275.65863	1504.7672	643.30347	682.4059	1.4132497	685.01276	680.9174	253.45	203.2	224999	156.56691	51.223793	238.68457	-91.93818	156.56734	51.224083	236.96857	-104.146675	156.56696	51.22344	237.66063	-87.87185	-159.24165	29.66817	1033.4825956821442	22.96627994113498
46	757.87305	83.13016	960.3967	656.21655	907.5	44.402008	943.0924	779.35486	227.45454	256.0	229999	158.21439	51.527603	236.13564	-68.45119	158.21455	51.530415	235.39427	-85.19272	158.21483	51.52723	235.21516	-68.32522	-160.8921	31.93493	1056.701696395874	22.97177605007006
47	717.20685	76.10268	914.22925	597.55615	693.0128	1.7558335	695.3116	690.3112	214.86957	210.8	234999	159.93484	51.996128	238.57222	-131.29057	159.93558	51.997154	241.34311	-160.46568	159.9353	51.995235	237.29138	-128.2408	-162.43347	30.592419	1079.7009191513062	22.972360017451834
48	696.4165	66.01625	854.7702	591.46747	707.6741	4.80475	714.92206	700.16174	211.04167	218.0	239999	161.51355	52.71061	239.8737	-98.62404	161.51413	52.709858	243.47488	-146.10323	161.51418	52.70674	238.96715	-98.406525	-164.15985	29.709248	1102.7787914276123	22.97455819447835
49	745.8025	73.873146	933.7617	669.08026	983.9831	6.6733513	992.3773	965.6999	225.36363	285.3	244999	163.25172	53.58291	243.32085	-105.07379	163.25208	53.58036	244.6207	-120.09386	163.25195	53.584045	250.1618	-94.305336	-165.56607	29.726706	1126.2714428901672	22.985131526479915
50	831.6663	149.95607	1270.3839	696.3404	723.18134	2.7514896	727.37897	718.8746	252.75	230.1	249999	164.87297	54.390667	244.27481	-103.62866	164.87366	54.393433	247.82558	-109.34445	164.87318	54.389282	258.38428	-103.93241	-167.4054	29.637232	1149.3079149723053	22.98615834236145
51	967.47473	209.97824	1497.488	705.43756	1685.095	499.3173	3051.527	1308.7802	293.47058	489.4	254999	166.40625	55.741463	247.60442	-89.32025	166.40648	55.741844	249.80936	-97.87686	166.40648	55.74014	264.64032	-83.68351	-168.79007	29.228746	1173.3362257480621	23.0065926991257
52	880.0609	131.65439	1218.4769	703.4105	1027.9729	87.16938	1288.7465	984.5615	264.1111	307.8	259999	167.98659	57.095554	249.05714	-90.4496	167.9866	57.09671	250.7744	-113.609406	167.98665	57.09688	254.35587	-104.13134	-170.41177	29.889303	1196.6197028160095	23.011917393941147
53	1027.6514	167.89157	1282.5167	775.80914	980.6133	2.7950835	986.0707	976.4528	303.29413	290.5	264999	169.55295	58.476337	249.85518	-115.03124	169.55362	58.479267	252.34047	-136.21674	169.5528	58.47708	252.02881	-110.72815	-171.67033	30.832344	1220.0917973518372	23.020599981523908
54	978.7531	99.629875	1283.2695	844.1913	952.69073	11.82474	967.809	932.3915	288.88235	283.4	269999	171.2288	59.702938	252.18088	-100.48584	171.22935	59.702183	255.5066	-118.99633	171.22899	59.7008	254.69475	-96.83408	-173.85266	29.883844	1243.2465162277222	23.023083669167978
55	964.2062	99.021545	1211.4506	782.3682	1032.1311	83.84656	1198.1552	958.22217	281.22223	301.8	274999	172.91249	60.92391	256.17163	-119.2997	172.91293	60.927067	252.27162	-135.2546	172.91243	60.922806	256.48325	-99.55474	-175.50966	31.028357	1266.3996315002441	23.02544788013805
56	920.5267	104.38444	1228.604	693.1013	1223.7037	59.819096	1315.6332	1130.8531	270.77777	346.9	279999	174.32137	61.699306	256.89352	-133.8295	174.32146	61.701855	254.90971	-138.11261	174.32106	61.6979	259.08545	-125.64694	-176.95459	33.334976	1290.0411596298218	23.036449313163757
57	980.19714	107.72691	1296.9215	744.8823	1016.12415	54.437428	1175.9312	976.06793	288.55554	293.9	284999	175.25356	62.276577	256.43674	-122.331566	175.25328	62.27902	257.18817	-149.28989	175.25333	62.27556	257.61362	-120.84091	-177.98827	30.851381	1313.0740540027618	23.036386945791413
58	936.0229	148.86906	1255.0634	726.96454	1016.3467	7.9509745	1022.9031	994.5466	277.72223	288.4	289999	176.44716	62.575348	259.47244	-78.88283	176.44711	62.579422	258.67593	-141.82314	176.4471	62.5745	259.14383	-73.112495	-178.90596	33.699345	1336.5149419307709	23.043361104767897
59	972.7526	115.484024	1194.9626	788.89484	692.0283	145.14832	890.872	400.90366	289.7647	224.4	294999	177.40204	62.771866	259.24756	-145.75005	177.40245	62.772778	261.63983	-130.0212	177.40176	62.770145	260.66888	-92.27869	-179.90027	33.691986	1359.6715211868286	23.045280052443683
60	996.10913	103.98726	1258.5276	869.0614	969.991	69.25119	1112.732	854.2021	297.29413	280.6	299999	177.95135	63.330463	262.1712	-165.85864	177.95164	63.333794	261.09097	-186.11949	177.95183	63.327538	262.41998	-188.62744	-180.38945	31.834005	1382.8447337150574	23.04741225639979
61	970.4793	85.89532	1092.6998	713.46655	1047.3962	28.816336	1093.134	1015.5808	285.7647	307.5	304999	178.79683	63.753963	269.86575	-147.79567	178.79723	63.754116	265.63556	-178.39809	178.79654	63.753353	264.4451	-126.15963	-180.96278	33.400852	1406.2517988681793	23.053308205526385
62	944.01654	103.50577	1186.9158	805.1346	1416.3582	43.23722	1508.3038	1362.6516	276.4737	411.3	309999	179.55676	64.28569	269.1497	-88.5244	179.55672	64.28752	264.52518	-63.739384	179.55687	64.28378	266.3036	-102.29311	-181.92805	32.3194	1430.0189282894135	23.064821454786486
63	1007.90704	67.253555	1202.6033	896.5453	1028.6088	104.367676	1196.0259	897.69885	295.41177	296.1	314999	180.16188	64.97137	269.01428	-95.135994	180.16183	64.97236	267.47073	-114.38833	180.16193	64.96813	268.1678	-87.783325	-182.46754	33.12782	1453.556552886963	23.072326266576372
64	945.6237	102.59314	1163.497	796.5235	1108.7043	93.6621	1253.6451	1032.3494	275.7647	316.8	319999	181.34747	65.40637	271.4356	-135.91772	181.34764	65.406525	268.83295	-156.16591	181.34735	65.40463	272.3464	-140.14865	-183.69751	32.72613	1476.9260957241058	23.076970271766186
65	1106.6216	156.37206	1482.663	958.2768	1357.8789	80.98531	1576.7305	1293.0366	324.875	389.3	324999	182.50162	65.79483	273.0402	-138.24648	182.50127	65.79733	276.39444	-126.17189	182.50107	65.79312	275.13937	-112.95183	-184.91158	34.354324	1500.6650342941284	23.08715439576369
66	774.8076	408.6683	1221.6091	32.800076	1022.5916	18.948116	1058.122	1004.7896	230.5	297.1	329999	182.91801	66.4557	273.17664	-84.52055	182.91818	66.45975	276.45065	-79.810646	182.91837	66.452576	286.2612	-93.50426	-185.2874	35.499336	1523.9787864685059	23.09058770266446
67	1051.0718	131.707	1256.0394	844.87415	975.1688	23.441658	1008.9551	927.9244	304.625	277.5	334999	183.8266	66.79711	274.65668	-70.08226	183.82677	66.79726	277.86566	-84.33745	183.8266	66.795135	277.3408	-99.38374	-186.32988	36.473656	1547.3638157844543	23.094982350050515
68	1028.6498	119.3434	1391.057	902.55194	1002.0836	9.388168	1013.2914	979.5262	299.58823	285.0	339999	184.50397	67.44172	277.9855	-106.60674	184.50368	67.44259	281.1807	-95.06073	184.50415	67.436806	277.57635	-91.195244	-186.96971	34.26964	1570.7639424800873	23.09946977040347
69	1106.0321	158.4496	1503.4131	854.5747	1283.3763	106.45348	1499.62	1055.7577	322.4	366.3	344999	185.32603	67.80831	274.79407	-127.79095	185.32574	67.81017	270.30594	-113.453	185.32585	67.80701	271.75458	-102.157005	-187.74297	35.414864	1594.3391542434692	23.10636457844057
70	1124.6549	134.95006	1396.8229	886.837	1063.0555	24.265024	1084.4795	1010.6369	327.375	307.5	349999	186.19928	68.21153	274.77655	-189.76855	186.19923	68.21307	272.22946	-203.26129	186.19923	68.21031	273.27634	-155.19893	-188.50365	34.839844	1617.6526789665222	23.10932401248387
71	1080.7418	156.42973	1524.1306	892.1668	1205.4567	129.82687	1501.4469	1006.8555	314.06668	348.2	354999	187.31657	68.30971	286.47595	-158.16061	187.31609	68.312096	277.14038	-169.86894	187.31639	68.30732	274.64395	-146.25043	-189.68848	33.71039	1641.0734105110168	23.113710034061487
72	973.8327	172.18181	1323.147	580.39404	989.01056	10.616264	1007.3739	974.342	286.0	284.9	359999	188.05566	68.422325	277.548	-73.674	188.05537	68.423805	276.9972	-94.60478	188.05643	68.418495	278.6905	-90.11642	-190.23251	35.37403	1664.2182483673096	23.114142364925808
73	961.4383	243.10146	1628.6925	587.76794	1154.1394	80.33894	1266.0891	1050.5494	284.6316	331.5	364999	189.13208	68.49305	286.4272	-140.71475	189.13222	68.49515	285.14722	-151.11436	189.13231	68.491936	282.05612	-142.17636	-191.50719	35.05276	1687.825548171997	23.120897946292406
74	988.338	109.574715	1225.9625	824.82733	1062.9196	50.771324	1183.5642	998.81946	287.47058	308.2	369999	189.79437	68.67024	281.90326	-118.83834	189.79439	68.67012	279.65512	-116.93248	189.79507	68.66594	280.37247	-93.21545	-192.34518	34.355247	1711.3145349025726	23.12587211905299
75	1055.0262	135.17139	1350.5731	866.6362	1397.1154	61.98643	1502.9751	1251.7147	304.6875	403.8	374999	190.4362	68.89611	276.58118	-169.05531	190.43599	68.89772	279.20242	-166.23868	190.4362	68.89322	281.27475	-152.18774	-192.83286	34.171745	1735.1045672893524	23.134727589289348
76	1165.4403	244.07002	1727.2875	913.04755	1160.8464	66.02359	1279.7544	1085.8334	338.33334	333.2	379999	191.10733	69.169495	280.43655	-82.472275	191.10715	69.16979	279.08203	-75.296875	191.10753	69.16816	281.55127	-117.7773	-193.41826	33.8644	1758.5353960990906	23.138623657979462
77	1187.8474	155.62057	1513.9324	973.7767	1238.5559	29.802174	1269.0416	1162.807	342.6	348.1	384999	191.76958	69.358665	282.14294	-181.86484	191.76968	69.35944	282.88193	-169.6717	191.76982	69.355896	280.09692	-127.06916	-193.69662	35.960274	1781.9830446243286	23.142636971040204
78	1101.4568	98.79936	1239.986	947.23193	1250.469	19.147947	1280.3939	1219.4628	319.4	354.6	389999	192.39418	69.46444	279.1024	-130.80884	192.39375	69.46857	280.283	-168.07085	192.39453	69.46248	279.34418	-140.63533	-194.74976	34.157177	1805.4736876487732	23.147098580996197
79	1074.4872	108.696945	1347.5707	872.833	1668.74	91.601425	1785.4137	1462.8127	312.25	482.8	394999	193.20082	69.25	288.0716	-99.189316	193.20082	69.252785	278.93292	-79.71803	193.20091	69.24976	283.90155	-77.80394	-195.2233	34.642742	1829.378289937973	23.15668723553042
80	1241.139	247.05455	1585.0869	699.24854	1446.6652	192.39777	1928.358	1254.003	360.2857	413.1	399999	193.78589	69.37793	284.24368	-152.89038	193.78586	69.3782	279.67377	-135.69524	193.78575	69.374374	279.5168	-132.79994	-195.90837	32.891083	1853.2149147987366	23.165186461806297
81	1182.8088	128.54224	1402.0789	1017.07355	1227.4963	88.829254	1326.6312	1089.0698	343.4	350.7	404999	194.14594	69.32774	280.60953	-180.91132	194.1463	69.32923	279.5748	-183.15778	194.14647	69.32559	278.8933	-188.5781	-196.331	33.72898	1876.832633972168	23.17077327951973
82	1302.618	437.93066	2083.506	353.10574	2299.097	623.2892	3449.0625	1564.8452	383.3846	664.4	409999	194.80905	69.05268	282.15002	-240.38655	194.80899	69.05581	281.9704	-212.09392	194.80885	69.05196	286.9826	-235.30821	-197.21312	34.936695	1901.462364435196	23.18856544610931
83	1049.4622	337.1694	1580.701	336.15887	1084.4248	78.92078	1217.9409	901.08795	316.13333	320.0	414999	195.36037	68.823395	307.67264	-91.50136	195.36044	68.82567	281.0614	-91.76204	195.36075	68.82197	281.58676	-95.13197	-197.78116	34.738686	1925.075338602066	23.193678798445735
84	1178.0491	143.8062	1513.0166	1015.50446	1226.4182	95.74412	1456.9768	1128.3999	342.66666	347.8	419999	195.80779	68.99169	287.7924	-144.2926	195.80794	68.99066	282.1524	-115.46793	195.80745	68.9894	281.47815	-118.066826	-198.32315	35.26073	1948.8350656032562	23.200417470364343
85	1107.5665	176.76521	1578.0308	826.9271	1078.9359	32.38786	1148.6887	1054.804	322.8125	315.9	424999	195.93149	69.00458	281.45126	-199.86264	195.93204	69.00404	282.66074	-181.03925	195.93137	69.00095	280.51804	-208.73201	-197.93967	36.760365	1972.2745480537415	23.203229996737313
86	1173.8239	201.2968	1614.5928	959.411	1536.8707	153.19225	1796.6772	1315.0226	342.2143	436.3	429999	196.32835	69.075386	281.3949	-130.48555	196.32837	69.07649	286.7311	-109.0206	196.32849	69.07587	284.1918	-99.6413	-198.49817	32.822037	1996.0953912734985	23.21041155415912
87	1205.1558	182.2468	1746.1176	989.1065	1161.4412	83.41011	1275.7246	1076.378	348.33334	334.4	434999	196.27998	69.34067	281.01947	-81.61994	196.27977	69.3423	281.5209	-83.58535	196.28018	69.33929	281.71664	-94.91136	-198.32028	31.366375	2019.4480743408203	23.212046850686786
88	1166.5685	165.31929	1570.1372	968.2014	1266.042	334.91275	2114.4148	1015.62994	338.7143	364.3	439999	197.14227	69.212685	299.9803	-160.50879	197.14203	69.215775	281.94763	-191.30173	197.14201	69.20847	281.41425	-129.89653	-199.2383	34.423264	2043.2743706703186	23.21902695840055
89	1100.4613	146.58139	1418.095	907.13025	1249.2478	101.076385	1361.1819	1099.5758	320.1875	357.4	444999	197.61931	69.342415	281.85443	-197.47559	197.61917	69.34573	283.0175	-222.11055	197.6193	69.33999	282.76233	-177.57043	-199.4293	32.0237	2066.8567082881927	23.223109103320688
90	1180.0872	149.56203	1514.0056	959.6653	1230.2185	49.262497	1315.6947	1147.6926	344.57144	353.6	449999	197.9951	69.526924	282.58963	-119.14976	197.99496	69.53061	282.44574	-117.685196	197.99524	69.52734	283.34665	-111.85649	-199.90158	31.644922	2090.512407064438	23.227915652592976
91	1297.6129	321.6051	2135.4614	952.99567	1022.4334	7.37155	1040.0864	1009.29895	376.7857	293.9	454999	198.52151	69.85952	282.09323	-202.35867	198.52135	69.86086	282.85382	-243.40337	198.52142	69.85708	286.30078	-214.70544	-200.52296	32.477806	2114.0026907920837	23.23079882349287
92	1240.8041	205.36272	1647.0535	920.03265	2069.241	476.32333	3048.6982	1629.5631	360.2143	600.6	459999	199.23543	69.88044	287.61826	-111.14919	199.23622	69.881226	282.01364	-131.6143	199.23625	69.8794	288.3837	-134.59013	-201.4528	29.4276	2138.477746486664	23.244323349517323
93	1320.6447	248.17563	1830.3844	968.17487	1102.143	25.836416	1163.1276	1064.1276	384.84616	321.1	464999	200.00195	69.7871	283.78064	-109.911255	200.0017	69.78818	282.71844	-89.2708	200.00194	69.78362	287.81693	-97.04793	-202.11772	31.46619	2161.889034509659	23.246118668586977
94	1229.003	110.954636	1518.4601	1085.6642	3053.3003	600.05286	3370.4675	1848.0225	355.92307	908.2	469999	200.21768	69.83887	283.61377	-95.46867	200.21799	69.84086	282.9944	-75.681625	200.21762	69.8396	286.19434	-115.254326	-201.86125	31.124575	2187.08167552948	23.266826353174576
95	1338.6581	346.33102	2214.5923	865.3912	1648.3342	576.45526	3354.7083	1365.6543	386.53845	478.2	474999	200.8074	69.84147	286.5134	-198.60223	200.80743	69.84343	284.4747	-220.50632	200.80743	69.84095	285.199	-195.25903	-202.75784	29.711237	2210.9329493045807	23.272978431300114
96	1333.325	329.30203	2212.1821	877.5233	1188.9762	132.58543	1580.6215	1101.1766	387.6154	343.4	479999	201.54971	70.12517	282.04718	-138.7669	201.55006	70.12624	281.59192	-85.96384	201.54997	70.12474	281.09326	-83.73301	-203.19452	33.39366	2234.2378051280975	23.273310487469036
97	1299.2477	304.9059	1954.5402	958.72577	1192.1843	90.3699	1360.321	1086.9625	375.7143	338.2	484999	201.9562	70.21296	301.5233	-173.2193	201.9567	70.21415	281.9713	-195.38309	201.95607	70.212746	288.312	-169.87042	-203.89326	29.410587	2257.473703622818	23.27292479928007
98	1091.5432	100.25286	1232.2102	885.76715	1180.9159	193.11559	1416.0912	985.24695	316.0	347.7	489999	202.97423	70.03703	283.0276	-168.90318	202.97415	70.03564	284.11658	-212.47325	202.97408	70.03756	286.75497	-240.13234	-204.78145	28.540947	2280.900785446167	23.274497830137914
99	1354.6997	299.07516	1979.6228	1004.8603	1656.0686	203.14925	1964.1282	1376.3557	387.3846	466.8	494999	203.15784	70.10138	298.04245	-107.36397	203.1584	70.102	284.0828	-131.48177	203.15822	70.099556	283.27933	-90.694824	-205.00856	30.927631	2304.475227355957	23.27752756831622
100	1442.4038	443.3095	2409.798	815.81305	2361.9067	782.49286	3405.9685	1116.2092	416.08334	677.2	499999	203.34482	70.35439	287.6011	-149.33673	203.34448	70.357346	286.80222	-181.63643	203.34496	70.35473	285.1196	-147.75406	-205.26549	31.245575	2329.2649891376495	23.292649912834168
101	1479.9731	455.0647	2712.8484	1029.9579	1464.7574	123.83196	1668.2932	1234.2449	426.08334	411.8	504999	204.06718	70.26005	285.06857	-100.42051	204.06738	70.263565	283.93173	-110.13282	204.06693	70.26072	283.6641	-118.90842	-206.06245	28.899124	2352.9865398406982	23.29689645295096
102	1401.5939	234.01614	1995.8638	1099.5756	1173.9205	78.51008	1341.8905	1059.0294	402.91666	330.0	509999	204.57527	70.56482	283.3893	-126.61441	204.57549	70.56422	285.01767	-108.388054	204.57567	70.56282	284.2923	-82.97663	-206.65033	30.553125	2376.474931001663	23.298773852049134
103	1421.9923	297.66907	1961.9797	994.9687	3074.4094	427.1633	3404.4878	2330.4226	409.69232	894.6	514999	204.91212	70.845055	300.95343	-159.70357	204.9126	70.84536	288.3152	-147.49025	204.91237	70.84231	285.05573	-100.9643	-206.86519	28.802738	2401.7458963394165	23.317921342201604
104	1305.0839	221.41669	1827.3805	993.021	1195.2228	124.13184	1525.059	1082.242	376.0	338.8	519999	205.51506	70.952705	285.32742	-166.84854	205.51492	70.953804	286.73532	-173.94447	205.51514	70.95012	287.99115	-156.60573	-207.5199	28.896524	2424.996776819229	23.3172767162323
105	1439.0211	588.7287	3311.4534	1051.354	1778.6162	482.4793	2608.3767	1259.1057	421.75	506.8	524999	206.35435	70.68199	287.12115	-172.12044	206.35452	70.682396	286.8033	-237.92607	206.35504	70.68141	285.23514	-128.8066	-207.99837	29.39992	2449.0875074863434	23.324642944335938
106	1830.0894	480.4142	2561.2915	932.2518	1203.0272	93.14534	1400.16	1091.4591	530.2222	342.2	529999	207.0926	70.70415	288.1065	-89.566574	207.09264	70.70496	286.43216	-112.60106	207.0923	70.703514	286.6252	-110.775894	-208.87207	30.007719	2472.6782274246216	23.327153106905378
107	1534.6906	421.21884	2260.0874	917.8972	1595.8834	674.78815	3364.8027	1232.4519	442.0	457.7	534999	207.5384	70.93544	286.92422	-142.77933	207.53865	70.94064	285.7146	-166.919	207.53876	70.93754	286.5019	-133.93237	-209.66344	27.529163	2496.7492253780365	23.334104927900796
108	1316.294	244.71935	1931.2897	1024.9662	2271.862	574.7018	3412.9023	1408.5369	380.7857	636.6	539999	207.68831	71.079346	289.37234	-171.50542	207.68854	71.0802	287.2888	-172.93904	207.68845	71.07886	288.89923	-185.41223	-209.15668	28.868162	2521.209380865097	23.34453132196709
109	1449.3121	305.03073	2122.4783	1134.928	2271.6763	635.2133	3466.1592	933.98724	416.66666	654.8	544999	207.80142	71.38165	300.8984	-259.46585	207.80165	71.382965	285.59265	-256.2872	207.80206	71.380714	285.47018	-244.09416	-209.47464	27.639456	2545.842779159546	23.35635578741721
110	1436.7247	430.44244	2726.596	1086.2246	3417.403	2.2430437	3420.8145	3414.7224	414.08334	1000.0	549999	208.10875	71.55216	287.46274	-231.76404	208.10864	71.55426	286.1986	-235.73946	208.10869	71.55221	288.21216	-184.13858	-209.98216	28.990543	2571.6084430217743	23.378258590264753
111	1421.1586	236.41757	1997.9366	1145.7767	1286.2864	37.311943	1362.1957	1241.6464	409.5	364.6	554999	208.67023	71.481346	286.7064	-92.50792	208.67062	71.483025	289.45297	-100.27398	208.6702	71.48138	289.21347	-74.445755	-210.80856	30.36995	2594.973102092743	23.37813606992498
112	1424.2325	206.13614	1717.5454	1149.8192	1144.4519	48.103573	1188.4567	1027.9543	409.16666	323.7	559999	209.03741	71.61486	294.8772	-135.17392	209.03801	71.613	288.2354	-118.67458	209.03816	71.61343	288.78128	-136.03682	-210.73108	29.68005	2618.487363576889	23.379351477537835
113	1381.1674	381.89227	2489.1045	882.8038	2194.6775	987.2556	3392.8838	1205.8958	397.53845	638.4	564999	209.31506	71.504265	287.61728	-132.68343	209.315	71.50631	290.63138	-130.07913	209.31508	71.50518	288.54965	-138.62653	-210.92706	27.570166	2642.747092962265	23.38714243247446
114	1590.68	348.89764	2062.8618	990.77905	2059.6108	492.43466	3478.8638	1782.3892	455.36365	586.6	569999	209.8693	71.2989	288.36786	-97.50746	209.8693	71.29892	288.94073	-101.55597	209.8689	71.29989	289.52316	-131.36906	-211.78062	27.51544	2666.879631280899	23.393680992879364
115	1461.8734	343.92505	2409.6562	1123.4751	1467.6499	168.07735	1712.7544	1201.6006	421.0	412.8	574999	210.5131	71.186676	287.9284	-131.60692	210.51285	71.19075	289.87967	-118.62931	210.51292	71.18829	290.10757	-125.95995	-212.4378	27.481184	2690.470027923584	23.39539156374724
116	1244.5696	217.0582	1737.4088	933.12415	1585.4111	250.3068	2031.0391	1247.4193	358.7143	440.5	579999	210.97766	71.00551	289.6449	-88.14669	210.97809	71.00631	289.68585	-94.47439	210.97786	71.003944	288.76758	-104.02286	-213.14413	28.03403	2714.259219646454	23.398786394760528
117	1542.3036	588.03845	2880.6106	947.5854	2249.2476	213.57956	2570.9124	1785.3485	443.63635	632.4	584999	211.4117	70.881096	289.16727	-191.78195	211.41164	70.88208	292.47937	-254.70956	211.41177	70.87892	291.00095	-177.13124	-213.07716	25.992582	2738.851270675659	23.40898523371444
118	1283.9863	185.43816	1719.1288	936.921	2519.4802	554.05396	3363.6396	1786.8464	369.5	723.5	589999	211.94376	70.7824	288.0049	-97.57226	211.94371	70.78205	289.5216	-111.74449	211.94388	70.78051	289.51953	-123.79551	-213.84286	26.384981	2763.402758359909	23.418667459892013
119	1257.7384	163.40662	1494.4167	891.80286	1206.0184	36.481117	1274.9666	1138.6948	358.0	336.1	594999	212.33414	70.72811	288.9697	-204.38206	212.33446	70.73164	289.12924	-185.16948	212.334	70.72808	290.7692	-162.2154	-213.93437	27.777416	2786.7023243904114	23.417666607544202
120	1219.7665	206.09209	1638.666	672.6429	1295.474	139.17868	1564.4196	1006.8872	350.6	366.0	599999	212.67607	70.612595	288.26462	-119.06378	212.67633	70.613754	289.31348	-162.38191	212.6767	70.61296	290.6389	-136.39207	-214.2335	27.769962	2810.4002888202667	23.420002420743305
121	1346.8928	302.51715	2097.338	1138.9028	1285.3728	57.59446	1454.1538	1245.158	384.3846	357.6	604999	212.97188	70.59716	288.57462	-150.8225	212.97205	70.598526	290.3613	-166.77348	212.97208	70.59448	288.53305	-117.77524	-214.6599	27.711628	2834.175367116928	23.42293693408493
122	1446.204	245.42021	1954.316	1094.8837	1380.8894	91.46034	1529.3868	1272.1146	414.41666	385.0	609999	213.03273	70.6276	289.2339	-201.42769	213.03305	70.62882	291.61722	-171.78905	213.03314	70.62836	292.13605	-167.3839	-214.95947	29.456429	2858.041548728943	23.426570087182718
123	1427.5903	199.6622	1800.7113	1120.9772	2776.8975	684.2102	3441.818	1687.6046	408.33334	800.0	614999	213.82773	70.30858	291.65042	-130.65074	213.82785	70.3118	293.47498	-128.29463	213.82774	70.30882	292.3966	-111.791176	-215.28304	27.963194	2883.1567051410675	23.440298431287935
124	1355.4087	157.04709	1716.001	1173.971	2234.13	780.1664	3497.7236	1351.7289	388.30768	634.2	619999	213.90494	70.3799	288.917	-118.1169	213.9051	70.37987	290.60983	-99.20251	213.90555	70.37952	290.49683	-124.428406	-215.44673	27.927471	2907.6324532032013	23.448648831536694
125	1437.5885	264.6196	2004.7872	1074.5104	3120.6616	372.47952	3455.4995	2423.7163	411.75	900.3	624999	214.07387	70.50116	290.84537	-116.22232	214.07426	70.50037	290.578	-187.69933	214.07417	70.499916	289.79535	-115.34966	-215.85913	26.805237	2933.2382247447968	23.465905813217162
126	1632.3015	248.64932	2074.2207	1219.1665	1904.2107	316.3014	2501.482	1357.1273	466.5	541.4	629999	214.74286	70.58403	290.69937	-176.56964	214.74313	70.58271	290.63715	-148.60641	214.74294	70.58221	290.70862	-219.02563	-216.40712	25.45344	2957.371808052063	23.4712048390555
127	1570.7578	441.5986	2757.7146	1168.1096	1165.7727	7.1098266	1176.6381	1153.1765	450.91666	333.3	634999	214.87733	70.835045	290.73734	-141.38072	214.87753	70.8327	290.97708	-123.845276	214.87776	70.83552	291.8656	-135.78929	-216.3742	26.516294	2980.875625371933	23.471461632120327
128	1591.3947	468.827	2719.7542	1026.0343	1844.2786	206.38446	2243.2317	1576.6472	456.45456	517.0	639999	215.17105	71.0665	290.6486	-171.11763	215.17175	71.064995	294.66354	-166.22229	215.17126	71.06285	290.69778	-165.02994	-216.53589	26.940012	3005.211282014847	23.478213153779507
129	1373.7495	257.38586	1833.552	992.97034	1279.7815	79.436	1508.972	1229.5195	390.6154	362.8	644999	215.5531	71.19718	291.48065	-197.36885	215.55362	71.19556	292.44553	-200.99782	215.55347	71.1955	291.50845	-177.41321	-217.02238	27.891718	3029.0409343242645	23.480937490167545
130	1308.6636	243.17148	1955.9031	1002.754	2108.5137	619.99426	3506.682	1575.9717	373.46155	587.8	649999	215.75423	71.58352	291.29678	-95.590935	215.75447	71.58352	292.99963	-109.055626	215.75447	71.581055	292.1622	-99.55342	-217.3062	25.949205	3053.187489271164	23.486057626284087
131	1348.8262	228.16676	1808.3763	1015.1589	2546.598	562.21313	3412.4153	1814.4125	385.69232	733.1	654999	215.96078	71.85057	295.90515	-191.65613	215.96126	71.85153	293.82626	-167.00298	215.96156	71.84959	292.38916	-171.61034	-217.3594	29.27797	3078.0884125232697	23.496858125424566
132	1363.4634	248.39314	1937.3534	1018.2626	1516.5988	179.28204	1836.2458	1310.7552	387.76923	428.5	659999	216.21089	72.141106	292.44266	-175.14716	216.2106	72.14086	293.5971	-162.26505	216.21109	72.13951	292.89172	-171.3449	-217.50851	25.654621	3101.9035971164703	23.499269691380587
133	1285.967	264.60208	2028.395	992.3909	1919.3024	618.1581	3418.3975	1457.9977	367.42856	531.5	664999	216.51738	72.09358	294.84714	-118.26768	216.51736	72.09659	296.923	-142.06442	216.51718	72.09416	296.63333	-125.70735	-217.95274	26.035404	3126.149051427841	23.504880098471965
134	1708.667	459.49344	2691.8257	1093.384	1444.9196	107.88687	1599.3512	1274.1755	483.1	394.1	669999	216.881	72.33237	295.6499	-196.25673	216.88087	72.3342	296.4697	-229.63435	216.88097	72.332596	295.71597	-184.6473	-218.18922	25.815353	3149.8489665985107	23.506335585864623
135	1440.6201	246.03876	1949.5519	1092.4796	1248.7136	29.76701	1286.3926	1195.2778	409.91666	342.9	674999	217.27084	72.23672	294.49896	-156.35722	217.27107	72.237564	295.27298	-138.45209	217.27078	72.236496	294.12332	-135.1533	-218.56284	27.094275	3173.4742381572723	23.507216593071266
136	1478.7852	309.61267	2236.008	1096.1211	2427.141	809.0885	3366.9377	1383.7715	420.5	704.2	679999	217.77722	72.19418	294.1891	-125.57745	217.7772	72.1975	296.13495	-109.02327	217.777	72.197655	296.01553	-97.41203	-218.9519	24.936079	3198.1647233963013	23.515917097820957
137	1393.3223	235.66759	1810.6239	1024.6289	1353.7777	57.712467	1448.0023	1246.3936	395.46155	379.7	684999	218.38068	72.268585	298.09058	-151.11305	218.38075	72.26848	298.5141	-150.09148	218.38052	72.26886	298.6162	-224.88795	-220.11026	24.882778	3221.7332673072815	23.516301233403006
138	1197.9668	174.14944	1572.7739	992.88666	1580.4745	289.00595	2146.7473	1344.351	340.57144	441.4	689999	219.07384	72.05966	295.7058	-102.07845	219.07378	72.06303	297.1543	-93.178314	219.07408	72.06007	296.2269	-109.167046	-220.48311	25.113888	3245.791404724121	23.520227584286012
139	1303.558	210.20683	1794.5254	969.595	1519.698	242.24455	2144.1125	1285.541	369.07144	420.6	694999	219.49901	72.15767	295.97775	-93.22443	219.49892	72.161736	295.69135	-71.90299	219.49908	72.15743	297.52377	-90.199356	-220.85115	25.216797	3269.689150571823	23.522943541300382
140	1178.8477	143.25806	1485.3811	948.9417	1511.347	160.41452	1806.5549	1295.6013	332.53333	419.3	699999	219.45836	72.30983	296.60373	-203.82533	219.45851	72.31252	297.74445	-262.85684	219.45857	72.30776	299.6077	-203.77385	-220.87315	24.594463	3293.6785085201263	23.526275074481966
141	1110.3739	187.89938	1553.2034	921.389	1781.6097	149.33832	2051.2183	1554.585	315.75	495.1	704999	219.79031	72.254105	298.07233	-194.40816	219.79059	72.25326	298.1516	-129.41492	219.79024	72.253044	298.61963	-93.861534	-220.95798	23.898447	3317.65012216568	23.529433504064034
142	1175.6942	390.43146	1913.1527	42.971172	2602.8677	782.371	3433.7073	1724.1289	333.33334	738.8	709999	220.02701	72.36452	297.04504	-123.05365	220.02634	72.36964	297.18152	-124.35189	220.0273	72.36351	298.7543	-116.59026	-221.33829	25.430548	3342.8249957561493	23.541021111985327
143	1641.3008	304.98462	2208.6873	980.4902	2050.2512	699.4356	3420.3755	1533.0605	457.0	584.3	714999	220.28853	72.328606	297.37442	-155.58855	220.28831	72.331825	298.84457	-155.4268	220.28911	72.326	298.5938	-156.21501	-221.69704	27.365782	3367.0067925453186	23.5455020574423
144	1434.8263	235.16571	1790.6454	1080.4921	1737.5804	129.77351	1860.5624	1542.0942	398.83334	491.9	719999	220.61475	72.17984	298.62418	-147.60883	220.61473	72.1813	298.47577	-105.48163	220.61475	72.180756	299.83395	-144.98369	-221.99051	24.250877	3391.1113336086273	23.549384272760815
145	1169.3523	97.49623	1343.4957	977.09924	1639.8047	94.81534	1832.5498	1562.851	328.375	463.4	724999	220.77777	72.244644	298.46594	-175.6576	220.77834	72.245415	298.12384	-179.90108	220.77782	72.24276	297.7917	-199.60405	-222.40988	25.548128	3414.8799588680267	23.55089627956522
146	1232.9713	386.95605	2516.0425	976.83765	1481.9824	182.27322	1743.3755	1122.5559	348.07144	402.5	729999	221.14781	72.080826	297.73148	-116.08909	221.14777	72.08299	298.62085	-175.51224	221.14769	72.081795	299.34952	-119.79624	-222.66168	24.180706	3438.8483142852783	23.55375559036046
147	1289.63	173.56398	1660.1277	986.3367	2048.9768	207.41718	2416.571	1745.0547	361.14285	543.8	734999	221.59421	71.82075	299.1416	-195.45203	221.5941	71.82116	299.90167	-169.74586	221.59457	71.81989	298.01785	-156.39006	-222.81625	24.486126	3463.191709280014	23.55912728374507
148	1343.3713	260.99927	1852.9868	1021.8833	2636.4614	589.97015	3591.5334	2052.9277	375.53845	739.4	739999	222.11948	71.53525	297.0575	-250.68112	222.1192	71.53556	297.12698	-265.06207	222.11914	71.5345	297.2883	-218.16382	-223.54692	25.174429	3488.0817244052887	23.568119773993622
149	1527.9155	484.40518	2636.4478	881.3452	3079.25	425.8144	3386.555	2115.2646	430.83334	891.5	744999	222.1228	71.6784	296.6663	-91.57932	222.12265	71.68065	299.44867	-99.57647	222.12279	71.67978	297.83325	-143.26186	-223.59775	25.381123	3513.5074269771576	23.580586771036955
150	1406.8146	374.2944	2388.5513	1048.9066	1582.211	184.24364	2122.203	1437.985	391.33334	434.5	749999	222.43716	71.36526	299.1173	-111.575516	222.43716	71.366394	300.21912	-101.1307	222.43695	71.36476	297.45364	-77.5471	-223.72217	24.516188	3537.207759141922	23.581385072072347
151	1369.0137	194.92116	1905.5958	1163.5769	3122.1565	489.8398	3406.0618	1842.3468	379.92856	901.1	754999	222.68973	71.21475	297.913	-190.50204	222.68971	71.21485	297.50992	-122.512535	222.68947	71.21557	296.812	-152.44756	-224.12079	25.189362	3562.7800211906433	23.594569689390674
152	1345.0012	244.47519	1782.311	983.6159	2304.4343	600.0188	3423.8271	1531.7357	377.07693	642.4	759999	222.81	71.34552	296.55237	-182.85121	222.81004	71.34581	298.35114	-178.79477	222.81018	71.34434	297.60367	-140.99806	-224.35431	24.159883	3587.392637729645	23.60126736446431
153	1333.0742	151.61032	1551.7814	1104.6731	1316.2867	73.684326	1534.2029	1265.0078	375.69232	363.7	764999	223.33928	71.16285	297.37912	-172.30624	223.33957	71.16491	296.64978	-187.47408	223.33925	71.16374	296.6885	-201.95117	-224.6573	21.795773	3610.987953901291	23.601228469337514
154	1289.4934	166.80597	1652.2672	994.0067	2179.15	257.72565	2735.7466	1696.435	365.7143	595.6	769999	223.89928	70.931366	299.85016	-175.25537	223.89955	70.92927	298.7951	-144.96277	223.89912	70.929855	297.64462	-192.8445	-225.32837	22.681032	3635.4506170749664	23.606822202732037
155	1346.8431	344.66144	2317.887	1036.2053	1456.8291	64.54406	1519.875	1295.1084	381.07693	400.1	774999	224.20859	71.213486	296.70944	-206.08865	224.2086	71.21504	297.65552	-240.54132	224.2087	71.21537	296.75595	-198.19055	-225.40793	23.767035	3659.0658388137817	23.60687639328741
156	1213.6506	248.77539	1660.6053	831.85675	1371.0953	53.91898	1451.3289	1294.3412	346.2143	379.5	779999	224.65585	71.18685	296.36984	-82.74846	224.65582	71.186806	297.78613	-90.6704	224.65578	71.18572	298.7186	-93.36135	-225.91035	23.327785	3682.948972463608	23.608647271608696
157	1451.1094	234.98119	1857.6156	1112.8195	2781.1873	535.8402	3553.329	1922.2354	406.83334	766.6	784999	225.1032	70.8938	297.5582	-131.16264	225.10349	70.89394	296.10522	-119.63539	225.10309	70.89367	296.8188	-118.51745	-226.13034	21.960356	3707.808448791504	23.61661433414289
158	1576.556	437.53778	2455.391	826.38434	1898.4792	102.65393	2081.7551	1781.5504	442.66666	520.4	789999	225.43315	71.210945	297.73392	-94.7881	225.43314	71.21026	297.66345	-110.69293	225.43298	71.21024	297.33405	-83.0296	-226.33392	23.282501	3731.9441447257996	23.619899660726137
159	1614.8706	391.66394	2425.1794	1074.6754	3375.4946	2.5692768	3378.6572	3371.0386	456.63635	1000.0	794999	225.92204	71.350006	298.09036	-162.59398	225.92209	71.35023	298.64874	-118.830574	225.92223	71.34834	297.91037	-85.49663	-226.96649	23.166094	3757.612898349762	23.632785534708756
160	1574.5848	447.2432	2379.7146	1015.81757	2288.4587	205.4133	2675.765	2021.6909	436.0909	620.5	799999	226.15111	71.589516	298.86322	-76.70192	226.15144	71.59039	298.57227	-108.12057	226.15103	71.59048	299.66122	-97.09388	-227.3193	23.29661	3781.998525619507	23.637490798532962
161	1532.54	343.2007	2255.8877	1083.463	1470.8867	133.15157	1762.7091	1347.2343	421.75	393.3	804999	226.49585	71.688644	299.47226	-93.858315	226.49615	71.68958	297.9692	-82.43079	226.49591	71.686195	299.04865	-95.8814	-227.51291	22.860687	3805.691246509552	23.63783384109876
162	1298.222	109.13353	1541.6139	1111.5691	1066.9734	171.17842	1519.1842	977.6692	358.35715	314.4	809999	226.94524	71.5189	298.67834	-92.84325	226.94502	71.52088	299.07413	-99.84964	226.94507	71.51972	299.3023	-81.45174	-228.30637	22.615698	3829.030082464218	23.63598817513313
163	1464.7775	220.70161	1843.7352	1104.6418	2261.0298	262.099	2533.1738	1845.957	401.33334	621.9	814999	227.27689	71.63395	300.47644	-115.88359	227.27707	71.635956	299.16992	-125.48512	227.27676	71.63468	299.61005	-146.40378	-228.02531	24.276003	3853.3121902942657	23.639952097933715
164	1491.9401	263.821	2208.904	1223.7394	1716.8635	47.13031	1819.5974	1669.9773	410.07693	460.4	819999	227.54042	71.71378	299.67267	-199.31596	227.54062	71.71375	300.95374	-136.60165	227.5405	71.714485	299.2245	-186.49284	-228.81642	21.934052	3877.254567861557	23.641796157127473
165	1559.5582	267.1105	1973.2867	1033.1904	1778.2744	216.02492	2132.904	1416.1294	421.83334	468.6	824999	227.85136	71.60444	299.7113	-126.21123	227.85149	71.60446	300.74808	-91.08353	227.85155	71.60242	299.84628	-105.21332	-229.04947	23.965446	3901.154928922653	23.643363217151528
166	1338.2645	157.55049	1520.0415	1056.0093	3219.904	235.89565	3389.271	2840.626	368.30768	931.0	829999	228.20352	71.6169	300.29782	-122.216515	228.20364	71.61686	299.50977	-64.60013	228.20381	71.6165	299.84134	-80.02041	-229.51558	23.904707	3926.503561973572	23.653635926993495
167	1330.3464	159.81737	1652.5797	1002.5489	2059.9622	214.58891	2422.7878	1802.5887	367.5	570.3	834999	228.36856	71.62939	299.02374	-79.481735	228.36867	71.62891	300.66647	-123.22919	228.36852	71.62851	299.46207	-143.75754	-229.57974	24.498976	3950.818094968796	23.657593393040276
168	1669.2983	389.98782	2578.208	963.1833	1323.6632	228.19795	1824.5458	949.07855	455.27274	419.2	839999	228.84216	71.62318	301.54276	-139.2864	228.84216	71.62212	299.94754	-188.47632	228.84183	71.62133	302.56665	-78.12067	-230.17015	22.998959	3974.5340366363525	23.657940705617268
169	1893.6127	301.49097	2412.9666	1503.3986	1766.0293	145.71869	1968.6111	1594.8997	523.6667	472.8	844999	229.37076	71.75002	301.7545	-59.45832	229.37076	71.7526	299.6306	-76.56896	229.3706	71.75217	300.5223	-124.03166	-230.41548	23.368784	3998.149508714676	23.657689410553882
170	1926.8015	672.90063	3546.2908	1205.4672	2066.8628	664.42365	3337.4666	1261.1963	533.9	634.6	849999	229.71635	71.65633	301.0353	-120.38348	229.71599	71.65871	298.70038	-96.59119	229.71638	71.656425	299.05768	-79.46514	-231.05302	18.826876	4022.606644630432	23.662392039859995
171	1560.0469	225.1591	2094.5132	1276.521	1579.8251	52.1015	1632.413	1465.548	422.0	414.9	854999	229.9428	71.75518	299.71695	-90.741516	229.94275	71.75719	299.2664	-111.56243	229.94276	71.7542	300.06033	-144.90544	-231.05849	22.05159	4046.324196100235	23.662714611020004
172	1494.9536	225.01382	1747.912	1060.8175	1789.8668	591.4494	3391.624	1281.7026	402.76923	500.0	859999	230.05043	71.743645	299.26627	-129.39095	230.05043	71.744804	300.0847	-99.09639	230.05026	71.74166	299.86792	-94.077	-231.38857	22.939642	4070.4536521434784	23.665428222611894
173	1286.2556	175.50885	1569.5925	963.9033	1732.9387	137.6871	1880.9606	1427.2375	350.5	456.0	864999	229.86107	71.863594	300.4797	-86.55501	229.86134	71.86474	300.3176	-84.15391	229.8612	71.86048	300.87573	-87.39391	-231.01277	21.996471	4094.250002145767	23.66618499452668
174	1498.0864	195.17674	1869.9235	1184.3965	3366.1145	232.38918	3579.0571	2683.8423	407.16666	971.5	869999	230.22171	71.54445	300.9988	-137.37442	230.22142	71.547035	302.55365	-142.42245	230.22185	71.54532	299.43155	-127.89684	-231.67525	22.356747	4119.686644792557	23.676360038505205
175	1635.0575	220.99768	2127.8394	1374.028	2221.9116	341.4696	2854.6794	1829.2926	439.36365	613.9	874999	230.311	71.479454	302.1925	-168.64516	230.31116	71.480865	301.2499	-207.39536	230.31076	71.480965	302.01755	-169.42624	-231.53058	21.598963	4143.996062517166	23.679977508272444
176	1827.6284	611.25	3431.9387	1171.9619	2761.595	506.27823	3378.6467	1964.4395	497.9091	777.1	879999	230.3817	71.3808	302.11053	-165.83136	230.38123	71.382256	301.5001	-138.09425	230.38148	71.3812	306.60452	-144.84496	-231.65327	21.268122	4168.663066148758	23.6855856126005
177	1827.5608	598.8773	3578.81	1340.6857	2527.913	730.4753	3391.0217	1585.2444	493.0	712.0	884999	230.46645	71.15178	302.1868	-113.62593	230.46655	71.153046	303.43805	-93.16709	230.46637	71.15123	301.49786	-102.62431	-231.57211	21.580889	4193.628959417343	23.692818993228975
178	1804.0012	332.55588	2746.3425	1529.6835	1485.3441	79.04295	1576.0818	1358.0338	482.8	393.0	889999	230.53964	70.926384	301.3281	-74.999054	230.53946	70.92923	302.42578	-86.798546	230.53972	70.926895	303.40094	-120.56073	-231.42122	21.784922	4217.254269838333	23.692439728908326
179	1702.2411	396.60394	2697.7102	1227.7585	1501.9393	414.44885	1989.1737	978.88525	460.54544	416.2	894999	230.24574	70.94324	301.4948	-85.69596	230.24594	70.946266	302.16714	-150.85303	230.24591	70.942696	301.64096	-124.12517	-231.18394	21.315432	4241.386071205139	23.694894263198258
180	1611.2003	564.3291	2930.5955	962.21545	2523.6099	547.66644	3530.054	1745.2401	451.81818	705.1	899999	230.24582	70.8528	300.98663	-93.39014	230.24571	70.85598	301.7481	-104.08653	230.24564	70.85477	302.0199	-114.47026	-231.21182	23.05945	4266.220680713654	23.701226017210217
181	1798.3678	310.63458	2430.9644	1243.7115	2844.268	545.5407	3423.0215	2158.8894	491.9	807.4	904999	230.2737	70.77422	302.57828	-91.22407	230.27353	70.77582	301.92484	-102.738335	230.27313	70.774796	300.3443	-91.616684	-231.65027	21.961668	4291.215558052063	23.708373260761494
182	2417.2502	824.1207	3507.4338	1281.6337	3265.031	400.64557	3594.682	2083.99	665.625	935.1	909999	230.64034	70.73317	300.18396	-174.78816	230.64046	70.731926	299.2307	-104.25345	230.64064	70.7298	299.6385	-117.59848	-232.01755	22.647083	4316.611258268356	23.71764428798969
183	1678.1667	350.7198	2353.3193	1163.0608	1707.456	849.0555	3387.4023	1190.9075	449.27274	508.6	914999	231.21794	70.81271	299.49786	-172.79106	231.21819	70.814545	300.08847	-145.14938	231.21782	70.81344	298.94537	-157.18387	-232.2899	21.393633	4340.585385560989	23.719045833160315
184	1680.3109	504.95334	2740.0637	893.0958	1824.3103	987.5348	3421.0842	879.96735	454.9091	545.9	919999	231.35167	71.14273	300.24594	-146.19131	231.35182	71.14229	301.40793	-109.52234	231.35197	71.14073	300.3067	-148.6087	-232.49794	21.183428	4364.831930875778	23.72191267946492
185	1572.4044	372.87262	2310.3962	1080.076	3052.7883	482.36896	3453.5417	2149.4377	424.0909	833.1	924999	231.90286	71.10642	302.49518	-115.347	231.90315	71.10721	302.24963	-96.25856	231.9033	71.10405	303.3919	-103.55468	-232.98174	20.749954	4390.279186964035	23.731238857475486
186	1708.2716	476.2888	2738.4749	1183.6158	2378.489	611.30255	3591.9932	1705.2112	462.54544	645.6	929999	232.30356	71.3704	301.22696	-88.641365	232.3038	71.372475	301.15524	-85.78033	232.304	71.36847	301.91257	-102.710266	-233.68173	22.157988	4414.964049100876	23.736365865635616
187	1731.8185	458.64044	3036.371	1302.4207	1749.8835	238.9421	2195.199	1412.3083	464.36365	459.7	934999	232.82465	71.42056	303.48132	-157.30762	232.8245	71.42206	303.5502	-159.63377	232.82465	71.41785	302.96768	-141.51009	-234.01231	20.978699	4439.083310842514	23.738413438440006
188	1598.1342	194.33595	1854.899	1120.7709	2868.0854	506.59598	3639.865	2396.8762	431.91666	784.2	939999	233.201	71.6297	302.45178	-89.04827	233.20132	71.63048	301.6979	-124.338486	233.20093	71.62845	303.31448	-129.04628	-234.35606	23.390825	4464.1639149188995	23.745552749075788
189	1688.7216	282.04807	2001.3103	998.82874	3369.564	16.144419	3379.0903	3321.926	458.55554	993.4	944999	233.73914	71.6634	304.1831	-106.60646	233.73969	71.66201	302.97565	-149.8951	233.73979	71.65956	305.0032	-118.69925	-235.02579	20.962637	4489.977176904678	23.75649300832597
190	1752.5756	485.91068	3182.5078	1286.2913	2218.104	218.4694	2549.6196	1915.3236	480.75	581.2	949999	234.15067	71.86991	301.91187	-110.04291	234.15097	71.86891	307.53363	-118.68503	234.1511	71.8658	303.47787	-108.87275	-235.22687	24.15719	4514.086757183075	23.758351363633807
191	1633.0464	355.73132	2404.2834	1143.1842	1958.0383	156.28914	2196.0994	1655.6747	442.72726	513.1	954999	234.25856	72.37074	306.87125	-100.66175	234.25917	72.369804	302.8968	-135.6066	234.25877	72.36753	305.1502	-139.66206	-235.73169	22.80667	4538.168579339981	23.760044926748225
192	1695.3679	292.06796	2152.6204	1094.3937	2752.568	701.0973	3587.635	1770.5701	457.36365	791.3	959999	234.75618	72.37933	304.54446	-52.413536	234.75598	72.37993	303.76123	-148.93608	234.75662	72.37675	306.49182	-77.41811	-236.04796	20.669853	4563.2042760849	23.76668894663453
193	2074.0327	483.16766	3022.739	1302.3357	3385.9968	19.177086	3443.1636	3375.0884	557.0	993.0	964999	235.19551	72.31727	306.55832	-224.25133	235.19547	72.31723	304.10355	-129.88551	235.19589	72.3137	304.69696	-81.98023	-236.06668	22.408333	4589.094413757324	23.777691272873952
194	1868.1139	543.69977	2965.0916	1193.1654	3197.1472	362.9508	3461.9453	2319.1636	501.8	916.0	969999	235.48497	72.4762	306.1448	-141.14005	235.4848	72.479675	304.51266	-236.33412	235.48476	72.47663	304.60422	-211.36725	-236.8902	23.222664	4614.643531322479	23.7868224013712
195	1838.9056	318.05655	2461.961	1302.2986	2881.222	596.06177	3506.749	1461.577	496.6	780.1	974999	235.73492	72.624245	307.66312	-155.00601	235.73486	72.62444	306.2828	-165.05557	235.73454	72.62314	305.74316	-123.3495	-236.9894	22.619904	4639.625597238541	23.79295179049174
196	1873.9154	455.67484	2916.5552	1355.6013	2219.4736	609.4795	3680.4355	1224.7861	494.6	588.1	979999	235.9937	72.64341	306.88217	-139.58398	235.99382	72.645744	306.2595	-141.08842	235.99432	72.640465	306.86472	-82.33359	-237.73322	22.754967	4663.964583396912	23.79573768012378
197	2352.4165	727.88617	3591.9006	1589.6692	3284.1616	313.73886	3394.1143	2342.9915	623.0	967.4	984999	236.46806	72.63602	307.62866	-177.11946	236.46806	72.63726	306.20663	-192.73473	236.46828	72.63531	305.40405	-117.713425	-237.77048	22.311537	4689.720027685165	23.805685431824116
198	2391.676	810.6879	3707.5623	1398.14	2216.6995	1070.2148	3515.0957	926.55396	648.375	621.9	989999	236.87708	72.38836	309.3657	-126.3494	236.87706	72.391235	314.18884	-173.01367	236.8774	72.387566	307.33148	-125.27004	-238.22247	22.213223	4714.34267616272	23.80981150660852
199	2361.358	629.8504	3681.5	1828.3844	3233.9795	322.98538	3551.3633	2542.4543	632.875	903.1	994999	236.90996	72.68345	306.97943	-192.16698	236.91017	72.68507	310.6211	-141.30713	236.9098	72.683624	306.30212	-160.88159	-237.90901	20.901613	4739.97656083107	23.818977703401192
200	2465.1084	957.34216	3455.8306	1246.702	1078.1967	696.81146	2621.4473	649.493	703.1667	348.2	999999	237.22583	72.70597	306.10617	-98.893036	237.22568	72.70938	309.50735	-142.76303	237.226	72.70637	306.73178	-136.33815	-238.5336	24.707924	4763.584069728851	23.817920356988907
