Epoch	AverageEpRet	StdEpRet	MaxEpRet	MinEpRet	AverageTestEpRet	StdTestEpRet	MaxTestEpRet	MinTestEpRet	EpLen	TestEpLen	Time Steps	AverageQVals	StdQVals	MaxQVals	MinQVals	LossPi	LossQ	Time	AVG Time Per Epoch
1	2.0503705	6.1432467	26.531742	-8.947497	87.440384	21.05765	132.69438	62.87326	21.79476	201.1	4999	20.667528	16.816618	66.92985	-17.173637	-24.679672	2.243302	16.83732557296753	16.83732771873474
2	2.2703743	5.739263	27.981178	-11.470669	323.343	422.81396	1032.5436	14.860685	20.584362	422.2	9999	182.62634	109.51673	537.9276	-191.13596	-208.7252	204.13144	38.181018114089966	19.09051024913788
3	6.815488	60.727276	316.9362	-26.314825	-8.325635	1.8512907	-4.1590986	-10.778328	56.340908	49.3	14999	494.31442	129.00102	777.25494	-223.0997	-528.7783	1096.5334	59.0106303691864	19.67021067937215
4	-8.91144	14.968227	108.1441	-35.22134	12.018522	19.057554	67.07391	-0.72494227	60.5625	52.6	19999	654.28217	199.11726	1221.9073	-348.04874	-695.4696	1444.0659	80.26912522315979	20.067281782627106
5	49.90961	105.40249	362.8536	-112.98467	-13.744719	2.1338596	-9.424312	-16.812668	129.825	47.5	24999	842.4037	264.6054	1560.5098	-415.54727	-884.7066	2037.6622	101.6316750049591	20.326335430145264
6	43.47478	119.55124	508.18784	-68.088524	74.474266	87.95137	265.43622	-21.322292	116.4186	168.9	29999	912.2724	310.47446	2222.808	-395.91864	-950.6696	2148.875	123.52604413032532	20.587674379348755
7	92.14213	194.72455	732.19226	-60.01705	219.85458	102.16554	386.22156	60.204712	177.78572	239.0	34999	966.52454	345.90152	2159.0293	-593.918	-1003.449	2430.4507	145.5391321182251	20.79130486079625
8	238.32379	178.99586	759.443	8.273306	312.45728	125.54465	557.9046	177.7407	191.03847	199.8	39999	1023.70233	370.22522	2106.5364	-449.95236	-1059.4775	2310.1216	167.61704802513123	20.952131241559982
9	178.06627	232.70786	967.7758	-13.754988	94.57512	89.99402	282.4355	17.537022	183.7037	121.4	44999	1074.6621	373.5713	1899.1849	-657.21606	-1108.3824	2358.6091	189.03319263458252	21.003688282436794
10	181.84393	81.72651	374.2648	-56.44129	165.24216	94.6848	372.64297	75.12711	141.38889	135.3	49999	1075.8451	370.7076	1890.4346	-559.8331	-1106.6678	2147.8245	210.62766361236572	21.06276652812958
11	135.24307	146.69106	804.92737	2.8467786	168.30183	58.680756	289.46863	116.60465	122.14634	137.1	54999	1058.161	361.34744	1829.3242	-747.7326	-1086.8292	2019.3894	232.21392965316772	21.110357414592396
12	78.72078	131.17787	243.75812	-386.56287	172.06758	156.442	584.2668	14.881812	175.64285	186.8	59999	1014.00903	342.44147	1748.3314	-779.87756	-1039.4119	1864.6844	254.22338676452637	21.185282389322918
13	107.25807	97.235634	399.2212	-36.56443	-5.0587354	2.1676834	-1.0685849	-7.3753257	117.76744	19.7	64999	976.3919	324.69696	1710.3727	-1446.184	-1001.1138	1829.9846	275.45522022247314	21.18886322241563
14	32.12578	99.80513	436.93695	-110.99633	64.86696	49.4482	144.41313	-7.9582934	118.59524	280.8	69999	964.14905	323.826	1597.7899	-692.1123	-988.2684	1886.8954	297.8189117908478	21.27277954987117
15	151.32147	151.13367	542.1783	-12.481683	160.60329	100.87758	402.029	54.88064	263.52942	215.6	74999	938.23456	317.28897	1532.6217	-1162.2539	-960.9022	1733.3292	319.90531754493713	21.327021312713622
16	187.34395	143.40178	475.90134	-43.78379	173.87277	265.5914	847.4434	-177.20354	251.18182	282.6	79999	919.0442	305.46066	1513.7672	-718.97144	-940.5151	1614.1752	342.0583612918854	21.378647685050964
17	163.87167	130.54604	464.13788	-7.152802	154.70468	55.077065	294.38397	94.47408	153.8125	138.0	84999	894.2095	293.85614	1518.75	-598.0037	-914.0497	1475.0586	363.56268882751465	21.386040645487167
18	169.89493	154.35829	812.5448	8.029653	53.674366	46.872993	147.96257	0.83750135	177.28572	164.2	89999	867.4306	285.65253	1523.1025	-693.15625	-886.3616	1456.2999	385.6215629577637	21.423420310020447
19	117.91301	207.13486	723.6502	-196.44164	64.871124	121.552185	271.30682	-116.24139	257.3	228.0	94999	849.1235	277.27985	1450.532	-1158.3784	-867.3916	1306.0978	407.3930764198303	21.44174095204002
20	99.082924	99.23264	272.97946	-41.661312	125.605446	102.83492	329.03128	2.7732139	252.89473	216.0	99999	843.42255	267.6269	1329.5625	-720.05365	-861.8914	1247.7788	429.63402032852173	21.48170111179352
21	123.00938	133.5982	425.9146	-46.38412	17.451048	135.48305	303.11417	-300.50867	228.54546	187.5	104999	830.07556	257.5595	1327.6425	-577.5014	-847.1758	1191.4017	451.7408525943756	21.511469261986868
22	178.06741	163.98558	544.99066	-16.330135	177.66837	168.62244	615.58716	12.270042	234.09525	299.9	109999	801.7314	247.34128	1282.1338	-938.4505	-817.6271	1127.1005	474.06289196014404	21.548313357613303
23	172.58	203.64102	684.08594	-76.70033	62.321022	76.14597	236.98221	-41.576817	196.31818	144.4	114999	777.2174	236.65155	1282.0587	-568.7467	-792.2943	1063.6892	495.64999055862427	21.549999672433604
24	190.12816	271.65076	988.6155	-197.32164	122.259995	318.5931	925.8157	-374.64893	295.5	375.1	119999	755.2327	229.45021	1315.7202	-560.5145	-769.3295	1008.9645	518.3970019817352	21.599875181913376
25	152.77261	135.70631	578.6332	-103.662315	-2.7190843	0.35905576	-1.9610823	-3.2536182	201.0	17.3	124999	732.0813	224.92155	1356.5701	-512.16583	-745.8727	943.6028	539.5593585968018	21.582374420166015
26	74.83303	120.32079	437.6878	-36.408413	338.44354	145.0088	694.801	196.35843	101.117645	238.0	129999	715.7334	218.6282	1297.892	-585.20667	-729.1868	926.7972	561.8968920707703	21.611419008328365
27	71.42629	112.454155	442.0967	-154.49413	98.60964	92.15432	282.05795	-33.328037	134.67567	148.5	134999	698.7952	210.8798	1215.0444	-601.5441	-711.8368	938.5588	583.2738389968872	21.60273485713535
28	135.7507	142.0515	617.0375	-41.17224	145.05127	104.9616	425.94086	37.4917	166.8	159.2	139999	682.76685	204.16905	1199.1421	-585.26654	-695.3018	852.5596	604.8640801906586	21.6022886463574
29	151.91216	100.555626	431.74533	17.176174	230.51314	108.34799	424.52203	98.78548	159.36667	185.8	144999	663.56384	194.08539	1188.1031	-734.95056	-675.6936	816.3894	626.7569873332977	21.612309973815393
30	233.71338	134.63066	679.4968	56.548325	220.33794	158.08635	523.3793	46.97362	149.14285	146.8	149999	641.4799	188.00565	1240.7737	-596.1978	-653.0191	782.9176	648.3765153884888	21.612550584475198
31	177.30745	177.13847	621.3215	-108.80121	180.41298	116.72527	404.24527	30.210371	184.96153	182.6	154999	617.6918	179.18858	1316.4866	-520.17395	-628.4426	713.1567	669.7861361503601	21.606004461165398
32	163.91843	219.51987	1046.4509	-55.176483	152.64395	138.73778	381.18176	-41.426205	145.02777	179.8	159999	594.05145	171.1376	1458.272	-512.5814	-604.5264	678.16376	691.7006711959839	21.61564602702856
33	211.01242	161.5624	887.9693	-4.6745396	230.28268	93.52069	324.19397	23.141924	178.44444	189.6	164999	573.7466	165.84468	1635.5356	-403.80383	-583.60547	633.1723	713.5707399845123	21.623355814904876
34	212.38782	137.96896	502.14886	-33.75469	172.64326	136.00276	495.18048	-15.509971	205.0	228.7	169999	557.07104	161.33768	1837.781	-510.56506	-566.8578	612.04816	735.535304069519	21.633391373297748
35	211.64108	191.20554	905.76874	-0.9937451	234.64185	150.3621	429.44217	25.088593	241.09525	139.7	174999	554.9256	165.87859	1859.7201	-362.9897	-564.9464	624.5862	756.7872009277344	21.62249151638576
36	66.05421	133.64182	477.08896	-242.10756	-11.054864	60.1175	69.83214	-118.38594	192.5	190.1	179999	571.85944	178.86147	1787.1527	-420.97708	-583.2408	737.1948	778.367463350296	21.621318499247234
37	111.95188	107.52058	288.2137	-88.47593	159.36143	118.05036	312.65234	-54.06082	189.4	205.0	184999	625.1457	207.71242	1759.3419	-749.1562	-639.42035	942.872	800.318393945694	21.630226914947098
38	162.2371	109.85725	393.5474	-34.365982	214.7587	35.074512	289.93356	143.63512	191.7037	105.4	189999	739.05164	254.82796	1723.3246	-543.7521	-758.1289	1325.174	821.8604207038879	21.627905858190434
39	426.07074	297.61603	919.34576	70.00644	516.7169	238.17027	952.3754	137.03279	230.4762	232.2	194999	867.2456	279.8627	1632.5742	-508.33948	-886.7078	1633.1198	843.8971762657166	21.63838917781145
40	331.66406	340.4849	1196.175	12.428383	614.7901	424.0522	1563.3768	251.83684	184.48148	285.1	199999	905.38763	276.39743	1585.567	-871.69586	-922.6422	1519.9254	865.9643442630768	21.64910864830017
41	229.39012	218.34	1028.8066	19.294296	235.14151	148.54149	626.0906	107.99352	174.53572	176.3	204999	897.5956	265.091	1691.183	-2169.8416	-913.3476	1514.5236	887.8201367855072	21.654149730031083
42	136.9403	199.18707	857.22253	-197.90697	211.65645	98.402565	389.2163	116.225365	196.96153	196.4	209999	875.0651	257.95496	1738.4171	-548.91943	-890.1788	1421.6532	909.7860488891602	21.661572638012114
43	255.5996	329.8942	1010.88495	-132.3216	-54.95271	80.030014	53.315067	-207.13167	336.33334	263.0	214999	872.61316	258.80072	1741.9104	-819.49066	-888.6804	1429.4182	931.6857006549835	21.6671093619147
44	86.0763	149.81935	428.95947	-233.31003	231.12466	241.92107	894.1258	-12.794498	228.22728	344.1	219999	907.72943	272.9024	1651.3971	-1239.6321	-925.619	1624.0372	953.9369914531708	21.680386207320474
45	164.92043	201.86157	759.69257	-170.02042	128.96887	282.8545	856.7707	-380.27985	260.5	222.7	224999	932.8108	274.70035	1619.4777	-483.3345	-949.6852	1625.95	975.7755150794983	21.683900372187296
46	433.7164	372.05487	1134.2438	-28.961145	503.5297	347.4221	1116.1063	-32.605064	364.0	403.3	229999	912.3532	261.8435	1460.3435	-635.01337	-927.6106	1489.9967	998.339081287384	21.70302354771158
47	209.42218	277.54132	1105.4069	-113.310844	475.8509	385.4189	1161.3458	2.9777882	271.66666	360.4	234999	885.02136	247.23552	1384.7621	-754.1817	-899.5062	1357.227	1020.8106424808502	21.719375417587607
48	160.45003	173.73198	649.00507	-62.500076	130.4148	124.56927	423.97266	17.306551	211.79167	167.6	239999	857.78876	236.6975	1415.1649	-701.28455	-871.549	1285.581	1042.3813178539276	21.716277490059536
49	126.76301	188.97375	661.14514	-245.67975	239.42326	299.62057	1092.2172	-9.227476	227.59091	252.6	244999	830.4757	223.19888	1387.1073	-693.9939	-843.7051	1197.2198	1064.3163921833038	21.72074273654393
50	272.8059	220.12752	826.245	12.070089	564.21814	282.697	954.97253	174.64604	271.94116	317.7	249999	804.45593	213.30507	1301.6289	-786.0431	-817.10864	1110.0059	1086.5209324359894	21.730418691635133
51	198.89891	357.6687	1086.5747	-258.3331	4.4190507	164.39401	212.39944	-316.2402	328.875	209.2	254999	772.0129	204.63942	1329.1444	-491.0526	-783.6417	994.9941	1108.524267911911	21.73576999645607
52	318.10654	352.23672	1326.455	-98.826	362.16006	343.975	1028.7573	31.869854	266.35294	253.0	259999	735.2067	195.05832	1224.2477	-606.14087	-746.2009	940.0044	1130.4685180187225	21.739779233932495
53	408.84772	346.888	1029.6233	21.83172	629.41797	374.5751	1197.7257	97.657425	371.33334	481.5	264999	700.06696	183.34808	1147.748	-762.2326	-710.3575	822.9387	1153.640635728836	21.766804488200062
54	379.2497	274.8124	1129.2909	19.45272	75.99642	115.44663	318.09268	-29.716928	318.0625	195.4	269999	672.45233	173.61032	1057.4791	-867.6439	-682.7606	764.4919	1175.5079536437988	21.768665843539768
55	416.05685	298.4317	1212.7086	-21.110651	520.8698	323.1535	1412.9622	121.31275	313.4	365.3	274999	647.72424	168.2023	1022.76666	-536.86285	-657.46	729.0194	1198.1332104206085	21.784240228479558
56	315.64047	277.68576	1000.50256	-23.492512	471.8353	342.35913	1134.7885	95.75271	226.04347	325.6	279999	626.9864	159.73851	1033.5618	-490.64783	-636.576	686.5285	1220.3478376865387	21.791925707033702
57	221.16464	217.82684	822.23596	4.5346785	28.471684	133.49289	173.65279	-292.25757	181.78572	214.1	284999	615.58875	156.54471	943.7676	-549.07623	-625.0004	682.8984	1241.7514865398407	21.785113836589613
58	452.71863	443.49496	1341.3866	-171.52553	302.57056	427.76486	1264.9185	12.3092165	414.0	306.0	289999	602.72327	152.02	966.28046	-591.4466	-611.6913	615.1031	1263.9052317142487	21.79146954931062
59	396.33478	347.17474	1474.3678	12.669656	805.15497	665.3111	2090.2031	268.80597	244.52632	384.6	294999	584.37256	147.4309	958.17065	-504.08304	-592.9551	606.3622	1286.4139158725739	21.80362572508343
60	593.4152	468.86627	1670.9683	10.286036	212.63364	163.00572	626.81244	64.97883	313.625	137.3	299999	565.20667	140.83134	895.10345	-648.04175	-573.3088	561.2309	1307.9755444526672	21.799592447280883
61	514.6387	540.9226	1694.5906	-44.473278	285.23032	202.38472	588.4017	46.4709	331.6875	208.0	304999	543.20575	135.4632	887.05396	-649.4952	-550.9121	529.1985	1329.9440631866455	21.80236171894386
62	606.0453	611.2184	1864.8693	-24.658264	795.754	748.1953	2316.4585	115.42765	387.46155	380.1	309999	526.03253	130.46141	850.3624	-493.04196	-533.4974	476.6973	1352.66659283638	21.817203141027882
63	653.8207	519.6437	1674.9618	-4.296069	1313.1282	889.38544	2830.6226	313.6547	347.92307	555.0	314999	508.97717	126.28346	817.37616	-588.458	-516.247	456.85196	1375.7563180923462	21.837401908541484
64	753.87415	486.185	1878.1227	137.80214	380.6063	306.22012	1020.3108	-34.58264	414.0	223.4	319999	494.78436	120.617325	793.382	-557.7659	-501.80624	431.0022	1397.4199228286743	21.83468632772565
65	530.99207	444.00296	1822.9547	77.240265	358.34253	214.03452	632.54926	0.64461815	304.0	178.7	324999	480.68146	116.22791	794.27313	-496.86722	-487.2485	395.9095	1419.0223035812378	21.8311123921321
66	547.4321	500.8062	2025.8143	-37.554764	513.146	328.88937	1303.8878	182.45874	247.85715	218.1	329999	469.242	112.91504	794.9143	-471.77884	-475.7518	379.14868	1440.8010065555573	21.830318310044028
67	512.0923	442.43307	1926.6418	127.56727	577.2328	317.52603	1234.2932	172.06363	246.29411	253.7	334999	459.32538	111.666794	779.91113	-499.95685	-465.74286	373.82373	1462.9787576198578	21.835503873540393
68	666.0087	636.8213	2639.2844	46.19708	1090.3838	529.7539	1813.3297	151.07692	277.45	709.1	339999	451.49838	108.57371	718.70154	-692.4006	-457.73105	346.7884	1487.0427532196045	21.868275807184332
69	779.2786	538.9705	2129.1648	133.39604	232.14401	141.67435	480.709	7.175808	332.75	181.0	344999	443.1014	105.747665	700.03595	-269.38675	-449.1248	333.71774	1508.6875462532043	21.86503693331843
70	725.0677	447.70486	1498.245	117.66595	660.4481	533.51227	1803.9396	158.62192	329.06668	266.2	349999	434.13348	103.4867	689.39404	-390.42502	-439.9111	318.65405	1530.6502695083618	21.866432448795862
71	684.4286	485.84338	1930.8414	157.58305	1051.5822	637.7806	2727.9458	358.45145	333.42856	461.6	354999	426.41132	102.69245	654.76825	-389.39886	-431.9894	302.1425	1553.5340609550476	21.88076144205013
72	957.8424	676.77997	2448.3892	106.067276	747.4735	365.83252	1316.2118	174.51036	521.0	307.7	359999	416.6693	100.80643	651.5649	-370.11133	-422.11896	290.09924	1575.669750213623	21.884302109479904
73	372.102	526.82227	2079.3276	-12.205936	142.72086	294.18304	864.1161	-147.1192	259.2	306.2	364999	410.78998	100.0057	624.2602	-329.24982	-416.2147	279.96713	1597.9971957206726	21.890372570246868
74	306.53165	381.7242	1379.8728	-45.270966	377.24887	467.99792	1365.8328	46.23018	230.4	262.0	369999	408.3985	98.36571	630.5203	-337.84814	-413.84787	282.6504	1620.1633262634277	21.89409903255669
75	645.0488	564.7083	1842.581	-44.74147	499.21347	322.79987	1059.7751	161.74791	337.46667	248.3	374999	405.88016	97.66262	660.8847	-305.24924	-411.29883	267.75446	1642.1556737422943	21.895409008661908
76	880.9358	542.6207	2266.4355	237.6771	835.9674	375.24985	1054.1956	63.262135	331.5	813.8	379999	406.13437	96.83324	640.6489	-343.68576	-411.62604	275.75424	1666.8658382892609	21.93244526574486
77	536.84595	397.2288	1537.1846	61.1917	569.1168	287.46075	1146.7007	220.57454	263.5263	249.9	384999	405.8155	97.610146	648.9802	-354.54663	-411.2555	277.10785	1688.6814029216766	21.930927335441886
78	988.9799	563.7632	2125.1094	69.243034	535.08655	491.63284	1774.6316	128.71968	319.93332	228.9	389999	406.32358	98.586296	643.3206	-549.01434	-411.8098	284.79526	1710.5027570724487	21.929522551023044
79	717.6375	589.446	2517.2937	88.385025	275.84836	482.9665	1573.2931	8.2723875	257.05	112.7	394999	408.65854	98.41801	661.22455	-405.77173	-414.16995	283.22736	1731.9611229896545	21.923558546017997
80	758.8482	401.4141	1670.354	152.12015	1326.889	906.11127	2665.8845	179.00735	299.2353	547.4	399999	413.71094	98.397964	641.1883	-441.4011	-419.26505	283.5129	1755.0779941082	21.938474950194358
81	525.2321	596.5552	2435.7974	2.5822206	1324.4717	775.9881	3216.556	370.21317	234.80952	424.7	404999	416.04306	99.38265	644.0946	-299.4291	-421.5845	289.53314	1777.5179328918457	21.94466586466189
82	803.00616	736.9488	2751.464	83.238	438.1604	346.4418	1246.7039	131.54477	292.17648	168.5	409999	418.91592	98.331696	635.5574	-510.97482	-424.45425	302.358	1799.0376336574554	21.93948336054639
83	1099.8782	870.1902	3029.8494	96.28285	844.9625	637.45123	2262.659	73.88013	359.7143	346.6	414999	421.31094	97.67303	626.25745	-533.8007	-426.8069	294.6281	1821.230631828308	21.942537755851287
84	1229.9451	650.43445	2462.4143	222.05023	676.17377	343.32718	1532.2119	286.93	399.0	291.9	419999	424.6142	97.96656	633.75305	-497.89883	-430.1708	305.76932	1843.3468911647797	21.94460586990629
85	581.2264	613.47034	2254.8438	25.83866	813.9574	785.9307	2604.8188	159.14018	219.04167	301.5	424999	429.13525	97.10246	642.2959	-435.6694	-434.7208	309.12854	1865.5038447380066	21.947104080985575
86	836.11505	780.0136	3067.8513	7.0430417	705.79114	427.2201	1599.3596	200.9242	311.9375	283.4	429999	433.8308	98.34655	642.80835	-319.261	-439.52576	320.91788	1887.407124042511	21.946594490561374
87	738.7609	636.5306	2173.292	116.74318	851.6793	718.2213	2556.1401	121.6835	278.94446	287.5	434999	437.52472	97.30255	624.4517	-464.85858	-443.0532	330.12354	1909.3000378608704	21.94597747134066
88	648.6932	625.4113	2417.5427	14.616144	575.65173	554.43176	2026.9485	93.12139	246.65	246.1	439999	435.37576	96.786896	629.2832	-503.35687	-440.7144	324.7462	1931.2399747371674	21.945908828215167
89	617.12494	397.20352	1717.3615	136.0077	372.04706	414.71387	1318.5675	23.458662	234.85715	142.8	444999	435.09888	95.363815	643.2132	-485.66635	-440.5872	325.8768	1952.6620752811432	21.940023339196536
90	1140.7466	670.6612	2552.766	200.33516	1019.86456	828.66174	2530.1255	197.98987	338.2	393.1	449999	435.88907	94.67472	650.458	-484.38895	-441.3408	317.96375	1975.0807876586914	21.94534210364024
91	943.011	552.62085	2494.3027	437.61478	692.7047	395.41113	1474.5555	225.85022	308.73334	247.5	454999	438.5935	94.864075	688.1392	-425.29755	-444.11145	328.47723	1996.9331290721893	21.94432012327425
92	719.8451	679.43964	2246.2935	7.809549	1215.3885	702.8589	2670.0693	245.15472	271.6	398.4	459999	442.61005	95.48497	652.2481	-327.8275	-448.2085	340.4012	2019.4096443653107	21.950104858564295
93	772.85095	963.21484	3179.5393	4.5691433	865.45264	1137.8911	3985.256	197.71947	225.75	277.0	464999	446.03452	95.06922	656.5	-395.46606	-451.5951	341.80518	2041.4932482242584	21.951540323995776
94	735.7243	705.75964	2521.4067	34.30551	841.60565	367.10004	1630.1653	426.4806	260.2381	273.8	469999	445.83066	95.0989	652.99347	-646.4874	-451.13724	345.4938	2063.4230144023895	21.951308684146152
95	1307.7928	1617.2642	4277.276	-1.0495245	2307.7683	1687.4825	4124.165	239.04836	382.07693	625.1	474999	446.00708	95.64863	644.8672	-456.7249	-451.4895	340.35583	2086.989184856415	21.968307229092247
96	1437.6329	862.349	3372.0525	178.81775	469.23804	590.84674	1656.2905	154.3318	417.5	173.1	479999	449.42905	94.37722	680.1141	-725.0186	-454.8991	351.4816	2108.60924744606	21.964679678281147
97	1188.8585	1040.637	3864.4595	150.0203	1118.4192	1073.6649	3591.1697	91.8472	375.15384	332.9	484999	451.54608	94.56514	683.5954	-377.00473	-456.9774	347.03662	2130.7405059337616	21.966396988052683
98	1366.2357	1334.835	3617.2197	91.697266	1437.7605	1584.1765	4387.7666	127.49671	427.16666	405.9	489999	450.45477	94.39374	670.80927	-349.64526	-455.69034	357.33917	2153.3976757526398	21.973445692840887
99	820.5422	717.2608	3137.6978	104.702866	988.7158	539.68115	2076.443	457.73648	252.78947	308.1	494999	448.73438	93.373505	655.3256	-576.01434	-453.9951	330.3554	2175.455223083496	21.97429520433599
100	867.53076	472.1891	1576.1897	174.78801	1144.801	1239.0413	4278.6006	90.213875	296.35294	314.2	499999	448.13174	94.06881	664.5577	-331.22693	-453.23495	344.12726	2197.6418178081512	21.97641819477081
101	1052.0491	762.5602	2701.9863	111.45994	2386.0864	1266.5508	4340.7925	200.64171	335.6	661.0	504999	447.2318	94.166664	670.48267	-526.30426	-452.4673	345.2914	2220.888585329056	21.988995913231726
102	962.1253	719.337	3127.8367	155.87567	1097.1958	954.7637	3596.9055	366.90665	299.625	291.8	509999	450.87445	95.29696	691.4199	-598.47034	-456.25446	335.7972	2243.0523521900177	21.99070935389575
103	1210.0929	885.0814	2812.9158	168.76718	696.35675	475.71985	1792.0873	187.73253	346.73334	226.9	514999	454.5361	94.651825	731.4401	-405.19452	-459.9408	356.28415	2265.0279326438904	21.99056246905651
104	927.79926	983.8463	3191.4707	91.81486	741.5526	664.4481	2185.9297	78.70644	277.22223	299.1	519999	459.3999	96.023254	733.2389	-365.2122	-464.8261	352.56964	2287.318024635315	21.99344256061774
105	825.2354	912.53546	3548.0757	96.24374	1218.7992	684.9695	2930.895	447.67926	284.83334	360.5	524999	463.74063	95.2089	737.4388	-425.26706	-469.1577	372.23843	2309.640345811844	21.996574740182787
106	900.82196	830.96094	2951.805	116.35254	783.0826	919.01154	3284.682	85.06644	291.11765	271.8	529999	465.0979	97.86522	722.0771	-446.37375	-470.4797	373.94226	2331.6853330135345	21.997031459268534
107	1076.0848	986.3446	3988.208	83.48359	1173.8857	522.6222	2367.8345	452.9958	329.33334	358.2	534999	468.10077	98.83127	727.90643	-683.5602	-473.54114	377.7758	2354.1389634609222	22.00129874175954
108	772.0921	938.566	3619.8428	101.83862	1417.8868	1257.4749	3896.6992	114.61724	247.85	376.7	539999	471.37302	98.80445	738.9468	-413.6497	-476.7336	381.28595	2376.5629580020905	22.005212589546485
109	604.9716	667.20123	2893.389	70.99606	1593.9644	1031.2164	3364.03	442.70105	209.875	468.5	544999	470.4841	100.56306	726.4389	-471.53412	-475.831	395.70938	2399.158643245697	22.01062977204629
110	1079.5132	1020.44977	3341.735	172.6935	1341.2106	1191.9084	4133.5635	73.13436	345.7857	403.4	549999	471.9575	100.223434	729.0045	-459.6059	-477.31955	374.3178	2421.6971714496613	22.015428846532647
111	1216.7373	899.1504	3120.4639	86.60472	1066.1335	651.5043	2332.2688	124.277306	370.7143	309.9	554999	471.9975	100.2517	735.57324	-361.3753	-477.30835	384.8255	2443.689712524414	22.01522265468632
112	986.68195	836.10187	2948.5823	41.787727	1169.8394	566.4145	2561.2915	380.01303	326.4	430.4	559999	474.2744	101.151184	740.55334	-419.64383	-479.7308	391.416	2466.335574388504	22.0208533597844
113	2054.6855	769.4079	3239.5935	797.97363	941.11395	584.33014	1903.3292	99.23394	565.5	299.7	564999	474.21164	102.84104	729.87476	-501.0056	-479.39426	377.66757	2488.5018475055695	22.022140258181413
114	1300.6179	1192.9594	3897.9648	27.20538	446.54843	538.2761	1751.1052	65.66427	453.83334	192.4	569999	474.74417	100.3338	715.55524	-389.66174	-479.9639	383.25385	2509.9914498329163	22.017468874914606
115	1136.9182	1231.5206	3672.1748	7.03571	1572.585	1081.1522	3866.9675	156.16309	322.4375	363.5	574999	473.02377	99.78586	718.5935	-539.91296	-478.2781	390.1376	2532.47088766098	22.021485996246337
116	1412.659	1123.692	3477.8562	131.43906	750.6188	688.72876	2409.5981	70.47234	425.5	237.9	579999	473.66815	100.76375	701.595	-461.72852	-478.8436	390.17877	2554.3688995838165	22.02042156457901
117	773.38855	650.97076	2446.6746	80.83827	1159.7142	899.3513	2457.9158	110.80885	237.71428	311.7	584999	472.13165	99.19083	722.4088	-414.3947	-477.1782	384.6219	2576.317347764969	22.019806407455704
118	693.87823	785.78894	2656.7454	62.764652	1413.9509	1015.2984	3054.838	413.53604	216.90909	504.2	589999	469.74728	99.5138	710.47345	-356.39194	-474.7193	384.73306	2599.023791074753	22.025625364255095
119	892.47266	689.88727	1884.7466	51.468586	660.0062	408.87787	1368.1135	41.041996	295.58823	188.0	594999	469.0626	99.4031	703.34515	-339.67184	-474.05606	380.39987	2620.6428773403168	22.02220906930811
120	950.93134	990.8918	3642.9448	29.09824	1282.112	914.12726	2952.5105	33.851166	282.33334	329.4	599999	469.4376	99.77637	717.98895	-314.5847	-474.49744	386.03104	2642.892090320587	22.02410076657931
121	719.5275	680.8804	2624.4707	4.4688973	1885.7709	1532.9816	4488.834	156.91129	210.125	489.9	604999	472.36093	99.924614	713.1743	-432.49017	-477.5031	385.77234	2666.08974814415	22.033799585232064
122	1280.0219	965.19135	3427.6506	91.0233	1579.625	1584.7614	4816.3423	58.84262	342.14285	383.0	609999	473.85126	100.12381	703.6082	-438.13565	-478.9004	405.0126	2688.600594997406	22.037709918178496
123	1565.9839	1175.5348	3678.89	178.11592	730.55115	958.02527	3258.5366	129.85431	419.08334	220.1	614999	473.8437	99.42585	701.802	-464.5913	-478.81754	390.72684	2710.448792695999	22.036169061815837
124	825.6504	618.97107	2581.9656	63.88962	1312.7733	759.88574	3213.0674	676.29913	241.4762	343.4	619999	472.32452	100.155685	719.6666	-360.88177	-477.2375	391.65717	2732.9669263362885	22.04005587293256
125	722.22656	755.38635	3177.3757	23.32724	1729.7542	1127.5126	3304.0945	279.69687	226.04546	473.9	624999	471.82037	100.18954	702.1371	-459.0876	-476.7825	393.1335	2755.7557299137115	22.046045852661134
126	1446.8339	1023.7698	3359.235	221.47273	821.22656	607.56647	2356.2036	143.66782	423.41666	369.5	629999	471.51935	100.56765	727.649	-375.68533	-476.5155	399.47076	2778.1692249774933	22.048962118133666
127	1182.9725	1161.1605	4680.116	48.569183	2224.0627	1241.9734	4443.6445	637.6007	333.86667	554.1	634999	471.8975	99.70899	696.9576	-314.94916	-476.7943	383.2764	2801.3274924755096	22.05769680804155
128	802.8724	622.87805	1802.1226	51.970325	1067.145	1067.8851	3631.37	186.38329	256.3	321.2	639999	470.61237	98.769844	709.69446	-460.7986	-475.4891	402.29446	2823.722588777542	22.060332743451
129	1366.1271	1122.3315	3063.0493	85.643616	1109.8447	1086.6864	4069.9587	111.066154	383.6154	347.7	644999	468.0907	98.62953	717.98334	-401.81302	-472.8193	394.27023	2846.235244512558	22.06383911953416
130	906.08484	583.7692	1715.9694	131.01259	718.15497	477.1378	1327.9243	70.20532	335.42856	269.8	649999	466.72507	98.239044	728.02386	-491.45822	-471.56244	399.8802	2868.4309096336365	22.064853165699887
131	643.8187	480.59753	1640.5919	-6.68432	811.94104	1032.9443	3540.024	139.64687	231.14285	248.1	654999	467.61313	99.02791	717.62445	-452.1844	-472.40686	400.9944	2890.402504682541	22.064141269858556
132	1185.5383	990.5851	4120.366	70.05463	1584.7478	1116.294	3933.668	196.29219	351.46667	453.6	659999	467.74017	97.57622	701.7803	-508.49588	-472.44934	393.70486	2913.021305322647	22.068343234784674
133	1091.963	996.95483	3464.58	90.827194	771.76575	893.5455	2674.618	86.44272	338.4	384.8	664999	467.39328	97.84903	714.8822	-418.9982	-472.15536	395.58035	2935.294206380844	22.069881263532135
134	1202.7715	1053.7649	3753.9714	91.355316	994.925	899.4528	2846.2256	127.41179	395.0	285.6	669999	468.51205	98.53407	739.34955	-523.9155	-473.3952	403.5142	2957.463500022888	22.070623146953867
135	1501.6167	1221.8043	4115.3394	89.32828	1226.6311	1366.5575	4314.84	98.631775	488.36365	382.3	674999	472.5659	97.35866	704.766	-410.7028	-477.4902	402.17236	2979.782360315323	22.07246194239016
136	1379.6993	1578.7927	4441.2256	41.720215	1243.9695	1012.05536	3153.512	139.99413	403.58334	443.4	679999	474.41553	96.56775	718.53375	-398.56802	-479.1788	388.3889	3002.391026496887	22.076404622372458
137	864.84375	587.3465	2133.3252	116.42031	2131.391	1668.8699	4421.6953	102.64243	285.2353	568.2	684999	471.7195	97.570335	727.82776	-446.71118	-476.5031	409.75513	3025.7396187782288	22.08569066193852
138	1498.423	1134.5059	4034.933	137.35303	676.31744	620.3944	2137.186	28.758722	443.33334	233.9	689999	473.2149	98.11467	735.0841	-427.595	-477.9841	406.4669	3047.2972555160522	22.081864185955215
139	782.97156	1214.5297	4661.919	-5.4708996	1693.4467	1264.039	3878.2795	81.29726	231.80952	441.7	694999	473.37476	99.28239	718.7776	-476.47913	-478.2034	409.7169	3069.859183549881	22.085317879272022
140	1081.9292	955.49963	3783.863	73.068214	2482.884	1155.6439	4026.0022	710.1512	325.53845	651.4	699999	473.5901	100.136536	730.2115	-490.32053	-478.2749	385.60324	3093.4426510334015	22.096018951279778
141	1719.0938	958.52856	4063.7998	431.28552	696.12756	1363.4609	4750.677	110.13031	449.76923	196.4	704999	474.6757	100.484924	744.5751	-545.7957	-479.4605	408.71902	3114.995984315872	22.092170115058305
142	2446.4011	1490.2618	4649.6064	245.89781	1540.8723	1180.2828	4137.3164	149.5764	603.875	391.7	709999	477.22147	100.37514	739.99854	-399.82553	-481.974	400.9488	3137.5588195323944	22.095484659705363
143	1472.7549	1390.9982	4451.67	117.94848	1987.6451	1087.8317	3810.021	648.67896	391.83334	539.8	714999	478.65378	100.1249	730.2491	-437.03015	-483.362	402.45197	3160.631558418274	22.10231860200842
144	1900.6827	801.9234	3385.5193	778.8933	2226.8713	1913.6052	4926.5405	229.26627	586.0	490.7	719999	479.2033	99.63313	742.53595	-300.2842	-484.00336	411.89688	3183.773652791977	22.109539268745316
145	1258.6074	1134.6752	4062.2744	100.51314	2135.4175	1692.4193	4393.7695	226.29333	321.0625	543.0	724999	481.564	99.10875	718.3687	-414.53586	-486.39984	417.3788	3206.793466091156	22.11581702067934
146	1412.9102	1452.3899	4513.62	115.5431	1638.5436	851.9195	3448.3098	494.21503	393.91666	405.9	729999	480.93607	96.649345	744.19946	-359.99786	-485.5226	412.6475	3229.2548751831055	22.118184089660645
147	1077.6604	1040.2661	3377.6875	14.663549	930.3919	876.2558	2930.0737	158.01857	308.0	324.1	734999	479.1405	94.96572	730.2774	-415.6184	-483.83066	393.0983	3251.5915734767914	22.11967058084449
148	903.7037	813.9246	2895.6409	1.56425	1736.8373	1119.1255	3587.4976	167.96693	256.77777	417.3	739999	481.11545	95.12855	721.5774	-483.67383	-485.8445	404.53864	3274.069385290146	22.122090454037124
149	1523.1387	1436.6282	4219.445	55.449715	2419.5063	1771.9418	4466.68	142.84317	445.72726	641.0	744999	482.35858	93.59931	719.8417	-641.41046	-487.10745	403.7098	3297.6136813163757	22.13163545947747
150	1134.0552	1185.8147	3699.1614	96.535194	1009.1706	1500.5133	4947.0024	106.89249	348.375	257.9	749999	483.43515	90.5728	715.33075	-401.84372	-488.1249	402.0206	3319.3519401550293	22.12901294708252
151	1312.8123	1267.3883	3773.2478	68.74549	1240.4807	1215.5579	4525.175	144.56473	381.84616	354.1	754999	484.03708	88.97308	738.92316	-434.83124	-488.6375	391.6328	3341.9242384433746	22.131948611594193
152	2098.1616	1194.9324	4144.202	457.46854	1776.5023	1496.5623	4499.4893	105.49336	554.1111	456.7	759999	482.46133	90.61413	714.5953	-365.59784	-487.021	401.4332	3364.781049013138	22.136717438697815
153	1457.4347	1110.653	4006.285	109.07685	2889.5789	1836.0247	4798.9663	187.81053	458.45456	663.0	764999	482.11765	90.601845	730.2456	-362.0273	-486.6932	403.45984	3388.2485916614532	22.145415645798828
154	1685.4109	1502.2712	4760.9326	125.39312	1406.2866	1057.1613	3026.1704	212.75162	414.1	371.9	769999	481.4144	91.38473	726.4805	-552.2096	-485.9477	394.88144	3410.636909723282	22.146992932666432
155	2922.532	1674.8109	4880.572	358.69498	1248.8937	1080.6256	3663.7107	147.15152	706.75	341.0	774999	480.7062	91.48235	785.3768	-390.97223	-485.1663	395.9509	3432.79834318161	22.147086095809936
156	1698.1831	1309.4255	4410.459	94.19442	2441.103	1750.3495	4705.8096	172.56621	434.81818	588.4	779999	480.27835	91.49814	724.2225	-676.76465	-484.78995	393.0307	3455.9705216884613	22.153657204065567
157	1623.2037	1592.3987	4048.8186	115.26508	1994.7875	1421.212	4298.463	272.46564	427.58334	527.9	784999	479.7528	92.33412	837.0829	-523.2181	-484.1957	400.5273	3478.853312253952	22.158301364084718
158	1374.521	1247.5634	4434.454	93.59469	1322.525	1364.7996	3467.7715	76.2242	405.33334	363.4	789999	479.712	94.40265	725.6832	-326.38492	-484.20596	395.58405	3501.2797269821167	22.15999828411054
159	851.8055	943.30994	3394.038	69.4131	837.4588	569.4055	1716.4685	190.97482	271.5	256.1	794999	479.2108	97.84578	738.612	-335.2836	-483.61435	391.58304	3523.0960409641266	22.15783674611985
160	1575.328	1294.9241	4385.008	138.54262	1716.5479	1383.734	4681.1587	9.29574	414.27274	409.0	799999	483.8524	100.29041	725.77374	-505.3076	-488.53305	405.35782	3545.7964010238647	22.1612275198102
161	1500.2227	1131.3636	4498.8267	137.48433	1409.6729	1312.0624	3703.4543	90.8993	405.23077	445.6	804999	487.73886	102.987236	733.41516	-382.64743	-492.3477	417.114	3568.5545542240143	22.16493513273156
162	1266.6874	1220.8444	3861.725	-12.193631	1537.2476	1672.6814	4261.463	18.005943	325.93332	459.0	809999	490.68866	104.04905	753.3072	-448.6138	-495.2803	433.1202	3591.3374965190887	22.16874998881493
163	1310.0507	1079.6543	4237.3022	136.83194	1768.5195	932.52936	3728.627	651.07684	358.0	406.4	814999	492.28937	104.22494	753.9414	-368.89154	-496.9788	415.1771	3613.930596113205	22.171353362089285
164	1665.373	1088.1119	3542.8003	345.75644	1266.7815	1267.2142	4223.135	151.78137	427.66666	360.8	819999	494.64954	102.99615	740.2984	-332.4462	-499.28354	422.61716	3636.2823338508606	22.172453266818348
165	1577.1392	1155.9769	4275.7114	194.76466	773.4885	1059.9689	3758.8499	158.05763	417.16666	230.2	824999	497.6527	103.57651	746.6209	-344.75098	-502.3236	423.8182	3658.2300386428833	22.171091156294853
166	1084.0798	832.5065	3320.6729	122.88547	3340.246	1244.1119	4686.778	1203.5306	309.1875	771.4	829999	499.56638	103.69848	742.42377	-369.08188	-504.1955	427.8122	3682.457916736603	22.183481437614166
167	1618.9252	1394.8563	4752.1777	161.93803	1447.3986	1269.6206	3983.306	292.86807	398.46155	374.7	834999	499.9797	105.04234	749.7561	-477.1506	-504.5789	434.09436	3704.801515340805	22.184440223042838
168	1693.4435	1674.8823	4411.833	203.6305	795.57916	633.6688	1836.3273	146.43326	416.91666	241.5	839999	500.04327	105.441605	724.74036	-409.85895	-504.6491	421.9724	3726.796881914139	22.183314783232554
169	1379.5248	1571.0111	5126.3086	148.25053	1499.5518	1256.1078	4337.1997	136.5912	357.57144	350.6	844999	499.28134	106.538864	730.34393	-345.13287	-503.833	417.6688	3749.216108083725	22.184710711417114
170	1962.9517	1635.0338	5037.0503	198.58443	1313.8425	1103.5925	3747.185	145.14716	456.54544	376.2	849999	499.0551	106.21865	727.8793	-401.7441	-503.6052	408.91898	3771.7666442394257	22.18686262439279
171	1147.4851	1183.0841	4149.023	168.63043	2506.5825	1716.3092	4920.436	194.83983	329.69232	546.2	854999	500.3548	104.210625	728.8831	-460.2255	-504.8725	421.03146	3795.0254735946655	22.193131437078556
172	1559.4767	1590.3889	4863.156	128.39499	863.5076	795.9545	2231.8723	136.88483	398.35715	289.6	859999	498.3958	104.86593	734.0266	-396.8062	-502.95584	397.8635	3817.292666196823	22.193562023861464
173	1552.0118	1377.5374	4643.5176	-10.777253	1333.2303	1253.92	4381.722	74.7646	412.66666	367.3	864999	498.72415	104.701805	735.7177	-385.87848	-503.3039	428.241	3839.575672388077	22.194079043548232
174	1919.3203	1387.5212	4404.519	175.95041	1573.2878	1684.7305	4470.9604	135.28473	470.18182	418.9	869999	499.4581	104.01114	732.5261	-403.8552	-503.85324	417.8503	3862.3221554756165	22.197253776692797
175	1061.0198	1385.5967	4638.2646	98.61282	1053.5344	657.3293	1942.2631	244.16182	296.375	298.5	874999	498.71115	104.94511	737.55786	-457.89053	-503.1358	412.66135	3884.5842592716217	22.197624349594115
176	1197.5632	965.7599	2956.9817	132.19069	2949.7075	1354.8176	5027.2324	835.91394	307.8	641.9	879999	497.86758	105.95354	742.567	-646.91235	-502.3258	431.6478	3908.27419757843	22.206103407523848
177	2691.1477	1628.7576	4851.3755	89.710724	1828.7806	1733.6814	5107.904	194.42023	604.44446	425.5	884999	497.99612	106.360535	757.6702	-433.94562	-502.47205	432.4151	3931.0349881649017	22.20923723339361
178	1921.8555	1680.9946	4682.104	76.03011	2843.9858	1675.0924	4691.159	370.45407	466.54544	655.6	889999	501.63315	105.73018	734.63135	-460.0474	-506.1644	413.7764	3954.631006717682	22.21702813700344
179	1230.6284	1226.4474	4681.2515	162.37831	2527.8433	1509.9346	5084.8325	370.73273	332.92307	575.0	894999	503.46225	106.011795	737.9258	-487.45892	-507.9978	426.2727	3977.8304541110992	22.222516515401487
180	3543.5996	972.5068	4471.148	2017.0557	2295.629	1189.8507	4621.696	192.19688	822.5	545.8	899999	504.487	106.11572	755.21735	-533.7457	-508.9899	434.52606	4000.8169326782227	22.226760747697618
181	1973.2567	1489.1661	4633.823	57.71602	1012.3198	1517.1412	4736.342	87.665535	494.9091	265.1	904999	504.83475	105.39834	737.935	-462.7744	-509.28644	418.7459	4022.8725051879883	22.225814957645056
182	1393.5287	1701.6636	4747.1387	78.48251	2046.2985	1484.5658	4388.299	169.92482	374.46155	511.9	909999	505.26605	105.03457	735.6917	-424.38846	-509.6553	412.2812	4046.1086132526398	22.231366017362575
183	1591.7858	1481.2023	4554.626	297.5545	3234.8462	1724.527	5364.307	217.15846	446.0	748.3	914999	504.53378	105.29085	730.9214	-385.08725	-509.02985	420.13046	4070.236059188843	22.241727109815255
184	2585.419	1153.3687	4123.817	874.90497	2694.6472	1717.5208	4852.7583	170.07751	630.5	610.2	919999	506.3683	103.74385	749.7263	-356.7588	-510.89154	418.93097	4093.6770803928375	22.248245012501012
185	2152.4766	1634.2195	5184.175	489.96085	2249.3052	1325.3778	4888.5005	885.9692	510.0	525.5	924999	508.26025	105.29416	748.3231	-345.74316	-512.7144	421.3875	4116.779121637344	22.25286012726861
186	2179.7808	1522.0314	4264.266	173.60262	1765.1598	1146.4976	3669.9373	187.84018	549.6667	513.0	929999	510.6106	104.83714	751.28735	-424.70673	-515.1167	422.22925	4139.73593378067	22.2566448168088
187	2147.6143	1431.4847	4390.0073	220.12387	836.8336	825.8709	3209.018	306.9719	546.2222	279.9	934999	512.4771	105.00901	750.52106	-407.0948	-516.9008	435.06406	4161.910710573196	22.256207019887505
188	1892.2991	1275.2864	4061.2363	350.39923	2446.519	1571.8004	4434.9985	100.79315	456.8	580.4	939999	512.6252	105.6153	740.20404	-464.97308	-517.1923	433.4339	4185.106919050217	22.261207026370027
189	2674.5867	1772.9463	4686.933	68.85303	3754.4773	1637.1133	5228.0015	721.7396	603.5	751.7	944999	515.49884	104.94772	757.48553	-431.0397	-520.0457	428.6494	4209.008461475372	22.269886048382553
190	2513.1387	1555.7496	4556.4917	101.28845	2950.4766	1502.3567	4757.601	239.35138	566.6	674.8	949999	516.26154	105.132835	769.59314	-329.57748	-520.7451	429.45926	4232.652874708176	22.277120401984767
191	1930.1459	1248.2532	4674.9683	362.7809	2766.3767	1344.6901	5038.118	968.10657	463.6	592.8	954999	519.4649	104.78777	754.7633	-533.52094	-524.1102	425.7587	4255.995347976685	22.28269816693211
192	1507.2203	1481.9403	4265.568	107.69232	1524.489	1784.7751	4931.1123	181.64163	433.33334	395.3	959999	521.9679	103.73109	754.31	-335.11362	-526.58923	440.87115	4278.379461288452	22.283226372053225
193	1437.9297	1380.5536	3692.876	140.57335	1104.5608	984.5767	3745.1187	357.7974	406.23077	330.8	964999	523.443	103.61591	762.53284	-474.0979	-527.9869	448.6548	4300.663957834244	22.283232952028975
194	2179.3003	1691.3027	4506.2925	127.04936	1481.7329	1738.9945	5136.327	142.76155	503.25	384.7	969999	522.7053	105.12198	758.3097	-423.20135	-527.1026	426.21304	4323.191011428833	22.284489759464854
195	2040.9789	1577.7632	4795.6636	192.07631	1304.6433	1172.0187	3095.0437	165.71165	498.75	358.0	974999	523.3097	106.09454	755.5975	-525.7403	-527.8761	443.60004	4345.6055290699005	22.285156567891438
196	1925.9922	1342.0582	4584.3774	137.13736	1157.058	915.446	3275.2883	153.19351	456.4	313.1	979999	525.50195	105.3483	793.8013	-401.02618	-530.0409	438.9481	4367.770151615143	22.284541598388127
197	1573.265	1622.6412	4780.793	86.91264	1289.9698	807.84076	2933.4993	270.44058	386.2143	363.9	984999	525.42334	105.17928	765.9277	-541.788	-529.898	427.8243	4390.240773439407	22.285486170483118
198	2621.35	1386.5852	4765.415	746.92737	1134.2484	875.39056	2741.0054	134.22859	611.625	411.0	989999	525.0296	106.02976	769.5722	-571.0473	-529.51416	435.2996	4412.7190635204315	22.286459925198795
199	1507.8727	1283.5223	4509.4595	47.01557	1853.7963	1949.9572	4743.8857	100.4198	386.25	444.3	994999	524.0215	105.73433	778.26917	-341.0576	-528.3971	412.69562	4435.560767412186	22.28925009828117
200	1584.0416	1023.7414	4050.6284	508.37045	3076.4219	1555.8918	4766.6313	889.33813	403.91666	695.8	999999	524.40454	104.873886	760.83484	-497.1647	-528.84595	418.79047	4459.285886049271	22.29642944097519
