Epoch	AverageEpRet	StdEpRet	MaxEpRet	MinEpRet	AverageTestEpRet	StdTestEpRet	MaxTestEpRet	MinTestEpRet	EpLen	TestEpLen	Time Steps	AverageQ1Vals	StdQ1Vals	MaxQ1Vals	MinQ1Vals	AverageQ2Vals	StdQ2Vals	MaxQ2Vals	MinQ2Vals	LossPi	LossQ	Time	AVG Time Per Epoch
1	18.072365	16.176006	119.7824	3.7543766	38.92244	0.9618138	40.350323	37.15329	22.070797	22.2	4999	4.0118155	2.9126601	22.533318	-5.0460896	4.0120873	2.9150233	22.65553	-4.671439	-4.7460337	0.18932498	15.677616119384766	15.677618503570557
2	16.396027	12.044692	76.54753	4.7148657	38.62829	1.0478207	40.336674	36.902847	20.52459	22.0	9999	16.075947	8.266885	63.68723	-15.934785	16.076046	8.269693	63.669254	-24.450811	-18.845516	2.7936583	34.84159851074219	17.42080044746399
3	72.873085	40.233753	268.20535	36.939796	247.0581	11.44704	263.8297	224.3286	45.154545	157.5	14999	38.193542	14.5112505	78.19896	-33.855118	38.193962	14.503962	77.08832	-33.8301	-42.3625	12.459561	56.07940483093262	18.693135499954224
4	179.33958	41.91497	262.7535	18.313803	99.6832	2.5203664	103.8605	96.9029	104.333336	68.8	19999	54.649128	14.766642	84.309685	-35.272842	54.65013	14.7493105	86.159775	-39.59186	-58.006367	14.606162	76.917245388031	19.22931182384491
5	105.86413	43.316956	231.70296	19.873524	122.76207	3.5449016	128.42117	118.191414	67.297295	74.6	24999	60.144154	17.85416	94.66484	-119.46795	60.145367	17.839788	92.63126	-112.42799	-62.870644	16.438513	97.83038687705994	19.566077756881715
6	150.33337	15.95096	189.92131	99.29918	172.28293	4.768378	180.3117	163.86531	84.18644	91.7	29999	63.792656	20.946852	102.7305	-33.028484	63.79288	20.937834	102.65353	-43.486008	-66.80664	15.387637	118.47412967681885	19.745688597361248
7	167.00262	58.46823	223.14308	29.582842	223.75308	1.3328229	225.20506	220.89587	85.18644	102.4	34999	71.46628	21.54335	116.21231	-40.076107	71.46562	21.538618	117.320656	-61.24411	-75.3523	23.28476	139.31995010375977	19.902850321360997
8	194.64923	59.080532	226.03526	9.030381	210.32825	0.8922027	211.36526	208.1107	91.29091	105.0	39999	78.89994	25.125086	128.02724	-39.7261	78.89911	25.112514	128.8846	-36.57155	-82.812996	23.405006	160.11632537841797	20.014540910720825
9	212.5317	6.5100684	230.27045	193.51788	212.66174	8.2275305	224.96667	199.30707	105.76596	109.3	44999	85.687584	28.200977	143.23604	-44.661674	85.68728	28.188887	143.50397	-49.121857	-89.17589	24.334763	180.93664360046387	20.104071696599323
10	203.6651	48.975773	246.3691	22.108181	242.14883	3.373447	248.38779	234.70004	98.21568	110.3	49999	89.06455	30.806103	152.15298	-72.03562	89.064766	30.794191	152.2717	-44.115936	-92.52092	24.458038	201.61727571487427	20.161727714538575
11	202.6377	64.88648	271.091	23.339207	183.73135	7.8235407	200.57822	177.4456	94.81132	87.1	54999	92.35658	34.074024	153.6184	-57.793476	92.356285	34.063423	152.00615	-64.15303	-95.94428	25.42304	222.41888236999512	20.21989870071411
12	239.06308	23.92037	294.19922	183.27515	253.82675	3.995565	261.1722	246.68887	112.11364	119.2	59999	95.64141	36.450176	149.38826	-61.80272	95.64125	36.442272	149.92331	-52.819923	-99.20725	24.353342	243.24037218093872	20.27003123362859
13	247.0633	18.583086	265.74985	143.10637	252.19621	2.333869	255.16124	248.1202	117.74419	116.7	64999	98.26306	38.08782	150.71373	-65.45918	98.263626	38.08262	151.17749	-55.414085	-101.290436	23.382662	264.19853711128235	20.32296453989469
14	271.07397	33.881783	362.77048	146.23026	152.8519	8.185345	164.36124	138.82994	121.80488	83.0	69999	99.08554	40.02113	151.11609	-51.051437	99.08559	40.01233	151.55426	-65.13419	-102.06653	22.528812	284.8536024093628	20.346686005592346
15	285.18857	82.95539	454.37424	90.093475	340.7659	29.503717	383.63193	288.83557	127.0	147.6	74999	101.241714	39.200245	184.93121	-45.58545	101.242035	39.194714	190.85417	-61.43765	-104.559845	25.623405	305.91908502578735	20.394605827331542
16	297.59467	95.933975	420.50497	16.137629	331.34933	1.2252761	334.4385	330.20282	128.92308	141.8	79999	103.9835	37.170128	182.93037	-90.23956	103.98339	37.16779	191.17125	-76.620384	-107.1675	27.971931	326.8587968349457	20.428674951195717
17	351.45706	89.72592	587.5295	50.947384	556.1074	4.62683	564.0969	550.1793	149.81818	199.5	84999	107.21297	37.415848	195.64058	-73.09779	107.21272	37.41084	189.27904	-89.517876	-110.428375	29.62848	348.1001317501068	20.476478464463177
18	390.6561	133.35228	579.99646	44.860905	397.8884	47.871883	491.47318	355.47977	153.48485	152.8	89999	111.572395	38.22394	194.30875	-74.364555	111.57206	38.220654	199.694	-55.456383	-114.94927	30.483913	369.13852620124817	20.50769603252411
19	322.3321	153.89948	568.5751	59.343502	422.72443	9.011375	437.16205	407.75012	127.53846	155.5	94999	116.44069	39.547096	212.98729	-57.54985	116.44021	39.548218	216.17775	-71.80657	-119.84221	35.066994	390.13809752464294	20.533584180631134
20	444.8352	130.83743	565.4584	42.31241	470.21002	9.124673	491.8634	456.2092	153.84375	159.2	99999	121.47886	41.16218	225.7125	-68.82739	121.4798	41.159035	227.523	-66.03548	-124.792305	39.501827	411.2194883823395	20.560974514484407
21	485.10287	67.11436	585.9801	252.81956	448.2543	24.492994	478.36737	412.34616	163.32259	145.8	104999	126.85314	42.963627	226.09473	-75.24018	126.85309	42.956997	224.03291	-75.686356	-130.14215	44.5887	432.01676297187805	20.57222688765753
22	511.7629	268.43643	1026.3003	20.691124	78.7584	114.23445	312.9581	20.784275	184.25926	42.0	109999	133.74977	44.93269	239.1641	-65.445145	133.75056	44.925236	243.26106	-66.14577	-137.2385	45.553837	452.43412137031555	20.565187432549216
23	527.11334	290.72043	1150.4532	30.230291	575.0893	328.32666	1330.7789	241.49387	194.36	222.7	114999	140.29164	47.533806	256.5955	-69.800835	140.29196	47.521725	255.86887	-73.10899	-143.88441	54.702568	473.50768995285034	20.587290950443435
24	526.16223	303.3165	1074.3815	21.246128	726.24634	97.13893	920.05225	624.51917	178.82759	246.5	119999	146.8267	50.28627	258.74133	-84.949036	146.8275	50.274483	254.8387	-88.38192	-150.39955	57.49767	495.0973517894745	20.62905639410019
25	519.56946	253.79613	807.39545	79.0789	759.28735	85.03349	891.4992	654.7106	179.25	251.5	124999	152.02634	52.51768	253.63127	-71.534706	152.02654	52.512344	252.32484	-66.54281	-155.4464	64.97351	516.0692892074585	20.642771635055542
26	727.84247	90.59312	906.40344	422.31033	885.0659	145.86789	1015.17053	599.7302	230.7619	275.9	129999	156.49872	54.082825	249.68616	-98.001656	156.49875	54.07381	246.63583	-106.97645	-159.66954	65.05221	537.6863465309143	20.68024415236253
27	711.4591	165.78853	977.90674	65.2489	450.14777	54.409042	610.47705	417.23666	222.13043	172.6	134999	160.63228	55.470173	248.89711	-77.7919	160.6333	55.45385	255.14621	-84.35982	-163.92154	68.757965	558.7738444805145	20.69532765282525
28	794.66595	225.0159	1245.1494	330.0774	898.5374	108.9434	1214.8877	829.16486	262.4737	278.4	139999	164.5965	56.576317	257.67603	-113.208336	164.59615	56.56584	259.58936	-117.84566	-167.8436	70.91667	580.3166174888611	20.725593558379583
29	913.83704	293.96368	1505.2156	492.54822	2397.4844	271.50455	2515.3616	1585.12	299.9375	952.4	144999	168.29724	57.33751	263.43576	-106.92821	168.29695	57.322304	263.32678	-92.12966	-171.42007	68.6606	604.1145815849304	20.831537361802727
30	1292.5975	471.8129	1999.7745	552.4241	2401.599	610.51263	2845.2136	831.27936	429.45456	843.2	149999	171.36777	57.44388	265.1991	-93.419556	171.36696	57.43426	267.10083	-133.7993	-174.76518	68.84945	627.97487616539	20.932495935757956
31	1002.70874	457.4891	2675.256	574.97437	805.0297	82.758835	1001.02905	724.8503	321.05884	246.4	154999	174.05316	57.73946	259.04605	-138.04929	174.0523	57.728302	255.3344	-67.92572	-177.2701	69.57524	649.0051987171173	20.93565163304729
32	875.43286	161.99873	1099.749	372.8873	946.6891	58.516937	1041.8728	869.29114	274.6111	296.2	159999	176.1165	58.164227	254.48251	-139.27455	176.11581	58.152287	251.21524	-92.88163	-179.01457	64.60679	670.5625474452972	20.955079674720764
33	876.4095	143.73207	1143.505	644.02405	1182.7401	55.142876	1320.7649	1086.4045	274.44446	362.8	164999	176.95482	58.18374	251.92766	-92.56753	176.9542	58.18368	252.98233	-138.59933	-179.86115	61.92055	692.3437693119049	20.98011427937132
34	947.6593	179.31297	1243.06	434.09412	1060.1492	65.84212	1233.4669	1005.07874	289.1111	319.5	169999	177.64006	57.92168	258.14197	-101.81532	177.63905	57.911972	257.41254	-105.71636	-180.40515	59.520138	714.067568063736	21.001987359103033
35	918.01746	202.66507	1380.119	644.34625	1320.8635	338.86853	1734.3873	524.71387	271.6875	438.1	174999	178.768	57.91666	264.58118	-132.55159	178.76715	57.908493	269.0481	-126.24026	-181.53127	61.881523	735.9364116191864	21.026754672186716
36	991.3747	480.82455	2807.3196	623.5509	1114.3279	98.78283	1351.7091	1049.0701	303.16666	321.8	179999	180.24316	57.882923	273.78284	-101.81309	180.24301	57.87502	277.75555	-107.45774	-182.94786	62.72391	757.783704996109	21.049547413984936
37	863.1319	328.14487	1632.8585	361.48303	1133.8928	196.78487	1479.2751	658.7638	264.57895	337.8	184999	181.48917	58.314247	277.53864	-106.80076	181.48878	58.30409	277.36594	-81.38398	-184.37398	60.59565	779.4604740142822	21.066499349233265
38	1290.386	392.63406	2142.5037	664.7154	1697.4209	484.02264	2440.4053	1069.8601	388.76923	506.1	189999	183.82365	58.611477	276.99872	-112.68453	183.82268	58.600044	277.24557	-96.79375	-186.56355	65.472206	801.8375029563904	21.100986970098393
39	1725.7068	631.9461	2916.2039	1116.3177	29.680325	1.9431449	33.749104	27.188435	527.55554	22.5	194999	187.22752	59.220444	284.72427	-109.00259	187.22635	59.216774	281.88617	-113.236	-189.94952	64.13757	822.152046918869	21.080821758661514
40	947.71277	412.86963	1497.609	80.93228	1119.2207	151.32187	1475.0638	939.8984	284.6111	324.3	199999	191.44058	60.064404	291.0682	-109.12415	191.44002	60.062843	289.3173	-100.940254	-194.18147	64.515205	843.8703796863556	21.096759539842605
41	1090.987	340.66626	1568.0305	85.14778	283.36594	8.21659	296.1265	265.2293	332.53333	131.2	204999	195.23938	60.694706	289.6786	-112.16843	195.23833	60.688835	292.35507	-131.46269	-198.13126	67.40429	864.858669757843	21.094113943053454
42	1087.125	267.19812	1655.0321	596.29736	1113.5503	63.78032	1259.261	994.55194	328.75	319.0	209999	198.17055	61.319244	294.51694	-123.60848	198.17128	61.31285	292.19635	-126.4431	-200.98412	70.62903	886.3405401706696	21.103346239952813
43	1048.2383	309.588	1479.8895	126.72504	1115.8246	45.634758	1207.5808	1061.4231	309.5	328.2	214999	200.52646	61.560562	297.5405	-134.38547	200.52472	61.556282	297.12595	-141.20784	-203.13225	71.76113	908.0845880508423	21.11824628364208
44	930.18854	281.2319	1395.0002	120.04874	1011.1261	258.33466	1305.0905	703.04816	282.70587	299.4	219999	202.18059	62.22763	296.16016	-153.308	202.18002	62.220165	299.7407	-120.79941	-204.8573	70.48555	929.720155954361	21.130003582347523
45	949.613	297.36063	1343.2147	100.54872	955.30994	13.278854	971.6361	930.52637	287.3889	267.5	224999	204.43414	62.67189	297.58255	-118.04732	204.43365	62.665283	301.52286	-123.47697	-207.1762	73.40136	951.2344443798065	21.13854324552748
46	1012.2895	353.37704	2114.721	626.20654	1053.0486	39.79008	1101.9828	988.7556	303.875	304.7	229999	205.68239	63.25706	293.31107	-189.09715	205.68205	63.25248	327.7917	-153.81491	-208.16739	72.31055	972.8111810684204	21.148069200308427
47	1224.6345	396.40836	2224.4329	673.42865	1204.6627	88.595665	1399.2249	1078.7604	360.5	333.6	234999	207.06708	63.95679	299.4193	-111.407455	207.06682	63.949684	297.6312	-199.09933	-209.55507	72.074486	994.6518483161926	21.162805318832397
48	1322.1575	320.37985	1937.2301	900.7513	1177.3302	123.80676	1471.9045	1061.8872	380.30768	333.6	239999	208.7809	64.16397	309.86633	-104.02153	208.78067	64.15807	305.61298	-133.16968	-211.35335	73.13289	1016.1767899990082	21.170349831382435
49	1311.2294	849.6249	3140.0034	81.72614	1107.855	187.36252	1624.7113	949.3925	402.84616	326.6	244999	210.03723	64.5774	308.43295	-109.067406	210.03603	64.577446	307.2132	-130.74197	-212.66585	69.55633	1037.8647038936615	21.18091236328592
50	1762.2548	512.37646	2592.2537	987.6578	1053.5178	116.53705	1362.5804	950.1855	509.8889	301.6	249999	211.72858	64.90955	308.4641	-95.546036	211.72812	64.908104	308.58646	-133.82146	-214.02461	72.7925	1059.4549362659454	21.189098768234253
51	1678.6184	665.07465	3265.0066	1021.0099	1036.8519	6.0424204	1044.1134	1022.4417	489.9	321.5	254999	213.12297	65.371445	306.9466	-147.88802	213.12312	65.36605	309.38406	-141.1866	-215.76958	69.914566	1081.00235080719	21.196124563030168
52	1882.3429	692.2579	3035.4348	1170.1096	2855.5442	607.0654	3317.1804	1720.5049	572.8889	871.8	259999	215.43608	65.50382	310.90903	-145.19293	215.43602	65.501724	308.6778	-138.28297	-217.89842	68.791916	1104.581820011139	21.241958109232094
53	2371.1	930.3269	3312.6604	1006.89325	2182.6528	911.23096	3185.4849	1078.8416	721.7143	686.1	264999	217.2588	65.76029	310.70932	-187.81963	217.25926	65.75187	310.4516	-111.76245	-219.74335	68.98845	1127.5641601085663	21.274795514232707
54	2095.6794	928.7419	3294.0815	1066.6132	2721.0164	563.5471	3205.5466	1757.8915	638.5	845.8	269999	219.70512	65.67451	309.5451	-175.37686	219.70474	65.67979	314.12317	-151.93083	-221.96327	68.87524	1151.3649497032166	21.32157317797343
55	1154.414	254.3769	1664.1139	862.4604	2143.4917	786.1505	3093.0105	1097.5321	343.2	677.1	274999	221.54779	65.7041	311.3567	-198.69302	221.5477	65.6969	311.79974	-219.83417	-224.02313	70.099335	1174.4753296375275	21.354096932844683
56	1521.5708	845.9361	3278.7122	797.80676	3128.2148	368.83295	3320.8184	2028.2769	449.18182	959.4	279999	222.87527	65.96876	317.61783	-155.53377	222.87512	65.96536	314.10272	-173.65346	-225.28127	68.83641	1198.7254481315613	21.405811607837677
57	1339.2874	789.3073	3143.8547	44.081577	2636.9585	467.57843	3032.454	1560.8336	420.5	868.2	284999	223.8975	65.79742	308.20004	-308.63098	223.89713	65.797806	312.03253	-134.54167	-226.26993	67.05637	1222.151162147522	21.441248492190713
58	1328.6923	861.6749	3099.8772	103.37901	2191.8452	713.27026	3114.813	1207.1543	415.42856	729.4	289999	224.7482	65.66711	310.66254	-104.68873	224.74872	65.665794	309.3604	-127.864204	-227.03853	69.33829	1245.4760656356812	21.473725298355365
59	1365.8097	1010.3806	3208.7915	41.48855	2768.6687	610.212	3162.4397	1365.8018	427.63635	880.7	294999	225.84738	65.91298	312.18225	-259.89957	225.84834	65.913414	389.0517	-227.1944	-228.17072	69.3667	1269.1444566249847	21.510923025971753
60	729.2821	901.60016	3040.715	25.40973	1586.9023	573.58734	3192.0269	1200.2036	219.73914	462.2	299999	226.70958	66.03093	314.35556	-190.60263	226.70944	66.02733	318.07065	-185.03336	-229.01865	70.35276	1291.591914176941	21.526531942685445
61	1960.9835	750.4716	3199.3584	1109.0746	1493.3806	345.7565	2326.599	1215.5181	582.44446	453.8	304999	227.7156	66.152145	313.83948	-162.88779	227.71599	66.15283	317.26	-129.16637	-229.94214	72.11036	1313.7399551868439	21.536720608101515
62	1469.3	845.3958	3155.7498	65.67716	719.89075	244.07707	1452.0079	631.4493	431.7	247.1	309999	228.84077	66.074394	311.71945	-165.38362	228.84068	66.07332	321.5012	-178.42352	-231.13467	71.43182	1335.2749853134155	21.53669333842493
63	1764.1683	725.03046	3252.836	1067.3646	3227.7837	88.689545	3457.9282	3130.9216	518.8182	1000.0	314999	229.74995	65.91938	325.13712	-159.65642	229.75038	65.91425	316.3208	-156.32257	-231.90492	74.283936	1359.5145418643951	21.57959593288482
64	2164.2256	805.49963	3452.3994	1068.3407	2524.796	665.6611	3145.9036	1254.7283	634.0	820.4	319999	230.49776	66.01555	317.18222	-187.21693	230.4977	66.01393	319.8102	-173.1766	-232.54842	71.766464	1383.2751972675323	21.613674983382225
65	2031.4838	649.9648	3118.1099	1287.6067	1503.6404	574.38684	3183.4531	1199.7446	588.5	502.0	324999	230.95741	66.088036	320.14038	-163.36023	230.95738	66.09156	318.9694	-189.52469	-233.06467	73.67455	1405.4934594631195	21.62297632877643
66	2009.564	616.27563	3234.2402	1301.131	2207.5486	532.918	2855.5454	1480.0308	596.625	601.6	329999	231.69258	66.48624	317.81024	-99.74767	231.69208	66.483284	317.88614	-131.75877	-233.72691	70.461365	1428.355146408081	21.641744671445906
67	1899.0868	629.5057	3268.918	1237.506	1402.6346	605.00916	3217.3406	1178.5591	554.55554	469.9	334999	232.97098	66.36077	326.2431	-184.07463	232.97067	66.3583	320.98364	-145.0192	-235.26984	71.92293	1450.4541878700256	21.648569996677228
68	2187.4988	852.69653	3390.5886	1082.2676	2660.5125	916.2151	3556.0378	1481.1849	641.125	750.0	339999	234.2126	66.73104	317.96927	-158.56941	234.21317	66.73319	319.37817	-125.908005	-236.39323	73.92274	1473.9695994853973	21.676023553399478
69	2386.32	920.39886	3304.237	1125.1615	2950.3618	345.10107	3192.6877	2027.0596	705.2857	914.3	344999	235.69287	66.16815	321.5511	-152.5999	235.69221	66.1726	323.09702	-115.64352	-237.76183	67.93512	1497.658375263214	21.705193868581798
70	2791.4807	815.7366	3494.9685	1291.1677	2776.6523	431.0124	3644.3467	2402.2224	830.6667	759.6	349999	236.66435	66.29554	321.9219	-229.86981	236.66557	66.293	320.88962	-134.06445	-238.77051	70.8485	1521.112240076065	21.73017488547734
71	1425.6709	1243.718	3432.187	44.32687	3007.5461	716.3678	3441.0073	1500.8629	415.91666	864.4	354999	237.99504	65.85965	320.69156	-201.13542	237.99475	65.85441	321.88785	-174.03665	-240.42876	69.920784	1544.98513174057	21.76035399839912
72	2068.9443	785.0487	3286.7478	1113.209	2236.261	310.31787	2859.2256	1887.6864	585.1111	606.0	359999	238.56366	65.800995	334.37906	-216.71483	238.56355	65.80431	330.06973	-146.28966	-240.71211	70.08457	1567.7664070129395	21.774533453914856
73	1901.8873	558.94476	2872.7817	1067.1511	2679.6333	893.43085	3324.2854	1297.2257	536.8889	829.5	364999	239.27238	66.39405	326.61743	-266.41965	239.27243	66.3914	328.2185	-194.77773	-241.56673	70.29445	1591.3500928878784	21.799316367057905
74	1629.2223	838.3408	3367.9578	290.59305	2056.7305	378.15515	2739.6736	1718.9397	463.72726	575.4	369999	240.01428	66.92741	326.62613	-198.47102	240.01515	66.919205	327.07193	-150.07286	-242.13515	67.4773	1613.9865205287933	21.810628681569487
75	1439.4303	425.12933	2265.6765	1107.1917	3408.276	14.2812395	3435.0166	3384.9644	401.84616	1000.0	374999	240.9222	67.01552	332.52423	-201.35725	240.92224	67.00765	332.31982	-138.0977	-243.20518	69.400375	1638.3634641170502	21.84484622001648
76	1290.6963	206.31895	1739.4269	1056.2588	3265.2817	273.01096	3478.6428	2459.7527	358.2143	966.5	379999	241.64195	67.26771	331.4795	-189.15088	241.64258	67.26977	409.7092	-136.07217	-243.51768	69.93686	1662.5138368606567	21.875182085915615
77	1259.1613	702.8586	2521.911	111.87529	1894.8965	594.6418	3342.2737	1456.7032	353.64285	534.5	384999	242.36752	67.44943	330.24026	-173.19168	242.3667	67.45022	328.02533	-106.61753	-244.3136	65.39168	1685.067676782608	21.88399582404595
78	1720.2142	1280.324	3420.036	110.5739	1393.0575	468.70605	2164.2646	675.35913	512.44446	423.6	389999	242.94199	67.5725	331.2791	-140.19519	242.94176	67.57326	333.13107	-142.90515	-244.82434	72.44436	1706.8023607730865	21.88208157588274
79	1824.8903	789.83575	3280.5586	1033.0298	2316.2512	458.0996	3065.709	1659.9731	517.1	617.1	394999	243.5117	67.86177	326.84024	-182.21535	243.51256	67.85832	328.751	-164.37286	-245.6419	64.25585	1729.7145533561707	21.895120952702776
80	1372.3374	1129.8861	3435.5127	86.562904	2846.7559	640.18256	3205.187	1188.7745	401.5	894.6	399999	244.16359	68.23741	329.24673	-201.89586	244.1639	68.24019	332.57104	-235.49576	-246.11057	63.642036	1753.2055985927582	21.915070003271104
81	3139.6675	337.05182	3379.5464	2477.2827	3142.405	532.4453	3461.7412	1552.2993	927.8	944.3	404999	245.16765	67.93632	329.0645	-166.8804	245.16753	67.930275	330.8104	-177.98079	-247.11809	69.1301	1777.385816335678	21.943034796067227
82	1926.4658	904.3074	3257.6963	842.88666	2131.396	1043.6805	3313.4912	1081.7496	553.7	640.5	409999	245.7014	68.35835	328.98325	-152.94104	245.7021	68.356735	332.38794	-143.45285	-247.67503	65.69315	1800.0961084365845	21.952391592467702
83	2478.6782	966.3807	3324.613	1074.2731	1275.5924	62.07108	1358.6523	1181.9989	730.7143	354.6	414999	246.39499	68.32623	329.72427	-167.53842	246.39412	68.3363	334.39615	-182.7192	-248.24948	64.431114	1822.1789145469666	21.95396284884717
84	1957.7999	981.96246	3295.7625	1065.0682	3238.7886	13.603785	3264.185	3214.315	570.44446	1000.0	419999	247.0788	68.530075	329.138	-133.10492	247.07948	68.529594	335.79364	-112.50372	-248.95557	69.05691	1846.3205835819244	21.980006975787028
85	2673.2175	889.9618	3350.8945	1041.1317	3300.2378	7.3915424	3313.4775	3290.3032	799.8333	1000.0	424999	247.9001	68.65209	331.08557	-167.15796	247.89998	68.65798	331.9189	-244.69756	-249.853	67.035225	1870.76589345932	22.00901053092059
86	2232.4011	1255.5051	3326.3855	109.02537	3060.5498	23.275778	3109.6218	3029.8313	672.7143	1000.0	429999	248.31863	68.540985	331.23572	-187.4998	248.3186	68.53547	331.8669	-188.035	-250.44699	63.197388	1895.0657579898834	22.035648368125738
87	1820.2203	1256.2428	3370.9058	205.16113	3451.8774	61.275078	3578.5042	3405.0527	542.1	999.1	434999	248.81041	68.63439	331.80966	-217.80896	248.81075	68.63619	331.3144	-162.7933	-250.67152	60.85787	1919.6849060058594	22.065343763636445
88	1397.589	973.9978	3409.4817	87.109886	3206.548	11.286549	3220.177	3185.4607	411.5	1000.0	439999	249.66869	68.72056	331.61667	-232.89969	249.66878	68.72134	332.3496	-207.46252	-251.65025	63.792614	1943.853211402893	22.089241060343657
89	1959.4966	972.4137	3415.7397	1005.26294	2485.6824	830.04395	3638.6504	1668.512	553.1111	671.3	444999	250.41768	68.6697	338.64706	-142.4113	250.41817	68.66507	333.33496	-115.938	-252.51537	63.85895	1966.9228088855743	22.100256301044077
90	2121.4685	741.3091	3358.7507	1098.7721	3454.8977	12.648181	3472.5889	3437.175	592.125	1000.0	449999	250.88211	69.029976	339.1118	-87.68126	250.88237	69.02817	340.28	-119.748795	-252.93614	63.64084	1990.9075191020966	22.121194672584533
91	2082.8564	779.37933	3378.7673	1045.7029	1640.4998	266.21603	2259.074	1438.7041	578.1111	436.4	454999	251.55243	68.89743	340.43326	-152.71065	251.55331	68.88869	334.44803	-120.24815	-253.29158	60.96355	2013.243418931961	22.123554072537264
92	1460.647	680.12476	3580.4736	894.67773	1690.2048	59.941372	1768.5948	1529.8602	406.0	460.2	459999	252.1614	68.98351	335.06033	-183.562	252.16104	68.98129	336.19614	-135.16576	-254.18294	60.6365	2035.1014263629913	22.12066769859065
93	2758.9417	696.39124	3306.48	1649.222	98.62203	1.2738225	100.46849	96.82463	807.8333	55.7	464999	252.75067	69.04748	338.22043	-122.95769	252.75198	69.045425	335.79318	-133.07158	-254.75941	60.646843	2055.831448316574	22.105714521100445
94	1920.4994	822.34015	3330.9243	890.19617	3330.0815	11.426303	3355.8855	3306.8552	537.8	1000.0	469999	253.1519	69.458115	346.68503	-130.75623	253.15161	69.45887	338.8357	-128.00356	-254.97188	58.3257	2079.7428724765778	22.124924195573684
95	1739.4524	779.1189	3469.8816	487.13495	3415.9583	9.953054	3436.8242	3402.31	492.2	1000.0	474999	253.40118	69.55347	338.4432	-130.91965	253.40121	69.55403	339.1546	-211.53537	-255.19368	60.77133	2104.2364735603333	22.149857636501913
96	2575.7834	850.09674	3440.6233	1418.5287	1833.7054	88.184875	2082.0918	1748.0375	740.5	506.6	479999	253.78438	69.62326	337.57358	-222.47974	253.78429	69.6276	338.50854	-209.07451	-255.5529	66.96192	2126.377165555954	22.14976216107607
97	1836.661	969.92834	3313.3914	116.09701	3346.274	3.0306869	3351.3882	3340.9856	515.8182	1000.0	484999	254.47798	69.30493	336.6293	-167.38744	254.47841	69.30913	337.38422	-143.18164	-256.48666	59.280586	2150.8962585926056	22.174188250118924
98	1544.9421	305.9655	2004.0511	1037.9432	2550.9883	828.4572	3564.8293	1325.1437	425.4	693.0	489999	254.94453	69.56356	338.79132	-120.755394	254.94539	69.5632	338.60095	-110.90574	-256.66183	61.619137	2173.7612051963806	22.18123680718091
99	2029.7904	827.6178	3421.0654	984.47205	98.693954	1.0297756	100.048355	97.32191	569.6	55.5	494999	255.68105	69.24579	340.07263	-154.64659	255.68155	69.24352	338.93033	-189.92645	-257.47217	58.389717	2194.678042411804	22.16846509172459
100	1803.6595	711.54425	3337.7976	1053.4181	1877.8113	595.4777	3280.5525	1266.2793	492.9	511.6	499999	256.16095	69.46879	339.45258	-138.57607	256.1606	69.47292	339.4152	-181.47008	-257.9377	56.532814	2216.8003356456757	22.168003373146057
101	1537.0973	589.8534	3362.8765	1003.8046	2078.033	241.20204	2642.9573	1878.8861	427.0	566.2	504999	256.9049	69.76229	339.07776	-211.62434	256.90494	69.75853	345.6953	-143.2908	-258.83875	56.864536	2239.6780076026917	22.175029797129113
102	1336.9514	780.20807	3468.0383	113.8325	3401.5864	3.5763774	3406.4119	3396.8025	371.15384	1000.0	509999	257.2513	69.74366	339.5764	-266.89313	257.25107	69.73678	342.60254	-125.11243	-259.09225	57.16836	2263.7327024936676	22.193457883947037
103	1889.2952	1055.0426	3461.859	111.86571	1905.4844	108.100586	2049.2454	1751.9576	532.0	513.0	514999	257.8096	69.63658	340.9984	-162.63057	257.81006	69.63354	340.3115	-150.25513	-259.5591	58.611027	2286.1335504055023	22.195471379363422
104	2436.2058	915.1126	3451.104	1027.015	3468.5117	8.779281	3485.9844	3454.189	689.8333	1000.0	519999	258.58475	69.62196	340.15604	-118.7752	258.58475	69.61692	341.4069	-100.400246	-260.45755	58.124126	2310.525438785553	22.2165907736008
105	2340.079	1394.0446	3459.7773	44.244366	3167.0283	695.4921	3407.4653	1080.6162	677.75	934.6	524999	259.3167	69.64026	341.67233	-196.77907	259.3168	69.6392	343.68304	-133.67245	-261.04736	58.969788	2334.8201110363007	22.236382028034754
106	3009.7136	801.33203	3484.5386	1258.1428	3397.8274	6.533286	3412.1462	3388.4011	870.8333	1000.0	529999	259.97516	69.9664	341.0381	-139.80933	259.97546	69.96131	342.68942	-139.65207	-261.48682	59.407387	2359.352306842804	22.258040648586345
107	1756.4556	1148.0881	3478.9927	115.737465	3552.2515	34.988766	3590.5903	3452.1814	496.0	993.4	534999	260.76752	69.90046	343.6379	-146.9509	260.76743	69.90062	342.51282	-148.0415	-262.49356	56.177837	2383.8588542938232	22.279054730852074
108	1528.5807	1247.2264	3634.9702	34.256733	614.8925	4.504914	621.56244	606.29266	436.69232	213.0	539999	261.38333	70.07919	349.59094	-159.04568	261.38333	70.07738	342.78094	-164.89452	-263.16617	58.398476	2404.905401468277	22.267642621640807
109	2897.4148	782.22455	3638.3176	1369.1483	3570.7253	7.638122	3583.0266	3559.5557	805.3333	1000.0	544999	262.2366	70.18444	347.95093	-175.92917	262.2369	70.18131	377.90338	-113.269615	-264.1185	57.277473	2429.2537684440613	22.28673183808633
110	2222.5322	994.0663	3597.2678	1041.4877	1457.8379	355.61536	2453.3728	1193.5842	609.375	385.7	549999	263.15115	69.946045	356.65695	-170.01404	263.15128	69.95319	351.54996	-111.25177	-264.86328	63.092968	2450.9848742485046	22.28168069449338
111	3096.2944	680.0778	3541.7861	1741.9523	3494.816	1.8338894	3497.8274	3492.0676	880.8	1000.0	554999	263.6337	70.14173	342.83734	-200.24342	263.63345	70.14146	344.22604	-107.01696	-265.3934	60.95335	2475.508884906769	22.301881863190246
112	2972.6504	793.3496	3515.4382	1295.1222	3022.7368	721.4546	3735.2158	1818.0599	849.3333	813.2	559999	264.36075	70.08387	345.2946	-101.38296	264.36087	70.08463	343.96713	-158.68843	-265.74255	63.64454	2498.929537296295	22.311870887875557
113	2255.9985	901.1875	3584.8037	1267.8828	3436.9663	12.291266	3462.8027	3423.921	625.0	1000.0	564999	264.8756	70.149124	347.50897	-172.71156	264.87506	70.15751	345.8503	-176.3175	-266.888	59.555786	2523.433758020401	22.331272209640098
114	2885.6743	902.37537	3508.1638	1368.0925	3604.8262	34.711803	3635.395	3522.8877	816.0	1000.0	569999	265.75784	70.14682	347.34445	-89.61455	265.75867	70.14416	346.25037	-145.4345	-267.46375	56.708557	2547.3139724731445	22.34485942439029
115	1727.6041	303.28265	2351.29	1322.1362	1160.3715	164.53726	1275.133	905.39514	469.1	360.2	574999	266.77808	70.390594	352.89737	-337.40662	266.778	70.389305	350.4387	-98.37056	-268.4888	57.825962	2569.2942600250244	22.341689232121343
116	2150.8186	737.896	3518.1123	1248.4486	3565.2915	3.5877914	3569.3516	3557.3027	597.375	1000.0	579999	267.5559	70.27817	349.25262	-148.81233	267.5558	70.27885	351.35474	-111.84338	-269.30765	58.678993	2593.427363395691	22.35713245745363
117	2163.6848	748.5883	3594.728	1206.7117	2101.5195	744.49603	3596.2612	1276.6036	588.44446	580.1	584999	268.16492	70.16857	355.40912	-184.06503	268.16446	70.17507	356.33548	-147.97566	-269.76093	55.434658	2616.168607711792	22.36041546683026
118	2202.4033	1121.341	3696.4446	1046.2753	3572.9526	7.3992257	3585.2568	3563.169	604.125	1000.0	589999	268.47702	70.2269	356.0883	-136.79553	268.47733	70.231125	375.03983	-111.49607	-270.17792	60.770058	2640.291181087494	22.37534900641037
119	2350.0903	1493.2659	3580.6921	116.74986	3587.276	6.589616	3593.685	3572.1147	665.875	1000.0	594999	269.22025	70.07848	356.71582	-140.49211	269.22034	70.08724	375.62646	-170.71846	-270.99448	53.602013	2664.9124455451965	22.39422224750038
120	2862.7869	802.85144	3523.5044	1422.652	3592.5308	16.067358	3615.945	3560.1675	799.5	1000.0	599999	269.61746	70.18641	354.20065	-180.03569	269.6174	70.18549	361.08127	-138.97018	-271.22992	55.70775	2689.15052819252	22.40958775083224
121	2802.612	808.447	3565.2664	1505.0284	3640.8723	17.424599	3666.777	3612.574	787.5	1000.0	604999	270.10345	70.28406	357.67236	-197.24153	270.10315	70.28057	383.01526	-151.84416	-271.60214	56.496925	2713.427630662918	22.42502175480866
122	3349.8696	322.6213	3531.5554	2705.242	3678.026	7.6712613	3691.013	3666.448	947.6	1000.0	609999	270.7305	70.0551	354.845	-171.74124	270.73035	70.05972	361.5003	-147.07292	-272.41	57.763107	2737.5266149044037	22.43874275879782
123	2490.5688	1053.9691	3551.4578	998.34406	3606.7507	12.987908	3616.08	3573.9072	696.375	1000.0	614999	270.99823	70.39739	356.34857	-263.09848	270.9982	70.40082	357.58328	-248.26509	-272.86047	62.92121	2761.9548194408417	22.454917246733256
124	2861.0344	837.9866	3693.8044	1687.3273	3599.8594	4.717554	3604.8074	3591.0127	797.6667	1000.0	619999	271.44266	70.3208	359.05115	-169.5349	271.44226	70.31963	361.09003	-123.87613	-272.90298	53.876125	2786.0442383289337	22.468098709660193
125	2459.8635	900.9173	3653.7773	1342.25	3678.588	10.962599	3691.6514	3650.5615	672.625	1000.0	624999	271.75613	70.54196	359.03513	-181.9165	271.75565	70.54688	361.7811	-223.2781	-273.47607	56.974827	2810.5165565013885	22.484132467269898
126	2388.6624	1021.5434	3553.6182	1086.7194	3584.4731	12.393009	3608.4792	3567.3733	670.5714	1000.0	629999	271.95163	70.94615	358.85754	-178.62267	271.95114	70.94645	361.12012	-171.87727	-273.72116	57.366776	2834.6023721694946	22.496844236812894
127	3301.5415	422.11664	3576.0986	2460.0457	3660.2598	7.5405536	3673.8125	3649.9358	931.4	1000.0	634999	272.59183	70.82409	363.3851	-174.69022	272.59216	70.82219	362.3439	-211.00917	-274.17136	59.93025	2858.9262800216675	22.511230566370205
128	3114.2822	936.6039	3554.59	1020.4407	3591.116	7.676505	3600.3765	3576.335	886.6667	1000.0	639999	273.23566	70.903	359.79083	-236.85362	273.23633	70.90732	361.7626	-223.6369	-275.0145	56.679176	2883.3168058395386	22.52591255865991
129	3470.7437	163.52573	3601.19	3158.143	2875.7808	746.4329	3833.2656	1803.4823	967.8	756.8	644999	273.9049	70.96538	362.01044	-196.10388	273.9045	70.97471	360.92682	-199.50269	-275.43753	53.14096	2906.476227760315	22.530823485795842
130	2675.4543	777.65796	3645.8022	1527.9474	3566.7437	15.773991	3593.004	3533.296	721.4286	1000.0	649999	274.5725	70.9505	363.12347	-236.52428	274.57297	70.95198	361.69067	-213.47557	-276.24084	52.17383	2930.9355521202087	22.5456581060703
131	2806.4282	1191.4415	3567.8928	342.00662	3454.8027	23.024244	3483.3096	3398.5432	793.1429	1000.0	654999	274.821	70.82578	418.81137	-190.20927	274.8211	70.82026	404.05774	-176.71794	-276.48135	56.512764	2955.161153078079	22.558482097305415
132	2870.8835	642.5948	3589.803	1965.927	2861.9927	798.0197	3681.697	1252.2831	789.5	761.6	659999	274.75842	71.4421	362.7366	-138.5587	274.75867	71.43846	362.23145	-156.27939	-276.5199	52.03105	2978.8059492111206	22.566711752703696
133	2580.1426	1013.2781	3551.7852	1009.0269	3220.7944	561.8585	3698.8062	2083.1086	729.5714	889.7	664999	274.95578	71.5319	362.40558	-244.67535	274.9551	71.53188	364.51025	-142.79962	-276.71268	50.509777	3002.451545715332	22.574823664543324
134	2644.8247	963.554	3616.727	1110.618	1952.1442	1333.5638	3618.9631	646.3709	728.1429	567.6	669999	275.59195	71.46175	362.31384	-161.45258	275.59253	71.460724	361.9569	-167.91391	-277.14893	55.57335	3025.3339269161224	22.57711887181695
135	3076.3977	962.12366	3579.472	1152.3983	1668.4554	256.8985	2187.9956	1344.9354	863.0	437.1	674999	276.28683	71.45378	361.6972	-119.95476	276.2874	71.45484	363.3123	-140.47993	-277.85638	50.28449	3047.083182811737	22.570986553474707
136	3550.8308	32.52526	3601.3376	3506.4016	3648.7876	4.93955	3654.9294	3640.749	986.2	1000.0	679999	277.0794	71.30172	361.31598	-277.59695	277.0803	71.302536	361.71558	-244.77806	-278.4879	55.371964	3071.635841846466	22.58555767115425
137	3438.588	201.30867	3538.555	2988.6042	3674.8335	106.126045	3833.9502	3439.2852	965.8333	983.6	684999	277.53915	71.653206	365.4157	-202.55032	277.53912	71.646034	365.15155	-187.80655	-279.36398	55.48874	3095.855578184128	22.59748598432889
138	3572.7688	55.8047	3680.8816	3527.378	3624.259	15.505627	3651.302	3602.882	1000.0	1000.0	689999	278.2074	71.822395	362.82242	-148.48558	278.20807	71.82557	365.326	-136.68303	-279.78662	50.3007	3120.334807872772	22.611121808273204
139	3046.9736	433.86945	3545.509	2280.0642	3643.6577	10.838238	3660.3066	3630.1348	848.1667	1000.0	694999	278.631	71.94349	364.3346	-163.27766	278.63144	71.94077	365.3729	-196.7202	-280.1006	54.956375	3144.6987833976746	22.623732268381463
140	3555.6472	25.826447	3588.7732	3514.7092	3630.6753	4.089061	3637.291	3624.292	1000.0	1000.0	699999	279.4117	71.65911	364.909	-243.19106	279.41232	71.65824	366.75662	-218.02455	-280.9372	52.10723	3168.852658033371	22.634661856719426
141	3160.0496	475.77087	3586.012	2403.279	3599.2856	15.414594	3622.2468	3574.7605	875.4	1000.0	704999	279.90488	71.59448	364.43884	-253.43056	279.90472	71.59478	363.6196	-129.52998	-281.57126	56.839306	3192.728377342224	22.64346367923926
142	3116.2268	704.80615	3597.543	1660.3693	3531.9683	10.218868	3544.6494	3510.9856	869.6667	1000.0	709999	280.59854	71.233894	366.2662	-212.55064	280.5983	71.23402	364.97314	-182.9158	-282.17535	54.18982	3217.1061985492706	22.655677469683365
143	3076.6223	707.2896	3577.8638	1742.337	3639.0781	28.423264	3681.2825	3589.5146	856.1667	1000.0	714999	280.90906	71.36768	364.0685	-152.94644	280.9097	71.37004	365.69397	-139.0116	-282.72986	55.642624	3241.1531059741974	22.665406348822
144	3578.2617	72.56645	3707.2905	3501.4731	3535.6304	16.441597	3562.8567	3510.402	1000.0	1000.0	719999	281.49088	71.47898	367.1563	-135.20335	281.49017	71.48452	364.89075	-301.47894	-283.01166	53.635258	3265.5704197883606	22.677572371231186
145	3344.4746	451.81992	3616.5298	2442.2205	3627.0664	52.19686	3779.306	3592.4592	926.0	1000.0	724999	281.95956	71.50989	364.79572	-207.23433	281.95987	71.50259	368.43466	-202.52055	-283.73032	55.26718	3289.887476205826	22.688879159401203
146	3078.7656	660.9108	3561.4639	1989.9504	3022.0872	559.5982	3633.9443	2163.2087	854.5	841.0	729999	282.25934	71.59122	364.6506	-177.03575	282.2592	71.59155	369.00046	-211.85432	-283.83316	46.08437	3313.5791931152344	22.695747909480577
147	3520.313	12.816624	3535.1265	3497.5708	3622.5203	11.454195	3643.7131	3604.179	1000.0	1000.0	734999	282.58563	71.63953	366.25235	-174.63663	282.58618	71.645	369.98087	-159.50243	-284.05643	52.892483	3337.729812860489	22.705644998420663
148	2922.3723	913.1173	3573.419	1238.9249	3373.7395	623.8589	3612.3345	1503.2773	816.8333	944.6	739999	282.57556	72.17613	363.33624	-198.29573	282.5757	72.17676	367.03607	-152.17603	-284.13077	51.492245	3361.8661818504333	22.71531205402838
149	3122.3271	437.32953	3515.9158	2344.5442	3620.7085	19.871796	3654.4807	3591.2832	880.3333	1000.0	744999	282.81345	71.99081	379.51453	-205.48561	282.8136	71.985535	367.02866	-219.87291	-284.35715	51.26495	3386.1890387535095	22.72610094243248
150	3523.0325	29.26629	3567.535	3476.3171	3284.5933	434.49716	3545.2278	2380.7048	1000.0	922.8	749999	283.18073	71.55127	457.50778	-160.53127	283.18076	71.549644	368.79263	-197.0345	-284.78424	46.433758	3410.2728686332703	22.735152468681335
151	3531.8848	38.100533	3585.8892	3487.1672	3630.357	21.612253	3655.4514	3583.6575	1000.0	1000.0	754999	283.34958	71.40437	367.19424	-136.59589	283.34918	71.401985	370.20355	-171.19585	-285.0219	53.16884	3434.8279547691345	22.747205009523608
152	3524.5571	31.801151	3575.4495	3479.2334	3549.4727	4.0654244	3553.7217	3542.1113	986.6	1000.0	759999	283.81085	71.39928	365.33868	-202.21863	283.81137	71.39686	370.29434	-154.82506	-285.285	46.346157	3458.918160200119	22.75604054018071
153	3521.839	26.123856	3559.8386	3484.8728	3610.4165	4.2243185	3616.9927	3604.9514	1000.0	1000.0	764999	284.32852	71.21407	365.5253	-165.00804	284.32782	71.2141	371.6011	-193.06041	-285.7464	49.71051	3483.235445022583	22.766244749617734
154	3511.3289	17.718105	3535.3777	3484.0623	3662.5083	7.7986636	3682.6904	3654.9163	1000.0	1000.0	769999	284.7051	71.40041	367.9314	-207.9368	284.70514	71.393654	384.34875	-200.96811	-285.79044	53.787964	3507.3077158927917	22.77472543871248
155	3024.7	734.47266	3559.077	1786.9108	3616.9082	9.32309	3629.9187	3601.3694	845.5	1000.0	774999	285.18262	71.42814	362.92563	-175.26357	285.18274	71.43073	364.6136	-145.0727	-286.53757	47.223263	3531.766510248184	22.78559040100344
156	3116.5828	734.6447	3573.8782	1534.1267	3594.996	12.357476	3609.74	3568.171	869.0	1000.0	779999	285.45288	71.17764	368.16425	-115.13173	285.4536	71.178215	370.3708	-149.74355	-287.0558	51.087364	3556.090233564377	22.795450227382855
157	3164.3132	652.56036	3531.256	1860.7693	3510.1948	6.6628876	3519.842	3497.074	900.6	1000.0	784999	285.67584	71.2605	365.64853	-111.61829	285.6755	71.26127	367.75146	-118.733864	-286.99826	45.276505	3580.443874835968	22.805375008066747
158	2832.6062	853.1007	3504.0635	1137.8331	3588.3894	9.178601	3602.4556	3574.1704	797.0	1000.0	789999	285.97015	71.28045	365.70096	-167.35083	285.97012	71.28182	367.2468	-129.9304	-287.4857	48.71918	3604.4962055683136	22.81326713743089
159	2424.617	1166.2192	3591.4817	725.52234	3616.1804	9.555117	3634.9175	3601.466	681.5	1000.0	794999	286.3217	70.99299	366.28265	-86.12384	286.32248	70.98871	368.03537	-115.509155	-287.58582	47.330612	3629.1252162456512	22.82468690662264
160	3563.1907	57.02265	3659.4536	3490.154	3619.8875	7.5546546	3632.428	3609.5325	997.0	1000.0	799999	286.54767	71.06419	371.09512	-150.05014	286.54724	71.0629	373.35345	-139.04237	-287.89996	47.398415	3653.166937351227	22.832293370366095
161	3503.095	17.115084	3521.8755	3475.6648	3644.2312	14.497661	3661.3105	3617.4568	1000.0	1000.0	804999	287.17838	70.550705	365.35162	-164.96445	287.17874	70.54857	367.83398	-182.36	-288.48853	53.12813	3677.4780344963074	22.84147848549837
162	3505.6055	20.698708	3532.3848	3478.1255	3634.084	6.908056	3649.9133	3623.3289	1000.0	1000.0	809999	287.1394	70.62916	370.23096	-152.85039	287.1393	70.637024	370.79733	-180.40555	-288.46506	47.507355	3701.7044150829315	22.85002726390038
163	3521.0645	18.491383	3537.6724	3485.4075	3605.5	4.26458	3612.839	3598.1992	1000.0	1000.0	814999	287.77838	70.740555	372.7632	-198.67996	287.77847	70.73568	373.18933	-187.44759	-289.41284	46.520233	3726.2514107227325	22.860438112832284
164	3206.7615	575.7679	3505.335	2055.2788	3576.7617	8.715257	3586.8586	3559.6875	913.6	1000.0	819999	288.41788	70.37244	369.4025	-240.81094	288.41806	70.36795	371.14597	-155.24117	-289.674	49.401627	3750.38533782959	22.86820328962512
165	3070.0286	961.8766	3536.9526	920.1203	3543.6348	6.0419245	3555.2185	3533.4626	875.5	1000.0	824999	289.01114	70.240715	368.60736	-141.90488	289.0108	70.2509	371.39078	-165.29872	-290.65732	48.580086	3774.5154678821564	22.875851330612644
166	3033.9734	561.8777	3553.436	2337.8523	3353.1743	12.691958	3375.5105	3332.7468	857.0	1000.0	829999	289.43707	70.11499	366.3295	-157.68332	289.43756	70.10646	369.7141	-158.98943	-290.88885	47.08712	3799.0846874713898	22.886052344218793
167	3163.7502	675.17786	3569.241	1658.1814	3157.8843	605.7377	3727.9998	1819.9661	907.3333	874.0	834999	289.7461	69.81804	368.67856	-125.60946	289.74567	69.820366	370.34882	-148.63809	-291.2104	45.205574	3822.8407073020935	22.891261733220723
168	3067.178	429.59674	3489.8367	2243.9392	3542.2825	3.6744094	3548.3335	3537.5486	863.6667	1000.0	839999	289.9354	69.927216	380.65204	-111.572174	289.9353	69.93019	370.75574	-151.32567	-291.3211	45.37134	3847.245580673218	22.900271323465166
169	2875.3506	805.84357	3486.2668	1693.0071	3465.7983	9.880165	3488.6865	3449.9663	825.6667	1000.0	844999	290.3523	69.85371	370.9508	-165.59328	290.35315	69.842415	373.09082	-110.43895	-291.95404	46.97465	3871.4347698688507	22.907898057847333
170	3469.7117	11.815007	3492.9963	3460.3513	3606.5151	16.214891	3627.4785	3578.2935	1000.0	1000.0	849999	290.5613	69.78479	374.3456	-195.88962	290.56195	69.78891	373.1006	-137.11537	-292.1117	47.745876	3895.868812561035	22.916875377823324
171	2826.163	882.0394	3490.965	1531.9883	3269.6765	654.10876	3635.6846	1639.2777	807.5	896.9	854999	290.63397	69.88787	373.30283	-229.11703	290.63388	69.89138	374.37415	-246.6927	-291.83478	46.23305	3919.659990787506	22.921988261373418
172	3050.3496	479.51062	3477.252	2242.2622	3280.6587	298.8111	3573.4043	2697.5686	862.1667	901.7	859999	290.485	70.39349	369.86432	-178.72433	290.48495	70.38628	371.92834	-176.08742	-291.73996	49.290436	3943.831379175186	22.929252215596133
173	3329.8386	332.7352	3569.2512	2679.9106	3624.852	14.144915	3652.7634	3595.6194	915.8	1000.0	864999	291.19495	69.98216	370.7412	-222.73286	291.19455	69.98653	370.8341	-257.83887	-292.7556	46.87366	3967.8268852233887	22.935415531169472
174	3146.6785	642.7907	3610.6672	1761.8341	3594.871	10.350681	3610.507	3579.9944	873.3333	1000.0	869999	291.73404	70.09405	370.88925	-136.72177	291.734	70.092865	373.762	-214.49329	-292.93082	47.998432	3992.3078610897064	22.944298061831244
175	3501.4663	8.619929	3514.8428	3490.6414	3545.3735	9.195986	3558.821	3529.5188	1000.0	1000.0	874999	292.01648	70.24025	369.0477	-204.63083	292.0167	70.23929	371.74557	-167.91068	-293.44937	45.865116	4016.2159304618835	22.949805326461792
176	3493.0554	21.847246	3535.4285	3475.6729	3529.0593	9.966477	3550.5063	3518.6096	1000.0	1000.0	879999	292.28864	70.16495	372.49628	-135.40015	292.28873	70.16365	375.76352	-131.74464	-293.81134	44.154037	4040.6416289806366	22.958191084590826
177	3172.1262	781.8725	3534.5527	1424.0309	3658.153	15.367843	3694.6313	3642.468	899.6667	1000.0	884999	292.64478	70.24075	371.79156	-187.05203	292.64474	70.244774	373.32083	-152.53192	-294.16367	43.59806	4064.8500015735626	22.9652542569543
178	2881.0007	896.0526	3540.2937	1483.2518	3561.5293	9.286414	3575.7388	3545.9478	812.5	1000.0	889999	292.75543	70.137024	370.86917	-133.04283	292.75552	70.143326	374.2967	-156.42113	-293.85767	41.918083	4089.0793974399567	22.972356176108455
179	2683.5361	718.5331	3587.69	1552.7964	3625.4968	12.042347	3651.35	3610.9749	746.8333	1000.0	894999	293.02188	70.33122	372.78317	-157.35268	293.0214	70.33764	373.86115	-150.57373	-294.5808	47.130405	4113.7484719753265	22.981835049623882
180	3518.3118	42.279198	3563.0024	3445.5771	3541.44	12.289533	3560.8394	3520.0605	1000.0	1000.0	899999	293.4292	70.419846	370.38666	-196.13036	293.42966	70.42176	418.47693	-269.54013	-294.82486	43.105087	4138.013056278229	22.988961433039773
181	3368.2021	206.82458	3523.3408	2940.8499	3603.0269	6.4310045	3615.3904	3590.5488	953.6667	1000.0	904999	293.72717	70.20687	370.5205	-148.0512	293.72733	70.21026	371.29895	-164.25014	-294.91357	43.10209	4162.505024194717	22.997265338897705
182	2486.5967	1263.8599	3538.572	102.83654	3583.1921	5.2123437	3591.2993	3572.6738	708.3333	1000.0	909999	294.08734	69.799	370.20288	-150.45567	294.0868	69.79715	372.3134	-174.0492	-295.58347	46.29881	4185.9801902771	22.999891164538624
183	3008.2717	1196.5996	3600.1829	334.07596	3568.9753	4.6989202	3576.8215	3562.071	856.1667	1000.0	914999	294.0116	70.099236	372.22388	-215.05626	294.01117	70.101204	371.89008	-224.36934	-295.29636	47.729	4207.40677523613	22.991293865474848
184	3541.6492	24.255892	3567.3093	3499.8682	3593.3418	9.407676	3605.218	3574.684	1000.0	1000.0	919999	294.1875	70.023994	371.46448	-283.2967	294.18835	70.02206	372.95297	-156.86447	-295.67355	45.27858	4228.92475771904	22.983286737099938
185	2439.896	549.94635	3597.9673	1891.438	3605.1477	12.166865	3623.096	3588.1514	659.375	1000.0	924999	294.23874	70.080826	374.83694	-144.90337	294.23944	70.08067	374.35703	-143.58727	-295.6782	46.928272	4250.308714866638	22.97464171100307
186	2405.1658	1040.432	3567.7217	1138.4188	3590.409	7.8690696	3606.3064	3577.821	669.0	1000.0	929999	294.04373	70.461975	374.7654	-201.81717	294.04364	70.46742	372.81766	-150.71603	-295.50604	41.775005	4271.518545150757	22.965153478807018
187	3256.6064	434.4188	3643.002	2488.7747	3591.0532	6.141618	3601.6365	3580.0522	909.1667	1000.0	934999	294.45636	70.296616	373.64316	-148.49013	294.45764	70.29303	371.64847	-242.74988	-295.85754	44.03304	4292.709107637405	22.955663687405103
188	3092.634	535.2536	3602.8047	2175.0122	3580.1125	6.5841146	3589.2766	3566.666	858.1667	1000.0	939999	294.62637	70.37771	395.78934	-107.05282	294.62537	70.38044	373.42407	-266.8208	-295.74164	40.979675	4314.0120232105255	22.946872474031245
189	2608.0852	916.52997	3559.131	1597.9606	3612.9915	7.917972	3631.6494	3604.72	730.8333	1000.0	944999	294.87265	70.43583	375.2067	-196.85324	294.87387	70.43249	375.6042	-118.40465	-296.0253	38.59196	4335.415580511093	22.938706784021285
190	2893.9158	873.21326	3657.606	1313.387	3588.319	4.727954	3596.3254	3580.8809	804.7143	1000.0	949999	295.1884	70.42427	382.97852	-115.29452	295.18835	70.41956	377.38058	-102.19361	-296.74414	39.745777	4356.967690944672	22.931408909747475
191	2860.0383	982.76953	3603.894	1323.9567	3627.3176	6.2898655	3640.3447	3618.6548	803.1667	1000.0	954999	295.32895	70.5747	372.05798	-142.0761	295.32907	70.57732	373.42267	-209.58418	-296.59848	42.158073	4378.256532430649	22.922809081551915
192	3537.1216	20.92312	3562.7317	3518.7688	3588.379	5.37365	3597.927	3577.6064	1000.0	1000.0	959999	295.81033	70.38478	377.8764	-215.52557	295.811	70.38687	373.82718	-248.26926	-297.30673	44.319233	4399.837599992752	22.915820844471455
193	3525.9973	17.911896	3556.6294	3502.0112	3567.1492	11.567974	3580.7126	3538.9272	1000.0	1000.0	964999	295.88705	70.474396	437.3333	-146.47789	295.88763	70.47731	376.76205	-149.38284	-297.24414	44.323837	4421.05117893219	22.90700093699243
194	3554.5305	19.330706	3577.7627	3524.502	3657.684	5.376024	3666.92	3649.3652	1000.0	1000.0	969999	296.4747	70.08805	377.23346	-97.9503	296.47507	70.09102	379.33185	-166.94788	-297.6964	39.14245	4442.474126338959	22.89935117775632
195	3129.1897	839.00195	3616.0186	1453.496	3424.2505	11.00825	3444.1956	3410.6765	871.0	1000.0	974999	296.7328	70.141464	374.32635	-147.69691	296.73203	70.14864	373.92108	-85.16055	-297.95792	40.73793	4463.915343999863	22.89187356753227
196	3545.5032	17.76388	3563.0408	3520.6313	3580.9265	3.6499765	3587.2852	3575.4563	1000.0	1000.0	979999	297.05536	70.01364	374.69608	-188.27171	297.05524	70.01368	374.9657	-149.50739	-298.20175	41.037754	4485.392129182816	22.88465373126828
197	3545.498	19.902847	3571.4307	3516.9084	3664.259	7.577448	3674.23	3646.392	1000.0	1000.0	984999	297.2563	70.00489	372.4569	-196.15987	297.25674	70.008095	373.69568	-179.09921	-298.6165	42.531593	4506.866155385971	22.8774931830198
198	3539.0442	11.590897	3552.1907	3525.6567	3686.3938	15.315963	3713.364	3658.1692	1000.0	1000.0	989999	297.55948	69.957214	373.24658	-129.25198	297.55975	69.964615	376.42688	-150.27745	-298.78555	38.8328	4528.152113676071	22.869455130413325
199	3540.7056	16.422245	3567.9985	3523.456	3602.7866	4.973181	3614.6099	3596.4756	1000.0	1000.0	994999	297.95386	69.96785	373.79263	-132.94112	297.9549	69.967186	376.7961	-174.88008	-299.26245	39.625656	4549.498892068863	22.861803486119562
200	3531.5142	8.073615	3541.0999	3517.048	3589.5012	12.952704	3620.4453	3576.4805	1000.0	1000.0	999999	297.86728	70.33248	372.70847	-150.04265	297.86765	70.336	375.8562	-219.39273	-299.21323	43.316704	4570.325437307358	22.851627194881438
