Epoch	AverageEpRet	StdEpRet	MaxEpRet	MinEpRet	AverageTestEpRet	StdTestEpRet	MaxTestEpRet	MinTestEpRet	EpLen	TestEpLen	Time Steps	AverageQ1Vals	StdQ1Vals	MaxQ1Vals	MinQ1Vals	AverageQ2Vals	StdQ2Vals	MaxQ2Vals	MinQ2Vals	LossPi	LossQ	Time	AVG Time Per Epoch
1	1.9476293	5.7363577	38.857273	-9.911265	-10.911575	1.8763809	-7.7123046	-13.35012	20.695833	69.0	4999	5.383929	5.063036	26.885185	-4.6921062	5.3838115	5.0631037	26.39152	-4.54459	-7.6835685	0.54189324	20.03429627418518	20.034298419952393
2	2.533485	5.9927273	32.860916	-9.3699255	-11.514025	3.0570245	-7.4298067	-17.120157	21.266949	69.1	9999	27.854164	13.044838	66.785126	-23.515089	27.853935	13.044811	66.41922	-25.060701	-32.981976	5.2990494	45.998157024383545	22.99907958507538
3	12.855324	47.042587	223.34604	-44.49574	254.16318	245.87732	779.5082	-34.97357	89.0625	494.8	14999	48.20212	15.965168	101.38402	-27.184038	48.200993	15.971451	100.81253	-28.372267	-53.102833	12.666993	75.05277180671692	25.01759123802185
4	16.727062	88.3729	360.647	-33.69617	92.544334	136.49904	395.61676	-1.1080946	123.32609	193.3	19999	53.626343	17.397135	108.61478	-28.859365	53.626705	17.397041	103.83459	-27.038012	-57.86234	15.398648	103.17485475540161	25.793714344501495
5	123.32704	106.77572	423.9034	-68.33194	263.04596	66.3956	391.79562	144.82031	189.88461	325.2	24999	59.49219	20.622185	134.18414	-53.08795	59.493576	20.628368	133.2597	-59.232426	-63.614925	24.488546	131.47953534126282	26.295907545089722
6	145.91576	108.19051	438.56274	2.7980154	63.02939	31.385544	133.07784	20.62739	139.68571	149.1	29999	65.87952	21.703037	144.69	-62.555153	65.880264	21.709314	145.6255	-62.641247	-69.735275	27.07487	158.48339366912842	26.413899302482605
7	133.88336	85.739685	309.283	-54.327694	209.1525	104.1164	370.83157	37.67893	144.58333	162.0	34999	67.86156	21.859974	143.4505	-41.475773	67.86215	21.85829	143.38261	-44.779007	-71.502014	27.618437	186.9232325553894	26.703319243022374
8	152.00232	119.839035	638.2974	6.7541804	168.51346	92.22917	311.99716	27.02781	145.70589	196.9	39999	69.72753	21.749317	144.21791	-43.799614	69.72886	21.746632	142.93924	-44.126675	-73.180824	31.067987	214.25249981880188	26.78156277537346
9	162.66612	73.44379	282.57843	-1.1393719	285.48544	213.55397	895.41364	99.4381	152.90909	253.8	44999	69.67321	21.414658	143.96124	-54.086983	69.674515	21.412588	143.74419	-51.27699	-72.8492	30.35848	242.97727417945862	26.997475147247314
10	137.06691	90.18374	321.13998	-24.084927	243.5594	218.95695	778.6952	22.585993	199.33333	239.5	49999	68.87421	21.577625	144.79399	-39.114017	68.87682	21.58052	147.57164	-39.812054	-71.9991	30.99647	270.6543867588043	27.065438890457152
11	159.5697	119.887344	465.578	-35.544106	60.522095	39.39608	140.2899	18.847116	150.47058	76.2	54999	67.56326	21.963419	144.57306	-48.633137	67.56575	21.96961	138.83984	-49.183285	-70.547165	32.226727	297.6563022136688	27.05966405435042
12	273.09818	138.99916	678.98773	47.589024	98.13099	88.676544	285.38968	22.38284	180.89285	151.3	59999	67.15724	22.074608	136.8355	-52.449623	67.1592	22.081076	136.6122	-56.07824	-70.101685	30.99795	325.63648653030396	27.136374056339264
13	246.80037	102.936775	438.7384	2.801638	311.66245	93.11844	461.30728	168.95659	185.92592	198.3	64999	67.1644	21.727743	130.89128	-54.216724	67.16526	21.731117	132.95166	-51.907448	-69.943665	28.328218	352.9060974121094	27.146623006233803
14	294.08945	132.4421	468.7376	19.432934	243.99463	115.855354	381.16733	60.56543	235.14285	207.2	69999	67.15184	21.53857	143.67555	-101.526886	67.153534	21.543734	157.94586	-48.228153	-69.784836	28.081768	381.55158042907715	27.253684452601842
15	220.73679	86.82269	449.03506	90.46737	350.72046	151.19057	684.0011	179.33861	151.27272	205.0	74999	67.496704	22.14776	163.16743	-56.479366	67.49831	22.150778	165.38084	-54.03598	-70.14096	28.78	409.329167842865	27.288611300786336
16	238.87527	145.26036	652.1579	-113.2359	286.7757	115.97206	510.08124	102.2839	163.87097	160.1	79999	67.910255	22.51266	159.23337	-43.86388	67.909935	22.520561	154.78163	-46.5028	-70.47834	29.021446	437.3260703086853	27.332879528403282
17	234.89261	116.8814	519.8283	21.998674	234.97647	76.9322	386.24783	134.80032	137.83333	130.2	84999	68.98038	23.541931	141.03802	-52.591625	68.98155	23.541838	145.7072	-50.471397	-71.63074	30.597176	464.6465826034546	27.332152044071872
18	261.90808	142.03082	680.5552	100.2533	260.0461	204.74667	744.3853	111.13069	143.48485	135.2	89999	71.34128	24.93596	144.51198	-58.34299	71.34277	24.936983	145.33069	-55.67923	-74.18448	31.980453	491.4588134288788	27.303267518679302
19	319.20578	192.83481	1062.3704	33.00931	279.73727	174.50334	539.6692	38.162643	194.40741	203.6	94999	73.96095	25.868286	155.90318	-50.76314	73.96115	25.877224	155.55637	-71.37932	-76.80516	34.3529	520.0420718193054	27.37063545929758
20	317.0313	198.10373	720.5017	-38.261993	329.408	204.10466	853.37897	162.10077	236.4762	159.9	99999	74.92724	26.47116	167.0062	-70.524895	74.92818	26.47855	175.19751	-85.37976	-77.63414	36.30683	547.1846914291382	27.35923467874527
21	493.37488	413.09564	1781.5231	45.992146	291.29492	162.05116	680.019	152.603	271.47058	160.2	104999	74.666084	27.124638	178.20567	-65.340225	74.666954	27.129574	183.10054	-61.56157	-77.392784	38.000267	575.598596572876	27.409457070486887
22	297.26407	261.96805	969.8335	25.190685	301.32138	242.803	812.42456	49.978493	224.36363	212.1	109999	74.90575	27.675299	187.67601	-64.88588	74.90682	27.679718	191.42935	-64.153435	-77.56055	39.843296	602.9489290714264	27.406769611618735
23	278.16772	248.0907	989.85223	100.98536	137.6865	50.802444	271.58322	103.03275	173.84375	93.1	114999	75.61732	28.119993	178.23438	-60.28789	75.61848	28.124462	179.99208	-65.811386	-78.32631	42.685326	630.5594584941864	27.41562871311022
24	438.16354	408.39075	1850.7328	92.907745	171.65343	208.89273	777.80505	63.881306	225.68182	169.9	119999	76.18946	28.529268	184.80069	-56.56032	76.18955	28.529118	189.81755	-53.27812	-78.8797	43.476093	658.3150427341461	27.42979351679484
25	289.88602	265.7478	1308.1285	-29.539078	323.51984	164.3444	572.65717	118.51881	173.0	157.4	124999	76.61855	28.931581	196.1811	-58.44857	76.61896	28.936728	198.62311	-52.976006	-79.28725	45.59342	685.6023991107941	27.424096040725708
26	398.37384	302.9955	1148.3462	49.04307	463.62442	251.59206	978.1871	141.64072	205.42308	244.3	129999	76.7112	29.295843	180.90765	-55.501106	76.71222	29.299252	178.27751	-87.96397	-79.25458	47.033363	714.3190724849701	27.47381055355072
27	380.15454	250.04881	1086.2091	72.20214	257.0583	205.55304	752.4837	45.904022	201.75	220.9	134999	76.53515	29.502703	171.80649	-60.017494	76.536285	29.503052	174.17183	-74.66413	-79.02483	45.47612	742.0946958065033	27.484988813047057
28	509.83566	313.15768	1596.3254	171.18523	585.8685	702.1648	2566.4756	-73.43099	242.2381	254.3	139999	76.678375	29.17465	175.99744	-71.05741	76.67865	29.177998	175.84111	-79.862076	-79.21352	45.466408	770.937007188797	27.53346461909158
29	435.56183	349.33252	1246.3538	114.59711	266.34747	239.30252	936.1568	140.75552	201.64	124.6	144999	77.26573	29.167494	187.35504	-63.777462	77.26464	29.171024	188.82181	-69.18871	-79.731064	45.97431	798.3226647377014	27.528367823567883
30	461.74057	609.35223	2858.3604	20.597202	351.71298	215.04301	651.7372	169.44606	179.33333	165.9	149999	78.40564	30.13269	193.75998	-60.118343	78.4058	30.134235	194.59856	-81.03212	-80.7855	49.9837	825.5689418315887	27.5189647992452
31	624.0024	362.99142	1542.9912	124.12829	1126.7407	536.9082	2219.628	524.3792	244.57143	350.4	154999	80.309235	31.2083	198.67307	-55.077847	80.308334	31.206896	196.71307	-61.003166	-82.8623	53.008774	855.0502848625183	27.58226732284792
32	569.32635	384.43738	1669.7522	149.28482	866.1916	548.6804	2092.0867	127.52342	218.73914	320.3	159999	82.99195	32.331738	201.37277	-58.29727	82.9923	32.331367	203.06569	-57.099083	-85.56034	56.31021	883.055802822113	27.595493890345097
33	718.6142	469.93396	1870.5105	123.23745	1022.4922	588.76434	1621.2163	153.72096	253.3158	319.3	164999	85.37913	33.898533	203.69875	-67.88007	85.38013	33.89617	205.30118	-73.10726	-88.00232	57.54113	912.2149991989136	27.64287881417708
34	706.8917	516.7944	2038.5575	71.04278	1219.3336	903.944	3334.3782	212.11044	249.25	359.6	169999	88.14761	35.447998	220.34264	-66.68376	88.148254	35.443913	205.97939	-67.59721	-90.89669	60.90068	940.7081990242004	27.66788826269262
35	670.3358	754.5046	3183.9387	11.836233	943.8541	495.60388	1553.2649	208.13199	214.16667	274.1	174999	91.095	37.213787	214.68684	-95.73262	91.096176	37.213654	216.0053	-68.701706	-93.91228	65.975235	968.7851555347443	27.67957592691694
36	626.6391	441.29608	1672.7393	22.288954	831.203	727.46783	2191.921	152.14099	208.21739	299.1	179999	94.09432	38.50734	219.46019	-70.833954	94.09411	38.501408	221.29073	-80.8313	-97.078316	68.33762	998.0656816959381	27.724046773380703
37	955.15436	729.5344	2327.0571	133.96451	653.6755	482.9013	1256.8513	90.33692	324.86667	249.1	184999	97.53488	40.18327	224.55034	-81.338425	97.53409	40.174847	229.06285	-76.79873	-100.57963	72.87672	1025.4376108646393	27.714530074918592
38	974.7368	555.9625	2160.3032	163.83542	846.7528	629.54333	1900.3618	168.39345	318.29413	281.8	189999	101.06196	41.52602	228.20093	-75.79368	101.060165	41.52667	228.8692	-82.39349	-104.159904	77.45695	1054.2836227416992	27.744305924365396
39	999.2489	725.4586	2526.2168	64.09955	966.2964	512.1726	1648.2369	98.42786	318.33334	295.7	194999	103.9564	42.639423	235.47995	-77.78034	103.95538	42.64051	234.7615	-90.694016	-107.06635	79.131584	1082.2666311264038	27.750426488044933
40	1619.2461	625.544	2631.6775	511.60934	1748.1125	1127.1516	3310.5825	199.7926	480.1	502.2	199999	106.474945	44.143135	247.15768	-89.56534	106.47484	44.139786	252.02875	-85.546776	-109.636925	80.716835	1111.5255343914032	27.78813840150833
41	1864.3623	982.91974	3479.1863	197.49355	1658.4388	1433.0677	3889.2322	260.2684	519.5	477.1	204999	110.08348	45.22594	258.35138	-79.04085	110.08215	45.226925	262.79465	-71.777054	-113.326584	80.09751	1141.5703916549683	27.843180336603304
42	1621.2367	1000.4517	4109.134	178.11177	863.60266	352.73813	1572.6003	251.61986	438.25	246.8	209999	113.55933	46.48884	260.8151	-80.61328	113.55839	46.489872	262.15683	-95.74887	-116.69286	85.302216	1169.4031620025635	27.84293248539879
43	1627.0383	499.163	2451.2988	823.99744	1482.5505	787.9133	3024.5393	186.60352	432.72726	390.5	214999	117.11031	47.989456	272.95398	-85.76276	117.10915	47.98735	265.61942	-94.34786	-120.45416	86.88775	1199.0786736011505	27.885550587676292
44	952.5833	703.15375	2446.792	34.812836	1559.8251	210.1077	2013.8296	1111.0555	273.5	411.2	219999	121.1155	49.346497	281.62106	-82.63785	121.11615	49.34367	281.0575	-79.79701	-124.4314	88.92957	1227.6613490581512	27.901394334706392
45	1478.715	1008.8214	4330.068	38.518536	2490.6392	1633.728	4257.158	244.01974	385.66666	596.0	224999	124.50903	51.207027	279.8946	-74.53856	124.5076	51.208378	279.7942	-75.94104	-127.83004	89.63912	1257.280458688736	27.9395657910241
46	1600.8497	744.1724	3634.8862	200.36592	1910.1735	735.63635	2902.6755	243.78018	430.30768	464.9	229999	128.09383	53.544067	288.76007	-88.831764	128.09506	53.539165	284.37643	-98.261444	-131.36156	91.347084	1287.2561967372894	27.98383041050123
47	1754.4434	763.5371	3276.8457	581.05457	1442.7521	626.80786	2810.212	500.96527	436.27274	387.2	234999	131.5008	55.771706	298.8087	-104.33184	131.50127	55.775143	292.28192	-105.00532	-134.8348	94.9281	1315.723151922226	27.994109655948396
48	1830.547	644.42395	3158.057	310.2953	3020.4326	807.12024	4454.3364	1622.2097	471.0	723.4	239999	134.45317	57.475357	301.45514	-102.43779	134.45375	57.48266	302.15903	-84.29385	-137.92639	95.174416	1346.6693978309631	28.05561249454816
49	1755.8876	1096.0824	3855.001	269.98865	1004.5238	310.64236	1461.2634	295.75073	456.72726	271.9	244999	138.10387	59.019165	302.3737	-91.84058	138.10504	59.0236	304.2847	-75.40077	-141.45895	98.31787	1374.856252193451	28.058290904882004
50	1490.5201	948.89197	4315.0425	242.02077	2681.9038	651.5832	4079.5215	1848.9087	398.75	626.3	249999	142.66492	60.21195	311.97757	-63.076782	142.6647	60.2159	304.44827	-79.172874	-146.10777	99.46797	1404.7384493350983	28.094769024848937
51	1623.0304	807.83563	3039.7112	147.6353	2343.6206	843.006	4340.8374	1528.5344	423.91666	567.5	254999	147.21042	61.56685	315.3249	-88.72328	147.20964	61.570866	311.91714	-78.80954	-150.65262	102.850235	1435.2837584018707	28.142818838942286
52	2507.6738	1011.12134	4177.3286	1377.1821	1210.7188	583.4588	2935.0315	875.0046	600.625	338.9	259999	151.62419	63.108055	318.9576	-78.04559	151.62373	63.108868	317.04626	-70.669205	-155.05852	104.78525	1463.5384621620178	28.144970472042377
53	1453.1205	1283.9167	3766.7058	22.42705	3223.2046	1290.0121	4941.4272	428.88272	387.53845	677.7	264999	154.85278	65.25784	328.66678	-97.12846	154.85422	65.25922	326.093	-84.0864	-158.49089	108.55739	1493.4517748355865	28.17833541024406
54	2241.3843	1392.3218	4735.7046	17.8963	3138.6838	993.86084	4635.7725	1780.9269	535.2	723.5	269999	158.25725	67.18002	333.26996	-96.17909	158.25768	67.18308	335.4923	-77.75232	-161.73613	112.032	1524.9835224151611	28.240435640017193
55	1668.0144	919.6912	4129.432	237.2018	2075.349	1548.241	4267.649	79.13251	446.9091	515.6	274999	161.98605	68.004524	339.93967	-104.874664	161.98448	68.00515	337.32303	-75.37476	-165.8431	112.2738	1554.279063463211	28.259619374708695
56	2529.779	1301.0325	4364.247	237.18579	1616.9441	892.6063	3107.498	171.62029	630.25	456.0	279999	164.03262	69.61508	349.46204	-95.70949	164.03185	69.618805	346.13235	-96.90149	-167.60616	113.97876	1583.9465970993042	28.284760696547373
57	2741.5718	1366.4441	4586.9014	1080.99	2426.766	1139.5452	4564.0483	1078.0167	645.2857	589.3	284999	166.15958	71.54908	347.62057	-81.0052	166.15962	71.547264	343.60165	-69.23944	-169.72661	116.42696	1613.710079908371	28.310703193932248
58	2270.9563	1283.4854	4219.4756	913.97644	2387.7266	1233.1045	4495.3325	19.144224	553.44446	581.5	289999	169.03235	72.89829	344.04303	-72.72298	169.03365	72.89415	348.50992	-98.453316	-172.7166	116.0397	1643.0909736156464	28.329154750396466
59	1411.5109	1418.1748	4359.231	-59.376453	2563.646	1345.5094	4746.2827	244.9988	367.73334	614.4	294999	171.83871	73.976746	353.13657	-81.54234	171.83994	73.97987	353.174	-66.8598	-175.29092	120.821884	1673.6708676815033	28.36730287438732
60	1999.9128	968.7276	4184.298	768.959	3392.3665	1129.3467	4622.8276	1589.8751	504.4	767.1	299999	173.07042	75.35231	347.70908	-81.42814	173.07054	75.35223	354.92255	-93.71841	-176.655	121.35573	1704.3735930919647	28.406226579348246
61	2008.3337	805.7424	3431.532	986.8114	1271.3787	665.3266	2998.6682	870.6272	503.0	319.5	304999	175.06288	76.08656	357.01355	-71.285034	175.062	76.088165	356.9063	-78.29785	-178.72	125.8714	1732.6166758537292	28.4035520905354
62	2569.5327	1063.869	4592.0728	1316.5859	1456.0822	276.1324	1989.3496	982.0109	583.44446	374.7	309999	176.2109	76.7534	357.03464	-75.88579	176.21147	76.75672	355.9981	-112.75227	-179.7678	126.439674	1762.3368165493011	28.424787398307554
63	1978.0677	931.7011	4057.3113	268.6424	1943.0437	814.1046	3468.59	1002.66034	471.7	480.1	314999	177.47601	77.75531	361.56445	-109.729454	177.47609	77.75617	358.47137	-120.36146	-181.05194	123.58768	1791.4123766422272	28.43511712361896
64	1945.7235	1279.712	4199.938	308.79083	1430.2985	1455.086	4515.5024	200.42535	460.58334	371.0	319999	178.48448	78.70256	369.76236	-129.64227	178.48367	78.69852	365.66144	-93.42627	-182.02675	126.13405	1820.826134443283	28.45040837675333
65	1455.1094	816.3685	3544.9995	20.043657	1592.5154	712.74274	3115.8364	275.55887	375.46155	412.2	324999	178.34175	80.09791	366.54956	-176.6252	178.34035	80.10261	369.49582	-185.33383	-181.7043	127.88871	1849.3718984127045	28.451875393207256
66	2571.9783	1613.0094	5156.49	156.48904	3439.982	1608.8788	5109.7075	536.98456	560.44446	741.6	329999	178.60707	81.24367	365.0092	-145.9302	178.60637	81.2405	361.54843	-152.65059	-182.23097	129.8727	1879.806345462799	28.481914350480743
67	2455.3315	1013.99866	4689.0444	1191.1876	2675.0962	1584.7418	5083.021	982.7934	560.375	574.9	334999	180.11351	82.02601	372.15646	-161.9731	180.11403	82.030106	368.8057	-170.13567	-183.49358	131.73123	1910.4414687156677	28.514051803902014
68	2341.1233	828.4574	4108.47	1366.2843	2331.4155	1000.1742	4151.8057	908.73474	529.2	537.7	339999	181.20988	82.77462	370.9905	-162.04794	181.20917	82.776665	371.8339	-164.64587	-184.76295	131.48381	1939.7533206939697	28.52578415590174
69	2478.8086	1379.1051	4500.357	248.55307	2578.2292	1321.5847	4379.6045	223.38377	552.55554	561.2	344999	182.96654	83.99008	378.36945	-107.29695	182.96518	83.99173	377.4141	-107.486404	-186.77274	131.9922	1969.5118136405945	28.543649500694826
70	2836.1897	1730.7703	5155.434	283.83136	3565.5378	615.7543	4069.8967	2223.9055	634.0	929.3	349999	185.1762	84.593025	384.51483	-113.43534	185.17545	84.59199	391.35687	-132.0576	-188.831	131.25737	2001.9469521045685	28.599242203576225
71	2615.7622	931.35547	4886.5	1763.2076	4245.1533	726.9055	4986.6304	2301.0972	584.1111	931.0	354999	187.21371	85.09678	384.78702	-98.82905	187.21416	85.101364	384.71692	-131.33443	-190.7063	129.21461	2033.1846911907196	28.636404128141805
72	2870.5073	1367.0356	4715.657	906.20996	4326.871	868.4391	4988.924	1939.8086	665.1429	924.4	359999	189.34816	86.00066	387.06906	-95.607605	189.34789	86.00176	385.62436	-101.07165	-192.97423	131.01276	2064.8006353378296	28.677786625093884
73	2982.0034	1670.0924	4932.4106	520.07056	3416.7766	1020.9374	5081.4487	2312.6606	663.0	715.4	364999	191.2616	86.79633	389.75513	-106.88285	191.26097	86.79351	384.6797	-110.82245	-194.68553	131.14992	2096.5069320201874	28.7192730707665
74	3171.1677	1460.5631	5138.033	1302.3536	3192.8904	1511.8992	4860.5674	711.2775	680.7143	707.1	369999	193.38905	87.48637	393.48383	-100.56831	193.38788	87.48935	390.43555	-107.69352	-196.78545	132.30222	2126.5992493629456	28.73782771986884
75	3550.254	1478.8165	4935.6836	1020.5141	3506.4382	1207.221	5113.8604	1681.9794	773.5	738.9	374999	195.30821	88.45938	388.43753	-96.35178	195.30547	88.46194	390.0302	-98.15566	-198.88066	134.62549	2157.313781261444	28.764183772404987
76	2806.2988	761.186	3626.7866	1229.3523	1838.3258	967.32794	3395.7869	143.95833	612.2222	417.9	379999	197.7036	89.453835	395.6267	-97.29273	197.70245	89.45516	395.38715	-114.51166	-201.16827	132.93092	2186.7657191753387	28.77323317527771
77	3230.8281	1459.1729	4913.3345	1109.6195	2481.1753	1810.542	4928.3647	244.58394	712.5714	571.6	384999	199.8722	90.99547	398.21683	-108.36113	199.87164	90.992805	398.52585	-124.381714	-203.4219	133.62277	2214.824845790863	28.763959061015736
78	2932.6562	821.0749	4627.556	1699.8165	3167.397	1159.7595	5269.5264	1546.2996	631.4286	673.1	389999	201.76527	91.81804	401.07642	-111.82647	201.7636	91.822815	403.7349	-127.990105	-205.49492	137.21895	2245.7295632362366	28.791404681328014
79	3292.7588	1147.4934	5044.022	1215.8588	3326.9153	1396.1923	5083.485	1102.1969	695.0	694.9	394999	203.89941	92.08507	416.09116	-131.68063	203.89703	92.08427	412.43835	-117.425385	-207.2876	137.7888	2276.5374760627747	28.81693009786968
80	4015.0886	1280.0701	4935.032	1297.2559	2589.0151	1040.7882	3882.8577	258.4056	834.3333	564.8	399999	205.92744	92.798775	415.53183	-148.40341	205.9264	92.80087	415.76028	-133.43878	-209.344	137.12877	2306.9674332141876	28.837092939019204
81	2504.3713	1359.6542	4915.532	756.1274	1743.9023	1569.5874	4712.617	494.4756	560.0	478.1	404999	207.94205	93.55954	415.90518	-107.64908	207.9417	93.55909	417.1258	-106.72701	-211.54915	140.09303	2336.608717918396	28.84702123536004
82	2635.266	746.96436	4412.654	1626.2949	3013.3628	942.8198	4170.817	1140.8617	614.2222	708.2	409999	209.43477	94.51348	427.15802	-98.2946	209.43361	94.51233	423.82257	-113.19951	-212.87735	141.88124	2367.9702594280243	28.877686110938466
83	2275.8398	1080.0808	4411.0674	706.1713	3328.8672	1092.3964	4793.301	669.59265	521.1111	755.9	414999	210.55276	94.63349	428.3166	-110.9077	210.55148	94.632416	429.03445	-135.04338	-213.93085	140.43977	2398.755954504013	28.900674176503376
84	3236.7505	1065.7438	4484.1104	1481.2561	2673.3022	1162.0907	4625.9937	1446.0668	714.8571	644.0	419999	212.21878	95.32202	430.56833	-108.879234	212.21707	95.32367	431.53244	-128.61047	-216.14494	140.54475	2428.5204236507416	28.910957447120122
85	3370.5876	916.5795	4542.453	1566.888	4556.3765	526.0795	5164.4224	3478.6023	757.3333	943.5	424999	213.691	96.412704	432.3635	-105.92956	213.68999	96.412575	427.7881	-123.16601	-217.18677	141.64725	2461.2449917793274	28.95582345794229
86	3691.6204	1373.0336	5261.84	1678.7444	3488.8418	1674.8676	5559.5366	361.57297	784.8571	701.6	429999	215.39354	96.807915	432.9976	-113.14496	215.39348	96.80714	428.68552	-121.17148	-219.17915	143.42458	2491.691202878952	28.97315354679906
87	2768.9976	1703.2946	4897.69	16.391556	2629.0828	1626.2825	4965.8013	490.63168	641.625	574.7	434999	216.4709	97.32681	432.42166	-113.77636	216.47026	97.32627	430.4538	-115.06238	-220.0248	143.89978	2521.3870742321014	28.981460645281036
88	2724.9624	1322.773	4562.553	457.80322	3038.7715	1341.4176	5204.199	1700.8529	582.375	618.7	439999	217.51094	97.24388	436.40176	-97.95305	217.51128	97.23824	436.62317	-114.70026	-221.0631	142.86703	2552.2549624443054	29.002897322177887
89	3811.0503	1446.5638	5662.595	1656.0917	1901.0862	1009.30334	3816.1875	536.63	745.8571	434.0	444999	218.84247	97.58968	443.90323	-101.9308	218.8436	97.58332	437.9262	-122.52714	-222.20242	143.17516	2581.045563220978	29.000511970412866
90	2529.8596	1759.247	5270.7344	246.42365	3607.714	1555.077	5335.945	1076.9432	552.0	747.2	449999	220.743	98.05367	442.9347	-102.923584	220.7433	98.05359	437.3353	-101.59614	-224.48172	142.25098	2612.0615751743317	29.02290641201867
91	3539.0352	1878.016	5556.8516	736.3101	4343.61	1558.722	5408.9727	308.6889	718.5714	835.8	454999	222.13998	98.81123	441.83975	-129.38359	222.13887	98.810905	442.5667	-113.46706	-225.58203	142.83943	2643.331729412079	29.047601443070633
92	3613.5737	1943.309	5514.251	844.55426	5216.3145	612.7356	5670.3516	3550.7898	706.7143	957.1	459999	224.16475	99.49419	451.94284	-112.62958	224.16591	99.49066	438.48215	-162.2631	-227.85883	147.89716	2675.5361471176147	29.08191466331482
93	4155.456	1541.4899	5519.131	893.1106	4301.0947	1113.1478	5489.143	2174.0154	802.8333	834.9	464999	225.34344	100.86165	454.603	-118.20707	225.34221	100.85714	451.04208	-119.45114	-228.7507	151.72314	2707.1203649044037	29.108821153640747
94	4551.201	1406.5133	5758.8813	2478.6724	5054.7607	860.2684	5717.863	2997.258	841.1667	919.9	469999	227.64206	101.78137	452.2732	-166.48842	227.64238	101.776024	448.3239	-146.80574	-231.27776	147.21954	2738.9102103710175	29.137342683812406
95	3610.783	2190.3704	5625.329	254.01999	5368.9243	638.0063	5757.784	3479.258	689.5714	966.6	474999	229.3659	103.06397	452.91132	-102.88144	229.36668	103.06384	452.04465	-115.754425	-232.7493	152.04071	2770.6465232372284	29.164700267189428
96	3678.6987	1949.7866	5740.9404	560.2628	4452.2217	2009.0734	5843.684	594.7962	694.375	811.2	479999	231.47525	104.23061	457.8948	-154.7433	231.4751	104.22695	458.22543	-141.68976	-235.09125	152.06094	2802.1865162849426	29.189442900319893
97	4479.1714	1434.1332	5588.823	2433.2178	4474.656	1046.2751	5491.1636	2198.6912	820.8333	845.1	484999	233.36668	105.65404	470.24966	-141.39056	233.36568	105.65003	463.47482	-114.121315	-237.01456	156.1419	2834.2537899017334	29.219111258221655
98	3895.4363	1634.3145	5796.163	1723.2328	5709.235	312.5703	6007.8315	5008.154	737.0	986.9	489999	235.94435	107.156494	471.18942	-137.69781	235.94536	107.15363	472.47186	-112.46154	-239.4439	156.4121	2866.1717681884766	29.246650717696365
99	5287.9	403.38315	5887.435	4731.07	4771.2183	1451.7151	5544.772	438.43494	962.0	917.1	494999	238.21288	108.89282	479.03552	-122.08699	238.21138	108.894615	477.3545	-159.1157	-242.1525	163.37312	2897.427158355713	29.266941017574734
100	4564.4355	1472.2424	5547.603	1647.3406	5510.3203	135.52663	5699.3755	5281.6616	872.6	1000.0	499999	241.0305	110.13703	471.48044	-117.7806	241.03098	110.13006	474.46057	-139.31754	-244.93233	161.9936	2930.286753177643	29.3028675532341
101	4731.272	1422.0664	5687.931	1578.7201	4080.429	1774.7843	5662.3955	214.84221	892.0	761.3	504999	243.27165	111.27628	471.8358	-163.80107	243.2724	111.273415	475.88004	-109.0036	-246.79532	163.16763	2961.097104072571	29.317793128514055
102	5084.2227	1072.5643	5866.246	2960.582	4801.1924	971.518	5514.3086	2915.4492	917.8	906.2	509999	245.23325	112.48257	485.34802	-160.47023	245.23288	112.48297	470.94687	-192.69249	-248.83725	165.53923	2992.5404682159424	29.338632060032264
103	4929.3647	713.61584	5427.752	3439.9075	5521.844	91.5479	5621.9683	5277.1313	931.0	1000.0	514999	247.9851	113.373726	477.77356	-130.44809	247.9842	113.37819	479.35403	-161.81851	-251.68422	168.88185	3025.5502829551697	29.374274610315712
104	5410.954	254.40158	5716.9453	5005.873	4570.4736	926.317	5653.599	2644.4497	1000.0	848.5	519999	249.86995	114.91732	483.55252	-149.79066	249.869	114.91439	478.42694	-175.08498	-253.5685	167.55731	3056.9446547031403	29.393698623547188
105	3974.8608	1831.6722	5561.5767	220.83551	5074.7017	1127.82	5813.699	1843.9412	736.4286	922.6	524999	252.07785	115.737015	487.6154	-153.96144	252.07841	115.73987	490.03442	-163.29031	-255.7613	174.91087	3088.57249212265	29.414976135889688
106	4916.095	940.31433	5921.3193	3259.0107	4164.355	2259.4675	5748.035	481.75647	927.2	761.0	529999	254.01778	116.527565	490.62094	-184.14258	254.01709	116.524666	487.191	-146.07741	-257.5174	175.50203	3119.5349712371826	29.429575218344635
107	5079.1	723.1078	5612.074	3734.7175	4448.4487	1573.8584	5757.067	1695.0201	940.6	833.8	534999	256.36047	117.428055	501.37146	-161.34743	256.3588	117.426254	496.89597	-135.40874	-260.02936	174.79243	3151.3229262828827	29.451616153538783
108	4604.485	1846.9617	5622.066	488.13223	4300.354	1464.314	5560.017	504.07388	854.8333	817.6	539999	258.0714	118.26763	500.96698	-155.64763	258.0719	118.26189	506.5107	-166.562	-261.65598	175.6691	3182.37278676033	29.466414712093496
109	3479.7588	1756.8788	5670.317	176.71434	4289.0967	1301.6472	5744.053	2327.805	671.875	755.4	544999	260.57965	118.79005	498.29147	-130.34712	260.58032	118.7858	498.66183	-167.20697	-264.0381	171.90921	3213.307790994644	29.47988801046249
110	3728.4988	1976.2782	5688.05	590.03955	173.74828	126.5833	552.9855	117.85469	726.7143	69.8	549999	261.40555	119.86765	504.0465	-132.69281	261.40518	119.86334	502.03622	-146.31308	-264.96774	177.5503	3241.296016931534	29.466327446157283
111	4767.322	1048.6245	5517.872	2685.8137	4627.1885	1391.8651	5524.1978	552.6067	919.2	894.1	554999	263.82138	120.07262	502.16913	-116.39248	263.8218	120.07068	503.3837	-139.9184	-267.4088	171.36632	3273.323634624481	29.4894021330653
112	3919.7195	2402.8594	5638.0215	110.03223	3301.836	2180.7622	5398.8657	115.94461	731.1429	661.2	559999	265.49646	121.046844	506.1769	-138.26248	265.49445	121.049484	513.9839	-145.40628	-269.03436	174.06454	3303.7188260555267	29.497489535382815
113	4387.502	1009.32184	5430.272	2768.134	4481.3794	1336.5317	5890.676	2452.974	820.6667	827.4	564999	267.3051	122.02803	508.59796	-114.25198	267.30533	122.02774	505.26093	-117.998795	-270.86783	175.17998	3335.5217382907867	29.517891508288088
114	4036.905	1881.6989	5597.0	79.6237	3662.142	1621.2863	5236.6216	104.78032	787.5	782.7	569999	268.91223	123.14142	512.3168	-170.62138	268.912	123.14046	523.5806	-118.67529	-272.50616	175.27284	3366.0525908470154	29.526777129424246
115	5168.29	441.9228	5857.7437	4670.014	4616.95	1581.3804	5772.4346	700.8587	981.0	854.3	574999	269.26685	124.00418	522.0286	-188.00658	269.26657	124.007385	518.24756	-220.94753	-272.8863	178.15524	3397.1311326026917	29.540270734869914
116	5341.907	255.11172	5718.326	5033.031	5383.6084	482.29764	5820.175	4022.187	989.0	972.2	579999	269.9855	124.86394	521.92523	-159.22954	269.98376	124.862785	526.9153	-197.75526	-273.6346	177.67468	3429.7777440547943	29.567049534156403
117	4094.8296	1210.7517	5556.873	2524.4702	4822.2705	1255.4977	5861.154	2160.9995	771.5714	875.6	584999	271.22336	125.47582	521.51874	-149.25917	271.2244	125.473694	511.72012	-199.9169	-275.0943	172.19666	3460.9563546180725	29.5808235620841
118	4922.007	1184.8796	5826.051	2390.2146	5078.6436	828.8552	5846.47	3316.747	902.1667	941.5	589999	272.97845	126.04835	515.6484	-177.6906	272.9776	126.04706	517.41907	-159.03726	-276.41504	183.49713	3492.751415014267	29.599588276976245
119	4911.445	983.3691	5582.4336	2957.9868	4958.5728	545.47156	5515.1543	3512.2659	908.4	958.8	594999	274.20532	125.977486	518.7757	-200.88077	274.20517	125.97636	525.1525	-224.63138	-277.92465	181.01622	3525.368512868881	29.62494550232126
120	5056.0073	657.65094	5631.6445	4032.5115	5696.909	80.03842	5836.912	5564.9824	939.0	1000.0	599999	275.97232	126.39361	512.8341	-179.83142	275.97183	126.39831	520.269	-211.96632	-279.3531	179.5726	3557.030547142029	29.641921242078144
121	5620.447	50.434536	5704.2617	5561.0767	5620.999	133.0625	5833.3394	5313.4976	1000.0	1000.0	604999	276.8996	127.15381	513.4523	-126.723045	276.90048	127.15149	513.6706	-151.98238	-280.3497	181.89719	3589.692101240158	29.666876887486985
122	5330.235	314.10446	5889.1104	4984.265	5425.8022	539.57983	5722.175	3824.715	1000.0	972.5	609999	278.14713	127.50086	519.9935	-173.80658	278.14584	127.506966	520.6864	-210.50616	-281.63727	175.63466	3622.538954973221	29.692942269512866
123	4375.044	1324.6951	5755.3364	2363.0212	4956.1357	625.8284	5578.9873	3389.842	816.5714	958.2	614999	279.82065	127.27249	517.4245	-174.27696	279.8203	127.27216	515.59454	-255.00243	-283.3401	176.47218	3653.9954237937927	29.707279883749116
124	5410.323	370.49274	5822.6978	4944.569	4981.073	1027.5621	5734.827	2001.6215	1000.0	945.2	619999	280.8702	127.63996	517.4898	-160.55122	280.8702	127.63881	515.1864	-191.5505	-284.2139	178.0045	3685.3550267219543	29.720605071513884
125	4828.445	925.61346	5504.563	3074.0376	4948.6216	1324.5787	5839.0146	1863.9493	932.0	891.6	624999	282.6731	128.15666	516.19434	-174.58755	282.67297	128.1523	520.0413	-162.68903	-286.19376	176.31357	3717.542729139328	29.740341846466066
126	4595.746	1962.979	5624.5825	217.67209	5458.124	218.41669	5704.866	5107.428	846.0	1000.0	629999	284.25784	129.04445	515.5798	-230.11136	284.25638	129.04811	515.38556	-230.02617	-288.02588	180.21747	3749.4564838409424	29.757591156732467
127	4167.273	1770.4237	5418.6587	702.01685	5443.3296	168.54044	5617.226	5056.9727	799.8333	1000.0	634999	285.56207	129.43184	513.85443	-146.30307	285.56064	129.43106	517.2404	-144.18474	-289.10965	181.3042	3781.674108505249	29.776961499311792
128	5215.8374	855.0353	5904.4595	3528.9958	3459.1172	2701.802	5894.4966	116.85637	933.2	624.8	639999	287.03583	129.72408	520.22156	-124.725655	287.03513	129.72061	522.26605	-124.54201	-290.62903	182.15224	3811.9309775829315	29.780710777267814
129	4274.1025	1974.7175	5621.939	163.44252	3781.089	2308.3833	5671.342	503.88303	789.8571	695.8	644999	287.99655	129.44215	518.384	-124.25315	287.99686	129.43997	525.0369	-152.92465	-291.59735	179.6168	3842.603520154953	29.787624203881553
130	5194.0347	693.77246	5880.1147	3985.2925	4839.2764	1336.4269	5837.3555	1934.9081	959.4	893.7	649999	289.89697	129.41914	523.7446	-144.08148	289.8983	129.4184	523.586	-138.80112	-293.37604	176.31578	3873.786420583725	29.79835709791917
131	4625.958	1483.2705	5878.36	1802.1781	4820.2534	1260.6033	5796.8096	2185.2356	834.8333	869.0	654999	291.42303	129.61844	521.97253	-137.279	291.42197	129.62303	521.07654	-181.38174	-294.9474	181.90227	3905.525580406189	29.813172384072807
132	3979.9714	2048.1023	5798.06	188.92178	4652.3584	1116.566	5681.515	2586.0737	733.2857	874.5	659999	291.60153	130.25792	521.8462	-139.90263	291.60266	130.25754	526.7141	-125.89855	-295.2746	180.88611	3936.8500220775604	29.824621392018866
133	4698.0903	1111.4425	5617.752	2497.46	3121.031	2322.3694	5761.8325	113.068085	889.6667	587.5	664999	293.02908	130.88283	521.47766	-130.15057	293.027	130.88644	523.8951	-165.07886	-296.4061	180.61404	3966.441864013672	29.82287117413112
134	3866.2751	2096.3096	5590.931	737.1981	4876.958	1488.1023	5918.9766	1922.4857	726.8333	878.9	669999	294.16	131.65825	525.8858	-165.31401	294.1612	131.65895	523.76117	-199.75235	-297.48257	180.65707	3998.6193268299103	29.840442753549834
135	4580.095	2009.8292	5812.647	135.57817	4429.8125	1887.174	5671.3765	654.6075	844.3333	820.5	674999	294.72968	132.7023	524.96106	-148.81732	294.72913	132.7015	529.5211	-200.68394	-298.21994	186.81998	4029.5907521247864	29.8488204020041
136	4486.826	1988.9336	5706.757	97.0551	4563.6143	2044.7579	5737.0977	418.7107	842.1667	829.4	679999	296.25284	132.92502	534.4503	-286.9734	296.25156	132.92805	533.6032	-271.3809	-299.7961	186.81142	4060.580433368683	29.857209082911996
137	5355.1333	327.52716	5644.7065	4852.4883	5121.4946	1496.5823	5990.685	2101.6091	1000.0	883.7	684999	297.0447	133.38666	529.7064	-288.56818	297.0456	133.38623	543.3536	-267.21536	-300.6226	190.14055	4092.89524269104	29.87514777079116
138	4578.3223	1193.6818	5566.553	2876.0696	5524.446	96.72159	5690.48	5375.0254	857.3333	1000.0	689999	298.39008	133.94194	529.1662	-289.9152	298.38864	133.94543	534.5005	-291.44952	-301.90234	183.27972	4124.757610797882	29.889547919881515
139	4904.5225	799.46735	5667.747	3486.8591	4062.032	1629.5859	5764.236	262.09116	918.0	782.1	694999	298.79443	134.47746	536.6905	-208.8645	298.79514	134.47357	535.23517	-210.18575	-301.9932	182.95796	4155.19850564003	29.893514444502138
140	4226.1646	2060.897	5712.812	19.403872	5674.4453	212.46927	5911.3823	5117.241	784.4286	986.8	699999	299.79056	134.42563	528.352	-279.5304	299.7908	134.42226	531.88513	-273.27463	-302.87808	188.38902	4187.906726837158	29.913619491032193
141	3023.339	2341.641	5599.801	26.553814	3970.2485	1493.1453	5740.6484	1326.9917	591.0	734.2	704999	300.2122	134.8049	535.38153	-316.3296	300.21228	134.79996	534.12866	-286.05405	-303.36273	186.53368	4218.545197725296	29.918760282773498
142	4188.2896	1496.7506	5561.764	1367.0488	1206.9617	2167.5522	5633.7827	100.079414	792.5714	244.7	709999	300.6378	135.37396	535.69745	-255.06119	300.63724	135.37476	534.3334	-250.84802	-304.24066	189.22128	4246.677406787872	29.90617893615239
143	4755.4717	1208.3372	5654.072	2403.706	5615.956	130.16226	5836.6895	5388.6494	875.6	1000.0	714999	301.05392	135.52657	532.66	-241.03358	301.05338	135.52945	532.6779	-246.6308	-304.33405	189.85097	4279.438381433487	29.926142540845003
144	5355.3677	227.59476	5549.1274	4925.764	5375.37	87.2982	5481.191	5241.244	1000.0	1000.0	719999	301.80804	135.31468	533.286	-250.08804	301.80914	135.31238	535.7239	-254.52357	-304.88403	190.53903	4311.9903337955475	29.944377332925797
145	5339.376	217.54425	5463.5747	4904.9756	5660.969	102.21279	5790.117	5512.7964	1000.0	1000.0	724999	303.01553	135.18288	531.2188	-192.11984	303.01553	135.1776	529.975	-213.60843	-306.35815	188.15141	4344.006099700928	29.95866276971225
146	4687.072	1893.1975	5777.8784	476.2254	5611.4346	116.79949	5821.6685	5402.212	856.6667	1000.0	729999	303.38293	135.71686	531.0085	-215.37662	303.3845	135.71786	529.37665	-211.12808	-306.614	184.87363	4375.816233158112	29.97134407415782
147	5328.78	304.6252	5668.233	4803.1216	4835.078	978.96204	5799.324	2150.8308	1000.0	950.2	734999	304.60852	135.60121	530.63983	-241.08548	304.6086	135.59871	533.34875	-192.14902	-307.90646	186.47437	4408.180549860001	29.98762280113843
148	5120.7466	850.2195	5667.997	3231.7258	5416.9146	97.40889	5541.555	5244.449	937.5	1000.0	739999	306.38403	135.9585	530.74677	-245.49767	306.38593	135.95703	530.7869	-201.77795	-309.62714	185.2012	4440.320235013962	30.002163762981827
149	5099.139	473.76993	5403.4473	4159.126	5455.2183	834.0455	5863.93	2992.1318	955.4	965.6	744999	307.4982	136.2534	537.2887	-224.91502	307.49698	136.25757	533.5964	-265.90277	-311.04538	188.82468	4471.844516515732	30.012379319875834
150	5326.6177	338.95438	5663.4146	4707.5635	5517.5903	301.71106	5730.611	4661.568	972.6	988.7	749999	308.32083	136.8537	532.1512	-218.19884	308.32034	136.85426	534.86035	-184.68272	-311.7428	187.5837	4504.483786821365	30.02989192644755
151	5433.874	179.95609	5598.813	5090.3745	5714.815	107.73586	5894.012	5471.41	1000.0	1000.0	754999	309.0059	137.13455	532.604	-230.19077	309.0057	137.1338	534.564	-200.47415	-312.21414	189.722	4536.111434698105	30.04047308852341
152	4757.9365	1922.3456	5687.524	460.62057	5562.523	73.99565	5709.957	5459.4897	856.5	1000.0	759999	309.87784	137.22778	530.08514	-321.24887	309.87793	137.23216	534.3856	-246.98106	-313.46066	191.04077	4567.875565290451	30.051812942090788
153	5556.8125	136.01675	5778.2617	5423.4375	5263.0767	184.09111	5492.567	4922.806	1000.0	1000.0	764999	311.5293	136.39369	533.08575	-236.93094	311.52948	136.39227	532.26953	-219.23868	-314.6811	184.62456	4600.349027395248	30.067640717512642
154	4839.661	1021.499	5584.681	2841.28	4917.2866	1164.2253	5856.9634	2533.3538	919.8	908.3	769999	312.4899	136.50262	541.9703	-162.66876	312.48923	136.5092	539.4847	-181.91644	-316.0508	185.26578	4632.160342216492	30.078963273531432
155	2961.178	2365.6177	5379.2476	150.70927	5249.1133	816.0846	5639.045	2816.6323	615.44446	956.8	774999	313.3308	136.45105	534.2929	-138.10901	313.3316	136.44466	535.3716	-180.77542	-317.0835	183.16267	4664.104951381683	30.0909997001771
156	5304.8657	256.20532	5584.091	4876.523	5762.9062	84.10225	5928.6333	5599.2397	991.4	1000.0	779999	314.02292	137.05676	535.85077	-217.54306	314.02408	137.05801	531.79266	-148.99052	-317.0249	186.24513	4696.163850784302	30.103614441859417
157	4595.0405	837.55054	5414.7334	3308.2546	5218.843	100.048775	5362.6787	5002.5664	879.4	1000.0	784999	315.10233	137.76427	540.76654	-149.93356	315.10156	137.76534	535.2596	-169.23001	-318.33072	185.02937	4728.914080858231	30.12047186778609
158	5370.7725	132.71902	5556.563	5233.9053	5568.1	193.37589	5771.375	5223.481	1000.0	1000.0	789999	316.0582	138.24515	538.3228	-194.51366	316.0598	138.24306	541.54443	-205.61409	-319.3695	190.4484	4760.731861591339	30.13121432745004
159	4585.8247	1798.0962	5582.427	576.39453	5477.564	91.810005	5638.0977	5362.6924	864.8333	1000.0	794999	317.28778	138.97914	546.3413	-201.36977	317.28726	138.97926	539.93115	-208.5641	-320.7054	187.42815	4793.000113964081	30.144654818300932
160	5038.215	889.0473	5808.979	3408.9873	3905.0461	1613.2302	5572.845	1511.8656	927.8	751.3	799999	317.87338	139.0014	543.63794	-247.87903	317.87247	139.0052	541.1438	-179.9529	-320.97342	183.0777	4824.20983672142	30.151311491429805
161	4953.8315	1065.3689	5696.991	2672.445	5341.3516	611.4661	5604.2944	3513.3867	915.1667	968.6	804999	318.04413	139.08289	541.6462	-173.20644	318.04507	139.0822	541.64886	-180.47777	-321.3225	189.67294	4856.356089830399	30.16370243315371
162	5348.2935	189.29094	5577.6304	5008.94	5522.0405	253.50775	5698.1123	4776.7515	1000.0	985.7	809999	318.54538	139.15723	543.5689	-202.75488	318.54648	139.1501	541.42456	-264.32498	-321.72217	193.01808	4888.396288156509	30.175285780871356
163	4516.0923	1151.2119	5397.414	2536.0227	4948.204	1026.2817	5569.5366	2403.697	859.3333	919.6	814999	319.66357	138.84032	542.8225	-244.858	319.6638	138.842	542.2892	-202.82002	-322.9646	187.2537	4920.533532857895	30.187322297710583
164	4981.8564	898.8929	5637.632	3234.2537	5346.192	121.32312	5541.939	5121.6772	939.6	1000.0	819999	320.14304	139.02173	540.04156	-266.97485	320.14294	139.02147	543.28577	-280.74106	-323.54745	184.4466	4952.716138839722	30.199488664545665
165	4917.791	586.10156	5365.795	3758.4712	5559.261	117.6042	5702.694	5325.3057	954.2	1000.0	824999	320.27893	139.46254	548.0847	-298.97064	320.2811	139.46117	545.0955	-361.37338	-323.19437	184.89124	4985.389338493347	30.214480852358268
166	4603.465	1146.7206	5648.7373	2722.3992	5308.1504	250.6385	5565.1807	4774.0435	869.3333	983.4	829999	321.136	140.11674	546.11865	-238.2695	321.13702	140.11165	551.85077	-224.60667	-324.1819	185.44328	5017.120447874069	30.223617168794195
167	4351.972	1891.8866	5593.6465	155.05164	5275.228	99.67175	5400.88	5107.321	850.3333	1000.0	834999	321.56055	140.70192	542.67194	-376.62827	321.56186	140.70224	545.7502	-333.7046	-324.954	185.56364	5049.909607887268	30.238979697941307
168	4331.359	877.4401	5429.6772	3056.4602	4907.23	1280.9979	5671.546	1449.2455	854.0	908.8	839999	321.34427	141.25084	552.2282	-280.36734	321.3453	141.25084	550.9359	-299.79395	-324.2889	190.58885	5081.925554513931	30.24955688346
169	4769.232	1377.776	5519.5327	2015.3612	5642.965	103.213295	5812.325	5529.268	884.8	1000.0	844999	322.2134	141.30095	542.5529	-337.08398	322.2138	141.30052	550.5348	-318.99997	-325.43494	188.16327	5114.144926071167	30.26121259158885
170	5293.606	435.07956	5699.7427	4393.131	4962.708	1077.2561	5550.949	1779.1746	975.3333	945.6	849999	322.25647	142.01869	549.65344	-276.43634	322.25488	142.02419	550.0558	-266.68054	-325.62415	193.53917	5146.358030796051	30.272694308617535
171	5196.03	242.0293	5472.1777	4907.3687	5303.692	516.9325	5721.735	3969.1143	1000.0	961.4	854999	321.93243	142.53748	543.0003	-297.89948	321.93207	142.54065	546.6734	-306.5955	-324.934	198.68661	5178.745257854462	30.285060000001337
172	5030.382	736.3384	5579.9326	3571.9143	5508.8545	69.054115	5642.804	5393.8154	942.0	1000.0	859999	322.0039	142.9801	548.9119	-311.4938	322.00333	142.97856	548.4071	-268.4752	-325.266	195.0144	5210.663085460663	30.294552834921106
173	5324.5967	258.6401	5725.4463	4907.882	5092.171	477.5069	5444.2266	3723.008	1000.0	979.9	864999	322.90625	142.91455	552.21466	-297.7626	322.90552	142.91309	548.1386	-258.6655	-326.0897	198.46892	5242.973984241486	30.306208012421006
174	5413.615	84.37758	5525.325	5292.9478	5308.253	187.57195	5569.8594	4865.0103	1000.0	1000.0	869999	322.9297	143.25362	545.4562	-203.35487	322.9293	143.25798	549.512	-234.21024	-326.276	193.87685	5275.791708230972	30.320642013659423
175	5295.333	96.25425	5444.167	5153.556	5507.467	191.46901	5745.4487	5140.2803	1000.0	1000.0	874999	324.0657	142.80704	544.21075	-240.98389	324.066	142.8077	547.92053	-236.55576	-327.3737	194.48405	5307.603558301926	30.329163202558245
176	5289.287	274.75308	5551.5566	4811.2905	4757.1772	1251.7498	5791.191	2391.2761	976.2	868.8	879999	324.17505	142.8641	541.3977	-216.41812	324.17545	142.8648	545.55646	-223.60735	-327.57965	196.36847	5338.840265989304	30.33431970395825
177	5290.916	166.3776	5538.4487	5049.2173	5246.2715	684.6575	5632.88	3202.7869	1000.0	963.3	884999	325.15012	142.59924	543.9032	-263.13828	325.15085	142.59666	548.1796	-244.13374	-328.91812	195.36584	5371.648512840271	30.348296694836375
178	5396.0547	227.12726	5820.4287	5179.993	5662.9165	122.047966	5826.111	5360.7036	1000.0	1000.0	889999	325.85254	142.84706	543.16736	-320.4901	325.852	142.84984	544.6736	-271.4793	-328.61508	187.7318	5403.452897071838	30.35647696189666
179	4519.694	1227.0247	5464.641	1891.3162	5138.1143	163.12498	5439.0967	4890.5747	909.3333	1000.0	894999	326.3944	143.18683	544.91174	-219.09033	326.39398	143.18346	551.08606	-208.65955	-329.5955	192.06448	5435.18470954895	30.3641603991972
180	3900.181	1423.7379	5322.4766	2159.6472	5183.561	93.456345	5313.862	5033.3936	753.1667	1000.0	899999	326.81998	143.46448	544.6676	-208.07846	326.82077	143.46521	545.0881	-214.95099	-330.15564	191.97728	5468.307203292847	30.37948447333442
181	4857.894	938.9557	5466.2007	2840.4028	5197.0264	528.668	5608.9824	3715.52	910.5	974.1	904999	328.15942	142.98885	544.97766	-208.07399	328.16168	142.98438	545.7902	-225.35043	-331.49295	191.14058	5500.312922954559	30.38846919813209
182	5163.8965	225.30223	5449.7314	4950.873	5186.9546	149.14085	5367.253	4871.0684	992.0	999.6	909999	328.7038	142.22636	548.4236	-251.20882	328.70297	142.22656	546.5177	-149.12585	-332.15076	188.58467	5532.368297100067	30.397628017834254
183	5142.4966	313.54	5600.6733	4664.4233	5189.8257	513.0984	5672.804	3726.7568	979.8	974.0	914999	329.55966	142.1428	544.671	-247.17415	329.55774	142.14929	546.61475	-259.55038	-333.07214	197.00067	5564.775671243668	30.408610234495068
184	5231.178	224.14578	5474.5547	4813.548	5562.31	112.37105	5695.8516	5337.4326	1000.0	1000.0	919999	329.47977	142.57654	542.45337	-183.03745	329.4823	142.57077	546.4932	-202.69646	-332.5156	195.48878	5597.036825656891	30.418678410675216
185	5177.425	265.767	5478.56	4707.5605	4223.724	1983.807	5499.5176	271.9708	1000.0	830.6	924999	330.20496	142.47278	550.1332	-279.94348	330.20572	142.46849	547.9093	-254.3027	-333.54425	189.51414	5628.38388466835	30.423696685481715
186	5177.3823	401.67468	5683.647	4669.363	5406.6953	62.606224	5528.4214	5310.026	1000.0	1000.0	929999	329.92148	142.80885	547.1778	-210.30095	329.9234	142.80429	546.43787	-188.18442	-333.2692	187.20027	5661.166078329086	30.436376776746524
187	4999.229	694.997	5531.9165	3682.0667	5599.775	110.43698	5771.646	5401.0596	928.4	1000.0	934999	331.14215	142.84338	547.7388	-183.84663	331.14188	142.84447	549.2145	-185.63261	-334.2762	186.17792	5694.069020986557	30.449566968622054
188	4863.2207	987.63873	5505.4233	2680.39	4747.2705	1219.402	5351.382	1118.1729	916.8333	932.4	939999	331.97635	142.86275	546.91876	-186.06413	331.9774	142.85788	548.6153	-184.98904	-334.8897	191.41307	5725.59579873085	30.455296813173497
189	4926.317	771.7868	5520.2856	3508.6628	5470.469	149.02463	5661.048	5113.8403	920.0	1000.0	944999	332.50293	142.62674	551.919	-199.39505	332.50323	142.62697	547.3966	-174.18011	-335.73926	185.04822	5757.376301527023	30.462308486302693
190	5342.8105	136.29745	5470.796	5083.3965	5310.4985	165.28691	5543.1484	5041.6123	1000.0	1000.0	949999	333.44815	142.58481	549.4244	-379.39645	333.44955	142.58215	548.2431	-322.7768	-336.519	193.12196	5790.235900640488	30.474925802883348
191	4340.7593	961.2503	5406.0303	3135.3474	5214.9775	703.14905	5681.5264	3139.7473	828.0	962.8	954999	333.37265	142.57993	548.2722	-263.2897	333.3738	142.5726	547.5767	-230.65205	-336.41556	197.66225	5821.981731891632	30.481579759358112
192	5261.496	243.71802	5486.3467	4789.8936	5372.8	474.64133	5698.05	4043.581	1000.0	972.7	959999	333.59552	142.48119	549.8654	-238.14821	333.59467	142.48059	553.80115	-217.3068	-336.58725	190.87677	5853.530791282654	30.48713954910636
193	5165.673	206.77527	5423.9624	4911.029	5251.4	608.942	5702.6997	3676.6243	986.0	953.2	964999	333.64325	142.72528	549.9344	-183.50218	333.64172	142.72705	550.65607	-163.59633	-337.19254	185.41797	5886.059344768524	30.49771682339011
194	5322.7954	82.749504	5442.805	5221.296	5171.5244	696.7239	5735.319	3212.9885	1000.0	965.1	969999	334.67294	142.037	551.5668	-296.29218	334.67386	142.03125	551.0828	-184.58502	-337.7441	181.00983	5917.932737350464	30.504807935547582
195	5185.2705	441.54657	5648.9688	4529.9595	5402.7134	189.58243	5687.448	5090.217	1000.0	995.4	974999	335.73233	141.70647	553.2584	-258.0136	335.7329	141.70697	557.1567	-305.44153	-338.5464	178.92114	5949.687903404236	30.511220028461555
196	4514.512	1919.609	5518.5615	231.49211	5117.9775	443.73624	5491.686	3868.7063	849.0	979.5	979999	336.17575	142.09984	547.86755	-157.95355	336.17627	142.09229	549.52954	-153.79375	-339.29745	182.34875	5982.001876115799	30.520417746232482
197	4680.183	1272.0442	5613.6753	2166.3467	5756.3193	147.95312	5927.932	5463.7285	865.6667	1000.0	984999	337.26456	142.04272	549.2403	-261.84055	337.26428	142.03806	560.2906	-380.89545	-340.30954	183.64647	6014.378040313721	30.529837777771924
198	5337.3574	160.50888	5529.0405	5069.941	5441.842	94.91478	5593.61	5272.39	1000.0	1000.0	989999	338.3301	142.09041	553.2607	-258.0127	338.33124	142.08891	552.5868	-201.30016	-341.31274	184.36043	6046.067793130875	30.535695933332345
199	5402.4653	193.43001	5647.7935	5154.585	5677.685	74.26696	5789.8687	5491.3335	1000.0	1000.0	994999	338.82742	141.8221	552.04803	-155.66118	338.8277	141.81862	558.7865	-212.0752	-341.72174	182.10107	6078.678455352783	30.546122902002764
200	3984.4756	1817.1266	5453.31	221.28662	5558.921	166.82603	5733.3403	5186.774	785.3333	1000.0	999999	339.45337	141.69104	551.9246	-150.77882	339.4545	141.68556	553.8032	-146.46863	-342.55002	180.90257	6111.504829406738	30.557524156570434
