Epoch	AverageEpRet	StdEpRet	MaxEpRet	MinEpRet	AverageTestEpRet	StdTestEpRet	MaxTestEpRet	MinTestEpRet	EpLen	TestEpLen	Time Steps	AverageQ1Vals	StdQ1Vals	MaxQ1Vals	MinQ1Vals	AverageQ2Vals	StdQ2Vals	MaxQ2Vals	MinQ2Vals	LossPi	LossQ	Time	AVG Time Per Epoch
1	2.0274534	5.815458	30.012653	-9.672965	-8.282337	1.1728747	-6.8435097	-10.274918	20.068548	67.1	4999	3.2084382	3.5208788	18.641846	-3.0178623	3.2086957	3.5222318	18.603909	-3.0408697	-5.307761	0.31005672	16.891814947128296	16.891817569732666
2	2.3112898	6.108707	31.194794	-10.283924	235.7835	45.637657	325.42648	162.11177	20.40244	159.3	9999	18.436386	8.566484	46.44913	-11.557272	18.436718	8.569122	45.81968	-12.444265	-22.748146	2.9538233	38.36760902404785	19.18380582332611
3	320.39972	184.1042	801.076	56.624428	562.04584	180.65007	798.825	319.4369	292.25	701.9	14999	33.93007	10.529031	66.400314	-19.527357	33.930588	10.528238	64.78888	-24.552958	-37.719128	6.8445764	63.86160707473755	21.287203073501587
4	301.55115	213.43532	841.9982	9.388496	0.067667864	2.4456475	1.0086038	-7.2671914	349.0	18.0	19999	43.04629	11.159002	74.14318	-31.510551	43.0472	11.1565695	74.53019	-26.778292	-45.863358	9.906014	85.8938684463501	21.473467588424683
5	18.25382	79.38428	349.96072	-80.174515	313.00504	175.66484	571.1418	34.2086	76.030304	318.3	24999	48.01204	11.803352	78.026535	-27.740822	48.01275	11.804099	77.45063	-29.832258	-51.0618	16.289068	109.15156245231628	21.83031301498413
6	206.73337	128.02367	434.66718	28.90697	142.04141	155.25803	414.10367	21.31766	180.28572	211.0	29999	50.818726	12.830764	83.26544	-34.248325	50.819187	12.833545	83.27213	-34.57007	-53.63275	15.395905	132.31135177612305	22.051892360051472
7	188.11766	62.316597	435.45773	33.983223	148.02663	21.435728	186.53616	121.55449	100.95918	78.3	34999	56.146423	14.94156	91.03962	-43.957424	56.146763	14.939802	90.47425	-43.857258	-59.28715	19.10196	154.70608401298523	22.10086945125035
8	244.9149	108.496284	673.23364	112.062325	222.24698	16.446974	243.69534	194.76172	146.26471	101.3	39999	62.620518	15.96218	96.868034	-46.24978	62.621506	15.955726	97.23843	-45.29576	-65.56478	19.842148	177.2808494567871	22.160106420516968
9	280.83572	133.01535	672.3674	19.418247	247.29668	43.13081	290.94537	183.7204	181.82143	116.1	44999	66.90739	17.733904	106.01147	-42.678364	66.90807	17.732298	107.84598	-40.954906	-69.637215	18.212278	199.8110809326172	22.20123142666287
10	267.28955	75.76834	418.78775	-41.711483	251.44278	54.135326	322.48734	161.8534	149.54546	114.4	49999	71.20045	19.53487	112.43826	-39.667175	71.20113	19.530956	113.197464	-38.41841	-73.89768	19.57582	222.4392385482788	22.24392409324646
11	336.45566	42.976273	432.25067	234.80766	273.36337	41.72144	310.14224	190.85782	153.15152	117.6	54999	75.35162	22.176893	122.74474	-49.81845	75.35217	22.171556	120.83934	-47.338226	-78.02982	19.796103	245.0075204372406	22.2734111439098
12	265.80017	48.31105	402.98837	153.50742	290.59772	38.160828	332.78726	184.96547	123.95	127.6	59999	79.26014	24.830788	129.80739	-50.361244	79.2602	24.826677	132.51538	-51.746284	-82.00977	20.829391	267.70271849632263	22.30856003363927
13	281.6736	45.11644	362.9563	182.75446	309.27148	22.773174	367.41022	290.2368	125.775	131.7	64999	83.43911	26.731997	134.25023	-54.18498	83.43948	26.732435	137.28531	-52.447372	-86.343254	21.542269	290.4606394767761	22.34312627865718
14	297.27026	32.271458	396.61728	230.6187	323.46033	13.113621	350.63522	304.3902	134.89189	141.5	69999	87.84974	27.873552	140.5026	-52.323685	87.84909	27.875664	143.08621	-58.73168	-90.827995	21.640331	313.0884847640991	22.363463350704738
15	287.8699	34.024696	388.32254	236.6323	285.90662	31.883333	317.7292	203.54527	138.69444	141.6	74999	91.62372	28.827904	143.85832	-46.49027	91.62333	28.829855	142.05455	-78.5657	-94.3495	20.16748	335.7897710800171	22.38598486582438
16	304.62476	29.5089	357.3122	203.47176	293.45502	33.210495	330.84155	227.65442	143.82857	139.9	79999	94.51762	29.91193	147.74759	-52.78054	94.51777	29.911877	146.35191	-58.651527	-97.19809	19.555452	358.43924355506897	22.4024528414011
17	298.89624	77.11541	423.6671	37.752567	290.12625	31.26813	319.39914	217.74495	139.94286	130.5	84999	97.26989	31.109884	150.22047	-50.696598	97.26976	31.112228	153.27805	-48.632385	-99.89575	19.232721	380.8432469367981	22.402544091729556
18	288.25394	27.772238	345.9424	204.61688	284.09857	38.62077	326.14862	193.57544	137.75676	132.8	89999	99.46521	32.46813	153.49513	-61.034763	99.46507	32.467472	154.19302	-67.98446	-102.147865	20.209446	403.54713344573975	22.419285310639275
19	347.67493	113.207214	667.7897	137.7736	460.0936	128.16956	661.0689	259.27676	148.63637	179.1	94999	101.11826	33.82346	171.1689	-84.44925	101.11892	33.82085	169.97269	-84.95584	-103.64095	21.12432	426.4979565143585	22.447260994660226
20	574.83514	453.54297	2062.5337	201.33356	361.4385	80.39839	457.02756	235.18915	263.1579	162.9	99999	103.07219	35.059322	171.85005	-76.074036	103.07285	35.05695	170.82231	-77.16552	-105.5589	21.250315	449.4560730457306	22.47280373573303
21	582.00287	337.7536	1384.6617	30.717297	531.38806	350.6723	1399.3383	252.1355	294.4375	226.7	104999	105.18068	35.4957	171.25874	-77.44339	105.18112	35.494507	172.43497	-79.884094	-107.782646	22.99997	472.6285512447357	22.506121578670683
22	671.4545	338.2313	1527.512	233.79893	643.9623	423.72208	1488.2297	253.95285	302.35294	320.8	109999	106.87156	35.68261	172.45578	-85.88576	106.87256	35.685608	172.63129	-89.27712	-109.42948	24.94567	496.2757227420807	22.55798749490218
23	721.3312	346.0822	1459.1935	255.00299	1268.8132	774.9805	2757.3013	337.31052	286.5	551.2	114999	107.92717	36.046814	177.93755	-97.78544	107.92785	36.046906	180.06969	-100.56117	-110.44523	25.07439	520.7384095191956	22.640800496806268
24	944.4316	387.3425	1774.7255	305.99384	2029.9801	889.6029	2771.1719	374.37125	359.85715	780.7	119999	109.46191	36.585384	184.03436	-92.78166	109.46218	36.588055	183.73346	-97.369644	-111.95973	25.792665	546.5336635112762	22.77223605910937
25	943.0246	726.0263	2795.576	299.22015	871.65137	151.48402	1099.2761	640.91907	353.14285	351.7	124999	111.322495	37.17265	188.75027	-93.10457	111.32285	37.176537	189.60132	-78.76976	-113.85324	25.560629	570.3101232051849	22.812405014038085
26	648.80444	255.4722	1106.2482	338.25476	660.5385	283.3901	1076.7958	201.88754	272.55554	273.9	129999	112.97948	37.621094	192.5798	-73.10712	112.980446	37.621117	193.34969	-76.496414	-115.39724	24.899979	593.718784570694	22.835337941463177
27	589.9374	425.0525	1424.7778	148.37926	336.72394	7.2027707	349.1199	325.3711	240.2381	141.4	134999	114.28666	37.784576	196.89497	-70.67329	114.28743	37.787975	196.0659	-69.327896	-116.69783	24.451706	616.4518673419952	22.831550730599297
28	1051.9034	470.41177	2048.9	380.4929	847.4188	579.47296	1736.2184	119.69321	359.07144	296.8	139999	115.24203	38.682625	202.38235	-85.43763	115.24244	38.68456	203.19107	-84.481476	-117.48529	24.903427	639.7761223316193	22.849147302763804
29	841.60846	336.6122	1539.2186	220.49449	921.98126	356.1445	1408.8632	368.5229	300.35294	332.3	144999	117.10555	39.583973	204.51787	-94.2018	117.10539	39.58613	205.10304	-90.96974	-119.44657	25.226955	663.2463049888611	22.870562314987183
30	736.12976	322.56546	1499.511	135.13396	1020.26447	404.7418	1938.7435	511.3616	270.72223	304.8	149999	119.16523	40.477966	211.61671	-95.69765	119.164696	40.483124	213.58171	-103.45418	-121.52419	26.506313	686.4864616394043	22.882882118225098
31	623.5955	272.61237	1220.3556	261.3435	576.6117	149.9583	910.7646	455.20312	255.55	246.5	154999	121.164665	41.58789	216.68176	-106.62548	121.1646	41.59039	218.80849	-111.236824	-123.61603	28.130312	709.6009495258331	22.890353287419966
32	757.1909	246.35663	1223.8502	183.33272	599.4271	348.31265	1222.13	195.67998	289.0	248.1	159999	123.4076	42.79757	222.35294	-103.73291	123.40767	42.800884	225.4012	-105.02819	-125.92479	29.014847	732.4591128826141	22.889347352087498
33	729.703	327.58838	1153.7388	181.9121	691.03796	307.80643	1322.6621	476.5809	282.27777	274.6	164999	125.360855	43.49225	228.63654	-100.84627	125.36035	43.497875	229.4162	-102.67388	-127.85089	29.235437	755.6871464252472	22.899610562758014
34	1157.8793	791.18585	3107.0544	182.14227	1460.1362	846.58057	2852.751	383.6625	404.5	594.9	169999	127.500374	44.152004	234.48535	-81.13276	127.49967	44.156048	235.51494	-97.79786	-129.99246	30.652624	780.2740833759308	22.949237802449396
35	1587.3163	888.1483	3023.7537	383.9853	1975.8164	931.1828	3025.478	491.71146	562.0	695.6	174999	130.07568	45.379402	242.78244	-86.322395	130.07518	45.38354	241.5328	-74.65538	-132.49428	30.73133	805.7440252304077	23.02125792503357
36	1408.3655	582.7059	2510.2388	465.66016	2739.305	774.8593	3688.5613	1381.3097	514.4	833.9	179999	132.81789	46.85515	245.9551	-83.059975	132.8178	46.857834	244.87436	-75.96329	-135.2757	30.68149	831.4298176765442	23.095272766219246
37	1205.3184	545.85596	2167.1755	3.0033	1103.9543	527.7789	2329.7222	439.9795	407.16666	410.2	184999	134.80675	48.47054	248.23137	-69.00088	134.80653	48.47492	249.1706	-70.29361	-137.22456	31.025362	855.516848564148	23.12207703977018
38	1522.5046	798.33795	2859.0942	284.24405	2929.2222	790.8269	3696.0264	615.1648	491.4	920.7	189999	137.3326	50.320194	248.33311	-96.30079	137.33194	50.3249	249.69765	-101.883026	-139.66365	31.807638	881.5813806056976	23.199510059858625
39	2064.4883	601.19934	3030.4956	1306.49	3003.6567	660.013	3628.7427	1502.5634	621.8571	855.4	194999	140.24625	52.153835	252.35786	-73.99124	140.24629	52.15619	252.54109	-64.068436	-142.7992	32.252396	907.4242041110992	23.267287358259544
40	2148.315	759.8759	3398.7986	1113.4014	1450.3027	583.68225	2348.1516	543.22424	638.44446	461.1	199999	143.656	54.052265	257.75638	-78.032326	143.65556	54.056858	258.9721	-69.08242	-146.27322	32.988625	931.5265464782715	23.288163709640504
41	2651.6497	1063.0348	3404.5544	581.0452	2330.8677	1191.9927	3211.4211	243.43501	800.3333	754.9	204999	146.88693	55.403942	260.10858	-64.391815	146.88693	55.406513	261.6772	-69.67937	-149.57442	34.452557	956.8902497291565	23.3387866310957
42	2555.218	660.3694	3263.542	1195.833	3058.1729	34.297173	3122.7307	3004.1895	799.0	1000.0	209999	150.20026	57.015644	267.11316	-77.87557	150.20029	57.018845	263.599	-66.92059	-153.04501	35.312244	983.5955631732941	23.41894203140622
43	1979.6083	1232.9475	3503.1172	505.17334	1661.5101	798.7433	3188.4395	225.14293	611.3333	509.2	214999	153.06714	58.397907	266.38425	-89.5656	153.06653	58.40233	267.3875	-92.36071	-156.11955	35.66358	1008.1154856681824	23.444546228231385
44	781.2382	869.4066	3300.8206	255.71097	631.7456	811.8838	3011.8333	143.87451	266.33334	224.0	219999	154.7233	59.660736	270.64468	-77.51466	154.72313	59.66637	269.9319	-79.55222	-157.42302	36.86353	1031.4553253650665	23.442166528918527
45	1086.0079	1025.823	3117.679	247.66922	2343.8586	1191.3971	3174.4333	319.05884	362.76923	755.6	224999	155.42259	60.3915	275.70804	-72.182945	155.42229	60.395523	275.3178	-68.94108	-158.30746	37.749775	1056.9587333202362	23.48797189394633
46	2096.3623	1330.6191	3833.9756	304.00937	879.61163	1109.4515	3186.644	291.75156	603.3333	286.3	229999	157.22409	61.977055	276.82474	-75.06856	157.22325	61.984375	278.7481	-78.34475	-160.01448	36.774654	1080.5030753612518	23.489197331926096
47	1356.3635	1196.4619	3690.4226	263.72842	1453.6747	1174.8405	3443.529	289.73593	406.08334	447.1	234999	158.81664	63.25151	282.84497	-83.54458	158.81686	63.253647	282.87775	-89.31151	-161.54698	38.140144	1104.3561289310455	23.496938959081124
48	1382.5973	1120.0905	3652.019	225.38939	746.162	545.63446	1901.6195	281.21497	416.58334	243.0	239999	160.51009	64.58888	287.1112	-87.692314	160.51065	64.58927	287.7401	-81.810524	-163.26846	37.679287	1127.5402660369873	23.490422248840332
49	1833.5537	1153.5848	3839.5706	317.30566	3304.4321	72.595116	3497.9438	3232.4404	512.5	1000.0	244999	162.48363	65.75644	292.3515	-76.11741	162.48393	65.75688	292.9824	-77.332054	-165.0583	37.778843	1153.947148323059	23.549941846302577
50	2486.8772	1261.173	3719.6814	291.78488	2482.4934	1332.3247	3954.6902	304.4517	694.5	751.7	249999	164.97769	66.943054	297.29236	-87.42425	164.97778	66.94502	296.94998	-89.965706	-167.62216	37.938747	1179.2757647037506	23.585515336990355
51	2509.2769	1445.3835	3576.1711	1.5558118	3404.7827	77.33787	3553.4138	3295.7231	729.1429	1000.0	254999	167.77135	68.251205	297.82877	-59.95773	167.7717	68.25335	298.0664	-66.17467	-170.28835	37.146816	1205.7823855876923	23.642791916342343
52	3342.004	78.255104	3466.0046	3270.325	3038.331	656.98364	3631.5012	1890.251	1000.0	861.0	259999	170.62053	69.481544	299.30923	-57.55849	170.62103	69.48151	299.4165	-80.64137	-173.32489	37.258656	1231.500938653946	23.68271039540951
53	3404.293	59.925194	3513.7324	3337.188	3496.8328	23.004389	3544.7515	3458.3276	992.0	1000.0	264999	173.55426	70.45908	299.04907	-63.380177	173.5545	70.45956	301.51706	-68.71712	-176.02812	37.539986	1257.92578291893	23.734448792799462
54	3403.2683	58.703945	3489.6372	3339.6843	3263.1423	16.326834	3291.1096	3237.1975	1000.0	1000.0	269999	176.5548	71.35331	299.32123	-69.3152	176.55566	71.35491	302.31003	-66.86507	-179.39665	38.19247	1284.2321681976318	23.782077228581464
55	2590.8306	1392.4888	3553.1284	249.22115	3091.2722	64.26821	3235.1433	3009.8066	757.4286	1000.0	274999	179.2381	72.29509	302.5212	-69.18624	179.23824	72.29702	301.5939	-72.04385	-181.9338	37.925472	1310.950038433075	23.83545528758656
56	3232.0522	298.10855	3429.7234	2641.0632	3224.521	892.4797	3707.3748	583.60175	955.8	909.5	279999	182.3133	72.69913	301.75348	-77.0489	182.3138	72.700356	304.72623	-75.171906	-185.26392	37.8523	1336.9221696853638	23.87361020701272
57	2881.0906	871.91235	3509.8376	1220.9058	3644.075	37.33202	3745.8748	3606.6423	835.6667	1000.0	284999	185.19016	73.423874	309.7521	-65.58335	185.19054	73.425354	311.33157	-68.00514	-188.03558	37.53921	1363.511322259903	23.921251305362635
58	2679.3208	744.40857	3299.4255	1382.6393	3516.4395	20.030474	3550.7878	3479.2793	818.5714	1000.0	289999	187.40953	74.561745	312.85532	-71.236115	187.4097	74.56391	312.1419	-76.65806	-190.54442	39.355114	1389.8452546596527	23.962849255265862
59	3049.2886	946.0442	3578.8909	1159.9783	3490.3738	271.7927	3684.6677	2721.095	879.8	979.3	294999	189.76106	75.49105	312.1255	-77.64331	189.76198	75.49132	312.9189	-81.569695	-192.94196	41.013836	1416.2383170127869	24.00403930373111
60	3372.0708	272.03885	3580.954	2842.7402	3350.1633	317.3608	3558.7144	2410.386	976.2	969.8	299999	192.21385	76.17941	313.4622	-73.685905	192.21495	76.18146	316.72455	-76.20793	-194.8864	40.611473	1442.6367661952972	24.0439461350441
61	3497.354	40.210197	3568.8484	3445.7576	3518.6594	9.627497	3543.4104	3510.5972	1000.0	1000.0	304999	194.60631	76.78417	313.48486	-81.96836	194.60666	76.78541	313.23956	-84.29723	-197.41693	39.743023	1468.9299612045288	24.080819063499327
62	3202.2686	637.36224	3887.969	2064.24	3786.1323	76.41263	3879.171	3622.2805	877.3333	1000.0	309999	196.91362	77.06603	316.692	-61.881187	196.91428	77.06766	315.54517	-71.82943	-199.76408	39.733227	1495.3643915653229	24.118780543727258
63	3642.6296	172.14978	3917.6147	3467.7441	3247.7012	44.697758	3321.8022	3181.7783	1000.0	1000.0	314999	199.22823	77.81971	320.98172	-71.49552	199.22888	77.822044	321.58847	-71.90902	-201.79903	38.910213	1521.6203730106354	24.152704363777524
64	3610.536	72.57472	3654.6938	3467.0454	3557.5254	35.406113	3610.2402	3508.7214	1000.0	1000.0	319999	201.5457	78.5372	323.00122	-63.0654	201.54546	78.541504	322.46356	-70.79633	-204.13072	38.09685	1547.8787043094635	24.18560478836298
65	3625.9797	82.052505	3744.9531	3530.0103	2933.5361	761.4579	3425.7097	1374.4175	1000.0	892.0	324999	203.80785	78.971466	328.85965	-71.959145	203.80818	78.97421	327.8943	-83.257385	-206.4058	37.84708	1573.767566204071	24.211808740175687
66	3233.3423	681.46136	3662.7505	1875.2096	3522.3918	30.431093	3570.3835	3460.2717	913.4	1000.0	329999	206.03824	79.747154	328.49527	-79.46156	206.03787	79.75217	330.0562	-93.06603	-208.57976	37.911396	1600.068050146103	24.243455334143206
67	2654.3438	1126.024	3538.198	408.7709	3598.4324	10.847283	3618.807	3585.328	767.8571	1000.0	334999	208.18472	80.38689	327.52545	-86.02868	208.18497	80.389626	329.9139	-78.95833	-210.88075	38.477562	1626.616572380066	24.277859317722605
68	3598.1694	22.578236	3626.3875	3568.145	3467.2258	71.39095	3667.3882	3411.848	1000.0	1000.0	339999	210.24063	81.00329	330.34552	-84.69495	210.24097	81.00697	330.76602	-69.17775	-212.94426	38.212513	1652.9890623092651	24.308662712574005
69	3609.6914	39.974068	3658.317	3546.4626	3606.1523	37.411236	3692.069	3554.4028	1000.0	1000.0	344999	212.04086	81.519775	332.99603	-86.17678	212.04045	81.52475	331.7195	-82.95128	-214.69646	38.49211	1679.3801238536835	24.33884240578914
70	3617.7808	48.236828	3680.8428	3561.7634	3702.0815	16.042202	3731.6516	3664.9873	1000.0	1000.0	349999	214.36786	81.65747	336.64313	-83.90364	214.3685	81.66143	335.19644	-81.8089	-217.07002	39.60159	1705.7923347949982	24.36846195629665
71	3362.805	648.8515	3748.6277	1915.9022	3351.5884	606.1831	3615.3828	1534.6245	919.8333	944.3	354999	216.6589	81.70945	336.98755	-111.08507	216.65887	81.71456	333.53268	-89.405	-219.44044	39.41727	1731.8831889629364	24.392721001531037
72	3568.265	56.25687	3651.241	3482.7217	3361.118	24.423407	3395.2202	3310.9666	1000.0	1000.0	359999	218.60101	81.74717	339.10214	-84.02292	218.60168	81.750496	337.48862	-80.70575	-221.32333	39.140472	1758.3391780853271	24.421377499898274
73	3680.3062	48.780277	3731.992	3603.694	3580.4949	64.034996	3685.1047	3507.9478	1000.0	1000.0	364999	220.54648	81.924255	342.32364	-95.19524	220.54655	81.93007	339.53888	-91.35986	-223.17842	39.24498	1784.4922444820404	24.445099268874078
74	3365.2043	747.1944	3881.456	1889.455	3776.847	18.623663	3809.6487	3742.378	901.6	1000.0	369999	222.29633	82.170296	343.82715	-84.728165	222.29646	82.17486	341.14417	-84.49956	-224.9647	38.74217	1810.8203325271606	24.470545063147675
75	3369.088	682.5675	3930.5508	1931.1863	3599.4429	18.504519	3639.065	3570.41	880.8333	1000.0	374999	224.36661	82.356	339.95142	-87.49618	224.36671	82.3614	340.76486	-80.99338	-227.22699	39.26108	1837.168601512909	24.49558138211568
76	2670.8416	389.6331	3357.8003	2143.8687	3507.2974	24.44297	3572.35	3481.3904	707.5	1000.0	379999	226.42528	82.29981	343.3402	-103.85487	226.4246	82.30535	342.27072	-102.282684	-228.89261	39.466026	1863.1915645599365	24.5156785030114
77	3419.9958	584.8498	3842.2148	2145.4883	3636.106	286.24368	3876.65	2880.1113	911.0	961.5	384999	227.96573	82.501686	343.8494	-104.38764	227.9663	82.50609	345.31705	-101.260765	-230.65166	40.485306	1889.4130673408508	24.537832068158433
78	3643.0398	61.475735	3753.718	3580.6072	3659.5696	8.747131	3672.272	3643.4172	987.4	1000.0	389999	229.72565	82.331314	342.0442	-92.88922	229.72603	82.33401	343.6708	-86.8683	-232.4208	40.823833	1915.5713880062103	24.558607562994347
79	3669.8015	30.85749	3710.2102	3620.1553	3737.58	13.519396	3763.9075	3718.7166	1000.0	1000.0	394999	231.44238	82.011444	343.76968	-87.39401	231.4423	82.01692	343.93848	-80.31309	-234.25632	40.052364	1941.5758893489838	24.576910021938854
80	3683.058	52.499382	3759.2227	3620.1152	3681.4	344.8868	4127.7764	3174.608	1000.0	903.6	399999	233.47992	82.150986	348.30756	-76.42658	233.47998	82.15537	344.2137	-89.91303	-235.92691	38.947342	1967.316865682602	24.591460844874383
81	3126.861	451.49802	3925.359	2653.3796	3917.9253	105.26501	3972.3704	3603.7507	803.5	990.2	404999	235.6713	82.113914	346.89413	-94.15294	235.67091	82.11924	345.1932	-86.24396	-238.31404	38.63686	1993.5711534023285	24.61198957466785
82	3041.4678	750.63873	3799.6702	2068.7456	3210.4243	490.59503	3999.8337	2355.9944	814.1667	824.2	409999	237.67229	82.73333	346.63812	-106.88308	237.67311	82.737366	346.06378	-89.269165	-240.20903	37.853092	2018.564536333084	24.616640716064268
83	3746.517	132.95532	3878.6904	3497.2422	3801.6445	7.757691	3816.2625	3790.3489	984.8	1000.0	414999	239.5441	83.63013	346.4698	-105.88965	239.54471	83.63522	352.33725	-106.486404	-242.14272	38.50246	2044.4170422554016	24.631530652563256
84	3330.373	688.3581	3847.083	2148.6848	3429.6968	1104.1416	3830.8896	117.50569	870.8333	907.1	419999	241.2627	84.25309	346.83456	-113.42009	241.26256	84.25836	346.48846	-101.82914	-243.35872	37.99641	2069.9194247722626	24.641897939500353
85	3764.8594	33.156116	3828.5486	3735.3208	3787.002	4.4729185	3795.0881	3780.8933	1000.0	1000.0	424999	243.24081	84.56356	347.99905	-75.5872	243.24075	84.569695	352.99515	-71.36533	-245.88512	38.508812	2095.9963274002075	24.658780347599702
86	3720.4336	153.27856	3816.6868	3415.7773	3760.298	15.546708	3789.5874	3740.2878	974.0	1000.0	429999	244.9474	84.97644	349.95706	-72.60164	244.94739	84.982185	347.9158	-79.53436	-247.45187	37.640423	2122.334545135498	24.678308692089345
87	3767.0825	65.89989	3869.0903	3688.7893	3716.2847	12.025979	3735.1602	3695.4084	1000.0	1000.0	434999	246.5965	85.36798	352.22882	-76.219894	246.59662	85.37354	350.6997	-82.24891	-249.2574	38.16693	2148.481964826584	24.69519501993026
88	3489.7314	578.73956	3790.5137	2196.5974	3820.7114	15.474137	3833.8193	3784.3232	928.6667	1000.0	439999	248.49763	85.49293	351.7197	-66.62222	248.49777	85.49788	350.60626	-65.9673	-250.99219	37.81315	2174.6723856925964	24.712186222726647
89	3753.1401	21.413408	3790.271	3725.584	2667.0723	265.49197	3157.081	2113.4863	1000.0	673.4	444999	249.9167	85.819695	351.82172	-68.39612	249.91733	85.82416	355.7166	-88.9659	-252.48448	37.37975	2199.1827092170715	24.709918105200437
90	3793.2747	52.85541	3891.2717	3731.6948	3753.2344	7.0964956	3761.9167	3736.702	1000.0	1000.0	449999	251.79802	85.7927	354.1866	-76.12564	251.79805	85.796814	352.69995	-133.13248	-254.73216	37.646812	2225.4803972244263	24.72755999300215
91	3755.8008	43.211174	3802.0967	3692.9644	3751.27	5.2942715	3762.1255	3744.3955	1000.0	1000.0	454999	253.47343	85.67031	356.69754	-62.077995	253.47394	85.6735	353.3298	-64.601204	-256.0296	38.00702	2251.495495080948	24.741708760733133
92	3808.5593	39.539043	3862.6592	3751.9116	3874.8481	10.722526	3901.7415	3864.5125	1000.0	1000.0	459999	254.94019	86.070816	356.24973	-72.15942	254.93991	86.07726	358.36346	-72.606285	-257.41385	37.73649	2277.573770046234	24.75623665166938
93	3445.401	762.7745	3869.1829	1920.985	3905.2083	14.016174	3925.968	3886.8176	905.8	1000.0	464999	256.37433	86.49919	358.30942	-115.70685	256.37418	86.5008	358.1605	-112.78737	-258.879	37.058887	2303.4948444366455	24.768761788645097
94	3100.1536	1148.4111	3852.5884	1097.8809	2397.1118	977.72815	4044.4875	1359.2662	820.5714	660.7	469999	257.95404	86.24673	359.0965	-97.3273	257.95383	86.25193	357.59778	-106.25449	-260.81158	37.251366	2328.1289851665497	24.767329649722324
95	3789.0383	89.74212	3917.5312	3679.951	2588.3857	1080.2233	3826.594	1424.5665	1000.0	683.3	474999	258.93402	86.33948	359.29025	-91.97321	258.93326	86.34512	356.9226	-89.81026	-261.0917	35.722523	2353.1451971530914	24.769949463794106
96	3312.4563	889.5689	3813.3413	1534.5619	3139.026	1031.3381	3672.9814	796.426	888.8	866.7	479999	260.19128	86.38208	359.8638	-99.568474	260.19153	86.38453	359.8893	-98.580185	-262.346	36.67076	2378.773601770401	24.778891707460087
97	3011.0354	1094.4556	3837.4053	1228.2584	3760.2974	8.488748	3771.2764	3747.268	805.3333	1000.0	484999	261.38058	86.552536	361.86575	-100.61649	261.38037	86.55891	361.1652	-101.18466	-263.90143	36.153156	2404.7810130119324	24.79155685483795
98	3795.8345	26.325386	3825.5576	3757.2095	3651.5508	8.155191	3663.9055	3636.5432	1000.0	1000.0	489999	262.3766	86.89026	360.5966	-97.163445	262.37576	86.89611	361.30273	-88.6953	-264.65967	35.723804	2430.8903744220734	24.8050038376633
99	3768.431	24.634344	3789.8958	3721.8074	3754.9712	7.372768	3773.6523	3747.4326	1000.0	1000.0	494999	263.0331	87.677246	362.75674	-93.97051	263.0335	87.680244	363.07986	-103.7152	-265.52338	35.72913	2457.1165959835052	24.81935957465509
100	3766.705	43.39361	3839.1226	3725.1033	3691.7559	15.464741	3715.0889	3658.6704	1000.0	1000.0	499999	263.9976	87.92866	366.6862	-85.52703	263.9975	87.932945	365.37006	-92.23995	-266.34262	35.069447	2483.228900194168	24.832289021015168
101	3771.4136	28.95771	3805.8386	3729.8247	3683.3215	5.481234	3695.958	3675.358	1000.0	1000.0	504999	264.7849	88.22652	364.6113	-67.6163	264.7841	88.23169	365.4318	-69.575554	-267.08444	35.663532	2509.7381505966187	24.848892601409762
102	3715.4956	45.632786	3778.1895	3652.064	3672.1626	4.850288	3679.6807	3663.693	1000.0	1000.0	509999	265.67917	88.47271	366.11304	-94.27813	265.67944	88.47628	367.28864	-77.39117	-268.11453	36.08707	2535.915831565857	24.861919940686693
103	3728.543	25.896345	3764.3828	3703.8086	3872.8848	7.611244	3884.9587	3862.7844	1000.0	1000.0	514999	266.88065	88.41994	365.6293	-77.92322	266.88077	88.42155	366.84653	-61.585854	-269.40982	36.128605	2561.908746957779	24.87290047673346
104	3786.1177	29.681301	3820.0244	3747.5796	3835.4937	7.7058997	3851.3545	3820.2537	1000.0	1000.0	519999	268.46323	88.16117	365.74573	-73.46938	268.4632	88.16462	366.64337	-59.43471	-270.82333	34.881092	2587.9416360855103	24.884054213762283
105	1111.5427	1719.2058	3824.572	1.3689054	3776.7866	7.0519667	3793.0312	3768.3862	301.52942	1000.0	524999	269.69174	88.11637	366.3819	-76.48206	269.69226	88.12016	367.22885	-66.53638	-271.9519	36.455536	2613.8219244480133	24.893542155765353
106	3107.828	541.86884	3819.8179	2435.6304	3719.1165	7.949677	3728.974	3706.4175	806.6667	1000.0	529999	270.66714	88.26703	368.2662	-82.04915	270.66772	88.26927	369.72272	-75.205154	-273.04745	37.049225	2639.985724210739	24.905525718095166
107	3330.9734	412.03198	3772.9775	2540.04	3718.0208	5.2808695	3724.3684	3708.917	865.0	1000.0	534999	271.94904	88.12774	367.42828	-72.861565	271.94858	88.13268	370.71692	-67.75847	-274.5231	37.222874	2666.091457605362	24.916742610040114
108	3821.284	38.10439	3855.5303	3748.163	3796.1829	18.445755	3834.191	3766.495	1000.0	1000.0	539999	273.48767	88.01862	370.8768	-76.83352	273.4867	88.024605	378.18045	-80.13489	-276.01273	36.84836	2692.5099210739136	24.930647432804108
109	3834.7036	62.583176	3940.1926	3782.4077	3813.2563	19.99432	3848.901	3787.257	1000.0	1000.0	544999	274.993	87.96174	372.17154	-89.87937	274.9928	87.96515	371.6909	-90.25264	-277.24655	34.69195	2718.7832827568054	24.942965914350037
110	3757.5828	34.50209	3807.8555	3700.8948	3419.6538	1100.129	3807.86	119.426216	1000.0	907.2	549999	276.46896	87.98708	383.8211	-101.74485	276.46906	87.98983	390.13336	-116.60434	-278.5516	34.020855	2744.643664598465	24.95130605914376
111	3779.1177	21.560064	3821.6248	3762.1987	3436.6108	977.54047	3773.8855	504.11017	1000.0	917.4	554999	277.55487	88.45833	373.14438	-93.438965	277.5548	88.46262	374.99146	-90.35893	-279.70135	34.582584	2770.197815179825	24.956737090875436
112	3740.0664	26.412327	3771.1958	3707.1702	3789.0344	7.1512423	3802.2112	3779.9211	1000.0	1000.0	559999	278.60385	88.56356	378.2738	-82.983284	278.6043	88.567085	381.12012	-96.906876	-280.93097	34.270405	2796.170113325119	24.96580460028989
113	3758.8452	25.41888	3794.4207	3717.3337	3359.5344	817.1339	3638.752	908.1874	1000.0	928.4	564999	279.40582	88.62484	373.8793	-86.991615	279.4069	88.62471	388.363	-78.78577	-281.82953	33.758602	2821.965324163437	24.973144480612426
114	3753.9604	12.071466	3771.5125	3738.0532	3744.982	3.428254	3751.4927	3738.1326	1000.0	1000.0	569999	279.9479	89.17535	378.85916	-79.11254	279.94733	89.181114	376.23108	-94.1094	-282.16428	33.437057	2848.008848667145	24.98253377696924
115	3780.5366	23.634285	3809.4453	3746.717	1697.2502	1641.0912	3749.4226	113.45149	1000.0	483.2	574999	281.0487	89.18413	375.5918	-132.32315	281.04932	89.185974	376.15533	-137.28966	-283.609	33.09135	2872.2340984344482	24.975948700697526
116	3200.694	1317.1854	3910.675	258.14038	3766.5142	11.12462	3781.2913	3744.953	851.6667	1000.0	579999	281.836	89.53637	377.41052	-91.062744	281.83508	89.543335	379.73657	-90.78576	-284.10852	32.66843	2898.590053319931	24.987845303683446
117	2925.7043	1503.9285	3921.6702	0.4676475	3889.8062	11.314923	3910.439	3871.353	764.2857	1000.0	584999	282.8498	89.46252	381.063	-86.3194	282.84955	89.46645	381.2696	-98.6145	-285.2228	32.235405	2924.5904593467712	24.996499670876396
118	3866.7837	28.852282	3903.6804	3821.7913	3809.9395	9.7934065	3824.0486	3793.1296	1000.0	1000.0	589999	283.60953	90.23338	381.0278	-91.94691	283.61044	90.23524	380.9354	-102.44333	-285.41745	32.2335	2950.3091690540314	25.002620094913546
119	3396.4673	901.08936	3936.8867	1596.882	3803.0063	7.9838552	3812.981	3790.7305	887.0	1000.0	594999	284.3915	90.5671	382.44318	-109.028755	284.3919	90.56725	381.7868	-102.36494	-286.0878	33.074047	2976.3460190296173	25.011311102314156
120	3855.0103	30.193344	3909.8816	3821.3733	3737.6003	11.874398	3755.6096	3714.6577	1000.0	1000.0	599999	285.31686	90.906166	379.6651	-108.966644	285.31656	90.91204	382.424	-104.017845	-287.58096	33.133976	3002.2579464912415	25.018816236654917
121	3820.4946	29.206604	3866.1016	3789.611	3811.6074	9.726549	3830.7046	3791.4968	1000.0	1000.0	604999	286.85675	90.6793	381.56927	-122.03438	286.85675	90.681465	382.24976	-115.28091	-288.94754	33.255413	3028.3311388492584	25.027530088897578
122	3835.1255	39.23948	3874.7822	3760.9048	3868.4048	11.313729	3892.076	3850.3008	1000.0	1000.0	609999	287.81802	90.7614	381.7468	-86.256805	287.8186	90.76421	384.11377	-86.86382	-289.62067	33.01561	3054.647057533264	25.038090653106813
123	3847.1255	27.450615	3896.728	3821.7007	3730.1235	356.93762	3976.3281	3049.635	1000.0	945.6	614999	288.54208	91.07243	383.6096	-85.10999	288.5416	91.07532	386.25317	-94.96805	-290.86343	31.588345	3080.6571316719055	25.04599295786726
124	3823.8235	24.87146	3855.1885	3780.6262	3848.675	13.591993	3878.0898	3827.162	1000.0	1000.0	619999	289.92105	90.98179	387.98593	-104.79255	289.92148	90.98513	387.8022	-100.08194	-292.02267	33.049637	3106.772207260132	25.054614591983057
125	3850.0813	41.737507	3894.752	3781.8872	3874.8325	13.205999	3906.7659	3862.8872	1000.0	1000.0	624999	290.57422	91.60637	385.97345	-108.78866	290.5749	91.60909	384.71652	-137.27782	-292.74924	33.2772	3132.7946355342865	25.06235709953308
126	3863.728	15.632123	3882.0945	3843.7517	3888.9644	19.633257	3929.6262	3858.1853	1000.0	1000.0	629999	291.63147	91.43999	384.1018	-136.47456	291.63074	91.444664	384.50406	-135.39731	-293.93994	33.121593	3159.177323579788	25.07283591656458
127	3840.4304	38.41654	3879.175	3766.7927	3803.5327	9.010516	3817.7383	3789.9368	1000.0	1000.0	634999	292.2991	91.68609	383.96335	-115.271904	292.29898	91.68948	385.71912	-135.84058	-294.229	32.61985	3185.429951429367	25.082125618701845
128	3911.4602	28.14457	3961.8027	3875.8386	3964.1108	23.531294	3997.4744	3927.9375	1000.0	1000.0	639999	293.1078	91.398155	384.80624	-155.85681	293.10788	91.40228	385.90485	-178.20491	-295.08304	32.741734	3211.6687819957733	25.091162376105785
129	3924.4075	65.23077	4049.0305	3858.0085	3870.0222	17.463646	3909.0312	3841.7346	1000.0	1000.0	644999	294.0273	91.18532	386.65192	-113.812584	294.0274	91.188354	388.36472	-106.773056	-296.15164	31.801231	3237.965444803238	25.100507340689962
130	3890.9224	23.622904	3915.51	3858.8225	3921.2297	21.052097	3948.0527	3870.1506	1000.0	1000.0	649999	294.86307	91.11803	394.6353	-81.36993	294.86346	91.12097	387.89664	-83.578285	-296.95706	32.691017	3264.0627965927124	25.108175373077394
131	3585.3376	682.5437	3918.4512	2060.3228	3954.4712	8.732757	3971.2168	3940.128	927.5	1000.0	654999	295.44513	91.12768	387.9936	-90.35608	295.44537	91.12857	388.9974	-97.37239	-297.5392	32.962727	3290.1441299915314	25.115604062116784
132	3900.9817	17.014378	3932.0525	3881.6128	3774.7578	24.374945	3822.6611	3742.199	1000.0	1000.0	659999	296.5021	91.21144	395.34396	-88.363785	296.502	91.21464	387.69986	-107.01669	-298.24005	32.484043	3316.338478088379	25.123776363603998
133	3819.018	114.97311	3891.636	3590.5603	3808.3098	7.1820307	3822.11	3798.0088	983.2	1000.0	664999	297.61676	91.090645	391.93735	-99.51572	297.6174	91.09053	386.62787	-101.29155	-299.3241	31.882069	3342.4466609954834	25.131177918355267
134	3863.0461	32.87819	3887.513	3798.4888	3850.8574	4.303972	3856.7742	3842.3533	1000.0	1000.0	669999	298.2387	91.1168	387.2821	-106.636635	298.23914	91.118256	394.61826	-118.092926	-300.1546	32.986946	3368.6233446598053	25.13898019826234
135	3879.7153	12.883113	3893.9304	3855.4348	3885.9133	8.582023	3895.3906	3870.37	1000.0	1000.0	674999	298.69315	91.09605	389.11728	-100.30072	298.6938	91.09878	388.41666	-108.66478	-300.94913	33.376556	3395.137850522995	25.149169277261805
136	3925.1492	21.930094	3965.1553	3901.7695	3940.8105	9.828321	3964.4062	3931.1152	1000.0	1000.0	679999	299.13016	91.176445	407.07233	-88.871086	299.1296	91.180756	393.87408	-88.71232	-301.1604	32.060383	3421.505474090576	25.15812849998474
137	3927.5566	28.909908	3968.0437	3889.6055	3911.4504	9.020994	3923.6943	3893.9602	1000.0	1000.0	684999	300.4047	90.69791	389.61002	-170.49359	300.40512	90.699326	391.67563	-194.39876	-302.4475	32.120136	3447.5394644737244	25.164521652416592
138	3936.7937	17.280874	3966.0923	3915.9448	3949.8425	15.196596	3969.6726	3922.346	1000.0	1000.0	689999	300.83005	90.79699	391.70746	-127.179085	300.8307	90.79968	390.71204	-142.74178	-303.00348	31.794313	3473.67657494545	25.171569399211716
139	3914.4915	26.185328	3957.1318	3884.46	3911.752	6.1915894	3925.7173	3902.304	1000.0	1000.0	694999	301.58447	90.77257	393.3357	-195.05087	301.58386	90.77741	394.65955	-195.44463	-303.23514	32.580875	3499.756941795349	25.178107512082985
140	3902.276	27.561277	3927.3877	3848.7234	3826.8477	16.091105	3845.3442	3797.6057	1000.0	1000.0	699999	302.02518	90.68769	392.0268	-239.8002	302.0258	90.69042	394.404	-245.55034	-303.9533	31.709581	3525.7353937625885	25.183824254785264
141	3877.5398	20.40168	3909.216	3848.5708	3899.3757	15.609899	3917.749	3858.15	1000.0	1000.0	704999	302.7439	90.43448	390.14264	-112.166084	302.7444	90.4366	391.3044	-99.802086	-304.56912	31.751007	3551.794055700302	25.190028777359224
142	3264.0474	1174.9371	3898.1326	915.14606	3876.9265	10.394697	3898.865	3860.6084	854.2	1000.0	709999	302.97516	90.391945	390.29425	-144.23746	302.97504	90.39668	391.4534	-139.70743	-304.7963	31.550613	3578.112893819809	25.197978142281652
143	3900.166	37.254055	3943.4333	3855.2405	3870.2012	16.384369	3881.3157	3824.3591	1000.0	1000.0	714999	303.35388	90.72346	393.98404	-111.08941	303.35406	90.725266	392.26617	-108.73687	-305.82446	31.045563	3604.4058747291565	25.205635500954582
144	3962.4668	29.529142	4010.9915	3927.9963	3948.548	15.306141	3980.4001	3922.967	1000.0	1000.0	719999	304.1876	90.32281	395.052	-108.78046	304.18744	90.32665	396.91635	-105.93198	-306.01654	30.242907	3630.4229879379272	25.211270762814415
145	3957.4888	43.469326	4029.2922	3911.4077	4098.6904	11.844081	4120.7036	4079.6318	1000.0	1000.0	724999	304.9376	90.1838	395.09796	-102.20751	304.93823	90.18579	398.16632	-108.60499	-307.33624	30.771282	3656.5885519981384	25.217852097544178
146	3973.4214	51.213	4046.1484	3899.1804	3929.3079	6.4433928	3939.083	3917.407	1000.0	1000.0	729999	305.3669	90.09776	395.71182	-106.219185	305.3674	90.09925	396.8214	-100.992325	-307.8176	29.293257	3682.7589316368103	25.224376258784776
147	3931.4233	19.749779	3950.5493	3893.8872	3982.0793	23.08408	4009.4402	3944.144	1000.0	1000.0	734999	305.86874	90.00648	394.51968	-96.38661	305.86835	90.01239	397.15097	-96.56697	-307.60028	29.416037	3708.8998613357544	25.23061131620083
148	3942.6177	27.64469	3979.2468	3906.6978	4007.5796	11.193858	4028.6157	3990.4255	1000.0	1000.0	739999	306.64206	90.1782	396.6422	-110.52206	306.6428	90.17976	394.96902	-104.10196	-308.62717	29.689194	3735.2616803646088	25.238254611556595
149	3292.3518	1471.9066	3978.192	1.4928839	3999.7554	11.147702	4010.299	3974.7336	835.0	1000.0	744999	307.7484	90.26535	396.6592	-109.06774	307.7483	90.267586	393.43878	-145.99342	-309.40283	29.867643	3761.370280265808	25.24409585351112
150	2830.7878	1790.2424	3988.9092	0.2218623	3910.0176	9.920733	3927.3462	3899.733	716.8571	1000.0	749999	308.14194	90.67967	397.37305	-127.698654	308.14227	90.682976	393.95447	-130.13531	-310.22968	30.079657	3787.8297350406647	25.252198247909547
151	4024.4817	42.529716	4082.8655	3985.8975	4144.342	17.162542	4167.7056	4102.4883	1000.0	1000.0	754999	309.3426	90.37036	397.52005	-122.6944	309.34268	90.373535	398.2346	-107.65113	-311.6273	29.650938	3813.8527612686157	25.257303070548353
152	3989.8179	19.895262	4018.7737	3958.8562	3934.5874	6.86389	3945.5522	3925.0205	1000.0	1000.0	759999	309.71286	90.5194	406.1767	-107.45556	309.71368	90.52081	403.1305	-96.413925	-311.49875	30.2729	3839.8814730644226	25.262378124814283
153	3975.5884	29.50262	4023.9324	3934.7676	3758.5554	981.88525	4112.9526	813.5685	1000.0	923.7	764999	310.11047	90.722755	400.6477	-126.10438	310.11078	90.7258	408.5106	-139.01973	-311.9495	29.861496	3865.6908588409424	25.265953338224126
154	4008.7085	23.159079	4040.4082	3970.2979	4017.4343	16.224297	4048.974	3979.559	1000.0	1000.0	769999	310.57355	90.70527	400.47153	-101.14021	310.57385	90.70796	400.3939	-105.895935	-312.46133	30.453897	3892.0450570583344	25.273019863413527
155	4011.232	45.994457	4057.3096	3925.078	3994.2488	28.755785	4020.161	3915.4265	1000.0	1000.0	774999	311.00937	90.87647	406.5633	-94.263115	311.00967	90.87942	399.4118	-102.27245	-313.1541	29.785135	3918.006758213043	25.277462968518655
156	3958.104	24.248688	3997.4824	3930.0874	3755.7637	47.530033	3852.7183	3702.8962	1000.0	1000.0	779999	312.04745	90.94864	400.666	-93.07697	312.04816	90.94985	399.3082	-101.50992	-313.72516	30.19986	3944.4081904888153	25.28466789997541
157	3973.6433	28.834574	3997.9333	3917.1736	4021.996	18.742	4054.6892	3992.7466	1000.0	1000.0	784999	313.03488	90.8779	403.9103	-134.98143	313.0343	90.88371	403.2881	-169.1793	-314.99014	29.917929	3970.606547355652	25.29048757492357
158	3948.0867	51.441227	3996.3206	3853.5063	3896.1782	16.178648	3908.5894	3851.8347	1000.0	1000.0	789999	314.28333	91.00371	402.94727	-106.643585	314.28363	91.00583	403.56097	-102.25549	-316.51556	29.54032	3996.658726453781	25.295308407348923
159	3902.9429	39.227764	3967.4465	3846.349	3967.226	10.209495	3987.5754	3957.6157	1000.0	1000.0	794999	315.27136	90.57927	406.11078	-72.265854	315.2718	90.5815	412.53726	-85.30926	-317.1656	29.420406	4022.8458230495453	25.300917138093673
160	3950.364	28.412846	3996.895	3910.7761	3909.9192	10.3573675	3930.58	3891.587	1000.0	1000.0	799999	315.98602	90.53789	411.8149	-107.64502	315.98624	90.54162	406.9541	-90.401115	-318.44772	28.998184	4048.942730665207	25.30589208006859
161	3398.2678	1268.1388	4010.73	563.46594	3947.3462	12.540232	3967.0618	3924.289	866.3333	1000.0	804999	316.69095	90.03029	404.22147	-98.56795	316.6911	90.03271	405.96136	-109.88083	-318.83783	30.39339	4074.912781238556	25.310017288101385
162	3980.2766	41.867336	4020.8516	3910.7205	3916.8542	56.036793	3973.32	3815.8804	1000.0	1000.0	809999	317.8651	89.45655	405.55396	-98.91754	317.8656	89.45845	405.40286	-133.26587	-319.79993	30.083696	4101.021596193314	25.31494813789556
163	4001.3613	27.96418	4037.3816	3962.7463	3971.7866	34.219086	4010.5857	3927.613	1000.0	1000.0	814999	318.40372	89.57386	403.5307	-94.7577	318.40424	89.57572	406.37006	-83.25752	-320.2809	29.543478	4127.429107666016	25.321650978977694
164	3959.7378	41.74746	4013.8616	3911.6995	3950.0027	18.037228	3981.4375	3931.6274	1000.0	1000.0	819999	318.6756	89.729095	408.7385	-117.139046	318.67584	89.73237	404.75946	-124.594406	-320.68207	29.288528	4153.763750076294	25.327827757451594
165	3964.6582	51.348167	4023.629	3874.633	4036.7625	10.707739	4050.423	4009.6355	1000.0	1000.0	824999	319.54294	89.3431	415.29135	-88.43	319.54233	89.35038	407.71255	-91.451294	-321.34567	30.314219	4179.896055936813	25.33270338231867
166	3994.6216	14.8879795	4022.5002	3978.53	4023.0835	7.7515798	4033.0833	4008.3237	1000.0	1000.0	829999	319.96005	89.40053	406.89252	-106.97016	319.96054	89.402115	404.10953	-128.879	-321.89282	29.849903	4206.00396323204	25.337373283972223
167	3993.6655	40.78669	4032.0325	3916.4033	3885.6948	24.761091	3913.0574	3831.4858	1000.0	1000.0	834999	320.36652	89.17686	404.9014	-63.44475	320.36676	89.179436	405.04425	-71.71421	-322.25104	28.915468	4231.99335026741	25.341277559360343
168	3958.2837	61.014668	4016.0105	3842.5532	3907.334	10.782625	3921.6482	3890.229	1000.0	1000.0	839999	321.23938	88.850716	405.74506	-64.79744	321.23923	88.853516	415.1485	-72.194115	-323.12354	28.144463	4258.209975719452	25.346487963483447
169	3939.0637	34.98186	4003.456	3905.0808	3987.1804	10.423125	3998.7375	3967.6482	1000.0	1000.0	844999	321.738	88.6709	408.51254	-80.71572	321.7379	88.675	408.6526	-81.36766	-324.0154	27.891157	4284.60995388031	25.352721631879636
170	3936.7886	55.60857	4003.087	3858.8896	3964.3726	10.768565	3984.7522	3946.5767	1000.0	1000.0	849999	322.0617	89.29053	409.20587	-76.399734	322.06238	89.291985	406.29446	-84.71469	-323.69916	28.349129	4310.928190469742	25.358401133032405
171	3940.7605	23.796263	3973.3098	3912.4297	4013.728	9.762619	4030.634	3996.0354	1000.0	1000.0	854999	322.84033	88.95486	407.9378	-73.38907	322.84003	88.958305	409.3753	-88.66141	-324.74588	27.525366	4337.535656929016	25.365705608624463
172	3954.3691	44.579823	4021.361	3893.5325	3859.109	5.124827	3864.57	3848.5325	1000.0	1000.0	859999	322.82416	89.180336	409.05774	-88.08037	322.82455	89.18286	409.61115	-96.705055	-324.49442	28.59159	4363.568606138229	25.3695849318837
173	3996.6694	31.490755	4051.9546	3965.427	3951.5874	7.1479	3969.0845	3944.5625	1000.0	1000.0	864999	323.01	89.435074	410.07108	-113.79181	323.01083	89.43698	407.26648	-116.33524	-324.88638	28.953268	4389.570338964462	25.373238967333226
174	3993.1575	58.918453	4053.9006	3884.0613	4057.5579	4.8087864	4067.8135	4051.1763	1000.0	1000.0	869999	323.66287	89.09987	409.85242	-86.25138	323.66284	89.10334	408.8061	-107.330246	-325.19882	27.735168	4415.710399150848	25.377645984463307
175	3456.6287	1219.3873	4057.9463	731.46765	4077.5747	13.996925	4096.8174	4052.0247	873.3333	1000.0	874999	324.34415	89.17023	418.72403	-77.64322	324.34454	89.173	415.33377	-91.35271	-326.05728	27.269007	4441.686905860901	25.38106804575239
176	3974.6294	35.304897	4014.913	3909.3896	4022.6157	5.1289163	4032.0884	4014.1003	1000.0	1000.0	879999	325.00452	88.68093	407.51862	-78.51347	325.00485	88.68157	407.71402	-82.64299	-326.98	27.7423	4468.154655694962	25.38724237409505
177	3978.6577	26.976383	4014.72	3940.6238	4055.1536	18.313683	4082.7925	4028.9668	1000.0	1000.0	884999	325.35437	88.45657	423.55667	-90.92534	325.35434	88.4611	418.85324	-96.01443	-327.1834	27.773079	4494.6377630233765	25.39343370017359
178	4012.6094	37.489723	4060.0535	3954.216	4067.0747	5.017718	4076.091	4057.85	1000.0	1000.0	889999	325.5061	88.56247	409.67212	-69.93723	325.50647	88.56367	411.49564	-73.77411	-327.05624	27.153429	4521.12630033493	25.39958596899268
179	4004.8555	63.023624	4056.1826	3880.7378	3977.9023	10.443614	3991.782	3958.9934	1000.0	1000.0	894999	326.1233	88.75946	414.44363	-90.45877	326.1232	88.76353	412.5443	-112.970634	-327.79166	27.612722	4547.406753063202	25.40450701100866
180	4043.2925	29.218523	4076.4287	4008.5051	4216.6167	13.66902	4242.7476	4187.1323	1000.0	1000.0	899999	326.52164	89.13449	414.37866	-78.158615	326.5214	89.13758	414.06012	-97.962074	-328.5327	27.446037	4573.528596878052	25.408492216798994
181	4075.2598	18.031	4100.192	4053.2532	3951.2356	5.9843454	3958.464	3939.9387	1000.0	1000.0	904999	327.13376	88.957504	414.98236	-92.04705	327.13428	88.96194	417.49353	-98.198784	-328.87427	26.757662	4599.7792801856995	25.413145207568427
182	3358.5427	1502.4453	4059.5654	-0.82530445	4047.2827	8.604048	4064.4836	4032.2095	834.6667	1000.0	909999	327.29535	89.15872	411.14145	-123.2811	327.29535	89.162506	410.85202	-135.60806	-329.33206	27.705177	4625.985463619232	25.417502557838358
183	4064.898	20.17131	4081.8713	4029.5256	1535.7217	1704.0093	4136.015	303.33514	1000.0	404.8	914999	328.1355	88.654366	409.93784	-83.02579	328.13547	88.657906	411.52856	-117.93245	-329.82495	27.898882	4649.50834441185	25.407149433438242
184	4068.8984	22.266071	4101.032	4042.7617	3995.3	8.597961	4006.7495	3979.45	1000.0	1000.0	919999	328.7781	88.400406	418.17776	-95.314285	328.7787	88.40207	413.09976	-95.80465	-330.6313	27.494993	4675.955286502838	25.412800480490144
185	4040.5168	38.804985	4094.3323	3978.182	4025.2214	12.716205	4046.1267	4006.7065	1000.0	1000.0	924999	329.11072	88.43928	422.15805	-100.49383	329.11002	88.44688	414.71484	-84.92739	-330.96957	27.027075	4702.252507686615	25.417581132940345
186	4072.7974	34.46493	4109.9155	4013.631	4068.597	18.130114	4095.8894	4045.2837	1000.0	1000.0	929999	329.52896	88.54121	413.35925	-85.82982	329.5293	88.543755	412.8932	-119.998795	-331.3217	26.922575	4728.455284833908	25.421802616888478
187	3432.8425	1350.7812	4060.1904	412.5555	3920.9956	16.679665	3956.6184	3895.2751	857.6667	1000.0	934999	329.74036	87.96058	414.2978	-71.19687	329.74048	87.96328	412.7094	-97.81475	-331.69147	26.404512	4754.617406368256	25.42576154285574
188	4033.4622	18.035692	4057.8604	4013.8718	3983.2632	14.822763	3997.9214	3946.6287	1000.0	1000.0	939999	329.87622	88.08207	414.64993	-102.959274	329.87695	88.0825	418.24307	-99.39317	-331.38007	26.550869	4780.728531837463	25.429407094387297
189	3437.2637	1165.8594	4043.835	1105.8251	4130.653	22.487247	4170.19	4086.4143	877.2	1000.0	944999	329.8507	88.10965	421.07034	-80.42192	329.8505	88.114235	424.96887	-85.86048	-331.4533	26.465881	4806.8292117118835	25.43295880221816
190	3561.402	1174.673	4141.647	935.53015	4014.2778	18.944744	4049.623	3980.508	879.5	1000.0	949999	329.8086	87.89756	415.262	-79.46483	329.80884	87.90151	412.50983	-74.38074	-331.562	26.848494	4833.475247144699	25.439343414808576
191	4057.4883	47.983906	4135.1055	3987.076	4109.9883	6.891233	4120.23	4094.0999	1000.0	1000.0	954999	329.85715	87.7669	413.42886	-81.7455	329.85675	87.77097	416.20224	-130.61716	-331.62946	26.916588	4859.856076955795	25.444272665453205
192	4121.9775	16.739407	4143.245	4103.7603	4112.8564	14.343991	4138.4062	4093.7495	1000.0	1000.0	959999	329.92285	87.87724	415.2348	-79.47755	329.9233	87.878876	413.397	-100.685265	-331.63885	26.155859	4885.980625867844	25.447815772145987
193	1852.3988	2030.9082	4145.6	-1.7420752	4043.5925	14.915573	4058.5305	4018.7678	458.81818	1000.0	964999	330.1489	88.01565	414.50848	-80.470825	330.14954	88.01825	420.1127	-93.86409	-331.4939	25.805346	4912.1179666519165	25.45138843813091
194	4059.4941	45.06772	4140.3755	4007.1497	4074.4368	7.2784944	4087.19	4064.1594	1000.0	1000.0	969999	330.03165	88.34121	418.0708	-90.46224	330.03183	88.344795	415.71994	-119.5355	-331.9728	26.763613	4938.19279384613	25.454602038737423
195	4048.484	35.416073	4105.3916	4008.1511	4140.797	14.405298	4169.614	4117.315	1000.0	1000.0	974999	330.76083	88.086716	423.66083	-79.629555	330.76062	88.09261	417.6313	-92.84419	-332.49683	26.545523	4964.649821519852	25.459742683019392
196	4099.5093	28.624098	4121.82	4044.2148	4096.7188	7.6226444	4110.472	4083.0322	1000.0	1000.0	979999	330.74857	88.7244	417.0234	-103.64108	330.7489	88.72701	416.83304	-113.15826	-332.66617	27.83685	4990.75846529007	25.463053406501302
197	3432.1624	1535.2673	4175.4	0.3161272	4025.5059	16.483965	4050.0999	3996.838	834.8333	1000.0	984999	331.50568	88.767555	417.36377	-98.86748	331.5058	88.771736	417.41724	-99.07042	-333.11624	26.8677	5017.272831439972	25.468390016991474
198	4139.1143	17.64794	4161.444	4122.1455	4157.5576	7.6571474	4170.6846	4143.5264	1000.0	1000.0	989999	331.92664	88.77397	422.5983	-106.027405	331.92642	88.77588	420.93167	-103.36924	-333.49588	26.93225	5044.101649045944	25.475260863400468
199	4102.737	10.556493	4120.5195	4089.6724	4099.2295	8.803077	4115.5225	4080.307	1000.0	1000.0	994999	332.55966	88.69819	421.38962	-99.387375	332.56003	88.701385	423.92368	-94.60414	-334.20706	26.150265	5070.098618507385	25.477882514646904
200	4111.339	8.597369	4123.7324	4100.692	4059.8684	16.612486	4089.1677	4043.4216	1000.0	1000.0	999999	333.0889	88.86295	421.77798	-120.010254	333.08777	88.86905	421.17026	-126.08032	-334.3188	26.639894	5096.316672086716	25.481583369970323
