Epoch	AverageEpRet	StdEpRet	MaxEpRet	MinEpRet	AverageTestEpRet	StdTestEpRet	MaxTestEpRet	MinTestEpRet	EpLen	TestEpLen	Time Steps	AverageQ1Vals	StdQ1Vals	MaxQ1Vals	MinQ1Vals	AverageQ2Vals	StdQ2Vals	MaxQ2Vals	MinQ2Vals	AverageQ3Vals	StdQ3Vals	MaxQ3Vals	MinQ3Vals	LossPi	LossQ	Time	AVG Time Per Epoch
1	-43.79831	4.1267824	-33.9757	-54.742867	-8.519683	3.3795273	-4.6068735	-15.149331	50.0	50.0	4999	-1.8071748	0.6008209	0.7647635	-5.109826	-1.8075598	0.6009779	0.2253631	-5.1005726	-1.8075404	0.6003617	0.014232695	-4.5955625	1.128132	0.119016625	20.18585205078125	20.18585443496704
2	-42.950684	4.404185	-30.175575	-56.82973	-10.333444	2.9124951	-5.728477	-14.045481	50.0	50.0	9999	-3.029928	0.9023305	0.060425684	-7.2525	-3.0298955	0.90368915	0.3428663	-7.2163515	-3.0299568	0.90245146	-0.08050443	-7.206347	2.338159	0.18085794	45.23578238487244	22.617892384529114
3	-9.774924	3.406859	-3.1585798	-18.804806	-9.299108	2.535261	-4.9317355	-13.153904	50.0	50.0	14999	-4.1003475	1.2607721	0.87465787	-9.873829	-4.1004086	1.2604148	0.6702388	-9.805809	-4.100251	1.2610141	0.5974709	-9.713024	3.498625	0.32465795	71.3391981124878	23.779733498891193
4	-9.328355	3.0291793	-3.0305324	-16.531185	-8.692282	3.493732	-2.9392426	-13.039576	50.0	50.0	19999	-4.8059397	1.5353642	1.4021149	-11.209783	-4.8059297	1.5359643	1.7637837	-11.236759	-4.805825	1.5359715	3.0781803	-11.110912	4.3026395	0.5075069	97.6291573047638	24.40728998184204
5	-9.153515	2.9250617	-2.4714768	-17.386663	-7.482343	3.8519292	-2.3018148	-13.948938	50.0	50.0	24999	-5.382793	1.7089461	1.7223884	-12.72304	-5.382848	1.7092805	1.501545	-12.915524	-5.382815	1.7096918	1.9199077	-12.642467	4.9384637	0.71671355	123.95571279525757	24.791142988204957
6	-10.3175	3.8220146	-4.0548077	-24.382498	-8.161304	3.0786748	-3.2074797	-13.245028	50.0	50.0	29999	-5.852142	1.8810031	2.684097	-14.196487	-5.852235	1.8806224	2.6887085	-14.144246	-5.8520803	1.8818372	3.5175705	-14.058645	5.4604306	0.88952714	150.36738681793213	25.06123157342275
7	-10.86858	3.1329536	-4.5717144	-19.99402	-9.795097	3.4544027	-5.185399	-16.367311	50.0	50.0	34999	-6.186777	1.9856833	4.7836604	-15.092666	-6.186948	1.9859773	2.094184	-15.083025	-6.186923	1.9861008	2.4671767	-15.017919	5.809697	1.0830697	176.50958490371704	25.21565532684326
8	-9.876505	3.5527284	-3.212049	-20.666693	-9.675758	4.1447744	-2.7646587	-18.284727	50.0	50.0	39999	-6.5640807	2.0325704	4.5801907	-16.22241	-6.564246	2.031748	3.7707531	-16.641739	-6.5641117	2.033039	3.6436357	-16.52505	6.20003	1.2574202	202.65335369110107	25.33166953921318
9	-8.424853	3.476718	-3.354153	-18.741226	-6.1461487	3.2905667	-2.6468782	-13.998468	50.0	50.0	44999	-6.968892	2.1397915	6.3305793	-17.152765	-6.968864	2.1392698	4.173365	-17.368511	-6.968945	2.1402142	5.4202905	-17.0681	6.6153946	1.4687287	228.9045054912567	25.4338342083825
10	-9.376267	4.460195	-2.5923145	-26.452126	-9.317125	5.101336	-2.5460968	-16.96189	50.0	50.0	49999	-7.3183	2.2748992	3.708996	-18.59386	-7.318431	2.274566	4.6153727	-17.494852	-7.3183727	2.2753446	4.070469	-17.948893	6.9631658	1.6529949	255.16821336746216	25.516821599006654
11	-9.941703	3.6671126	-2.869231	-19.124908	-9.318017	3.7578213	-3.2896614	-16.695593	50.0	50.0	54999	-7.604984	2.384084	4.4216433	-18.85669	-7.604917	2.3848515	3.4588714	-19.374908	-7.6050386	2.385422	4.9992294	-18.480434	7.2510915	1.7829691	281.5167317390442	25.592430331490256
12	-10.216544	3.9598768	-3.095329	-18.982075	-8.907451	2.7189977	-4.93819	-13.571636	50.0	50.0	59999	-7.822019	2.444413	4.072262	-18.947622	-7.8219895	2.4444997	3.0256128	-19.352196	-7.822023	2.4447315	4.2537336	-18.627495	7.4746847	2.0051024	307.8430106639862	25.653584400812786
13	-10.172522	3.766544	-2.4865673	-19.647064	-8.5912695	1.1666545	-6.902384	-10.151579	50.0	50.0	64999	-8.036188	2.499039	6.7909126	-19.144867	-8.036221	2.499172	4.3490915	-19.08256	-8.036172	2.4999886	3.099234	-19.477604	7.7067246	2.145899	334.22767663002014	25.709821425951443
14	-10.313272	3.3711295	-3.1832294	-17.95067	-8.871565	2.9935708	-5.537482	-14.006517	50.0	50.0	69999	-8.230778	2.5728045	4.7111373	-20.285131	-8.230864	2.5733767	3.4691079	-20.442822	-8.230864	2.572771	4.103793	-19.937422	7.9133143	2.2854993	360.58969712257385	25.75640709059579
15	-10.316328	3.742699	-2.742817	-18.92002	-9.327968	3.9407012	-1.3139799	-16.207441	50.0	50.0	74999	-8.453853	2.6657014	4.93807	-20.60125	-8.453786	2.6661184	5.060388	-20.983547	-8.453887	2.66554	9.972167	-21.042206	8.131574	2.4413793	386.914918422699	25.79432806968689
16	-10.434392	3.7967489	-2.6469326	-20.751179	-8.678059	4.24397	-1.97019	-16.272825	50.0	50.0	79999	-8.687948	2.7173545	4.925201	-20.696388	-8.68795	2.717375	5.02797	-21.513796	-8.688007	2.716461	5.865968	-21.094976	8.348175	2.6097062	413.1502437591553	25.821890369057655
17	-9.408272	3.756769	-2.627245	-22.435991	-7.641017	3.3999374	-2.281335	-13.243661	50.0	50.0	84999	-8.86949	2.7465756	5.1143575	-20.652313	-8.869462	2.74692	5.361108	-21.525066	-8.86954	2.7469213	6.8457522	-21.440283	8.555335	2.7693505	439.3263747692108	25.842728039797613
18	-11.0746155	5.7948866	-3.4217267	-31.8594	-8.723633	4.6546903	-2.5196064	-17.25764	50.0	50.0	89999	-8.993705	2.7765667	4.9735723	-21.371298	-8.993588	2.776912	5.765295	-21.649706	-8.993791	2.7768667	7.341623	-21.714766	8.663696	2.9621656	465.4830300807953	25.860168470276726
19	-10.642237	5.1607585	-2.62545	-22.616121	-9.748189	6.0242763	-1.0430104	-18.242615	50.0	50.0	94999	-9.165232	2.8199093	5.0880413	-22.506636	-9.165403	2.8204095	6.3831296	-22.114096	-9.16525	2.8215563	7.758834	-21.792278	8.832916	3.0185087	491.86913299560547	25.88784919287029
20	-10.402753	5.045097	-2.2631989	-26.260487	-8.388758	4.0073323	-2.6627307	-16.58788	50.0	50.0	99999	-9.360118	2.9971533	6.6140175	-24.835331	-9.360163	2.9984827	7.3475094	-23.280598	-9.359972	2.9980142	9.392447	-23.22821	9.030845	3.2012534	518.1846942901611	25.90923480987549
21	-9.7365055	3.8200905	-2.362418	-18.361284	-7.270247	3.4502194	-2.2469184	-13.237703	50.0	50.0	104999	-9.511548	3.1874764	8.038335	-25.048752	-9.511597	3.1884294	9.422668	-24.598299	-9.511616	3.187082	10.167774	-25.031239	9.18105	3.215135	544.7173063755035	25.938919453393844
22	-10.18203	4.02147	-2.7094345	-23.906017	-10.217524	4.3170214	-3.6516004	-16.811646	50.0	50.0	109999	-9.506198	3.2263927	12.587919	-27.23948	-9.50645	3.2260537	8.212717	-26.623741	-9.506288	3.2263317	9.695237	-27.512543	9.182475	3.1571329	571.0715048313141	25.957795771685515
23	-9.450481	3.1248405	-3.2278476	-17.65541	-8.52368	2.1650074	-3.7998838	-11.418313	50.0	50.0	114999	-9.473546	3.1855013	7.899682	-27.200861	-9.473512	3.186598	10.762864	-25.36644	-9.473729	3.186686	7.278587	-25.715736	9.157309	3.2859185	597.4849581718445	25.977606949598893
24	-9.537485	2.9671764	-2.8840258	-22.053755	-6.8659744	2.3737667	-2.8472345	-11.731806	50.0	50.0	119999	-9.427167	3.1871061	11.256347	-25.248974	-9.427093	3.1884954	7.8049407	-24.160873	-9.427013	3.1896212	8.878065	-25.209633	9.106543	3.178745	623.8149974346161	25.992291649182636
25	-9.80427	3.4342372	-2.5258653	-21.93864	-7.859624	2.460123	-5.624476	-13.248526	50.0	50.0	124999	-9.383671	3.14699	7.847106	-24.166718	-9.383628	3.1474652	8.01752	-24.903906	-9.383769	3.1472533	7.5226088	-26.132475	9.070282	3.1557536	650.2703199386597	26.010812873840333
26	-10.096391	4.294084	-2.825825	-23.783686	-11.21912	4.282971	-6.57508	-20.246874	50.0	50.0	129999	-9.324869	3.0981352	11.240251	-26.449867	-9.324895	3.098959	9.141143	-24.847887	-9.324969	3.0982597	6.041874	-25.590464	9.041322	3.1522584	676.5918221473694	26.02276248198289
27	-11.037816	4.458546	-3.0504303	-27.420845	-12.879193	4.898417	-6.7165227	-20.504349	50.0	50.0	134999	-9.288454	3.0382318	9.11363	-26.173517	-9.288432	3.0389373	11.093425	-24.986086	-9.288626	3.0386167	6.9499016	-25.973396	8.995307	3.1206794	702.9315338134766	26.034501331823844
28	-10.060846	3.8323164	-3.183913	-19.884134	-7.2248025	3.4850128	-2.4525728	-13.629472	50.0	50.0	139999	-9.272884	2.9824953	9.173431	-24.537628	-9.272948	2.9829876	9.074619	-24.36386	-9.272999	2.983293	16.849955	-24.507702	8.9908695	3.1936395	729.2031674385071	26.042970333780563
29	-8.658796	3.010206	-2.4865205	-15.363581	-6.9456472	2.7564917	-3.19691	-11.370395	50.0	50.0	144999	-9.267189	2.9292676	6.5220747	-24.70681	-9.267262	2.9300554	10.125571	-25.787512	-9.267477	2.9297113	7.908174	-25.358797	8.99407	3.2639136	755.5094783306122	26.052051050909633
30	-9.557071	3.2357728	-2.9520261	-15.592924	-7.329528	3.9142869	-1.7155797	-13.89059	50.0	50.0	149999	-9.288428	2.9044816	8.958673	-25.739655	-9.288595	2.9052174	5.5653453	-25.90804	-9.288672	2.904948	10.699528	-24.723711	9.01485	3.2410963	781.908073425293	26.063602511088053
31	-9.413719	3.3069773	-3.2333057	-15.569544	-8.01533	2.091836	-3.093432	-11.252569	50.0	50.0	154999	-9.306165	2.9038925	7.730297	-26.672304	-9.306088	2.9053125	9.306922	-26.981358	-9.306142	2.9055963	10.376868	-27.026634	9.042843	3.2963953	808.2464625835419	26.07246660417126
32	-9.042085	2.8751552	-2.7773793	-14.817112	-7.527566	2.9263206	-2.6437733	-11.929152	50.0	50.0	159999	-9.286982	2.8923106	7.3561826	-26.569601	-9.287064	2.892261	9.896	-28.03983	-9.286963	2.8929875	6.4086866	-28.870335	9.023506	3.328782	834.663519859314	26.083235062658787
33	-9.5398445	3.3256907	-3.2720997	-18.941845	-9.373276	2.5820436	-3.8276086	-13.247849	50.0	50.0	164999	-9.290629	2.8816144	11.993641	-26.25848	-9.290816	2.8809333	10.480922	-28.44499	-9.290823	2.8812473	10.140974	-27.40289	9.028842	3.3039017	860.8016097545624	26.084897315863408
34	-9.984982	2.9387422	-3.0595403	-17.69531	-7.826503	3.42334	-2.3763828	-13.48136	50.0	50.0	169999	-9.270346	2.8500676	5.800767	-26.574444	-9.270329	2.8497965	10.778426	-28.577835	-9.270358	2.850738	9.396483	-26.023859	9.0275545	3.2921836	887.13858294487	26.09231132619521
35	-10.49999	3.2573547	-3.5653665	-20.97605	-7.7898827	2.8170538	-1.8838031	-11.948873	50.0	50.0	174999	-9.2537	2.8454	9.727192	-27.619738	-9.253613	2.8451447	5.030683	-28.617575	-9.253776	2.8448126	8.025473	-27.17508	9.012839	3.2725115	913.3046474456787	26.094418552943637
36	-9.795899	3.3619916	-2.236697	-18.0884	-10.384311	3.6381752	-2.8725019	-14.151265	50.0	50.0	179999	-9.246309	2.8401954	10.3560505	-26.086405	-9.24624	2.8412058	7.6088085	-27.490807	-9.246203	2.8411143	8.1786	-25.732689	8.992811	3.3160203	939.726448059082	26.10351253218121
37	-10.356471	3.7889717	-2.1952558	-17.786753	-8.153051	3.004093	-4.563605	-14.874841	50.0	50.0	184999	-9.228824	2.833409	12.112918	-26.56093	-9.228818	2.8320715	7.562752	-27.458412	-9.22878	2.8323622	11.237528	-28.28135	8.981364	3.3848696	966.0353021621704	26.109062272149163
38	-9.992433	3.2689567	-3.0421734	-18.926594	-8.462706	1.9736745	-5.320567	-12.932377	50.0	50.0	189999	-9.223506	2.8193126	10.953434	-26.239695	-9.223666	2.8193316	17.441916	-27.099777	-9.223691	2.8191342	15.076889	-26.104794	8.982954	3.378102	992.5257697105408	26.119099253102352
39	-10.13155	3.016668	-3.4222584	-17.376072	-10.156905	1.7502158	-6.8831854	-12.503684	50.0	50.0	194999	-9.231731	2.77441	11.192461	-25.12108	-9.231774	2.7736144	8.802537	-25.718746	-9.231942	2.7737591	14.841421	-26.256882	8.99376	3.3805766	1018.8572783470154	26.12454565366109
40	-8.856111	3.2130108	-2.6265588	-17.892164	-6.4008093	3.183926	-1.6467997	-11.952676	50.0	50.0	199999	-9.238938	2.7299793	9.484754	-25.967894	-9.238863	2.730607	17.98461	-26.951548	-9.239084	2.7305715	9.320856	-25.787352	9.00212	3.4036899	1045.2515568733215	26.131288969516753
41	-9.209304	2.7888854	-3.500115	-17.296003	-8.894061	1.0181425	-7.3982544	-10.385003	50.0	50.0	204999	-9.230836	2.7181692	11.831717	-26.113697	-9.230827	2.7178686	11.456716	-26.294426	-9.23092	2.7170322	6.8228297	-25.74884	9.008325	3.421091	1071.6171116828918	26.13700277630876
42	-8.9649315	2.929451	-2.86648	-17.45887	-7.9891996	3.5603633	-1.7827092	-12.706308	50.0	50.0	209999	-9.216748	2.725171	7.940224	-26.315432	-9.216623	2.7248354	12.767881	-26.923948	-9.216742	2.724631	9.189961	-26.637272	8.973555	3.4488497	1097.8900425434113	26.140239159266155
43	-9.810435	3.4320529	-2.9036329	-18.085175	-7.579402	2.8176398	-1.8406829	-11.10155	50.0	50.0	214999	-9.210985	2.728128	6.651601	-25.421556	-9.21098	2.728521	9.861935	-26.486746	-9.211081	2.7277875	10.509535	-26.4336	8.96509	3.5429273	1124.1105127334595	26.142104997191318
44	-9.165957	2.6677115	-3.2315845	-18.202812	-8.697557	3.698868	-2.855532	-16.27749	50.0	50.0	219999	-9.216328	2.7223659	12.966072	-26.388855	-9.216173	2.7224605	13.893235	-27.943802	-9.216289	2.7229362	7.9394894	-27.135193	8.9723215	3.4864626	1150.3343889713287	26.14396342906085
45	-9.689381	2.9981177	-3.5861115	-17.87934	-7.6306167	2.7294846	-3.1895845	-11.397343	50.0	50.0	224999	-9.214342	2.725245	9.706434	-27.36887	-9.214049	2.724298	12.323978	-30.149576	-9.214374	2.7238142	9.521614	-28.887743	8.980573	3.4647124	1176.9506840705872	26.154459693696765
46	-10.385868	3.2872329	-2.8211982	-16.85368	-8.862023	2.7051635	-3.1004026	-13.484223	50.0	50.0	229999	-9.201672	2.6920226	7.5974655	-28.300379	-9.201683	2.6916645	20.961388	-28.389326	-9.201753	2.692544	16.390903	-29.314264	8.9808235	3.5011082	1203.4530375003815	26.162022601003233
47	-9.988385	3.1800761	-3.0296357	-17.80735	-9.758612	3.0353754	-5.3896184	-16.780264	50.0	50.0	234999	-9.196739	2.6914318	10.384241	-29.303202	-9.196685	2.6917214	12.766945	-29.975838	-9.196875	2.6919656	17.11548	-28.598955	8.970694	3.518015	1229.5642380714417	26.160941276144474
48	-9.872051	3.3263917	-3.0753412	-16.881968	-8.65614	3.7120452	-2.1587074	-13.828317	50.0	50.0	239999	-9.182427	2.715542	15.093904	-27.348745	-9.182443	2.7158256	8.103987	-29.427086	-9.182677	2.7156718	11.55991	-27.456587	8.962046	3.508136	1256.0318133831024	26.16732948521773
49	-9.157696	3.0263274	-3.2432113	-15.635601	-7.866683	3.6537242	-2.6745577	-13.006266	50.0	50.0	244999	-9.181896	2.7361047	10.755001	-26.534517	-9.181815	2.7351732	7.508788	-27.902725	-9.182034	2.7355614	10.680914	-26.771656	8.947777	3.52259	1282.1346228122711	26.16601275424568
50	-9.526855	3.3783343	-3.0639176	-17.405832	-10.089237	3.7371912	-2.485409	-16.73603	50.0	50.0	249999	-9.180034	2.7624464	10.328192	-26.726477	-9.179979	2.7627885	15.929546	-27.188864	-9.180233	2.7619007	9.805485	-26.6643	8.953219	3.5055926	1308.5336134433746	26.170672307014467
51	-9.9509115	3.0383048	-3.3734956	-15.940935	-8.5740385	2.66839	-3.0559587	-12.97108	50.0	50.0	254999	-9.196888	2.808565	8.269479	-26.398554	-9.196765	2.8082523	8.393438	-29.811184	-9.197076	2.8072095	9.195465	-26.832857	8.974603	3.554488	1334.8638763427734	26.173801529641246
52	-10.167849	3.2542315	-3.1670475	-18.26168	-8.629587	1.6143713	-6.276921	-11.267467	50.0	50.0	259999	-9.198508	2.8375597	11.109879	-25.618284	-9.198459	2.8370273	8.296743	-26.919977	-9.198543	2.8371794	8.534626	-25.640974	8.963834	3.4991047	1361.1758182048798	26.17645807449634
53	-9.936833	3.0528393	-3.4913015	-17.789278	-8.995314	2.5721364	-2.8225152	-11.835266	50.0	50.0	264999	-9.135295	2.8437245	11.186332	-26.209263	-9.135304	2.8428977	8.219684	-26.491789	-9.135317	2.8426821	8.396518	-25.95882	8.906016	3.5239718	1387.6414284706116	26.18191378071623
54	-9.408902	3.1511045	-2.8564234	-17.367857	-9.788079	3.1302357	-5.2709613	-15.274845	50.0	50.0	269999	-9.145628	2.8312185	8.469979	-25.313553	-9.14571	2.830322	10.964767	-26.980272	-9.14595	2.8302736	14.341919	-25.660252	8.910321	3.5000782	1413.9048175811768	26.183422587536
55	-10.036992	3.7955039	-2.6487901	-29.259808	-8.871068	3.546617	-2.195382	-13.898449	50.0	50.0	274999	-9.139298	2.8386207	7.444811	-26.611456	-9.13942	2.8383684	8.831628	-25.777672	-9.139393	2.838131	10.51506	-25.263756	8.898164	3.530079	1440.430475473404	26.189645051956177
56	-10.574076	3.4551957	-2.9224458	-19.1771	-9.712198	3.3406577	-3.4787676	-14.212368	50.0	50.0	279999	-9.170673	2.8205087	10.92651	-26.042456	-9.170668	2.8199608	24.820988	-26.072765	-9.170745	2.8197093	18.265429	-27.082361	8.936586	3.50687	1466.9496948719025	26.195530303886958
57	-11.143606	3.6284847	-2.5342374	-20.551197	-11.271399	2.827388	-6.6893907	-16.766052	50.0	50.0	284999	-9.17899	2.8049724	11.489918	-26.760326	-9.178879	2.805205	9.236187	-25.563908	-9.17898	2.8054824	13.871248	-27.269028	8.9424715	3.6414914	1493.2560489177704	26.19747457587928
58	-11.223533	3.7370377	-3.9121253	-24.255116	-9.652624	2.778616	-3.2476308	-13.990856	50.0	50.0	289999	-9.154143	2.8350372	9.306034	-26.824612	-9.154318	2.8336358	9.602042	-25.557583	-9.154294	2.8343575	11.491051	-26.777916	8.922502	3.638741	1519.482625246048	26.197976330230976
59	-10.557041	3.173723	-3.3654413	-16.844007	-9.549036	2.8689573	-3.4907897	-14.253483	50.0	50.0	294999	-9.153885	2.8977025	8.516798	-27.530909	-9.153829	2.8971875	8.542967	-27.53575	-9.154052	2.89654	17.882984	-27.351763	8.907273	3.5332382	1545.841851234436	26.200709379325477
60	-11.10906	3.5646563	-3.555197	-18.659779	-10.960074	3.177506	-2.9950402	-15.646394	50.0	50.0	299999	-9.120727	2.9282384	8.852691	-27.970499	-9.120904	2.9278986	23.674997	-25.782434	-9.120914	2.9273596	5.639326	-25.81993	8.892196	3.490205	1572.2095167636871	26.203491977850597
61	-11.688964	3.4684858	-4.2522902	-20.399471	-9.976196	2.4552994	-4.4282947	-14.01684	50.0	50.0	304999	-9.065499	2.9245262	13.640938	-26.868027	-9.065493	2.9240227	8.185362	-26.35461	-9.065493	2.923152	9.145096	-27.330624	8.836168	3.3932695	1598.6208703517914	26.206899541323303
62	-10.853558	3.6121166	-2.7511818	-18.724827	-12.030397	2.3519983	-8.539522	-15.581618	50.0	50.0	309999	-8.986006	2.9625816	8.722315	-25.587692	-8.985886	2.9619567	11.586782	-25.408869	-8.986067	2.9625294	10.46586	-27.008331	8.760953	3.3630872	1625.0289690494537	26.21014469669711
63	-11.356855	3.9455662	-3.0195346	-20.713352	-9.753602	4.3942757	-3.6961906	-15.645535	50.0	50.0	314999	-8.917944	2.9606683	11.791366	-25.254723	-8.918034	2.9600308	9.22337	-24.895119	-8.918177	2.9596305	12.305133	-26.064983	8.6964245	3.3415523	1651.0990798473358	26.20792193639846
64	-11.324996	3.7507226	-3.3553758	-19.929722	-10.301246	4.443933	-4.594159	-18.37066	50.0	50.0	319999	-8.873408	2.9576173	15.321904	-25.788332	-8.873169	2.9580493	9.572218	-26.09552	-8.873514	2.9568286	12.559221	-26.462368	8.652538	3.261574	1677.5950157642365	26.212422154843807
65	-12.105012	3.1032794	-3.336624	-18.78499	-9.805252	2.8062294	-4.0181055	-13.83103	50.0	50.0	324999	-8.823053	2.9508834	10.817827	-26.635744	-8.822894	2.951222	9.971774	-25.850435	-8.823107	2.9506643	9.353885	-25.189985	8.612693	3.1987631	1703.906709909439	26.213949416233945
66	-11.577322	3.6479578	-3.3519993	-20.246513	-10.622801	3.6404896	-1.5595133	-16.772306	50.0	50.0	329999	-8.780976	2.9338343	10.664812	-26.6657	-8.780935	2.9343953	8.850235	-25.71805	-8.781184	2.933596	12.273801	-26.708378	8.574472	3.1924644	1730.2763290405273	26.21630804827719
67	-11.38713	3.4350286	-3.353244	-18.83913	-10.7133465	2.7819629	-3.6208692	-13.942012	50.0	50.0	334999	-8.767402	2.917009	14.710239	-26.232899	-8.767381	2.9169872	16.56294	-26.140013	-8.767326	2.916368	12.080501	-27.196157	8.572388	3.136255	1756.55717587471	26.21727131017998
68	-11.73107	3.4560218	-4.457109	-19.109655	-8.096978	3.9304671	-2.1292255	-14.87023	50.0	50.0	339999	-8.726908	2.928137	17.276615	-26.830433	-8.726712	2.928701	10.584852	-26.623474	-8.727105	2.928589	16.082846	-26.1462	8.509991	3.1415956	1782.8025743961334	26.21768495265175
69	-11.44788	3.574743	-3.3779514	-19.614649	-9.736464	2.5442462	-5.778069	-13.755404	50.0	50.0	344999	-8.695489	2.9275687	7.509556	-26.055042	-8.695527	2.9271405	15.203407	-26.476656	-8.695637	2.9264514	19.20215	-25.795784	8.511102	3.074351	1809.121660232544	26.219154530677244
70	-10.941279	3.8048444	-3.9922473	-23.46023	-10.70211	4.2706327	-4.0772285	-19.538023	50.0	50.0	349999	-8.671808	2.9345303	13.481227	-26.44223	-8.671707	2.9351702	9.199766	-27.191807	-8.671769	2.9348843	8.993505	-28.233112	8.477208	3.066457	1835.3771851062775	26.21967410360064
71	-10.461496	3.5236695	-3.6178405	-21.147623	-8.799826	2.6265092	-2.9634259	-12.023924	50.0	50.0	354999	-8.679357	2.947106	11.941898	-27.843311	-8.679157	2.9471781	8.165752	-29.049736	-8.679306	2.9462698	10.458019	-27.879925	8.470879	3.0855715	1861.6941421031952	26.221044285196655
72	-10.348717	3.6722243	-2.4713159	-20.180218	-8.672417	3.455587	-3.8287058	-14.453248	50.0	50.0	359999	-8.689518	2.9588492	29.63378	-27.728294	-8.68954	2.9582345	11.720601	-28.80489	-8.689381	2.9582093	9.987638	-27.391373	8.484543	3.0545113	1888.111174583435	26.223766343461143
73	-10.957904	3.657942	-3.8780665	-23.322376	-8.714031	3.834778	-1.7834452	-14.432109	50.0	50.0	364999	-8.695902	2.9789588	12.182655	-25.194899	-8.695781	2.9801545	10.343271	-26.907467	-8.69591	2.980606	18.596518	-26.9952	8.484362	3.072034	1914.4795701503754	26.225747565700583
74	-9.809369	3.8953211	-2.4304829	-23.833296	-9.943181	2.1406813	-6.0023937	-12.991368	50.0	50.0	369999	-8.664208	2.9829757	15.622726	-26.038088	-8.664116	2.9829826	9.712245	-27.60974	-8.6641	2.9839942	24.698914	-26.465515	8.450359	3.0899515	1940.8761088848114	26.22805555446728
75	-10.261553	3.6749747	-2.6946607	-22.442396	-9.561588	3.6922894	-1.8914814	-15.611737	50.0	50.0	374999	-8.625827	2.9854562	10.947838	-26.50336	-8.625631	2.9852502	8.973635	-27.33528	-8.625784	2.984932	10.799851	-25.181425	8.427915	3.061456	1967.3581173419952	26.231441586812338
76	-10.578872	3.7944438	-3.356685	-19.44165	-10.871167	3.6612396	-2.6583135	-16.778206	50.0	50.0	379999	-8.585523	2.9781342	9.211611	-26.809631	-8.585622	2.9774997	8.632349	-27.864466	-8.585438	2.9779072	9.7821045	-26.478582	8.397299	2.96402	1993.5285096168518	26.23063831266604
77	-10.634394	3.5915165	-2.6429408	-22.0339	-10.157961	4.1436057	-2.5362632	-17.716026	50.0	50.0	384999	-8.551715	2.9608574	14.1545925	-27.175955	-8.55166	2.961398	20.190872	-27.985922	-8.551636	2.9607046	15.667375	-26.847898	8.3483095	2.9868858	2019.6833612918854	26.229654070618864
78	-10.497366	4.5638285	-2.2835205	-27.498793	-9.384554	2.3841176	-4.502477	-12.816737	50.0	50.0	389999	-8.515917	2.9388661	9.677177	-27.00498	-8.516157	2.938643	12.42725	-26.634333	-8.515961	2.939272	10.237793	-26.40265	8.323608	2.916594	2045.9352102279663	26.229938617119423
79	-10.143125	3.242612	-3.845756	-18.182508	-8.269358	2.8208477	-2.2480395	-12.019235	50.0	50.0	394999	-8.526002	2.9372022	15.841515	-25.461945	-8.52596	2.936514	7.413563	-26.281424	-8.525928	2.937903	10.382586	-26.371925	8.320607	2.9077425	2072.3876416683197	26.2327549880064
80	-10.709468	3.767959	-3.4551673	-18.501749	-9.239464	3.5365229	-2.3974364	-15.756649	50.0	50.0	399999	-8.567769	3.001086	15.590832	-28.42707	-8.5678	3.0008824	14.568114	-30.33519	-8.567609	3.0011365	11.197201	-30.323181	8.362846	2.9920368	2098.655115842819	26.23318897485733
81	-10.476423	3.8219361	-2.9666767	-20.164284	-10.297126	4.400468	-3.4734917	-17.230888	50.0	50.0	404999	-8.628767	3.0607827	13.903013	-28.719006	-8.628726	3.0609381	13.580925	-28.755302	-8.628586	3.0618525	20.529522	-30.164627	8.433667	3.0375836	2124.8669538497925	26.232925382661232
82	-11.242077	3.6089122	-2.8782864	-22.737785	-9.2602825	5.071644	-2.4792857	-14.624414	50.0	50.0	409999	-8.627524	3.0550103	11.250005	-27.701244	-8.627769	3.0530074	8.62929	-29.102755	-8.627361	3.0547605	16.542189	-29.531029	8.431746	3.0753913	2150.9709367752075	26.231352907855335
83	-10.157558	4.0140696	-2.7431104	-18.615955	-9.48316	4.482235	-2.2203093	-15.704807	50.0	50.0	414999	-8.619005	3.0376773	9.079916	-25.75849	-8.619043	3.0373855	12.288156	-27.35301	-8.618992	3.038086	17.90923	-26.506039	8.406981	3.0115824	2177.0722579956055	26.229786263891015
84	-10.357169	3.8836381	-2.8983946	-20.268389	-8.819608	3.033337	-4.17423	-14.365438	50.0	50.0	419999	-8.58614	3.0079546	10.518947	-27.340832	-8.586193	3.0074677	9.77932	-27.528841	-8.586123	3.0075772	12.036721	-29.28925	8.388105	3.0215106	2203.5578258037567	26.232831282275065
85	-10.930392	3.177012	-3.35113	-20.387825	-12.078862	2.9008584	-8.404606	-18.544182	50.0	50.0	424999	-8.594124	3.008054	18.01569	-28.372704	-8.594335	3.0074716	14.894659	-27.94509	-8.594134	3.0081604	8.2263365	-27.769594	8.415267	2.98091	2229.8275570869446	26.23326539993286
86	-10.206922	3.104086	-3.5808346	-19.358196	-8.482725	2.5063465	-4.319097	-11.925041	50.0	50.0	429999	-8.5948	3.0229168	10.910451	-25.804245	-8.594936	3.0233505	12.58259	-27.334381	-8.594866	3.0236394	11.754724	-24.494385	8.413558	2.972418	2256.228759765625	26.235218158988065
87	-10.075509	3.403222	-2.7763991	-18.586088	-7.7225685	3.0509517	-2.816131	-13.235504	50.0	50.0	434999	-8.590192	3.0675008	16.81385	-28.00647	-8.590208	3.066799	9.464294	-26.70925	-8.589975	3.0669804	20.369015	-26.809406	8.403472	3.080272	2282.413042783737	26.23463270033913
88	-10.536732	3.4143128	-2.155716	-18.922066	-8.234916	2.9416745	-4.5082197	-12.879209	50.0	50.0	439999	-8.603753	3.1050189	19.862751	-25.958078	-8.603948	3.1045396	14.822392	-25.682894	-8.603715	3.1049798	17.207497	-26.041695	8.42186	3.0688481	2308.6990225315094	26.235216189514507
89	-9.957138	3.742474	-3.3170033	-19.323092	-9.943347	3.023834	-4.1842546	-13.863088	50.0	50.0	444999	-8.572327	3.0899224	7.9628906	-25.611603	-8.57237	3.0900164	10.876181	-26.354937	-8.572239	3.089669	14.552721	-24.553743	8.383781	3.0446723	2334.9665088653564	26.235578778084744
90	-10.44532	3.6177852	-2.141408	-20.365631	-10.128177	2.3415885	-6.1265845	-13.984924	50.0	50.0	449999	-8.54873	3.0769265	12.39259	-25.41062	-8.548828	3.0762944	15.615408	-25.993177	-8.548747	3.0766973	14.06521	-24.270542	8.378273	2.9526496	2361.0815212726593	26.234239151742724
91	-10.790339	4.0060596	-3.106074	-22.0044	-7.6553736	3.5649948	-1.961588	-12.4830885	50.0	50.0	454999	-8.507368	3.0725994	11.162486	-29.174957	-8.507652	3.0714993	9.751753	-25.390343	-8.507282	3.0722008	14.045891	-25.14644	8.324408	2.943455	2387.430404186249	26.235498970681494
92	-11.290569	4.5435357	-2.6162107	-23.295053	-8.660855	3.8876886	-3.83281	-15.291334	50.0	50.0	459999	-8.520118	3.0933778	10.554649	-24.97122	-8.52038	3.0922387	14.19669	-25.194511	-8.520151	3.0935445	10.058336	-24.223162	8.352641	2.9276898	2413.604793071747	26.234834728033647
93	-10.53204	4.096155	-3.3260658	-21.185644	-9.108557	2.902534	-2.4820561	-13.2959175	50.0	50.0	464999	-8.496311	3.113961	15.070613	-26.377869	-8.496663	3.113368	12.861713	-28.24893	-8.49634	3.1133118	10.028628	-25.908539	8.329772	2.9838622	2440.0009315013885	26.236569179001673
94	-10.4725485	3.565439	-4.3243666	-21.99548	-8.995431	3.0892706	-3.7347457	-15.348462	50.0	50.0	469999	-8.477438	3.1131954	15.498647	-26.526712	-8.477517	3.112718	8.39411	-25.758215	-8.477226	3.1135643	19.28305	-29.368404	8.281699	2.971568	2466.362447500229	26.23789840048932
95	-10.12583	3.4262733	-3.0137374	-18.582216	-9.430422	3.1737113	-4.6269584	-13.418925	50.0	50.0	474999	-8.464507	3.104893	15.019885	-26.648365	-8.464627	3.1054041	20.643837	-28.255615	-8.464355	3.1045458	9.462727	-27.162127	8.2617655	2.9313927	2492.764972925186	26.23963131653635
96	-11.032398	4.1292677	-4.010537	-27.227684	-9.788966	4.3558373	-1.5630032	-16.144705	50.0	50.0	479999	-8.47868	3.0904608	14.121574	-26.724651	-8.478731	3.0899303	11.919024	-27.440582	-8.478601	3.0897145	6.9469175	-27.99409	8.285944	2.9180698	2519.110434770584	26.240733715395134
97	-10.587322	3.8455083	-3.4295514	-22.5171	-8.469139	2.9623325	-4.353104	-14.848232	50.0	50.0	484999	-8.456819	3.0796545	17.081945	-26.007744	-8.457074	3.0791838	11.662399	-26.275814	-8.456637	3.079881	13.855539	-25.101557	8.278971	2.970057	2545.3383882045746	26.240601959916734
98	-11.863939	4.762865	-3.2684703	-27.466331	-9.698099	4.26875	-1.3713667	-16.620508	50.0	50.0	489999	-8.439007	3.0803673	11.110977	-25.934547	-8.439337	3.0794759	12.015425	-26.19301	-8.439086	3.0792918	15.3250885	-25.918076	8.250738	2.9473572	2571.712540626526	26.241964717300572
99	-10.797654	4.366899	-3.143027	-23.021267	-8.5802	3.5332193	-3.1944625	-12.807659	50.0	50.0	494999	-8.466142	3.112346	20.393114	-26.871593	-8.46639	3.1117454	15.819721	-28.50527	-8.466208	3.1118453	22.05928	-26.679272	8.26426	2.9036157	2597.9857037067413	26.242279854687776
100	-11.011764	3.8915484	-2.2774103	-23.70157	-11.6453495	1.8570676	-7.430925	-14.025206	50.0	50.0	499999	-8.458586	3.1299117	12.26005	-25.272484	-8.458561	3.129685	7.263112	-25.595346	-8.458355	3.1308699	14.547352	-25.509424	8.28431	2.9313617	2624.2681760787964	26.24268177986145
101	-10.9093895	4.2791595	-3.240772	-20.998705	-11.172511	3.5234802	-5.4659386	-16.32581	50.0	50.0	504999	-8.442964	3.1367652	20.224865	-26.265318	-8.443298	3.1363037	12.39827	-28.214066	-8.442945	3.1370702	12.954262	-26.889782	8.262074	2.8495831	2650.7313697338104	26.24486506575405
102	-11.023293	3.9350197	-2.4775121	-19.851337	-10.271657	3.6081376	-2.945265	-14.454926	50.0	50.0	509999	-8.420901	3.1230667	12.687908	-27.059793	-8.420954	3.122702	9.214407	-27.946316	-8.420864	3.123137	18.304497	-27.584225	8.252376	2.8644676	2677.100649833679	26.246084823327905
103	-11.132821	3.9935431	-2.5181916	-21.01835	-10.341298	3.1267014	-5.8740597	-14.531415	50.0	50.0	514999	-8.374931	3.1055126	13.422661	-25.640245	-8.375166	3.1048787	12.892152	-30.067554	-8.374905	3.106092	12.151705	-28.566547	8.2083845	2.8162727	2703.628633260727	26.248821700660926
104	-10.358831	3.4876084	-2.3188622	-19.900288	-10.700825	3.9212976	-3.2215796	-16.263248	50.0	50.0	519999	-8.376315	3.1032252	12.118077	-27.122385	-8.376384	3.1028798	8.561251	-28.830091	-8.376177	3.1036334	21.635784	-27.451683	8.21147	2.8197696	2729.9557812213898	26.24957483777633
105	-9.815261	3.51653	-2.6322403	-17.7595	-9.158522	3.6443577	-3.8627722	-15.103491	50.0	50.0	524999	-8.381125	3.1078634	15.708161	-26.28434	-8.381293	3.1080456	9.931198	-28.344374	-8.380908	3.108211	6.0642986	-25.88712	8.230143	2.79621	2756.512946128845	26.25250426474072
106	-10.22142	3.8806312	-2.9630244	-20.607338	-10.465315	2.1085908	-7.2276564	-14.81378	50.0	50.0	529999	-8.372002	3.1118367	17.381472	-28.417309	-8.371861	3.1124837	8.605237	-28.906923	-8.371625	3.1122954	8.073299	-28.497377	8.22498	2.8602483	2782.7945685386658	26.252778968721067
107	-10.477399	4.1064014	-3.412745	-25.148483	-8.661997	3.4593358	-2.9143195	-14.829168	50.0	50.0	534999	-8.370269	3.1066885	11.890265	-30.26789	-8.370359	3.1069052	9.788403	-27.932865	-8.370117	3.106325	14.045995	-28.602749	8.213906	2.8056116	2809.2708415985107	26.254867696316442
108	-9.775084	4.0430317	-2.6800914	-20.241882	-9.95906	4.108564	-4.5796995	-16.689592	50.0	50.0	539999	-8.360429	3.1086774	13.947709	-26.864254	-8.360437	3.1087794	12.295736	-27.276154	-8.360254	3.1098602	9.9363985	-27.306692	8.202361	2.7914836	2835.5311121940613	26.25491772536878
109	-10.879162	4.13678	-3.1743784	-19.580866	-11.34953	2.7087193	-7.686022	-17.16512	50.0	50.0	544999	-8.336771	3.0867317	10.418701	-27.04279	-8.336846	3.086234	7.0845966	-26.152088	-8.336583	3.0869024	8.648841	-26.877495	8.179406	2.8099284	2861.906982898712	26.256027387916497
110	-10.829621	4.129205	-2.4975333	-23.291212	-9.313848	3.3304224	-4.69422	-13.321797	50.0	50.0	549999	-8.309232	3.0960646	9.993908	-26.848694	-8.309109	3.0969348	10.522158	-25.415396	-8.30897	3.0965514	9.914991	-26.076275	8.160489	2.7707071	2888.1848573684692	26.256225995583968
111	-11.07257	4.4163356	-2.8733919	-22.221775	-8.928688	4.503081	-3.1500268	-19.486252	50.0	50.0	554999	-8.289703	3.1101396	16.322685	-27.300787	-8.289719	3.10856	17.577667	-26.354513	-8.289743	3.109077	8.264463	-26.662016	8.129358	2.706027	2914.367727994919	26.255565136402577
112	-10.560127	4.8955927	-2.9937124	-22.495665	-12.146273	2.7715254	-8.20115	-17.0182	50.0	50.0	559999	-8.271635	3.0957	14.510535	-28.104454	-8.271527	3.0951214	11.332775	-30.006886	-8.271346	3.097189	12.993901	-27.832466	8.113509	2.7141333	2940.6851778030396	26.256117680243083
113	-9.99089	3.9031138	-3.0844903	-20.254292	-9.736562	2.5499578	-4.535513	-13.50383	50.0	50.0	564999	-8.263176	3.0924087	10.297714	-26.700428	-8.263288	3.0919745	15.566169	-28.213064	-8.263212	3.0917876	8.670212	-27.911465	8.10101	2.6864133	2967.072992324829	26.257283136907933
114	-10.037473	3.7206256	-3.48124	-19.788822	-8.926521	4.878221	-3.6507874	-16.059195	50.0	50.0	569999	-8.253491	3.073819	12.90881	-26.485065	-8.253376	3.0738673	16.442974	-28.176716	-8.253244	3.0741901	14.479057	-27.747025	8.1003275	2.712976	2993.19051194191	26.256057139028584
115	-10.877076	4.3942814	-2.6575704	-22.825338	-10.5444565	4.0417886	-3.3813014	-17.473042	50.0	50.0	574999	-8.256755	3.0591884	11.483183	-31.917007	-8.256895	3.0591981	11.937399	-28.599722	-8.256856	3.058901	14.849987	-27.199165	8.107486	2.7291865	3019.5198962688446	26.256694766749508
116	-10.167732	3.1791914	-2.5644906	-19.782455	-7.79908	3.0031104	-2.4820156	-12.116098	50.0	50.0	579999	-8.261227	3.053821	12.470518	-25.88284	-8.261329	3.0545652	13.9109535	-28.347113	-8.261341	3.0540812	12.067343	-26.566431	8.098615	2.731529	3045.8566257953644	26.257384723630445
117	-9.805717	4.032639	-2.2734783	-20.809052	-8.562505	5.5764537	-2.1698523	-19.904074	50.0	50.0	584999	-8.270354	3.0498881	36.108036	-28.562523	-8.270362	3.0500064	10.495673	-30.58633	-8.270071	3.049122	11.820568	-29.102139	8.122765	2.7144458	3072.0670833587646	26.25698363679087
118	-10.368048	4.567762	-3.0179093	-21.412891	-8.68989	3.3620994	-4.8993063	-15.502121	50.0	50.0	589999	-8.263213	3.0603235	16.261257	-29.429005	-8.263281	3.060259	17.040697	-31.54416	-8.263172	3.0604997	12.305367	-30.691189	8.097354	2.7449992	3098.5942974090576	26.259273725040888
119	-9.907607	3.6883943	-2.9243083	-20.747185	-9.250727	4.479346	-4.0598474	-17.276693	50.0	50.0	594999	-8.27507	3.0777876	10.997552	-28.419985	-8.275229	3.0764713	10.026613	-31.279066	-8.274926	3.0770063	13.615648	-29.17335	8.112879	2.714234	3124.929464817047	26.259911485078955
120	-10.037525	3.8520253	-3.4465775	-20.260073	-10.2635145	2.538938	-6.126151	-14.671234	50.0	50.0	599999	-8.275603	3.1097288	21.15915	-27.569794	-8.275512	3.110752	18.200115	-28.251888	-8.275379	3.110828	13.74423	-27.744497	8.121699	2.7509246	3151.2179894447327	26.260149929920832
121	-10.280186	3.8252285	-2.3696458	-22.494493	-7.898818	4.095398	-2.2253664	-13.862071	50.0	50.0	604999	-8.263422	3.1096961	14.136892	-28.093613	-8.263504	3.1097028	10.531684	-30.29401	-8.263428	3.110786	21.466045	-27.07952	8.11516	2.7465348	3177.5226354599	26.26051766813294
122	-10.365979	3.7491374	-3.5306456	-19.721058	-9.597185	4.6380796	-3.6870358	-17.434372	50.0	50.0	609999	-8.242151	3.0932615	10.685534	-29.277807	-8.24214	3.0932016	9.090963	-31.768137	-8.242139	3.0937126	10.410688	-28.49705	8.092211	2.736387	3203.9375872612	26.261783517774987
123	-10.195595	3.4825444	-2.9363153	-17.60579	-10.295665	4.7550445	-2.8506572	-17.58877	50.0	50.0	614999	-8.232532	3.084099	23.738346	-26.410522	-8.232879	3.0847216	16.027067	-29.877607	-8.232962	3.084159	12.022162	-27.958696	8.084477	2.7180798	3230.1585853099823	26.261451926657823
124	-10.8162565	3.762116	-2.9220722	-19.70833	-9.327345	4.98317	-3.7715676	-20.184816	50.0	50.0	619999	-8.219766	3.079367	8.94186	-26.90522	-8.220029	3.079934	19.184505	-27.807785	-8.219692	3.0810509	11.901303	-27.644653	8.061433	2.7808535	3256.4526443481445	26.261714891079933
125	-10.713706	4.2529387	-2.7937741	-23.663893	-8.83167	3.292605	-4.559157	-15.115913	50.0	50.0	624999	-8.219778	3.0679595	10.991608	-28.373407	-8.219821	3.0681794	9.804422	-26.843884	-8.219787	3.0682762	10.4720545	-27.283413	8.065264	2.7114327	3282.7548413276672	26.262038745880126
126	-10.338666	3.3434453	-2.7253847	-22.348127	-8.779184	3.9031417	-4.3285685	-17.536495	50.0	50.0	629999	-8.220215	3.073515	22.279003	-26.032303	-8.220224	3.0732586	11.9394	-28.82313	-8.220247	3.0736125	14.05064	-27.247066	8.07266	2.7196152	3309.200403690338	26.26349528062911
127	-9.940532	3.783512	-2.4959958	-17.538729	-11.070429	4.533983	-6.0840077	-18.174366	50.0	50.0	634999	-8.212233	3.0824046	10.613379	-25.735542	-8.212214	3.081254	11.981402	-27.741007	-8.212315	3.0818903	9.880042	-26.037086	8.05786	2.7139735	3335.5700726509094	26.264331297611626
128	-10.643318	3.8128438	-3.0205462	-20.118105	-10.822794	3.935389	-5.345985	-18.473635	50.0	50.0	639999	-8.20109	3.0658643	10.536587	-26.509441	-8.201314	3.0657516	16.448162	-27.276436	-8.201138	3.065805	14.361116	-26.480858	8.052134	2.7530043	3361.945222377777	26.265197064727545
129	-9.798882	3.461571	-2.4714265	-21.076183	-7.996276	2.9195583	-3.5732675	-12.824963	50.0	50.0	644999	-8.227332	3.073497	11.553028	-29.480318	-8.227244	3.07412	6.372297	-29.705143	-8.227366	3.0736763	12.475776	-27.358582	8.0819235	2.710265	3388.4580137729645	26.267116400622584
130	-10.1668215	3.8878198	-2.4586573	-23.865376	-8.953902	3.470658	-1.6928668	-14.986075	50.0	50.0	649999	-8.267726	3.0992894	9.637072	-26.741789	-8.26766	3.099594	11.737405	-28.504742	-8.267756	3.099405	11.866198	-27.961746	8.1220255	2.8244936	3414.910270214081	26.268540554780227
131	-10.035721	3.6244023	-2.4986963	-20.971964	-8.551227	3.7599277	-3.6061466	-15.602793	50.0	50.0	654999	-8.285928	3.0934556	20.82711	-28.072115	-8.285987	3.094089	22.11088	-26.855999	-8.285959	3.0940402	13.436852	-28.861483	8.130992	2.7684839	3441.2535943984985	26.26911142218204
132	-9.825918	3.9881597	-2.4415553	-21.240625	-8.674468	3.8422554	-4.1382294	-15.409794	50.0	50.0	659999	-8.305891	3.0849202	8.125568	-26.425844	-8.305864	3.0833404	6.3712416	-26.501076	-8.3057	3.0844824	12.506093	-26.59762	8.147861	2.783787	3467.461170911789	26.26864525043603
133	-10.334334	4.179092	-2.9581282	-28.541971	-8.43733	4.1164513	-1.8041759	-18.550495	50.0	50.0	664999	-8.326618	3.0797925	10.980501	-28.178318	-8.326616	3.0802116	9.848339	-33.719604	-8.326686	3.0797155	9.405437	-28.122726	8.175864	2.890272	3494.102100133896	26.27144437804258
134	-11.10338	3.924392	-2.9388912	-21.995064	-10.242689	4.298475	-5.06815	-18.765388	50.0	50.0	669999	-8.361211	3.0873485	11.493201	-26.22426	-8.361304	3.0876122	15.975023	-30.979069	-8.361212	3.0877542	12.816414	-27.698627	8.20108	2.868829	3520.430839776993	26.27187195286822
135	-9.843021	3.4658718	-2.7161205	-19.605644	-9.635407	5.401597	-1.6876689	-16.825468	50.0	50.0	674999	-8.380878	3.1002638	10.88834	-28.088318	-8.380869	3.0996876	7.5888023	-27.240316	-8.380999	3.100096	13.13662	-28.846199	8.235294	2.8277054	3546.7719190120697	26.27238460116916
136	-10.169316	3.9063191	-2.5074496	-20.519176	-10.147978	4.6790247	-3.6488242	-17.693378	50.0	50.0	679999	-8.383419	3.0929935	15.60207	-31.18196	-8.38332	3.092941	13.982822	-30.80341	-8.383163	3.0935073	13.982847	-27.88522	8.243764	2.8816066	3572.866218328476	26.271075150545904
137	-11.05454	4.2426925	-3.3231692	-22.181902	-7.776076	3.716765	-1.5270865	-12.918673	50.0	50.0	684999	-8.384318	3.1021676	18.678658	-26.890787	-8.384429	3.1015754	21.872925	-26.317837	-8.384454	3.102259	19.598305	-26.069916	8.24042	2.8726482	3599.244407892227	26.2718570075766
138	-10.901336	3.5675952	-3.3990948	-23.24188	-10.970683	4.0545135	-4.1021523	-19.187704	50.0	50.0	689999	-8.387956	3.0993533	11.918619	-27.53149	-8.387901	3.0988853	11.218231	-27.694407	-8.387871	3.0997033	14.519257	-25.624023	8.236938	2.9188	3625.316602706909	26.270410180091858
139	-10.851977	4.319056	-2.5783312	-21.98806	-8.24662	3.0883918	-3.9323485	-13.06502	50.0	50.0	694999	-8.387674	3.1153073	14.984532	-26.2257	-8.387779	3.1148293	11.62659	-28.139036	-8.387835	3.1149557	8.765841	-27.20955	8.2344675	2.854078	3651.7726769447327	26.27174589273741
140	-10.004545	4.4586196	-2.4417572	-21.77261	-9.746158	5.287399	-2.4741788	-18.579535	50.0	50.0	699999	-8.408222	3.1487782	12.513702	-26.9874	-8.408228	3.1485074	14.923169	-28.681942	-8.408193	3.1486723	16.873238	-27.690235	8.233669	2.8456988	3677.9706852436066	26.271219195638384
141	-10.889718	4.4347067	-3.418057	-22.66029	-11.517099	2.3193398	-7.4132643	-15.062873	50.0	50.0	704999	-8.435932	3.1571302	15.260704	-26.479254	-8.435988	3.1562066	9.5210705	-28.508745	-8.435808	3.1568599	12.596262	-27.719955	8.283697	2.9433038	3704.34028506279	26.271916930557143
142	-11.407963	4.5521765	-2.9513915	-28.142315	-8.558611	3.702234	-3.1682377	-14.826495	50.0	50.0	709999	-8.434968	3.1532722	15.725861	-29.757736	-8.435287	3.1531568	12.831514	-28.434904	-8.435218	3.1524189	21.464928	-28.458012	8.272393	2.8799355	3730.3680458068848	26.27019751911432
143	-10.159499	4.1328087	-3.4153879	-23.880774	-10.540091	2.4741	-5.958528	-13.7439	50.0	50.0	714999	-8.433105	3.1245046	12.070251	-27.609236	-8.433257	3.1250257	10.72187	-28.679707	-8.433315	3.1245492	10.918127	-27.945452	8.251192	2.971216	3756.4674401283264	26.269003091158567
144	-10.034448	4.0972795	-2.7441752	-21.739687	-8.665254	5.1167336	-2.5342934	-18.12522	50.0	50.0	719999	-8.471284	3.0989997	19.06775	-25.896147	-8.471366	3.0987601	11.078896	-27.258821	-8.471308	3.0993989	21.413279	-26.00455	8.301471	3.0370288	3782.74999666214	26.269097213943798
145	-11.544282	5.064831	-2.597325	-34.096474	-8.561766	3.0953171	-3.7561707	-14.11385	50.0	50.0	724999	-8.471173	3.103047	15.880028	-26.345303	-8.470964	3.1038418	7.9097996	-28.550013	-8.471148	3.104106	10.02981	-26.905909	8.323868	2.9002554	3809.1634986400604	26.270093110512043
146	-11.341265	3.9596176	-4.015138	-27.872179	-8.899615	5.022203	-1.7350336	-19.190844	50.0	50.0	729999	-8.464482	3.1050436	10.699808	-29.11523	-8.464536	3.104654	10.292157	-25.652332	-8.464563	3.1050758	11.673155	-27.365414	8.294475	2.962748	3835.5285041332245	26.270743193691725
147	-10.601219	4.060696	-2.556415	-21.753832	-11.855436	2.7825656	-8.331461	-18.104593	50.0	50.0	734999	-8.507422	3.1011567	20.07072	-27.653727	-8.507451	3.100903	8.196688	-27.809168	-8.50745	3.1015203	10.62784	-29.38115	8.342708	3.0000904	3861.862277507782	26.271171970432306
148	-9.769433	3.4075592	-2.7758317	-18.724115	-10.604045	2.4211957	-6.4175596	-14.409812	50.0	50.0	739999	-8.516708	3.1166263	13.903633	-27.810087	-8.51691	3.116732	17.719759	-27.214325	-8.517063	3.1167333	10.756435	-26.578112	8.356787	2.96565	3888.338616132736	26.27255823161151
149	-10.41073	4.3458166	-2.976858	-23.654646	-8.29187	4.896847	-2.2754304	-19.069405	50.0	50.0	744999	-8.49884	3.1232982	6.8424063	-28.80249	-8.498614	3.1247363	10.326876	-28.006016	-8.498492	3.1240337	13.78179	-29.15681	8.338112	2.9112184	3914.624234199524	26.272645883112144
150	-10.365292	4.1496425	-3.0519185	-20.505182	-9.579382	3.706539	-4.613002	-15.23492	50.0	50.0	749999	-8.491713	3.1361089	17.027758	-26.864574	-8.491793	3.1356556	10.249327	-26.234295	-8.491815	3.1356397	12.902832	-27.369656	8.349468	2.9087622	3940.9693553447723	26.27312904993693
151	-10.938115	4.0667653	-3.6322148	-22.043442	-11.1390915	2.244395	-7.715861	-15.881578	50.0	50.0	754999	-8.473036	3.1214378	8.366396	-27.703709	-8.47307	3.1204236	10.120555	-26.335121	-8.472802	3.122401	16.531345	-26.487062	8.29441	2.8948684	3967.063554048538	26.27194407917806
152	-10.506689	3.6486607	-2.2455418	-21.356361	-9.688852	3.5815861	-5.369643	-15.900366	50.0	50.0	759999	-8.470478	3.1091797	12.398611	-26.994862	-8.470468	3.108501	8.145908	-29.518766	-8.470483	3.109244	13.392427	-27.570166	8.295624	2.9774144	3993.5555987358093	26.273392112631548
153	-11.111306	3.9866838	-3.3548143	-20.984354	-7.875608	3.6500814	-0.79898995	-12.044878	50.0	50.0	764999	-8.457502	3.104022	14.831838	-27.349209	-8.457554	3.1040199	10.115004	-30.307756	-8.457616	3.1037261	13.603395	-28.616875	8.300169	2.9215798	4019.85719871521	26.27357647621554
154	-10.833657	3.5769308	-2.9501615	-20.980288	-10.395104	4.94926	-3.6817052	-22.620401	50.0	50.0	769999	-8.464078	3.1035066	13.0434	-26.571121	-8.464038	3.1029902	8.223623	-26.954239	-8.464108	3.1032424	13.546272	-26.98087	8.316627	2.9369066	4045.536514043808	26.269717637594646
155	-10.522004	3.830414	-2.4280882	-20.372974	-9.637563	5.8332763	-1.1362414	-19.598124	50.0	50.0	774999	-8.445014	3.1013758	8.676073	-28.369354	-8.445221	3.1016629	14.899859	-26.429064	-8.445095	3.1018174	12.212572	-27.096292	8.288861	2.9214025	4072.218669652939	26.272378527733586
156	-10.431533	4.057312	-3.056419	-20.636873	-6.8043785	1.8437835	-3.7286296	-9.700213	50.0	50.0	779999	-8.466999	3.1049106	12.275679	-27.1576	-8.467029	3.1040382	10.937578	-28.520386	-8.467072	3.104995	16.868153	-26.212467	8.309174	2.958063	4098.466397762299	26.27222051223119
157	-10.660658	3.6658497	-2.5793672	-18.711168	-8.9782095	2.4030645	-3.7941988	-11.684805	50.0	50.0	784999	-8.461864	3.1165495	16.129267	-29.408888	-8.46204	3.1162412	10.400483	-28.035173	-8.461659	3.1163213	22.097095	-27.439873	8.318219	2.9266298	4124.871146917343	26.27306464219549
158	-10.308315	3.8319838	-3.1765914	-19.453232	-9.465361	5.6144614	-1.8695815	-18.67371	50.0	50.0	789999	-8.440423	3.1235435	18.77335	-29.340553	-8.440345	3.1236143	10.323309	-28.643812	-8.440686	3.1231167	15.677599	-28.860321	8.29282	2.8645844	4151.177703380585	26.273276615746415
159	-10.531608	3.7887592	-3.39688	-22.12022	-7.3305397	2.9247456	-3.3870838	-11.828439	50.0	50.0	794999	-8.410947	3.0937567	9.741412	-28.748413	-8.41129	3.094407	10.736105	-26.946037	-8.411436	3.0931776	13.351581	-26.637213	8.270832	2.8699992	4177.336275577545	26.27255520430751
160	-10.114638	4.018445	-2.857198	-21.560143	-11.499231	3.2913892	-5.017785	-16.855486	50.0	50.0	799999	-8.379565	3.0803187	18.305803	-29.622984	-8.379544	3.0790484	12.961994	-28.98388	-8.3797865	3.0793276	22.737762	-28.36236	8.242791	2.8948023	4203.629779100418	26.272686132788657
161	-10.709922	3.782594	-3.039347	-22.174078	-8.781415	4.1539454	-0.7964898	-13.839353	50.0	50.0	804999	-8.356241	3.0701442	7.9071426	-26.81343	-8.356285	3.0701168	14.1289215	-26.734203	-8.35628	3.070283	18.091373	-27.102684	8.226824	2.797322	4229.746409654617	26.27171684348065
162	-10.338405	4.0584593	-2.6504154	-21.924255	-9.472454	4.5161815	-3.4856899	-14.768991	50.0	50.0	809999	-8.350708	3.085335	20.160461	-28.872076	-8.350798	3.085338	10.527835	-28.569958	-8.351008	3.085964	30.659798	-28.689184	8.198021	2.8096206	4256.264947891235	26.273240432327178
163	-10.884132	4.3173404	-2.6627436	-21.877312	-10.581018	4.881456	-3.007481	-20.083422	50.0	50.0	814999	-8.365543	3.0801	17.771461	-27.967926	-8.365791	3.0796633	5.9403467	-29.606373	-8.365665	3.0798662	9.464392	-28.118242	8.236827	2.8350368	4282.269258737564	26.27159055610376
164	-9.669276	3.5080507	-2.4211721	-18.298336	-8.512586	4.234277	-3.2969909	-16.831104	50.0	50.0	819999	-8.373904	3.0860777	9.344534	-26.321991	-8.37408	3.085988	9.645885	-27.303856	-8.373976	3.0860176	14.009979	-27.858377	8.233793	2.8471537	4308.6033935546875	26.271971923549
165	-9.94817	3.3888488	-2.8491242	-19.29981	-8.7413435	3.8010466	-2.5239754	-14.348125	50.0	50.0	824999	-8.376521	3.0874455	12.472082	-29.375221	-8.376589	3.088379	14.178492	-30.540756	-8.376606	3.0870702	15.204527	-28.30428	8.243357	2.8442476	4335.065995454788	26.27312725529526
166	-10.221162	3.9748607	-2.50687	-20.700478	-7.0594697	3.793308	-2.4757373	-15.128723	50.0	50.0	829999	-8.3562	3.086998	9.000766	-26.38842	-8.35605	3.087065	11.636073	-26.814758	-8.355845	3.0876837	12.992825	-26.627544	8.224022	2.8674016	4361.235842466354	26.272505089461085
167	-10.166492	3.5425148	-2.9657931	-19.79237	-9.282229	2.7152295	-5.7234325	-15.489686	50.0	50.0	834999	-8.334564	3.0824056	12.450657	-26.536808	-8.33484	3.0822277	27.389332	-26.035652	-8.33474	3.0834575	15.818225	-26.996872	8.181674	2.838243	4387.647475004196	26.273338186526725
168	-9.849495	3.1909873	-2.6233459	-20.186789	-9.599131	3.1898658	-3.0635211	-14.033599	50.0	50.0	839999	-8.314632	3.078937	11.929087	-28.474884	-8.314461	3.0783782	8.994318	-29.731419	-8.314743	3.078493	12.636488	-27.766174	8.172241	2.7890801	4413.9214951992035	26.273342246101016
169	-9.980232	3.7024007	-2.9123442	-18.245085	-9.083918	2.484498	-5.3269033	-11.951333	50.0	50.0	844999	-8.30621	3.0733032	15.434086	-28.229774	-8.30656	3.0724885	6.3483105	-30.28652	-8.306396	3.0721893	9.560461	-28.307009	8.165394	2.8070822	4440.125438451767	26.27293159975808
170	-10.040102	3.9438894	-2.4435015	-24.74031	-8.708888	3.847136	-3.1040206	-16.8787	50.0	50.0	849999	-8.292766	3.0655038	12.247437	-28.045294	-8.292921	3.065359	27.467262	-29.593882	-8.29279	3.0647645	13.719828	-29.14961	8.176105	2.7739758	4466.409400463104	26.272996484532076
171	-9.244816	3.5808058	-2.6877377	-21.11232	-7.6206856	2.9654977	-3.3701916	-12.587571	50.0	50.0	854999	-8.289184	3.0632505	12.794837	-29.087069	-8.289605	3.063082	15.637773	-29.633865	-8.289581	3.0627022	13.789491	-26.539871	8.163699	2.7882702	4492.501365184784	26.271937817857978
172	-10.742562	3.8356268	-3.6137512	-20.555836	-7.6809845	4.3642755	-2.7167888	-17.554724	50.0	50.0	859999	-8.267035	3.0668309	20.34621	-28.879742	-8.266772	3.0667527	10.786848	-28.197521	-8.266841	3.0670595	21.139442	-28.413195	8.12586	2.7919624	4519.018130540848	26.273361236550087
173	-9.843635	3.3236017	-3.223984	-19.296396	-8.163006	5.4292517	-1.2993997	-19.134352	50.0	50.0	864999	-8.240905	3.0365722	10.179472	-27.596151	-8.241077	3.035767	12.645914	-26.529083	-8.240919	3.0361617	11.709989	-26.665134	8.093851	2.796853	4545.544833898544	26.27482564187463
174	-9.504773	3.1660032	-3.78025	-21.469563	-10.759181	5.1109495	-3.0746796	-17.458649	50.0	50.0	869999	-8.245321	3.0366879	18.514826	-26.193317	-8.245398	3.036296	12.54093	-28.200777	-8.245432	3.035659	9.342882	-27.12224	8.108391	2.7889383	4572.080955982208	26.27632734556308
175	-9.564703	3.782223	-3.1252508	-21.020315	-8.970682	4.8714952	-4.059922	-17.847242	50.0	50.0	874999	-8.23472	3.048897	17.872822	-27.738054	-8.234947	3.0493705	11.438291	-34.979958	-8.234988	3.048531	8.381257	-26.94004	8.098815	2.845922	4598.4305374622345	26.276745950153895
176	-10.272867	3.8784232	-2.638784	-21.658989	-8.240051	3.3076174	-4.2389793	-13.736273	50.0	50.0	879999	-8.236733	3.0578437	18.30424	-28.212242	-8.236707	3.0583794	16.36544	-28.605515	-8.236824	3.0585246	11.117368	-27.496052	8.101959	2.7747355	4624.943057775497	26.278085567734458
177	-10.182874	3.6803455	-2.933088	-21.575655	-9.4519825	2.1814647	-6.035297	-12.635941	50.0	50.0	884999	-8.257522	3.0781941	16.448956	-30.019829	-8.25768	3.078793	25.61242	-31.026754	-8.257752	3.0773373	8.373456	-29.945827	8.109412	2.7829938	4651.190620422363	26.277913120506845
178	-10.509605	4.0531397	-3.0245948	-19.80553	-8.239131	3.828967	-0.7940949	-13.047116	50.0	50.0	889999	-8.273435	3.0953257	12.321724	-31.821291	-8.273385	3.0952518	12.301838	-31.040632	-8.273666	3.0943725	11.8819275	-30.419872	8.127058	2.7801912	4677.645831346512	26.278909176922916
179	-10.692772	3.8716054	-4.154693	-21.283176	-7.141835	3.9055116	-2.0653362	-13.445321	50.0	50.0	894999	-8.279505	3.1292334	15.588055	-30.144455	-8.279468	3.129156	11.430691	-30.0528	-8.279733	3.1283104	12.712198	-29.639174	8.137092	2.8339698	4704.041471481323	26.27956130384733
180	-9.215845	3.515314	-3.0516574	-19.967905	-8.7150345	3.9476972	-5.035816	-18.859821	50.0	50.0	899999	-8.295091	3.133319	14.614991	-30.240955	-8.295273	3.1329343	11.77803	-29.57824	-8.295482	3.1331058	9.4840145	-30.654415	8.15512	2.8689482	4730.4977259635925	26.28054293261634
181	-9.988845	4.344057	-2.1823452	-20.341084	-9.523543	2.584447	-6.523409	-16.084358	50.0	50.0	904999	-8.305095	3.1253316	8.705061	-27.949713	-8.305094	3.126454	11.942927	-30.146805	-8.305259	3.1256716	20.764748	-29.107958	8.1590395	2.8119357	4756.826936006546	26.280811811678976
182	-10.161495	4.1894636	-2.4965537	-21.986225	-8.743445	4.0095963	-2.2435632	-16.029034	50.0	50.0	909999	-8.297826	3.0932567	14.703182	-28.783339	-8.297926	3.0945382	17.624043	-27.902578	-8.297947	3.093666	12.149111	-27.333832	8.161676	2.8909645	4783.248815059662	26.28158690903213
183	-10.295596	4.347295	-2.755652	-22.681265	-10.82559	4.524935	-5.379966	-19.252548	50.0	50.0	914999	-8.301584	3.094971	15.252163	-28.560286	-8.301215	3.095878	33.90992	-28.730867	-8.301395	3.0945685	8.990435	-29.685816	8.17189	2.8735929	4809.472503185272	26.281270519631807
184	-10.209497	3.8689156	-3.0771258	-19.94704	-9.738462	2.6425924	-5.451888	-15.086601	50.0	50.0	919999	-8.303207	3.0932074	24.227432	-33.335457	-8.303268	3.0926054	12.948402	-30.512674	-8.303475	3.092347	10.834345	-29.874977	8.162589	2.8199544	4836.095740556717	26.283129036426544
185	-10.477262	3.619447	-2.6233675	-20.560919	-8.539685	3.8892033	-1.0182135	-15.402638	50.0	50.0	924999	-8.2871	3.0854547	16.600336	-28.89768	-8.287034	3.08612	13.299976	-29.418123	-8.286987	3.0860302	16.795164	-29.87254	8.148206	2.8899717	4862.552856683731	26.284069507186476
186	-10.406363	3.9488132	-3.862037	-20.891758	-9.052401	4.5467067	-2.7924986	-17.19955	50.0	50.0	929999	-8.283516	3.0887935	11.094255	-27.276024	-8.283549	3.088885	11.753248	-29.804808	-8.283538	3.0887434	13.572876	-29.164812	8.143288	2.8353815	4888.910590171814	26.284465547530882
187	-11.076653	4.247509	-3.2507493	-20.293747	-7.381532	4.3779616	-1.6918232	-15.877176	50.0	50.0	934999	-8.262628	3.083081	9.047582	-27.30562	-8.262443	3.0832832	11.861466	-28.473146	-8.262614	3.0823944	8.010704	-29.12905	8.130443	2.820999	4915.346182107925	26.28527371003666
188	-10.0337515	3.516031	-3.31823	-19.406404	-9.552211	3.4966824	-1.90637	-15.666679	50.0	50.0	939999	-8.241606	3.074093	12.833832	-26.512638	-8.241669	3.0741715	13.730379	-25.998075	-8.241478	3.0734694	10.476751	-26.134457	8.10911	2.7654102	4941.5790321826935	26.28499486344926
189	-10.535631	3.7124119	-2.6190796	-21.16865	-9.52333	4.379267	-4.754966	-18.446941	50.0	50.0	944999	-8.229396	3.0802708	22.462427	-26.685415	-8.229496	3.0800087	13.905588	-28.956835	-8.229724	3.0790098	12.505138	-27.786934	8.085246	2.7976348	4968.333379507065	26.287478209803343
190	-10.781119	3.4912224	-4.3006754	-18.68762	-8.618548	3.6157572	-4.489419	-15.207031	50.0	50.0	949999	-8.225023	3.0684001	14.5620575	-26.832962	-8.225076	3.0678596	11.144659	-27.065723	-8.225183	3.0673866	15.519633	-25.1344	8.081465	2.7821298	4994.775050640106	26.288289751504596
191	-11.012895	3.6379938	-2.2317863	-19.176287	-8.020437	2.3530283	-4.9552965	-12.246106	50.0	50.0	954999	-8.199044	3.0574055	17.068525	-29.941317	-8.198966	3.057752	14.536997	-29.48767	-8.198991	3.0573518	16.015968	-29.942396	8.056119	2.7984169	5021.225288391113	26.289137644293422
192	-10.860232	4.516852	-2.5110748	-20.872662	-9.654673	4.204085	-3.5620046	-18.620914	50.0	50.0	959999	-8.182567	3.0452292	9.218113	-27.557095	-8.182432	3.0455194	11.4507265	-30.306524	-8.18264	3.0454116	12.256855	-29.08586	8.0310335	2.730089	5047.511795282364	26.289123944938183
193	-11.065166	4.5683584	-2.9656706	-22.76269	-7.744216	2.7472749	-2.0972335	-10.834998	50.0	50.0	964999	-8.162371	3.0401757	10.256479	-28.490225	-8.1625185	3.0404582	12.175243	-28.311604	-8.1625395	3.040012	13.921991	-28.121046	8.0197315	2.7618587	5073.758469581604	26.288903997352087
194	-10.059185	3.5680614	-2.7998686	-18.93184	-6.605092	2.4774249	-3.5674284	-12.120263	50.0	50.0	969999	-8.150751	3.042579	20.423779	-26.946497	-8.150258	3.042336	22.068	-27.717522	-8.150389	3.0425794	20.110678	-26.244804	8.01657	2.721932	5099.854076385498	26.28790762006622
195	-10.5060425	3.4156349	-4.0807137	-19.812881	-5.950596	3.7298703	-1.3589768	-11.857851	50.0	50.0	974999	-8.140941	3.02374	11.120087	-29.49522	-8.140956	3.024363	10.893362	-28.217434	-8.140978	3.0249481	25.933193	-27.933956	8.0084505	2.7118523	5126.11137509346	26.287750659844814
196	-9.983005	3.5017974	-3.2415874	-20.040659	-9.876502	3.1006074	-5.3680573	-17.242832	50.0	50.0	979999	-8.147231	3.020261	15.653769	-28.519653	-8.147347	3.0200636	13.949255	-27.306307	-8.147358	3.0199444	11.646837	-27.605816	8.023751	2.7190423	5152.32843208313	26.287389969339177
197	-10.163899	3.9254358	-3.7001905	-20.173399	-6.9911475	3.7892992	-0.8074461	-11.744097	50.0	50.0	984999	-8.181409	3.0352838	14.860587	-27.663738	-8.181537	3.035218	15.687735	-29.249289	-8.181502	3.0351279	14.702208	-28.355576	8.047929	2.7511253	5178.517494916916	26.286890846823677
198	-9.452073	3.2644012	-3.0113468	-20.65673	-7.766191	4.328672	-2.6150227	-18.236197	50.0	50.0	989999	-8.216531	3.0525095	17.28936	-27.409805	-8.216355	3.053606	12.796784	-26.764336	-8.216559	3.0522165	13.207823	-27.520535	8.095198	2.7575953	5204.795092582703	26.286843911565917
199	-9.387333	3.5233622	-3.2427676	-20.70166	-8.148183	2.4627018	-3.1361997	-12.388269	50.0	50.0	994999	-8.245278	3.0782664	15.838304	-28.237911	-8.245194	3.0788758	17.069147	-27.214306	-8.245176	3.0790153	17.011326	-27.973503	8.112055	2.7905707	5231.032150506973	26.28659372952715
200	-9.7977	3.5958729	-2.9511158	-19.527027	-6.0556874	2.5309212	-2.167118	-10.05535	50.0	50.0	999999	-8.238745	3.089967	6.766881	-26.867714	-8.238546	3.091265	30.215546	-27.901459	-8.238944	3.0897217	12.171869	-26.720957	8.102063	2.7731237	5257.280433416367	26.286402176618576
