Epoch	AverageEpRet	StdEpRet	MaxEpRet	MinEpRet	AverageTestEpRet	StdTestEpRet	MaxTestEpRet	MinTestEpRet	EpLen	TestEpLen	Time Steps	AverageQ1Vals	StdQ1Vals	MaxQ1Vals	MinQ1Vals	AverageQ2Vals	StdQ2Vals	MaxQ2Vals	MinQ2Vals	AverageLogPi	StdLogPi	MaxLogPi	MinLogPi	LossPi	LossQ	LossQReg	Time	AVG Time Per Epoch
1	2.0742497	6.04484	39.531998	-9.624226	102.71084	10.363845	120.75507	87.76238	20.096775	216.9	4999	5.549283	4.904899	23.729849	-5.3143244	5.5491605	4.9051123	23.954746	-5.150364	-0.65580803	2.7234592	14.621153	-11.964983	-7.4854455	1.1533259	0.63873243	36.473159074783325	36.47316098213196
2	2.5281594	5.570587	32.485012	-8.195474	293.33612	22.302277	344.0307	265.7448	20.79668	171.7	9999	23.810057	11.500418	58.06031	-18.509682	23.810122	11.503607	58.224598	-23.739872	2.210337	3.6941912	30.11061	-13.121154	-28.182198	9.5051155	5.386461	82.11309289932251	41.05654764175415
3	220.2595	183.48315	835.4532	10.76427	609.2057	254.55637	947.7345	290.72366	223.13637	644.5	14999	44.553204	14.238136	87.669685	-21.214054	44.550644	14.277369	91.53186	-19.403091	0.6957692	4.4968805	37.56046	-12.116795	-48.479656	32.973537	18.61117	129.55166387557983	43.18388867378235
4	253.05984	123.85684	493.62677	36.235443	331.2143	18.582117	365.51227	310.47745	231.42857	211.5	19999	52.38509	15.456111	121.61754	-23.4085	52.38139	15.498879	117.50946	-28.316889	-0.10113541	3.9163494	31.938557	-13.063176	-54.849186	32.80639	19.23896	175.26397347450256	43.81599402427673
5	272.03906	85.81356	517.8724	107.5559	235.64644	12.172456	252.71568	216.91428	175.68965	128.5	24999	58.62278	18.642733	131.22203	-38.973907	58.621635	18.668436	133.36783	-37.862087	0.09860518	3.9528856	34.89176	-14.290517	-60.924976	38.736088	22.663862	220.21496057510376	44.0429925441742
6	207.06316	68.42987	368.28226	54.67735	172.55634	14.425847	201.56462	157.73988	126.375	99.2	29999	66.500145	20.885098	139.1777	-49.38988	66.498375	20.91702	138.89674	-37.37571	0.1054346	3.831996	34.2256	-14.618341	-68.58405	45.863132	26.799244	263.9962351322174	43.9993728796641
7	286.12088	100.20604	477.78314	18.272343	424.64517	185.65836	615.71234	81.47988	171.75862	218.4	34999	71.99412	22.795818	144.42043	-66.31113	71.994736	22.81478	144.8114	-100.63227	0.3466637	3.945662	33.681118	-13.046421	-73.9555	46.299236	27.145838	309.93044447898865	44.275778089250835
8	335.5193	112.04001	516.7356	29.828074	364.8465	38.53377	460.67722	312.32248	176.28572	157.4	39999	77.47555	24.594961	147.78732	-56.078796	77.47542	24.615168	147.57516	-99.72974	0.7668328	4.025581	36.960842	-12.842426	-79.58637	52.30795	30.762657	354.0762138366699	44.259527027606964
9	344.52908	92.34056	510.80475	169.70543	422.4853	24.429415	464.29376	379.16705	176.55556	178.6	44999	82.01936	26.384377	155.34125	-46.54265	82.018005	26.40367	160.41551	-53.307335	0.5208708	3.9816837	42.03949	-15.0661335	-83.812485	51.626266	30.713415	398.2989242076874	44.25543626149496
10	434.92783	123.1128	731.8423	266.5078	373.8439	44.467392	441.55093	319.45117	221.83333	176.3	49999	86.95525	28.47592	161.78366	-67.77992	86.954384	28.477222	162.9712	-48.331917	0.7479487	3.9486523	39.310154	-13.054671	-88.8017	55.415176	33.030087	443.70824217796326	44.37082448005676
11	447.68265	179.23933	865.7647	117.477715	199.94366	89.9607	426.10815	141.995	200.6	102.2	54999	92.71823	30.251219	193.43546	-52.588226	92.71791	30.253649	204.63147	-48.551235	0.71751845	3.8949692	40.355057	-13.514364	-94.51016	59.113155	35.19701	488.2494173049927	44.38631088083441
12	314.03497	204.7784	848.37445	3.6694365	604.49866	88.94448	711.68494	444.3896	158.48387	281.5	59999	96.4912	31.444635	179.95084	-69.72282	96.49062	31.455435	187.12651	-49.078114	0.649832	3.8329732	44.98279	-12.968946	-98.081184	69.95365	41.345264	536.3476839065552	44.695640524228416
13	581.08997	165.0001	884.6363	268.69138	450.27313	149.67682	781.9594	285.01294	265.0	177.5	64999	100.051895	32.56919	167.44167	-46.049408	100.052574	32.578205	167.30592	-59.479725	0.8199621	3.793911	41.90107	-12.330914	-101.70734	64.886856	38.5907	583.6590778827667	44.89685232822712
14	454.92505	144.47205	799.4954	250.48958	868.5123	457.91003	1975.0914	453.5834	212.58333	430.1	69999	103.42376	33.68111	172.8182	-59.121235	103.42308	33.688633	172.64276	-69.74487	0.7254527	3.7631552	50.332954	-14.165018	-104.92805	63.6183	37.968853	633.9469802379608	45.28192731312343
15	527.32556	282.31958	1142.2731	86.49506	778.9308	108.49987	960.7315	566.2408	252.4	296.1	74999	106.78223	34.69702	193.82841	-61.354317	106.7829	34.70383	199.33325	-54.129852	0.6666159	3.745179	51.546387	-12.2737055	-108.21973	69.046616	40.927933	683.5537536144257	45.57025039990743
16	493.71774	195.21379	947.7354	190.86751	631.5592	161.59033	885.7619	268.14474	221.73914	285.1	79999	109.30416	35.916176	200.4916	-61.721535	109.304276	35.928616	206.10031	-56.258175	0.74985486	3.7272303	46.367893	-12.383612	-110.647865	80.778465	47.721973	731.4732797145844	45.717080131173134
17	660.1364	354.49048	1551.3567	137.85083	337.23468	107.13641	533.41907	161.0582	328.86667	140.5	84999	111.679306	36.677193	192.02002	-52.70394	111.67963	36.69588	195.48865	-56.30734	0.8064908	3.6950672	62.2229	-11.987395	-112.8976	96.31266	57.031445	775.464376449585	45.615551710128784
18	613.65045	221.58484	1125.6267	347.53497	439.2394	105.86779	699.5308	306.2804	262.3684	197.3	89999	113.493324	37.56651	193.06183	-56.536427	113.4937	37.5827	201.29114	-60.816795	0.8265214	3.591003	50.663094	-13.377899	-114.71456	90.25921	53.7155	823.5238583087921	45.75132562054528
19	656.5113	360.73422	1727.9999	249.40433	567.6024	201.2706	893.05994	95.11851	271.6316	413.3	94999	115.367165	38.400253	200.46123	-67.50037	115.36785	38.417114	204.26834	-116.61765	0.8512541	3.5298095	47.041	-12.972902	-116.36075	87.35548	52.171196	873.1228311061859	45.9538333666952
20	610.5254	211.2128	1003.0609	195.82703	673.0439	425.35565	1546.1108	365.77585	259.42105	271.2	99999	116.25847	38.966312	198.20758	-60.151875	116.259926	38.967575	200.65886	-74.62087	0.90476733	3.5468066	47.92981	-12.863663	-117.359276	92.93893	55.556667	920.9490339756012	46.04745182991028
21	789.16516	287.4298	1426.5106	241.65039	503.7914	566.2527	1689.4315	-35.305004	305.9375	448.3	104999	117.93495	39.40357	207.25519	-59.902298	117.93624	39.392662	214.04616	-95.5691	1.0160052	3.545641	55.157196	-13.895269	-118.98312	98.162445	57.911007	967.5851910114288	46.07548541114444
22	1242.5447	632.7013	2199.7327	202.1584	246.05814	424.55432	1341.3572	-25.31735	625.375	252.6	109999	120.50079	39.54133	214.27112	-59.094017	120.50146	39.527668	215.78616	-107.88251	1.1145962	3.5325713	44.614365	-13.826262	-121.522484	91.268234	54.680283	1012.768853187561	46.03494798053395
23	1097.9275	436.46722	1942.1945	496.90176	861.7744	208.01476	1351.1929	574.7054	525.6667	486.1	114999	122.328735	39.50186	222.41483	-69.144806	122.32837	39.483627	227.4164	-63.59644	0.9709668	3.551116	55.94803	-14.003689	-123.19765	87.177734	52.51859	1060.662371635437	46.11575539215751
24	1153.7434	543.5649	2285.2708	326.66547	1047.4182	948.46436	2655.1858	30.641249	504.4	462.9	119999	123.84692	39.23995	222.69304	-65.611435	123.84677	39.24669	227.37706	-138.86472	0.9343706	3.5162776	52.507732	-13.842124	-124.71009	89.88726	53.92162	1107.4303376674652	46.142930855353676
25	1063.8142	623.13574	2674.6301	487.08258	1341.3746	710.5949	2656.713	420.27515	411.3846	521.1	124999	124.826355	39.732975	228.06578	-66.59598	124.82432	39.745453	228.27344	-116.92224	0.9782816	3.5168948	53.183624	-13.051081	-125.53051	90.608086	54.611614	1153.914930820465	46.15659731864929
26	872.19006	363.06522	1760.0717	407.65265	930.7809	596.8462	2435.0728	525.7541	319.8	344.0	129999	125.92853	39.586197	228.6085	-105.11733	125.9267	39.590733	230.81682	-72.70102	0.9751839	3.5516713	72.3119	-13.72967	-126.57355	93.23192	56.144855	1198.9695734977722	46.11421446616833
27	1225.3368	813.39734	2999.2222	102.410126	1046.1211	642.04114	2647.3525	533.5039	433.58334	369.0	134999	126.65594	40.193317	235.86511	-110.2791	126.65501	40.200775	236.02629	-96.629524	1.0734463	3.55874	90.85193	-13.618168	-127.27955	92.77316	56.037025	1245.6576673984528	46.13546926886947
28	1157.2369	595.4011	1949.5139	92.52608	1503.5828	775.543	3089.0698	661.3087	444.9091	488.2	139999	128.0985	40.62066	240.49382	-81.6025	128.0961	40.62668	236.40932	-96.95534	1.1512343	3.5605414	49.549805	-15.347626	-128.65771	97.08308	58.819763	1292.8641729354858	46.17372055564608
29	1985.903	799.261	2844.124	633.0091	1836.0862	782.1548	2939.9314	346.61447	742.8571	661.1	144999	129.2904	41.14755	245.28091	-82.064674	129.28961	41.1425	242.54646	-80.145615	1.1560183	3.5461404	51.04163	-13.465318	-129.86107	99.97717	60.729664	1340.8130836486816	46.23493403401868
30	2183.343	699.4515	2880.8115	862.09045	1583.2167	732.37634	2643.1174	524.60333	744.0	552.3	149999	130.88908	41.425835	234.69708	-97.675285	130.88799	41.41217	245.20341	-89.18179	1.1193972	3.5395374	77.59546	-13.394142	-131.34496	105.99794	64.08549	1388.0493848323822	46.26831291516622
31	1165.8583	748.04767	2589.5322	413.247	1558.454	848.29346	3390.994	586.6738	442.0	490.2	154999	132.58655	41.305534	237.16711	-74.257256	132.58575	41.273148	235.24344	-70.42685	1.1991066	3.5409718	51.643887	-11.934994	-133.01642	111.65617	67.777565	1436.3607881069183	46.334219063481974
32	1610.9584	881.09424	2965.3303	274.88422	1697.3889	721.9976	3347.2026	1019.82684	542.25	464.4	159999	134.49362	41.427708	241.33315	-84.06616	134.49388	41.39442	240.75638	-73.72553	1.178293	3.4850786	51.475956	-13.939669	-135.03662	114.662224	69.8885	1483.6553928852081	46.36423111706972
33	1955.9727	903.37964	3379.3137	338.7206	2501.8433	916.8507	3497.2734	1147.4355	619.0	726.1	164999	136.38242	42.071285	253.75282	-77.3234	136.38248	42.039474	254.56221	-90.691956	1.3136189	3.5192888	70.37866	-13.384437	-136.75575	115.67125	70.45635	1530.8985574245453	46.39086547042384
34	1512.3047	1133.3169	3410.4724	386.49185	2679.7427	874.5643	3440.158	1100.0223	520.4545	837.6	169999	138.56429	43.053814	246.39664	-119.23926	138.56152	43.03538	250.98085	-94.896545	1.236014	3.5311863	63.642822	-12.868014	-139.04936	117.72001	71.397675	1577.756607055664	46.4046061670079
35	2084.8638	996.6399	3298.415	563.1923	3009.5522	467.94763	3397.572	1861.0747	645.5	933.9	174999	141.45618	43.82947	253.31828	-68.22152	141.45547	43.809692	256.3138	-74.09764	1.2510113	3.5538077	50.72355	-15.803053	-141.9135	119.3849	72.62458	1625.0754313468933	46.43072667803083
36	2727.8423	417.15195	3212.3281	2013.4865	1893.6028	979.9781	3257.0623	598.23285	862.0	606.3	179999	144.4092	44.72777	262.02542	-98.794334	144.40689	44.712673	269.62524	-89.26909	1.2573888	3.6278152	55.989815	-13.163471	-144.72414	119.68216	72.91809	1671.2575721740723	46.423821522129906
37	2231.1	1079.8705	3722.368	699.3468	2798.016	609.2926	3557.4275	1745.9575	691.25	820.1	184999	147.31996	45.02948	282.5765	-118.75064	147.31787	45.0225	276.5097	-91.9985	1.3252249	3.631574	53.42141	-14.15389	-147.77525	121.15394	74.049904	1718.1572608947754	46.43668279776702
38	1613.7451	1344.8591	3461.772	80.06246	3228.0242	798.02386	3802.3489	962.8177	557.8889	907.7	189999	149.57063	45.78353	285.5221	-82.963066	149.56882	45.764137	288.081	-82.84141	1.3370795	3.6078775	57.785645	-13.516475	-149.9665	126.91242	77.61985	1765.486792087555	46.46017881443626
39	1785.6943	1212.5648	3626.9243	80.60157	2778.27	1074.2836	3668.7515	645.25446	568.125	792.6	194999	151.26239	46.801205	302.39413	-93.39385	151.25978	46.78071	302.02313	-119.66724	1.3626819	3.5663455	56.395576	-13.355909	-151.43939	131.9227	80.739746	1812.309948682785	46.46948592479412
40	2805.4702	938.90845	3634.4326	1215.121	3116.1016	763.4908	3612.1628	861.92035	804.1429	934.1	199999	153.22487	47.979126	278.4369	-106.934784	153.22107	47.971756	281.28955	-89.37605	1.426358	3.5214784	54.93118	-12.213393	-153.50342	132.96353	81.45187	1859.7681424617767	46.49420362710953
41	2451.6868	977.17194	3562.5115	1134.5128	1781.1709	1460.1927	3595.9	261.07785	714.1667	542.5	204999	155.51059	49.07753	290.7874	-102.18068	155.50821	49.07132	278.5224	-97.90619	1.5482012	3.5341103	50.711235	-18.738016	-155.79366	135.41217	82.77981	1905.4035589694977	46.47325759980737
42	3432.911	261.25238	3674.9854	2982.2024	2707.1792	691.4175	3957.4333	1497.652	1000.0	796.1	209999	158.04128	50.191647	271.03113	-72.590515	158.03935	50.19349	281.73264	-97.30079	1.5511879	3.4929545	56.03084	-14.490318	-158.3554	141.7777	86.25294	1953.734518289566	46.51748858747028
43	2399.2114	1380.3739	3707.3782	46.723824	2842.0088	971.9692	3854.1675	1124.5917	711.2857	810.8	214999	160.83792	51.246902	273.757	-100.093094	160.8331	51.23237	280.02548	-82.60834	1.5305468	3.4031887	46.685005	-12.2636385	-161.12497	139.10173	85.448265	2001.2182116508484	46.53995847147564
44	2952.8948	1307.9626	3796.2542	125.4486	1377.0486	711.3689	2922.887	645.11707	801.8333	435.5	219999	163.977	52.589375	278.2721	-80.7384	163.97435	52.57099	279.44894	-77.31756	1.6223447	3.46646	51.14235	-13.464407	-164.38263	142.35837	87.59015	2046.7746365070343	46.51760544018312
45	3150.3975	916.367	3629.5889	1105.7148	590.54083	1000.923	3238.0532	75.37425	905.5	233.3	224999	166.53818	53.540287	282.53503	-77.098724	166.53658	53.52522	279.6067	-121.37042	1.6706549	3.519243	44.827587	-12.875385	-166.82614	144.4603	88.75855	2091.4703011512756	46.47711786693997
46	2469.4604	1030.946	3763.599	456.66083	3513.7065	29.359442	3569.3499	3467.362	692.8571	1000.0	229999	169.304	54.54887	281.10736	-105.50126	169.30226	54.537975	282.1492	-143.94212	1.7506565	3.5916886	48.288967	-12.699633	-169.63402	145.3622	89.413994	2139.3112094402313	46.506765484809875
47	2672.4622	952.41766	3702.4067	1024.9783	3557.776	162.72525	3692.011	3160.107	753.4286	994.8	234999	172.2859	55.567024	288.64563	-100.20302	172.28366	55.553368	286.85855	-126.71467	1.7526551	3.6649997	48.471565	-11.988311	-172.65125	144.8346	89.76109	2187.1587324142456	46.53529223482659
48	3433.101	489.17618	3776.9158	2470.6877	3290.7493	30.97614	3334.807	3234.9673	948.4	1000.0	239999	175.31032	56.22656	289.9767	-80.99862	175.30772	56.222786	294.07065	-117.84013	1.660902	3.6713374	46.33382	-14.004407	-175.77827	143.2009	88.59803	2235.096070289612	46.56450152397156
49	2861.4944	1334.8682	3740.3433	105.54193	3305.698	1566.2986	4210.7886	168.31593	785.8571	821.8	244999	177.9813	57.34871	294.6572	-85.80165	177.97824	57.34285	294.35657	-103.42058	1.6660764	3.6150703	50.432796	-13.677006	-178.24733	145.80655	89.77373	2282.1846945285797	46.57519790591026
50	2539.8716	1310.7001	3894.498	523.27264	3771.5059	818.0041	4180.256	1327.4701	696.4286	939.1	249999	180.69177	58.28712	297.02322	-98.52963	180.68935	58.268623	296.32297	-88.49623	1.6743947	3.682081	59.56821	-11.971557	-180.8538	148.821	91.912186	2329.6129524707794	46.5922590970993
51	2187.458	1256.1677	3654.1213	133.03499	3428.946	504.68817	3703.1084	1966.9932	627.125	942.7	254999	182.57217	59.410362	313.80603	-108.06066	182.56989	59.39045	316.64566	-96.7948	1.7525111	3.606965	60.229954	-13.903949	-182.72673	154.08473	95.32618	2377.3592290878296	46.61488689628302
52	3669.907	68.62324	3757.5557	3591.3772	3585.455	974.80347	3988.9082	663.9318	1000.0	923.4	259999	184.83556	60.40577	310.3924	-91.92145	184.83301	60.39087	312.26044	-73.221405	1.7490761	3.5723367	54.227737	-13.412874	-185.08368	153.94493	94.68123	2424.868371963501	46.63208412665587
53	3373.474	537.3784	3755.3884	2310.1865	3609.8145	70.34856	3740.766	3506.903	925.4	1000.0	264999	187.22108	61.63346	317.6997	-116.06798	187.21951	61.622173	314.03732	-120.61428	1.7586298	3.5604477	54.585136	-14.071476	-187.43358	151.9234	93.07163	2472.579146385193	46.65243677823049
54	3174.051	807.34705	3786.1433	1416.0868	3724.3625	123.051346	4044.1982	3635.2585	906.6667	1000.0	269999	189.97388	62.552807	328.1088	-114.70139	189.97304	62.53038	320.38956	-103.53012	1.8434839	3.709669	62.579994	-13.126623	-190.08122	158.8621	97.59377	2520.4494075775146	46.67498907777998
55	2953.1465	1315.6053	3981.416	113.153275	3631.0542	577.7795	4116.6675	1925.8617	813.6667	950.0	274999	192.53177	62.867893	325.20532	-144.17493	192.53055	62.85433	324.46426	-106.43323	1.9126091	3.7396822	81.39214	-13.99465	-192.85345	155.27092	95.548836	2568.1328451633453	46.69332450519909
56	2850.6594	1341.9017	4024.7397	10.910312	3499.7454	353.12708	3811.4207	2778.4214	769.6667	950.5	279999	194.5096	63.8685	327.9565	-127.98049	194.50716	63.86157	326.33597	-97.56959	1.870368	3.6758134	51.214367	-12.886152	-194.71664	157.0537	96.38672	2616.12451338768	46.71650921872684
57	3929.0625	120.368095	4045.9016	3716.858	3873.6785	115.33903	4047.0654	3693.6316	998.6	1000.0	284999	196.77185	64.98697	332.58337	-124.672035	196.76895	64.98321	327.6232	-80.06311	1.8479575	3.6595204	47.002316	-14.551859	-196.9771	157.28302	96.59233	2664.0580625534058	46.737860796744364
58	3940.9036	128.09044	4056.895	3691.2046	3730.743	233.90695	3981.4841	3168.063	1000.0	1000.0	289999	199.04132	65.720314	328.3921	-95.65353	199.0398	65.71015	321.59805	-81.52633	1.8491715	3.6376276	74.68497	-11.8820095	-199.15974	155.56873	95.62629	2712.062889099121	46.759705025574256
59	3268.7568	1175.665	3957.8997	647.6456	3629.607	1189.0216	4198.146	98.61811	869.8333	906.7	294999	201.23213	66.330734	332.07727	-89.31623	201.23044	66.327934	332.70804	-100.61654	1.8167789	3.611207	61.661095	-14.7272625	-201.40868	155.63312	95.691086	2759.3773770332336	46.76910813380096
60	3872.0774	150.1782	3997.0898	3615.1497	3108.9714	1516.2714	4008.985	77.55379	1000.0	816.7	299999	203.44626	67.36049	339.84653	-102.47136	203.4456	67.35199	330.1902	-90.85629	1.949912	3.6643803	70.962074	-13.633101	-203.63751	157.33417	96.989105	2806.3786041736603	46.7729767759641
61	3320.5764	923.8243	3832.7651	1267.1663	2483.9626	1630.5658	4045.462	137.42477	900.1667	680.0	304999	205.5084	67.94192	340.4922	-103.683624	205.50739	67.940285	335.6539	-100.06057	1.9365997	3.6604612	73.95909	-14.693842	-205.807	159.41132	97.9444	2852.891665458679	46.76871587409348
62	2502.5134	1690.6401	3800.6726	104.07589	3892.5044	167.71338	4236.5815	3646.8901	691.0	991.8	309999	206.96014	68.24962	347.95923	-91.648285	206.95885	68.243904	330.64395	-114.199196	1.9647906	3.6466062	61.038414	-13.965097	-207.07343	164.72432	101.324684	2900.7258949279785	46.7859015733965
63	3850.1414	92.84794	3921.318	3667.415	3426.5762	1651.2831	4375.189	123.3479	1000.0	816.0	314999	208.35497	68.754616	341.729	-70.71293	208.35295	68.74713	337.038	-79.69398	1.9464269	3.6382725	54.949474	-13.565166	-208.50702	163.6515	100.72784	2947.9324159622192	46.79257806899056
64	3981.435	217.61089	4262.225	3687.8286	4307.478	68.82287	4431.505	4214.3154	1000.0	1000.0	319999	209.90569	69.07746	344.0551	-213.47076	209.90392	69.07398	335.5491	-82.8154	1.9613951	3.6614919	53.44554	-13.222773	-209.92308	164.67767	101.5956	2995.8455560207367	46.810086853802204
65	3416.9133	1486.1279	4185.92	97.65202	4469.2734	22.51214	4508.1416	4421.8857	844.8333	1000.0	324999	211.50381	69.87434	348.5811	-103.87483	211.5017	69.87306	333.99246	-109.97398	2.0230398	3.6338034	49.709164	-12.821246	-211.61087	165.70528	101.9826	3043.898950815201	46.82921466460595
66	4061.7532	55.839718	4164.558	4010.284	3795.8228	32.734985	3838.6296	3733.9092	1000.0	1000.0	329999	213.77174	70.09528	353.07526	-88.58495	213.77068	70.09384	343.3238	-126.95657	1.9377759	3.6488938	62.79724	-13.648568	-213.7267	160.91904	99.11722	3091.907006263733	46.847075892217234
67	3943.9128	65.82602	4018.637	3820.4866	3882.4165	38.415985	3954.7874	3823.4043	1000.0	1000.0	334999	215.22299	70.710495	351.83566	-123.09088	215.22165	70.71391	341.11237	-126.02102	1.9405568	3.6202097	69.14531	-12.384223	-215.2347	160.52739	99.268684	3139.984802722931	46.86544485234503
68	3665.5586	385.68866	3939.4397	2823.8838	3453.9663	836.7077	4358.2134	2408.5942	951.6667	820.2	339999	217.35185	70.88696	353.79288	-170.0176	217.35236	70.87626	344.35605	-130.84335	1.9402671	3.6598446	57.765835	-13.626084	-217.43185	162.9062	100.301544	3187.4583201408386	46.874387099462396
69	3479.359	514.56464	4062.443	2581.1855	4095.5723	62.292	4175.4595	3976.18	916.6	1000.0	344999	218.77281	71.22789	355.91306	-119.55598	218.77135	71.225914	344.63208	-105.73661	1.9661123	3.6538217	60.66748	-13.71796	-218.84094	171.01892	104.897125	3235.3910660743713	46.8897256332895
70	3894.3945	157.58984	4111.475	3638.5488	4310.8447	17.582504	4332.871	4272.6885	1000.0	1000.0	349999	219.9075	71.543045	362.06677	-108.51659	219.90742	71.53482	355.63913	-111.5348	1.9211295	3.6614277	73.39834	-15.709725	-219.97916	169.59752	104.02733	3283.4732024669647	46.90676007270813
71	4057.623	70.08714	4155.7017	3948.1572	3898.7695	85.68215	3983.3416	3699.0981	1000.0	1000.0	354999	221.64372	71.81961	366.3668	-136.69633	221.64317	71.813255	353.8616	-80.56494	1.9979142	3.6202943	61.605064	-11.962657	-221.68504	166.90976	102.646515	3332.0380992889404	46.93011411478822
72	4038.2644	158.21251	4242.411	3813.2747	3863.2664	13.07575	3879.9326	3839.6626	1000.0	1000.0	359999	223.28926	72.06364	360.41013	-156.99733	223.28874	72.056496	350.18948	-105.90143	1.9705782	3.6110318	59.20894	-13.29217	-223.23897	164.05333	101.13471	3379.7515573501587	46.9409938885106
73	3303.1384	1010.01935	4137.812	1239.79	4284.5635	53.597603	4355.4644	4141.7246	852.3333	1000.0	364999	224.63658	72.47589	362.52396	-124.761925	224.63608	72.470764	350.24374	-100.47292	1.9617918	3.6203384	74.8665	-12.883159	-224.64423	168.33713	103.04491	3427.604481935501	46.953486086571054
74	3909.5835	107.42102	4010.0088	3734.705	4454.9907	76.139305	4592.9946	4347.6753	1000.0	1000.0	369999	226.35564	72.804596	360.6196	-83.28011	226.35643	72.79875	354.1698	-106.94371	2.001001	3.654098	57.290962	-12.978273	-226.20108	175.49994	106.706085	3475.4338080883026	46.96532176958548
75	3153.753	1438.759	4224.1255	30.216528	4169.565	37.070774	4222.754	4097.573	800.6667	1000.0	374999	228.34926	73.28642	360.64484	-120.35393	228.34927	73.282875	356.12415	-128.60074	1.9684099	3.6458077	61.94723	-13.304044	-228.29042	175.87456	106.95425	3523.2638325691223	46.97685113588969
76	3059.8015	1361.9447	4092.4187	582.9335	4090.382	154.95564	4287.6606	3754.555	788.8333	1000.0	379999	229.48721	74.20739	367.8415	-79.75571	229.4887	74.19734	362.6459	-97.96503	1.997819	3.6289127	80.06841	-14.020458	-229.41887	179.87288	109.157326	3571.0334346294403	46.98728206910585
77	3982.3618	176.82153	4165.9434	3670.9211	4428.7173	45.491577	4517.8438	4370.1113	1000.0	1000.0	384999	230.86539	74.935844	364.89465	-138.16083	230.86517	74.938515	356.196	-102.328804	2.0941975	3.69226	60.768654	-15.539059	-230.79115	179.93797	109.96934	3618.9154949188232	46.99890256547309
78	4216.962	89.18405	4390.787	4143.92	4165.0728	64.37961	4233.557	4026.2346	1000.0	1000.0	389999	232.59471	75.491394	367.9978	-108.04532	232.5953	75.48588	362.92453	-166.10966	2.098199	3.6893973	62.025158	-12.388456	-232.53235	178.34932	109.01457	3666.7864067554474	47.01008217151348
79	3971.3945	53.818527	4059.0476	3891.63	4173.429	63.667236	4258.7197	4056.636	1000.0	1000.0	394999	234.01288	75.6622	369.34955	-121.99196	234.01215	75.664474	362.08142	-120.29904	2.0756092	3.686117	63.831673	-12.140048	-234.07014	177.94943	109.082985	3714.5503618717194	47.01962487003471
80	4068.3293	106.74538	4190.0225	3887.2087	3004.6821	1128.1094	4529.19	1558.3003	1000.0	711.2	399999	235.71078	76.330124	371.41406	-88.62084	235.70955	76.33124	367.3907	-103.456375	1.9909118	3.5653148	62.03961	-13.168987	-235.6843	170.76073	104.96147	3761.4521205425262	47.01815153956413
81	3537.9739	879.4528	4252.4233	1969.414	4174.9673	71.49731	4277.8228	4062.5808	869.0	1000.0	404999	237.03853	77.13011	378.20154	-157.08522	237.03893	77.12125	374.38577	-93.02361	2.0524492	3.6050928	48.03332	-14.805202	-237.0534	171.38275	105.48647	3809.557296037674	47.0315715883985
82	3328.5654	905.73376	3984.7764	1468.9973	1827.7737	856.25476	4165.212	738.01855	861.6667	508.8	409999	238.70181	77.36489	377.10037	-133.98598	238.70334	77.36095	373.95248	-161.76549	2.010612	3.5914009	53.971725	-12.7851	-238.79303	170.74057	104.949165	3855.5598232746124	47.019022261224144
83	3999.1316	146.55644	4195.2085	3740.5415	4298.689	30.314575	4355.0815	4254.836	1000.0	1000.0	414999	239.72862	78.26797	374.3047	-119.57774	239.72928	78.265724	372.99384	-96.63669	2.083677	3.6151524	55.83358	-11.632729	-239.64775	173.2721	106.3833	3903.746619462967	47.033091829483766
84	4038.1921	225.42096	4414.7124	3750.392	3915.7554	32.407047	3966.2852	3868.1995	1000.0	1000.0	419999	241.17194	78.44055	371.3577	-86.58843	241.17041	78.43733	368.99844	-102.40666	2.006264	3.5865862	52.39415	-11.993117	-241.06685	170.69882	104.91332	3951.712839603424	47.04420050269081
85	3337.201	894.45154	4153.1074	1727.4591	4183.803	324.99603	4459.462	3235.4028	843.1667	978.6	424999	242.44699	78.97865	372.14047	-90.27306	242.4458	78.97726	371.93863	-102.02114	2.0027838	3.5727592	59.115948	-12.6882715	-242.27295	201.31973	120.3983	3999.5278894901276	47.053269318973314
86	2851.6401	1123.882	4246.319	1511.2881	4073.804	1005.3303	4572.381	1076.8066	740.8571	925.2	429999	243.51901	79.337395	377.10077	-136.86282	243.5198	79.33043	382.5873	-102.35999	2.1754632	3.5605266	55.14009	-12.442839	-243.416	233.24014	137.67407	4047.1199526786804	47.059534366740735
87	3413.0889	1491.1128	4243.422	84.0683	4293.8643	85.715126	4373.137	4100.9634	844.3333	1000.0	434999	244.2771	79.3136	374.03867	-109.2743	244.27823	79.299164	380.0654	-99.336266	2.3652804	3.5657244	50.663113	-16.725357	-244.12512	237.00737	140.59952	4094.917338371277	47.068015410982326
88	3524.3691	1184.125	4479.23	1689.874	4351.6875	42.893974	4408.741	4255.1943	837.5	1000.0	439999	245.06282	79.48853	371.97238	-156.51994	245.06285	79.473526	378.47113	-96.590965	2.2151332	3.4549353	43.121777	-13.188465	-244.9323	230.63306	137.44203	4143.908276319504	47.08986680886962
89	4231.4053	53.166946	4310.92	4181.8447	4311.1147	78.948654	4419.785	4129.066	1000.0	1000.0	444999	246.23056	79.99872	377.50565	-108.38504	246.23149	79.99062	381.85352	-107.706505	2.3807752	3.5572414	46.861126	-12.902392	-246.09642	234.42294	139.08154	4193.723129987717	47.120484636071026
90	4019.3816	159.1926	4224.5747	3838.0688	4204.4507	28.946815	4248.958	4169.7993	1000.0	1000.0	449999	247.27994	80.46715	375.1338	-107.2073	247.28224	80.44816	373.65793	-123.823944	2.2854285	3.527795	59.310223	-14.254989	-247.12148	232.01935	137.82198	4241.994629859924	47.133273691601225
91	2793.8882	1645.3062	4273.367	98.45936	4338.9307	57.701725	4428.3716	4237.8203	699.4286	1000.0	454999	247.63768	81.040596	382.50394	-179.49928	247.6393	81.02805	384.92828	-103.815315	2.3780627	3.5666013	68.826675	-12.87359	-247.51378	239.6078	142.23296	4289.994207620621	47.142793521776305
92	3587.4941	872.9559	4072.4883	1842.5752	4116.97	72.05154	4252.924	3997.088	904.2	1000.0	459999	248.71849	81.36641	381.29578	-95.74397	248.71893	81.3608	382.7752	-94.49337	2.3528538	3.5354285	46.36221	-13.460371	-248.77087	239.09828	142.04773	4337.936310768127	47.15148166729056
93	3800.4958	545.0459	4323.606	2841.7927	4222.823	90.02201	4377.796	4079.6946	958.5	1000.0	464999	249.1376	82.31234	383.35602	-127.26697	249.13776	82.29715	385.3914	-127.78514	2.3049123	3.513514	68.183655	-13.253713	-248.8871	232.64156	139.97345	4385.8278868198395	47.159439671424124
94	3305.7644	1593.2837	4308.7466	127.3542	4381.826	52.785465	4458.9297	4295.456	813.0	1000.0	469999	249.8297	82.67956	382.35535	-113.56874	249.82918	82.673004	389.09882	-97.33736	2.3293235	3.4894338	56.025364	-13.094963	-249.5453	231.2753	139.105	4433.898326873779	47.169131164855145
95	4140.039	80.91098	4259.172	4037.8188	4266.581	126.663185	4427.232	4078.1982	1000.0	1000.0	474999	250.5309	83.07006	385.7689	-146.6006	250.52846	83.05756	391.87964	-164.88393	2.325567	3.5076346	44.257767	-12.783625	-250.29198	230.90155	139.27298	4481.842275381088	47.177287141900315
96	4118.293	224.6772	4254.6284	3670.1494	4346.53	110.70865	4569.4277	4231.688	1000.0	1000.0	479999	251.31859	83.543434	388.59366	-132.5069	251.3204	83.5308	389.74762	-137.45908	2.3605027	3.4947362	55.439915	-13.437399	-251.20395	227.98705	138.01187	4529.973023414612	47.18721901625395
97	4211.86	238.32355	4440.8516	3784.4094	3751.821	927.9305	4545.825	2262.763	1000.0	853.2	484999	252.12102	84.12442	388.85117	-123.187614	252.12286	84.09623	386.79913	-111.769035	2.318693	3.4986584	55.038353	-12.684191	-251.97162	230.03595	139.61057	4577.201792001724	47.1876473648032
98	4164.878	229.76857	4451.4053	3747.4019	4156.517	474.23798	4487.592	2842.473	1000.0	972.0	489999	253.36192	84.16855	391.80792	-98.16785	253.36111	84.153	391.9591	-91.311325	2.4368854	3.4849498	51.50037	-13.55625	-253.08115	227.56657	138.22678	4625.114428520203	47.19504521574293
99	3664.511	636.6365	4135.4463	2282.5352	2789.084	1199.6566	4146.8438	1313.2015	933.3333	712.1	494999	254.55475	83.886406	388.3885	-147.98343	254.55331	83.86908	392.77588	-119.03651	2.4197738	3.5299165	51.16783	-13.917681	-254.2147	227.05177	138.34933	4672.078775405884	47.19271493198896
100	4152.3857	64.54941	4239.858	4052.9922	4386.872	97.888435	4514.613	4218.248	1000.0	1000.0	499999	255.9541	83.97252	391.136	-142.5558	255.95256	83.96325	393.861	-113.9907	2.4425921	3.5382533	56.080273	-14.598541	-255.55595	224.0865	136.78516	4720.120745182037	47.20120747804642
101	4281.794	113.657715	4417.658	4090.1438	3057.7876	1104.8811	4666.133	1901.881	1000.0	700.5	504999	257.2859	83.66206	391.5623	-136.36372	257.28574	83.63994	389.5305	-90.22212	2.4965775	3.5396714	41.601803	-12.466943	-257.03275	216.7406	133.53163	4767.096875905991	47.198978995332624
102	3871.4094	896.22144	4527.003	2094.4944	3536.043	929.2581	4667.0435	1517.2672	894.8	800.8	509999	258.45654	83.88146	389.76633	-111.26623	258.45508	83.872345	390.11035	-122.42699	2.460562	3.5941958	65.81123	-15.61817	-258.10602	223.37477	136.8077	4814.540144443512	47.20137398850684
103	4360.7666	79.81109	4464.861	4251.627	3834.4922	906.23694	4728.9966	1938.9081	1000.0	837.7	514999	259.15906	84.417694	391.74933	-183.0496	259.1575	84.40212	393.47128	-120.21161	2.4622428	3.566123	69.999054	-12.631517	-258.95102	228.28893	140.387	4862.1376576423645	47.20522000488726
104	4364.0503	231.15865	4523.214	3856.765	2750.941	981.45135	4492.363	1602.0635	981.6667	643.5	519999	259.9816	84.56182	388.6323	-123.34591	259.9812	84.55187	390.0089	-163.75795	2.4989347	3.5817719	64.07063	-13.22823	-259.68353	229.11453	140.74466	4908.400566339493	47.196159319235726
105	4248.0205	89.766396	4413.4453	4169.815	4267.576	38.437725	4327.6826	4207.3857	1000.0	1000.0	524999	260.6089	84.7407	405.35846	-101.03364	260.60782	84.735275	452.48322	-146.14914	2.4563773	3.5590718	58.42517	-12.569796	-260.3404	229.23495	140.46782	4956.516208648682	47.20491629782177
106	4185.964	178.7182	4462.2236	3940.6143	1881.5355	1435.8502	3978.9878	110.48071	1000.0	744.2	529999	261.18353	84.890045	395.36325	-96.496765	261.18362	84.8894	422.36673	-87.78405	2.558595	3.663123	53.67649	-13.362924	-260.84244	226.9767	139.59415	5003.6721477508545	47.204454248806215
107	3891.464	142.88202	4074.5215	3646.3914	3794.6016	939.8783	4223.5894	986.79407	1000.0	1000.0	534999	261.65955	84.906685	463.83646	-110.54298	261.66165	84.88548	461.6542	-155.7301	2.5362127	3.5840306	72.20473	-14.371212	-261.42	226.27028	139.68703	5051.915274858475	47.214161469557574
108	3265.3625	1586.9764	4341.73	139.2977	4445.599	104.95476	4621.598	4285.529	851.0	1000.0	539999	262.3627	85.02599	451.03076	-131.9232	262.36417	85.00539	457.37265	-198.15744	2.5134492	3.645693	62.073483	-13.9687805	-262.21024	226.58804	139.73253	5099.722798109055	47.2196555601226
109	3688.096	854.71936	4393.321	1890.7393	4001.3718	1282.3596	4461.349	154.90987	901.3333	909.4	544999	263.80453	84.269905	457.38885	-126.75675	263.80746	84.250565	481.92758	-97.708496	2.5236464	3.6776226	64.68752	-13.105162	-263.55112	237.12442	145.8177	5148.4547290802	47.23352964427493
110	4183.038	34.54357	4244.8975	4147.615	4255.022	48.46679	4337.272	4163.9854	1000.0	1000.0	549999	264.3761	84.91911	393.15833	-171.97153	264.37598	84.90391	393.79486	-159.91151	2.3954983	3.5781062	84.485466	-17.710793	-263.9483	223.7362	138.92508	5196.43346619606	47.2403042641553
111	3560.7493	1506.7595	4479.5205	217.40198	4508.5254	73.219284	4686.5024	4423.426	854.3333	1000.0	554999	264.47562	85.69402	391.73822	-141.85027	264.47385	85.68468	391.10013	-144.58533	2.3886774	3.517134	59.239048	-12.390836	-264.09445	215.18076	133.42445	5244.675025463104	47.24932457734872
112	4240.158	185.1008	4567.4697	4045.0742	4429.786	53.55018	4521.754	4344.622	1000.0	1000.0	559999	264.93646	86.28151	395.16922	-185.56937	264.93564	86.27347	392.98853	-174.38461	2.4887385	3.5714517	50.74929	-15.739761	-264.71164	215.94064	134.10083	5292.9148597717285	47.258168414235115
113	4360.362	77.43917	4485.55	4244.5874	4151.704	39.860607	4220.725	4098.4834	1000.0	1000.0	564999	265.5634	86.55912	391.2058	-112.995895	265.562	86.55081	395.28262	-144.71567	2.5197525	3.566308	75.028366	-13.666637	-265.2656	215.99194	134.22983	5340.817370414734	47.26387055785255
114	4264.046	75.74214	4338.7505	4133.957	3331.7961	1300.0924	4729.1	1066.8145	1000.0	737.0	569999	266.6807	86.40811	396.7491	-125.55186	266.68234	86.39163	388.96	-136.98273	2.450633	3.565487	64.31043	-15.49182	-266.36484	211.55875	131.6278	5387.721705913544	47.26071674154516
115	4159.146	360.97168	4398.955	3440.5818	4343.4385	46.08763	4427.8447	4280.9053	1000.0	1000.0	574999	267.52713	86.63034	390.27637	-131.99475	267.5261	86.626564	394.08386	-130.21597	2.4799542	3.5909567	49.441784	-14.787673	-267.26605	210.821	131.07104	5436.99595451355	47.278225714227425
116	3600.2566	1480.962	4388.967	294.0249	3695.5605	785.1939	4337.504	2391.0422	857.8333	878.3	579999	268.70966	86.65881	394.3548	-113.27109	268.7101	86.65323	393.23932	-232.37743	2.4778652	3.6369886	52.876984	-13.404652	-268.52277	211.78102	132.01477	5486.718070268631	47.299293731820995
117	4408.637	88.729614	4545.283	4271.4805	3923.7812	65.7174	4044.5054	3831.078	1000.0	1000.0	584999	269.84076	87.306	396.36835	-155.73209	269.8434	87.285515	401.14667	-99.83242	2.460702	3.606908	47.63003	-12.851389	-269.5825	211.3637	131.7022	5535.586447715759	47.3127047037467
118	4216.2407	73.73517	4317.1885	4096.338	4328.2725	88.87919	4475.1035	4203.2046	1000.0	1000.0	589999	270.71896	87.47462	398.31534	-116.23741	270.7174	87.46521	398.50418	-156.42847	2.3894768	3.6062076	51.768677	-12.048065	-270.39035	208.52641	129.5201	5585.699623346329	47.3364375061908
119	4321.3115	118.793	4545.841	4203.006	4427.629	27.52822	4475.9507	4392.6484	1000.0	1000.0	594999	271.30655	87.81663	394.80185	-112.44127	271.30756	87.80546	396.63724	-134.04459	2.3248777	3.547496	44.431664	-13.661474	-270.92072	208.3566	129.34747	5636.067184925079	47.361909139056166
120	4126.057	359.09146	4427.7607	3429.1482	4427.5522	69.187614	4533.4565	4323.802	957.4	1000.0	599999	271.5677	88.6084	401.54108	-156.05507	271.56915	88.59814	400.81952	-158.89053	2.381263	3.529941	53.654182	-11.711387	-271.3594	213.75195	133.0133	5687.608519554138	47.39673768480619
121	3441.2332	1514.1205	4567.0244	338.8066	4307.976	38.0762	4370.753	4255.676	805.0	1000.0	604999	272.12582	88.91103	401.38837	-96.180954	272.12854	88.89607	400.10092	-152.14853	2.4329743	3.5229707	60.233936	-12.949106	-271.82297	225.36505	138.30954	5737.578594684601	47.41800493051198
122	3128.9446	1667.3143	4349.348	434.97723	4490.784	88.40326	4640.7725	4347.8555	765.8333	1000.0	609999	272.6152	89.36394	397.5322	-112.5644	272.61746	89.3523	398.02884	-145.52884	2.4856117	3.5147965	52.923206	-13.4151125	-272.29605	221.1889	136.42809	5787.853390455246	47.441421254736476
123	4296.04	137.01106	4406.797	4032.3606	4337.829	93.423515	4469.0273	4197.398	1000.0	1000.0	614999	273.77512	89.27796	401.98206	-122.88519	273.77673	89.26294	398.62936	-126.05791	2.4299967	3.5607507	55.458916	-13.230749	-273.3912	218.6949	135.5357	5834.760133743286	47.43707427745912
124	4294.0835	144.17447	4575.306	4184.852	4176.832	98.58591	4328.2173	4053.7468	1000.0	1000.0	619999	274.33408	89.265076	398.03867	-119.53363	274.33325	89.261154	398.4134	-116.10371	2.4061015	3.6234038	57.95351	-12.207513	-273.9673	220.95515	136.54521	5885.25244808197	47.46171331021093
125	4321.087	65.42809	4388.2583	4202.4126	4390.181	24.707638	4429.9624	4334.6343	1000.0	1000.0	624999	274.64008	89.513626	398.14426	-172.90424	274.64243	89.49658	400.13644	-251.911	2.4106846	3.5943635	54.193752	-12.493667	-274.19675	220.40567	136.94487	5933.366057872772	47.466928482055664
126	4323.003	168.67395	4578.731	4079.3635	4497.0825	40.07213	4562.9487	4423.064	1000.0	1000.0	629999	275.30093	90.095345	398.0108	-158.3328	275.30103	90.09981	400.34033	-120.64705	2.4319587	3.6348915	78.53207	-12.054558	-274.8794	221.0683	136.99016	5980.6164491176605	47.46520994579981
127	4040.325	699.562	4403.1016	2479.4568	4605.35	89.630226	4741.928	4495.0923	936.0	1000.0	634999	276.04483	90.16003	399.41513	-268.02826	276.04657	90.15142	399.7063	-280.3507	2.4445457	3.6534317	79.21216	-13.530215	-275.6716	217.70523	135.2432	6028.688385248184	47.46998730794651
128	4343.1323	150.61546	4571.466	4110.6855	4568.7827	23.853935	4611.0947	4528.4653	1000.0	1000.0	639999	276.8674	90.456375	401.67682	-147.30128	276.87045	90.452286	400.82803	-148.21945	2.416249	3.6439247	55.432667	-13.602499	-276.4738	219.1048	136.23454	6075.70375919342	47.46643563732505
129	4278.4585	63.56607	4352.566	4183.4956	4586.389	92.76789	4762.0615	4462.2285	1000.0	1000.0	644999	277.59894	90.021034	403.38928	-127.21526	277.60126	90.016	400.23584	-156.62148	2.419163	3.6950233	81.86487	-13.210136	-277.2235	217.838	135.84097	6127.309289693832	47.49852164586385
130	4355.281	89.143524	4517.585	4249.594	4101.472	1280.9669	4625.552	263.1337	1000.0	913.4	649999	278.72205	89.7838	454.08905	-102.97285	278.72256	89.79163	453.84543	-208.25269	2.4849117	3.7151809	64.19657	-12.477435	-278.42215	232.39435	143.54843	6172.705194234848	47.48234766813425
131	4130.6865	151.32112	4269.627	3845.2817	4313.2725	31.838589	4364.6846	4264.481	980.4	1000.0	654999	280.16324	88.98177	484.98947	-199.30176	280.16513	88.98005	482.47363	-179.78342	2.4578593	3.677921	66.873116	-12.606354	-279.9817	247.89674	152.54106	6220.908328056335	47.48784985251099
132	3879.4907	868.22614	4479.913	2165.2622	4251.4307	70.304245	4354.153	4101.701	930.2	1000.0	659999	280.85446	89.2447	477.48163	-136.52005	280.85236	89.254585	479.69272	-201.46701	2.4297028	3.635866	63.803627	-11.510442	-280.42328	260.7799	159.23518	6272.815865516663	47.52133233258218
133	4195.8384	102.12512	4290.02	4009.5002	4293.536	468.70093	4632.5312	2924.0657	1000.0	968.7	664999	281.43027	89.69982	462.39917	-174.31647	281.42725	89.71409	456.8155	-193.22878	2.468098	3.641064	65.854774	-14.125361	-281.13464	249.0297	152.97008	6324.674381017685	47.553942734137514
134	4227.6533	249.89676	4413.5615	3735.7664	4454.503	67.95314	4537.3027	4302.175	977.6	1000.0	669999	281.8849	89.74663	454.22827	-149.80338	281.88217	89.75036	454.82065	-105.60099	2.514225	3.614467	74.10502	-12.410263	-281.4087	241.82173	150.15305	6373.203543186188	47.56122048933115
135	4209.875	225.07845	4383.2275	3772.5288	4186.049	26.838709	4225.004	4137.093	972.0	1000.0	674999	282.33896	90.08794	461.41144	-236.56223	282.3384	90.08923	445.62842	-228.54475	2.4639993	3.5999184	55.34547	-13.997258	-282.053	248.03645	153.0104	6422.272938013077	47.57239215109083
136	4269.7593	169.59492	4505.589	3986.3706	2849.766	2218.6106	4795.1445	124.35661	1000.0	632.4	679999	283.7023	89.23811	622.1558	-191.0701	283.7037	89.234955	616.9493	-260.2407	2.6805212	4.2630215	107.35217	-13.898899	-283.6687	289.3669	177.0184	6466.421499490738	47.547216927303985
137	2393.0706	1756.375	4278.4243	313.8765	301.84674	7.067679	319.97626	293.7778	649.3333	157.0	684999	292.74765	87.05344	742.11676	-156.36766	292.75223	87.01423	748.9106	-190.54373	3.9133673	5.400916	86.40007	-13.657006	-293.97583	622.308	368.79416	6510.8845307827	47.5247046216561
138	342.20154	102.11333	683.3515	10.975576	580.0458	222.60722	1036.3379	395.92566	173.44827	418.3	689999	300.70233	89.73283	719.31464	-191.62805	300.70386	89.73494	718.6854	-257.25745	3.7870643	4.5241313	64.23593	-12.644338	-301.62262	552.325	336.757	6557.688242197037	47.51948003319726
139	394.82272	141.75339	601.96857	51.02285	282.94223	297.78915	946.58044	73.90982	268.17648	393.1	694999	307.12167	93.63387	588.16254	-204.90251	307.11945	93.65565	581.92395	-206.34537	3.8874955	4.201744	67.01246	-14.541311	-307.9668	511.8022	310.16373	6603.073791742325	47.50412801529864
140	301.55362	119.6212	545.8279	65.881355	1155.2771	696.4713	2489.5586	360.95804	191.89285	373.4	699999	309.92294	95.197464	485.00632	-250.60657	309.91687	95.21688	480.47476	-228.13837	3.6907322	3.9938707	60.499973	-15.717512	-310.50446	482.8534	292.10617	6647.414562225342	47.48153260265078
141	977.4235	1126.8457	3714.5664	267.12125	3815.552	841.4294	4337.866	1563.7015	328.14285	915.2	704999	307.72055	92.53352	432.06763	-228.8469	307.71835	92.5237	441.79718	-352.8519	3.288512	3.9867136	68.69922	-12.5433235	-307.86407	413.60287	252.24174	6694.750068902969	47.48049695948337
142	3625.5962	249.90585	3995.0967	3208.5005	3996.5913	23.155079	4038.5132	3964.6438	1000.0	1000.0	709999	303.30368	90.28721	426.83768	-185.52527	303.30435	90.28375	425.24393	-264.4884	3.00426	4.002435	47.79403	-14.899003	-303.09198	360.69592	221.53912	6744.217051744461	47.49448629668061
143	3942.1694	97.86504	4068.64	3801.0867	4332.21	50.606216	4407.5493	4242.1934	1000.0	1000.0	714999	298.29916	89.10947	419.23636	-171.87375	298.30298	89.08169	419.28055	-189.3109	2.7777414	3.8981633	79.23552	-15.501973	-298.1347	320.26337	197.66925	6789.598911523819	47.47971268467136
144	3810.888	1007.5212	4484.6733	1614.6735	4542.7896	25.437628	4591.6816	4502.2656	903.1667	1000.0	719999	295.4872	88.28556	423.18515	-200.09998	295.49088	88.25693	424.9273	-201.22319	2.7206857	3.795389	54.183956	-13.182031	-295.0937	284.19086	175.95758	6834.794708013535	47.463852155539726
145	4099.7617	407.5684	4486.1396	3352.2769	4665.639	106.21224	4843.358	4498.4478	938.4	1000.0	724999	293.34668	88.43299	422.35242	-171.75262	293.34998	88.4197	424.32257	-135.52252	2.7983015	3.7522237	54.918076	-14.363312	-293.2083	275.36295	169.88303	6879.963916540146	47.44802703035289
146	3886.276	926.9882	4470.366	2037.1743	4720.1274	48.69828	4787.4536	4640.0684	904.8	1000.0	729999	291.61966	89.25511	416.01965	-162.07188	291.622	89.24137	417.3672	-194.8504	2.6659257	3.694768	47.80832	-12.304217	-291.2469	254.77075	158.04709	6925.787358999252	47.436899735503
147	4310.28	65.42243	4386.4116	4202.3516	4348.048	54.157604	4467.056	4277.0347	1000.0	1000.0	734999	289.9118	90.23903	415.04208	-189.4978	289.91452	90.222565	413.09454	-342.6996	2.5454059	3.6061218	54.787083	-11.856004	-289.6445	258.8833	160.75545	6974.8519876003265	47.447972724226865
148	4181.932	163.90219	4392.1187	3935.029	4618.395	17.160479	4644.774	4582.3145	1000.0	1000.0	739999	288.98993	91.03389	417.0291	-164.61479	288.99057	91.02107	415.23962	-294.88837	2.568826	3.6828368	56.39681	-13.33185	-288.59586	258.32437	159.46176	7020.884469270706	47.43840859387372
149	4192.952	93.2796	4262.15	4018.9988	4594.6045	37.56543	4682.279	4555.842	1000.0	1000.0	744999	287.5564	92.49091	418.35852	-141.27	287.55643	92.48527	416.2462	-304.191	2.516298	3.6272871	63.491146	-13.393518	-286.9869	251.9416	156.52458	7066.316663265228	47.42494406636129
150	4358.7256	88.47712	4481.7524	4237.259	4579.493	22.74457	4603.6885	4527.12	1000.0	1000.0	749999	286.76428	93.723816	416.78827	-143.64943	286.7626	93.71176	416.65616	-251.4953	2.4722514	3.6467583	54.534782	-11.731198	-286.55978	247.90746	152.99934	7111.488775253296	47.409925185839334
151	4359.271	117.12915	4514.587	4168.825	4512.715	30.837862	4561.606	4476.185	1000.0	1000.0	754999	286.01907	94.75939	419.85355	-172.6783	286.0184	94.761246	419.35764	-149.40773	2.5231404	3.6112437	77.02563	-14.498494	-285.60962	249.7915	154.11252	7157.235657691956	47.39891165771232
152	4342.551	119.07271	4507.4966	4179.939	4559.626	32.175888	4610.0527	4499.6333	1000.0	1000.0	759999	285.96164	95.66025	423.34348	-205.71753	285.96072	95.658775	422.35583	-238.34898	2.479783	3.5887783	58.736473	-15.909586	-285.62555	248.96475	153.6074	7202.717486143112	47.38629926662696
153	4336.4326	39.49044	4388.8926	4282.605	4510.158	23.404987	4544.4873	4467.9517	1000.0	1000.0	764999	285.93585	96.5342	419.70523	-126.80816	285.9396	96.52544	422.80627	-181.37543	2.5173302	3.5834858	52.15393	-12.515557	-285.69916	241.81505	149.1264	7248.073095083237	47.37302677927453
154	4181.1997	620.76526	4507.2334	2795.8237	4782.3755	67.526215	4878.3887	4640.2715	947.6667	1000.0	769999	286.54953	96.71665	426.58813	-168.19763	286.54965	96.71273	419.19727	-167.99385	2.4684787	3.5267568	51.04478	-12.798203	-286.1689	252.7017	155.29002	7293.160551071167	47.3581854089514
155	4469.47	142.089	4640.882	4285.516	4898.2617	19.359484	4930.467	4871.482	1000.0	1000.0	774999	287.23648	97.02297	418.49884	-120.540146	287.23752	97.0169	420.7029	-169.5301	2.4735453	3.504333	74.36464	-14.566345	-286.70715	248.0163	153.4674	7338.764982461929	47.346870869974936
156	4467.6045	134.23877	4620.5327	4246.816	4566.3955	70.20681	4693.077	4482.8213	1000.0	1000.0	779999	287.80988	97.530525	424.3266	-244.71799	287.81235	97.52032	423.58716	-216.8765	2.5014427	3.5273018	47.85231	-12.471341	-287.33786	243.89325	150.3491	7384.277540922165	47.335112457091995
157	4326.4873	107.52768	4481.027	4227.7446	4355.378	620.6051	4593.3584	2494.3396	1000.0	962.0	784999	288.33066	97.706406	419.2101	-154.61934	288.33145	97.699936	418.70255	-150.17531	2.48487	3.5371275	50.715084	-12.980518	-287.68884	240.85672	148.5191	7430.810469150543	47.33000300492451
158	4479.8696	67.2136	4580.4136	4383.1987	4341.3027	94.56553	4438.423	4172.1255	1000.0	1000.0	789999	288.61023	98.0144	424.88217	-148.94487	288.61264	98.0155	422.87637	-199.53555	2.532754	3.554879	49.049706	-12.424906	-288.17914	245.9846	151.109	7480.061974287033	47.34216441232947
159	3315.5188	1555.1676	4720.665	946.358	4756.5713	72.01973	4828.725	4629.79	783.1667	1000.0	794999	288.94693	98.15224	423.08557	-254.3854	288.94864	98.13574	420.8167	-178.05983	2.5131385	3.5473177	47.81807	-13.893945	-288.64154	244.84012	151.09969	7528.414522886276	47.34851902835774
160	4521.363	62.449368	4614.6514	4420.0786	4576.6733	35.35297	4618.4067	4503.758	1000.0	1000.0	799999	289.68204	98.308105	429.88885	-158.24287	289.68292	98.29812	426.47037	-159.64792	2.506466	3.5563726	44.360855	-11.648914	-289.21704	240.97075	148.65718	7575.2573935985565	47.34535872489214
161	4505.161	103.75173	4584.8774	4301.57	4116.565	1031.9044	4775.119	1840.2059	1000.0	899.6	804999	290.86307	97.9063	422.09927	-168.25938	290.8644	97.90683	422.9442	-258.77527	2.4981177	3.554856	45.94548	-12.446014	-290.4903	233.3167	143.9801	7622.785698413849	47.34649503601264
162	4384.7266	53.11955	4434.6133	4286.6953	4282.811	514.5341	4740.9507	2787.3733	1000.0	970.0	809999	291.57828	97.43996	422.1546	-134.44258	291.5789	97.44089	423.4299	-127.64769	2.4081976	3.4844403	47.755646	-18.097603	-291.24115	227.61473	140.2814	7669.101185083389	47.340130788308606
163	4538.522	45.66723	4620.6743	4495.839	4325.9375	728.799	4676.335	2144.682	1000.0	953.5	814999	292.43198	97.381386	425.0958	-144.8887	292.4308	97.38288	425.33502	-124.49255	2.391382	3.4926476	51.036552	-12.154297	-292.07065	226.08473	140.43892	7715.938137054443	47.33704380023699
164	4524.8564	53.478413	4606.3584	4456.9077	4296.476	125.054474	4464.95	4083.0457	1000.0	1000.0	819999	292.92334	97.354996	424.75217	-220.02884	292.9244	97.35067	429.30374	-119.06908	2.417481	3.5308235	55.428074	-12.530072	-292.51956	225.07007	139.82993	7762.35160946846	47.33141226594041
165	4228.328	355.86142	4477.0884	3542.477	4512.6704	76.41741	4624.8926	4423.8027	956.4	1000.0	824999	293.67935	97.70662	424.63776	-194.26727	293.67874	97.6976	428.40445	-140.64374	2.410778	3.5727468	60.415276	-14.753976	-293.25696	228.13326	140.69783	7808.267764091492	47.32283494689248
166	4193.84	538.8988	4534.5825	2995.184	4026.043	111.489235	4257.385	3907.3728	955.5	1000.0	829999	294.01468	97.5482	423.81198	-210.12338	294.017	97.540436	426.81818	-196.08452	2.4036725	3.5493808	45.952354	-13.635059	-293.41815	243.4327	148.55957	7854.278966665268	47.314933548490686
167	4456.927	180.58324	4632.468	4134.5063	3948.7437	1111.9545	4848.966	1741.725	1000.0	864.6	834999	295.61136	97.35755	424.46545	-117.62725	295.61334	97.34191	427.04816	-158.93687	2.3953557	3.6063397	47.11089	-14.858218	-295.249	254.56378	153.74193	7902.712224006653	47.32163009957639
168	4447.496	214.77687	4678.8394	4089.9407	4543.3306	75.06557	4703.299	4421.806	1000.0	1000.0	839999	296.28442	97.618675	430.08896	-103.38147	296.28488	97.601036	428.42517	-164.97272	2.3918238	3.5991304	52.93948	-14.068429	-295.90314	246.2119	151.14658	7951.848544120789	47.33243182301521
169	4363.077	132.31	4548.64	4158.8037	4446.396	68.3374	4520.3257	4286.555	1000.0	1000.0	844999	296.8243	97.75179	427.78775	-230.68571	296.8261	97.73228	427.29126	-232.62926	2.396022	3.5734122	56.041313	-12.925884	-296.39172	251.6835	153.41458	8000.594068288803	47.34079332041317
170	4105.737	732.5831	4541.7134	2644.1792	4444.97	58.76682	4531.88	4329.471	930.6	1000.0	849999	297.2488	97.98014	429.06552	-211.2059	297.24988	97.971085	432.35065	-130.63625	2.3657525	3.5960371	61.80216	-14.285624	-296.88434	240.1827	147.44218	8049.447183132172	47.34968932656681
171	4381.3096	87.91389	4535.2334	4265.8457	4194.956	232.84613	4541.3955	3825.6353	1000.0	1000.0	854999	297.56693	98.11936	434.90106	-126.727295	297.56628	98.12063	432.44678	-220.54353	2.3775718	3.5553956	62.37812	-11.953939	-297.00314	231.77785	142.20747	8098.634810209274	47.36043750194081
172	4282.5107	80.02443	4381.499	4158.939	4462.3945	28.988802	4526.6484	4408.3965	1000.0	1000.0	859999	297.97253	98.10457	430.0255	-176.46915	297.97308	98.097855	439.46924	-162.5095	2.345573	3.5440967	67.47458	-13.4643135	-297.46744	241.5447	147.95163	8147.57129406929	47.36960056077602
173	4424.778	164.90933	4611.249	4149.441	4274.114	44.860218	4335.7866	4214.1187	1000.0	1000.0	864999	298.7381	98.24731	431.07007	-119.325035	298.73746	98.25039	440.41733	-175.0987	2.4839382	3.6079538	78.59399	-11.134367	-298.3766	246.36745	150.67247	8196.802755117416	47.38036276150301
174	4370.897	132.91872	4569.1924	4226.3115	1369.8588	1406.8949	4231.615	626.5388	1000.0	429.9	869999	299.6582	97.78662	459.13687	-203.94913	299.65784	97.779205	456.6357	-140.91801	2.4293687	3.5777974	71.26922	-13.634436	-299.11954	256.78735	156.7143	8243.545277118683	47.376697007266955
175	4293.787	179.95757	4461.4487	3973.2983	4591.544	64.90046	4669.2646	4471.4097	1000.0	1000.0	874999	300.03238	97.48132	440.60596	-120.84154	300.03336	97.48006	431.71997	-190.01442	2.405042	3.531001	90.026794	-12.568326	-299.69516	249.16568	152.82855	8293.427366018295	47.391013536453244
176	4467.3096	127.09936	4694.875	4349.504	4431.726	400.8721	4702.9883	3328.16	1000.0	972.6	879999	300.7576	97.39118	554.9144	-117.56456	300.75757	97.37645	544.0634	-109.0907	2.4781735	3.5388048	65.2157	-14.646229	-300.4293	246.1655	151.01938	8345.242905378342	47.41615288636901
177	4388.4785	210.90901	4649.4976	4077.4417	4630.697	17.963255	4648.081	4582.741	1000.0	1000.0	884999	301.64294	97.01243	644.7185	-134.6407	301.64377	97.003426	708.5094	-164.73625	2.546421	3.6823213	60.320156	-13.997846	-301.2476	255.38374	156.49768	8393.80453157425	47.42262448833487
178	4557.329	114.57552	4686.8135	4379.633	4340.925	124.11068	4486.372	4058.2024	1000.0	1000.0	889999	302.37082	96.12945	695.60254	-158.76378	302.3685	96.13282	724.37836	-150.76633	2.554632	3.820966	63.95384	-14.042245	-301.99	268.8731	165.00468	8440.579795837402	47.41898762911893
179	3513.414	1445.0833	4373.5254	316.4775	3311.812	1403.7507	4254.0737	757.36426	866.1667	825.0	894999	303.6859	94.37337	631.1933	-128.59073	303.6877	94.36628	673.88837	-136.73325	2.8233209	3.8602626	60.641556	-12.090882	-303.4836	290.8994	177.29233	8485.820539474487	47.406818670933475
180	2378.1978	1948.8345	4483.999	388.08847	3162.7683	1611.6006	4324.7104	627.6007	595.75	790.0	899999	305.99316	92.56999	648.5271	-153.0424	305.99084	92.56982	637.9768	-351.19324	2.708387	3.6624472	75.04159	-14.149206	-305.913	276.80118	170.13403	8530.519229412079	47.391773509979245
181	3700.585	1475.6045	4471.3096	404.17224	3586.4773	1748.9849	4544.9136	81.532036	863.5	832.4	904999	306.90454	92.873856	536.6724	-154.6902	306.90155	92.88571	547.8044	-249.14137	2.537975	3.6114137	54.449417	-13.554121	-306.5726	266.82654	164.99828	8576.130757808685	47.38193790030084
182	4460.009	257.4753	4707.0137	3973.8223	4318.7334	139.441	4470.791	4028.7844	1000.0	1000.0	909999	306.49725	93.963684	443.06946	-176.16414	306.4948	93.9693	436.26978	-144.84964	2.502542	3.5400987	65.722046	-12.503022	-306.05435	250.16725	154.43352	8621.882796764374	47.37298241290417
183	3693.3972	1646.2692	4571.3843	21.16399	4647.5654	133.19475	4810.5664	4345.511	855.5	1000.0	914999	306.314	94.37756	435.26517	-186.4635	306.31592	94.361916	435.85165	-150.08966	2.6059482	3.5433135	64.18907	-12.1563225	-305.92804	240.90492	148.5743	8667.954978942871	47.36587421620479
184	4345.5884	180.29074	4566.803	4051.9365	4567.5264	38.38077	4639.598	4512.5034	1000.0	1000.0	919999	306.60083	94.45226	437.28232	-332.7459	306.60458	94.43842	439.13403	-202.82799	2.51224	3.5040586	45.57622	-13.498659	-306.15176	240.27185	146.9362	8713.986082077026	47.35862002424572
185	4522.4507	143.41112	4714.723	4310.428	4414.9307	17.90721	4445.235	4394.8945	1000.0	1000.0	924999	306.3901	94.88823	437.8303	-234.72055	306.3926	94.876495	438.2021	-245.03787	2.520687	3.50293	72.9706	-13.160566	-306.0201	234.3939	144.48624	8759.492897987366	47.3486102735674
186	4396.7495	45.178425	4472.598	4345.6685	4497.166	115.63312	4747.9697	4309.468	1000.0	1000.0	929999	306.58456	94.93374	438.85556	-167.18684	306.58633	94.94314	435.5763	-132.10165	2.5208347	3.4839222	48.622066	-17.532034	-306.29718	233.498	143.35043	8805.377968788147	47.340741780496415
187	4515.2373	78.820015	4631.765	4387.2466	4422.8154	75.93821	4572.182	4299.466	1000.0	1000.0	934999	307.3924	95.266426	437.49283	-196.15935	307.39313	95.258125	445.01776	-181.58774	2.422635	3.5249062	60.679424	-13.365544	-307.00735	229.29985	140.8281	8851.293537378311	47.333120533489286
188	4588.7446	79.66501	4714.6206	4501.505	4619.3438	43.98632	4686.406	4546.5425	1000.0	1000.0	939999	307.68484	95.89304	444.3577	-178.99171	307.68582	95.88308	449.58185	-175.45801	2.378252	3.553291	69.55141	-13.951572	-307.053	226.65602	138.70885	8897.03820514679	47.32467131792231
189	4561.223	47.092236	4624.835	4484.1987	4817.3784	61.6947	4950.2295	4724.466	1000.0	1000.0	944999	307.9656	95.90764	457.30917	-192.33723	307.96844	95.884636	471.4902	-93.22976	2.4040596	3.5056114	55.88755	-12.544865	-307.43787	230.23364	140.65315	8942.878780841827	47.31681895886779
190	4591.3037	102.73671	4699.3125	4408.743	4646.643	69.45932	4722.822	4511.2056	1000.0	1000.0	949999	308.1102	96.82163	483.65683	-214.00372	308.11047	96.81901	506.0512	-268.3958	2.3669004	3.481746	58.56567	-12.647883	-307.65955	225.11	138.8923	8988.475067615509	47.30776352631418
191	3746.773	1661.0498	4959.1655	456.89035	4595.874	38.87537	4657.9253	4519.0303	841.2	1000.0	954999	307.91528	97.377914	494.34143	-233.61533	307.91318	97.378746	501.1141	-163.08163	2.376508	3.513874	62.4983	-15.615049	-307.373	224.0011	138.79652	9033.99914932251	47.29842487929379
192	4624.569	142.03258	4763.6514	4374.859	4936.6665	50.289143	5005.9287	4827.278	1000.0	1000.0	959999	307.9892	97.97764	521.49646	-159.55583	307.98987	97.985794	545.87317	-293.4283	2.3459978	3.4426715	52.524967	-12.449439	-307.35953	226.11307	140.3248	9079.371547698975	47.288393491258226
193	4514.458	62.144646	4571.893	4402.774	4257.325	23.753738	4298.7925	4221.495	1000.0	1000.0	964999	308.38892	98.22111	520.6646	-176.99603	308.38882	98.217705	518.0013	-184.19722	2.3948917	3.4927106	82.11519	-12.787001	-307.78113	227.3961	140.52884	9124.768684148788	47.2785942307408
194	4561.058	165.79715	4770.133	4297.97	4639.6665	38.460224	4703.152	4578.2153	1000.0	1000.0	969999	308.51666	98.694626	613.22815	-158.52509	308.51855	98.68716	551.8091	-126.10867	2.3478096	3.4467797	56.97013	-12.46025	-307.853	222.2472	137.7568	9169.991451978683	47.26799718743747
195	4507.347	101.32886	4660.9653	4395.285	4812.7197	46.055687	4872.3164	4718.4526	1000.0	1000.0	974999	308.88754	99.00403	510.11014	-173.61244	308.88724	99.00111	523.3677	-281.52463	2.4117103	3.4929168	61.037933	-14.983264	-308.3141	230.57443	141.63474	9215.207095384598	47.25747229625017
196	4553.718	192.2947	4863.651	4261.867	3974.9937	620.3457	4535.34	2921.8662	1000.0	907.6	979999	308.71652	99.46216	453.1503	-195.88565	308.7192	99.451256	453.37906	-209.45242	2.4233565	3.4955466	52.195644	-13.541062	-308.1969	226.0848	139.75821	9260.029924631119	47.24505064803727
197	4723.693	130.59015	4879.2017	4558.1704	4356.327	88.1981	4523.4995	4269.371	1000.0	1000.0	984999	308.95648	99.60156	459.96024	-170.78162	308.95575	99.60079	488.4443	-121.923615	2.4438975	3.512196	67.037834	-14.275169	-308.50305	232.91064	143.8245	9305.556159734726	47.23632569603509
198	4624.666	119.38137	4752.522	4407.593	4779.2285	34.30094	4838.4106	4722.929	1000.0	1000.0	989999	309.15793	99.5619	495.27023	-282.07507	309.15756	99.56786	528.3489	-150.68195	2.345107	3.4903164	68.16026	-13.457545	-308.6837	228.09558	140.97156	9350.854453086853	47.226537656302405
199	4519.263	111.78528	4694.5503	4376.989	4007.5906	1036.433	4964.7466	2189.1204	1000.0	845.2	994999	309.2304	100.03761	585.3213	-177.34698	309.2296	100.033394	567.8056	-268.66916	2.3792915	3.452063	54.385826	-13.349963	-308.80585	231.42645	142.31555	9395.618348836899	47.214162570148254
200	4057.8699	1058.5999	4652.0664	1699.7477	4794.652	18.03081	4822.471	4755.9736	907.0	1000.0	999999	309.59604	99.88981	570.37805	-159.20995	309.59702	99.892914	560.4138	-189.24907	2.3659942	3.4613385	62.46075	-13.316607	-309.05704	239.79222	147.61363	9440.971934556961	47.20485968589783
