Epoch	AverageEpRet	StdEpRet	MaxEpRet	MinEpRet	AverageTestEpRet	StdTestEpRet	MaxTestEpRet	MinTestEpRet	EpLen	TestEpLen	Time Steps	AverageQ1Vals	StdQ1Vals	MaxQ1Vals	MinQ1Vals	AverageQ2Vals	StdQ2Vals	MaxQ2Vals	MinQ2Vals	AverageLogPi	StdLogPi	MaxLogPi	MinLogPi	LossPi	LossQ	Time
1	2.8016777	6.3036103	34.06205	-10.55314	79.696686	13.652495	100.48052	56.236694	21.567568	193.3	3999	10.556026	8.460496	39.930862	-15.913462	10.5559	8.462721	38.609863	-14.930612	0.13388237	2.8863976	18.799433	-14.614597	-12.946653	1.8316842	20.888954639434814
2	1.9859469	5.7946258	46.83491	-8.78071	737.3526	195.5741	904.97565	384.20718	20.538462	787.3	7999	46.127686	17.717123	98.436005	-39.871635	46.128666	17.72491	98.808655	-50.443516	2.4377148	4.1085663	40.4134	-13.873481	-51.03647	15.112892	50.13425946235657
3	4.216697	13.613129	95.928406	-60.411663	39.72871	57.372707	207.70917	13.272311	28.333334	57.6	11999	75.11282	18.984232	127.71418	-60.527557	75.11566	18.997896	125.02874	-65.68273	0.89120716	5.3205113	53.90808	-15.53602	-80.005844	45.900913	75.66754674911499
4	125.31643	133.23602	436.14993	-25.955708	72.9579	281.55603	917.4043	-26.41833	144.75	199.1	15999	80.722404	21.79234	132.02527	-92.55479	80.72012	21.818775	134.00238	-53.051178	0.5191837	4.643881	49.578735	-12.376903	-84.685234	37.927128	108.01506185531616
5	42.857166	87.87347	359.1222	-25.572584	157.3905	86.79753	259.00504	38.508614	158.67857	163.4	19999	83.49375	25.336115	174.30914	-42.033302	83.49261	25.351469	179.63141	-42.67823	0.22925164	4.4384565	45.06291	-15.77904	-87.0449	36.100033	137.3672640323639
6	164.42772	97.29817	333.07745	-17.722284	146.99622	84.8246	309.92807	63.524105	174.39131	139.6	23999	85.98626	28.36006	172.34981	-51.588966	85.98538	28.36984	175.46915	-58.675983	0.29758555	4.164334	41.86307	-14.264036	-88.90028	44.517124	168.11689043045044
7	152.5635	93.94487	305.50223	-35.016937	284.4183	58.307995	389.63452	217.16296	144.78572	171.5	27999	88.55911	30.493792	162.15721	-71.665924	88.55732	30.500359	162.68683	-67.61002	0.64329857	4.1447363	55.007767	-15.8158865	-91.20862	51.832024	197.0476200580597
8	246.3523	157.4432	746.8487	8.4467125	326.8996	45.66315	410.23306	252.68144	191.75	213.2	31999	89.87033	30.74914	164.34225	-46.954132	89.87017	30.755095	162.54588	-48.2632	0.52535903	4.056804	44.698452	-13.452933	-92.19646	48.75265	232.45469760894775
9	206.80537	98.103035	371.17096	3.8455842	262.8455	66.20083	370.23865	169.3885	147.75	164.9	35999	90.71915	30.406267	160.18575	-60.64115	90.7193	30.415827	160.38718	-47.65413	0.33119956	3.9502897	44.580368	-15.164168	-92.72765	45.36305	261.20851492881775
10	228.47853	117.02712	476.58374	25.857904	229.1075	79.3699	387.74243	110.20256	165.5	141.4	39999	90.34153	30.77646	159.14449	-50.75532	90.34298	30.779367	157.30627	-64.56191	0.17780761	3.7923474	48.365314	-12.727873	-92.08829	42.640045	289.08220624923706
11	246.38062	63.346237	397.839	138.59576	208.93562	57.54701	282.4842	127.23564	142.64285	148.2	43999	89.92479	31.77567	164.22372	-58.978386	89.92723	31.782894	164.13875	-59.676357	0.2587207	3.6526036	45.95741	-15.599781	-91.58374	41.807068	316.4846467971802
12	236.5913	73.31833	407.90067	112.532135	237.5021	28.398134	311.7743	199.47949	145.96428	157.8	47999	91.18372	32.683628	164.57047	-63.64428	91.18689	32.680508	165.90538	-60.173782	0.3494441	3.5432556	47.57793	-12.659538	-92.75078	40.566242	344.33072566986084
13	205.33597	71.20931	378.71573	76.200935	150.57314	10.136735	169.0888	137.95879	142.85715	106.7	51999	91.10943	32.873905	161.05241	-112.906166	91.11179	32.875656	161.62196	-83.61584	0.2780163	3.5829399	50.046482	-14.129638	-92.52949	38.502064	372.0682909488678
14	239.16559	121.9326	515.86865	19.82665	127.668846	9.476827	144.29504	114.91389	164.41667	101.4	55999	90.33089	32.8048	174.40588	-45.785774	90.334	32.79952	169.05241	-53.757008	0.21635479	3.551816	43.30502	-13.720717	-91.63448	35.07208	400.1499044895172
15	250.02736	103.95048	486.8526	32.915497	421.46793	61.532394	509.36957	328.24094	145.03703	231.3	59999	89.06621	33.085163	170.88876	-73.85806	89.07026	33.080486	170.01897	-66.60329	0.07906479	3.4534576	51.046394	-14.920494	-90.299065	33.196903	429.19286942481995
16	269.52136	116.077	533.1692	16.695444	478.2063	118.66833	670.48395	284.0679	157.38461	338.9	63999	88.2753	33.318466	175.16159	-56.81918	88.27835	33.31535	171.55428	-72.96069	-0.0024205877	3.402487	42.520035	-13.17878	-89.4322	30.886736	459.08308005332947
17	290.10776	100.537674	575.0837	20.68317	446.17813	119.03245	694.9387	329.78275	154.03847	226.8	67999	88.77018	33.135048	171.8341	-63.66057	88.77237	33.13505	171.66222	-52.639038	-0.13173258	3.3631992	46.460506	-13.166529	-89.89438	30.40299	489.2640633583069
18	236.45285	171.49834	600.3287	15.640967	626.58795	242.28447	1110.0828	290.5472	124.53125	355.6	71999	89.75784	32.897976	173.42534	-50.10741	89.76024	32.90157	172.38911	-40.646088	-0.18527764	3.326991	45.650845	-12.355054	-90.84913	29.744827	520.2168576717377
19	337.75427	191.44687	736.35455	16.834642	553.96344	117.400566	793.46643	457.07422	161.36	237.3	75999	91.61911	33.31446	175.38136	-51.28209	91.62138	33.312595	176.35696	-48.016617	-0.2702925	3.2990415	51.64469	-12.753261	-92.64629	30.975319	552.026629447937
20	331.11438	198.0871	710.5585	30.664862	682.1942	241.91924	1014.91516	418.74112	159.875	518.1	79999	93.58892	33.675304	176.45854	-51.95661	93.59111	33.6764	177.95166	-56.472073	-0.34053788	3.2405741	45.342144	-16.88215	-94.60039	30.72152	586.1373853683472
21	384.1791	141.72206	594.31055	49.578518	105.51186	32.695225	130.64595	37.29715	202.85	76.8	83999	96.35126	34.50253	180.56557	-77.78909	96.35324	34.502205	181.42143	-50.280888	-0.31331858	3.3457468	43.23709	-14.485516	-97.380684	30.722336	619.4935164451599
22	375.43225	213.0305	950.2631	35.101746	210.73006	329.74933	1123.9272	22.41611	188.66667	116.9	87999	99.49835	35.364468	188.2888	-74.65985	99.50142	35.360065	187.12582	-80.14402	-0.29493845	3.3797133	45.2687	-14.723856	-100.520744	31.292185	653.2438609600067
23	391.25882	139.24252	663.7157	30.291124	23.32484	1.2046613	25.632793	21.776354	179.78261	37.5	91999	102.57033	36.372272	193.50288	-48.70776	102.57244	36.36963	190.28105	-56.882442	-0.2416095	3.3285913	47.11275	-14.358839	-103.60098	32.44518	687.2585365772247
24	352.0889	176.97029	608.20844	21.197842	558.26086	111.302864	744.2555	436.86646	155.76	241.7	95999	105.80217	37.556953	197.0106	-69.32479	105.80392	37.561695	194.42488	-109.972664	-0.2215675	3.3422844	58.489475	-13.733517	-106.80836	32.067677	721.3268678188324
25	420.6509	120.35881	681.1927	195.64325	110.31056	145.12534	418.27484	36.305862	187.13637	69.4	99999	108.1288	38.59632	199.76216	-67.20147	108.13101	38.594803	200.29565	-66.404655	-0.15280342	3.281561	47.690792	-13.091063	-109.125145	31.47771	755.6639943122864
26	417.0111	130.14902	694.7748	262.8725	423.5379	62.654633	559.5044	339.6376	185.38095	202.4	103999	111.05855	39.28787	204.71529	-92.91951	111.0591	39.28875	200.96024	-61.371777	-0.07361399	3.2578254	50.30745	-13.311025	-112.04722	32.275093	790.5150685310364
27	476.65662	142.14948	789.6505	174.66307	572.3441	29.618717	621.49786	506.9638	209.21053	232.8	107999	113.98262	40.05216	207.22546	-50.58325	113.98323	40.053898	208.07375	-65.354485	-0.08765621	3.2366326	51.751953	-13.751488	-114.97389	31.79116	824.6576974391937
28	398.41852	212.25824	865.3076	22.24515	453.19623	28.698277	491.24548	400.185	175.82608	202.9	111999	116.27811	41.061256	208.20422	-75.08893	116.27908	41.058296	208.63373	-68.78536	-0.12249758	3.2103868	48.59207	-13.903086	-117.22064	32.664448	858.8608422279358
29	406.8869	189.97394	771.774	54.563698	584.28156	285.72366	1343.8787	280.79617	179.22728	266.9	115999	118.40183	42.03519	209.51643	-57.797634	118.4024	42.0364	210.91971	-78.9532	-0.067565784	3.233431	47.497253	-13.516624	-119.32337	34.835606	893.6695368289948
30	511.93472	183.436	1070.1564	283.0084	713.1835	105.73569	882.9933	551.79	214.78947	251.9	119999	120.39044	42.548412	208.89757	-77.36328	120.39139	42.54519	209.05753	-60.508373	-0.014097438	3.2420862	56.74351	-15.489231	-121.29273	34.932312	928.1559028625488
31	605.9917	164.40012	1001.83813	375.62204	726.95465	168.2864	1189.1093	590.0261	254.9375	293.4	123999	122.42516	43.04801	210.8786	-77.64448	122.42535	43.049366	211.93819	-81.67339	-0.07017048	3.2082953	61.4301	-14.365301	-123.32313	33.114906	962.8050158023834
32	703.1308	418.8598	1929.4282	251.49104	694.4825	76.17207	801.998	575.22217	299.07693	267.0	127999	124.32038	43.55288	215.48532	-108.5247	124.32136	43.551502	216.52594	-77.56906	0.03319553	3.234888	53.248253	-13.365821	-125.18069	33.494076	997.6279559135437
33	720.8969	268.3286	1382.4839	340.04227	811.75323	310.24118	1344.4501	505.25006	300.15384	307.2	131999	126.41108	44.449123	216.62283	-99.85	126.41135	44.44803	220.1821	-124.29259	0.038048137	3.1918955	49.189228	-12.68031	-127.27938	35.13669	1032.4293444156647
34	782.9463	409.78317	1814.2933	392.97473	1079.2839	426.1346	1839.671	541.02576	330.58334	542.5	135999	128.64735	44.984604	219.58723	-72.92745	128.6474	44.987617	221.18112	-86.80621	0.050026674	3.1928804	56.623188	-15.531218	-129.49136	34.50704	1069.8795609474182
35	721.3805	370.56943	1596.6486	69.040634	1169.4675	453.4248	2338.279	759.2883	292.57144	474.0	139999	130.45818	45.854683	230.90834	-85.55872	130.45786	45.857925	231.23402	-76.08086	0.061360665	3.1386204	59.889915	-14.753026	-131.28172	35.057022	1108.536211013794
36	731.9118	234.61885	1326.4669	380.75037	888.2723	128.19104	1176.7809	771.2694	291.42856	315.8	143999	132.37135	46.58783	225.22783	-65.951965	132.3702	46.591686	223.5478	-92.0354	0.13441996	3.1857607	55.569786	-12.990093	-133.2046	34.65409	1146.359474658966
37	773.99567	278.7378	1438.4434	491.058	804.0315	848.34827	2465.6133	235.52824	306.08334	373.8	147999	134.65439	47.26083	229.23486	-89.8154	134.65305	47.264908	226.53465	-87.499146	0.1220578	3.1805568	61.60011	-13.147892	-135.47554	35.373306	1182.3035011291504
38	884.3406	507.35684	2336.3152	96.57757	995.70135	380.90564	1861.3983	580.2117	335.84616	407.8	151999	136.87457	48.03914	232.57834	-81.34277	136.87381	48.041	230.6304	-89.29967	0.11936747	3.146484	53.422638	-14.9740505	-137.68591	35.415886	1226.313538312912
39	830.0651	378.4236	1569.0227	35.188663	1252.0007	505.2774	2026.5901	594.72565	335.41666	638.9	155999	139.14287	49.115547	234.27388	-67.57829	139.14137	49.117104	235.08891	-87.35864	0.26794216	3.1356049	57.91992	-14.286783	-139.94743	36.44112	1264.762556552887
40	1100.071	656.22815	2483.4202	479.0998	1529.0627	534.8505	2136.0393	685.6465	429.1111	806.8	159999	141.76126	49.729305	238.50407	-93.80678	141.76064	49.732666	237.02695	-123.054436	0.30564415	3.175741	69.81348	-14.510889	-142.57397	35.952183	1301.7630484104156
41	1625.214	922.0664	2541.5579	420.19278	1269.0682	601.068	2905.6355	838.5723	663.0	416.1	163999	144.26672	50.414696	240.34613	-110.74537	144.26514	50.417854	239.92561	-125.246056	0.38330114	3.1377528	56.19958	-14.160215	-145.06793	38.922165	1337.6155438423157
42	663.8018	506.93912	1721.6484	26.30914	1651.2219	421.91354	2341.4265	1189.9854	285.84616	714.8	167999	146.86037	50.81216	245.27704	-96.97861	146.8595	50.812706	242.84769	-120.71261	0.39513066	3.1777434	53.265633	-14.863881	-147.66171	39.616383	1377.7141160964966
43	880.4891	476.55222	1894.7759	39.73755	1603.1428	859.013	2895.0398	430.23654	345.16666	546.4	171999	148.60945	51.88935	249.70584	-102.05587	148.60864	51.89192	247.62396	-121.30576	0.35722706	3.1336012	61.36907	-14.265357	-149.32619	38.60655	1416.9217131137848
44	1306.0637	845.0752	2804.6792	404.25134	975.6821	628.6424	2466.8982	416.1317	507.25	461.8	175999	149.83443	52.94924	260.72626	-94.16212	149.83388	52.95217	258.79266	-121.06273	0.44027042	3.157981	60.723244	-15.766529	-150.57452	41.40331	1456.3214280605316
45	952.78503	704.2835	2664.5073	150.75896	1627.2316	736.19086	2839.1907	690.01996	390.3	623.0	179999	152.02138	53.508034	261.41455	-84.861626	152.0204	53.509743	260.7064	-89.05095	0.48333758	3.16537	63.194473	-13.82694	-152.75089	41.606586	1495.9948191642761
46	1797.4844	969.8688	2961.771	47.0177	2602.859	65.01262	2665.3105	2449.6807	679.0	1000.0	183999	153.63602	54.190845	262.086	-112.459076	153.63545	54.19261	261.2157	-98.54466	0.48274958	3.19833	68.72946	-13.960442	-154.30984	43.292408	1536.2626857757568
47	1533.4293	999.23456	2699.4998	44.67829	2538.733	258.18848	2697.6863	1779.4845	589.1429	960.9	187999	155.21712	55.185646	271.13123	-140.36038	155.21613	55.18624	269.81192	-73.93526	0.5970702	3.1904314	64.85545	-12.757172	-155.93329	45.608257	1574.7230699062347
48	2139.9133	684.61	2800.2424	1042.4674	1797.5627	867.63855	2886.394	808.81177	779.6	630.0	191999	157.65456	55.305508	273.16934	-69.98265	157.6536	55.30943	271.3628	-62.5903	0.6587678	3.2458336	67.02906	-14.167408	-158.38075	44.75328	1612.454857826233
49	2251.3506	777.50104	2902.167	840.0885	2816.5725	742.2594	3297.409	1074.7915	843.2	888.9	195999	159.91704	55.550797	275.9973	-100.55289	159.91676	55.551388	275.44357	-117.7122	0.56750506	3.158795	62.630863	-14.886508	-160.6227	45.285984	1651.546510219574
50	1099.035	496.51678	1907.7019	455.5636	1103.5144	428.11444	1877.9456	431.8321	427.0	581.3	199999	162.07295	56.068813	280.88074	-238.57703	162.0731	56.065826	277.7806	-278.34546	0.6034819	3.1762557	43.46462	-13.385607	-162.74454	46.403965	1689.6934258937836
51	1330.2672	873.8358	2545.525	278.27515	2010.8777	693.75934	2441.4297	385.9064	511.5	861.0	203999	163.45084	56.5005	282.29208	-103.87907	163.45036	56.49998	281.39832	-110.62057	0.5350089	3.198201	57.76235	-14.039712	-164.11763	45.958263	1727.554797410965
52	1443.5021	931.5949	2617.0928	285.3411	341.00183	8.203179	358.39935	325.31265	578.5	162.8	207999	164.68233	56.92306	284.14517	-179.5758	164.68323	56.91311	288.02603	-141.01411	0.52412134	3.2167022	64.45406	-16.343689	-165.3391	47.53457	1762.692904472351
53	1969.392	900.1915	2858.0837	545.6435	2670.8052	33.725266	2719.1184	2603.8894	719.0	1000.0	211999	165.98938	57.27138	287.38596	-183.52737	165.98965	57.266987	282.7845	-108.07994	0.4869668	3.2849991	75.88397	-14.103792	-166.60812	46.33673	1801.8709104061127
54	1853.8693	870.7335	2625.5664	34.19574	2126.6924	888.32764	2827.4473	229.06868	700.3333	830.5	215999	167.82417	57.074852	285.36255	-134.03398	167.82407	57.07427	283.63382	-112.54559	0.5704067	3.3025966	61.799423	-14.70277	-168.48303	45.833336	1843.631296157837
55	1295.1752	908.30975	2527.5571	30.942415	2391.6755	931.0286	3124.795	530.70917	575.1667	825.5	219999	169.24788	56.970173	288.48203	-140.4028	169.24805	56.967422	285.47067	-107.60989	0.5158676	3.2352164	83.851456	-14.004493	-169.84065	46.56809	1885.5589590072632
56	2148.059	830.05096	2889.771	582.82715	1846.8135	1089.4318	3434.6636	667.75665	772.6667	565.3	223999	170.04602	57.76438	290.23492	-101.162926	170.04604	57.75924	287.84036	-138.9476	0.482356	3.2473664	66.45394	-13.912373	-170.62906	47.751987	1922.311996459961
57	2474.3867	718.4906	3011.4834	1237.0226	2678.4556	21.818453	2730.4944	2645.3018	853.5	1000.0	227999	171.58484	57.983418	290.3639	-95.92292	171.58516	57.98236	293.4802	-111.49022	0.60994005	3.2294347	65.73239	-14.450551	-172.21599	46.306458	1963.0784254074097
58	1720.694	1249.594	2898.008	34.337837	2504.5205	519.1955	2830.297	958.78107	641.7143	937.9	231999	173.34602	58.137012	291.30548	-112.165665	173.34636	58.13598	291.29648	-103.27193	0.5272506	3.256849	64.88702	-14.800512	-173.95218	47.470123	2004.2142081260681
59	2551.3801	211.23384	2851.365	2296.6855	1597.8073	762.09753	2869.588	607.9557	953.25	577.5	235999	174.96706	58.850155	293.224	-154.72841	174.96658	58.852936	295.11517	-89.34683	0.5719299	3.243348	79.60452	-14.694948	-175.55922	46.739105	2041.0342664718628
60	2604.544	329.63168	2883.0654	2060.0999	2949.224	62.20134	3065.1	2863.2527	887.0	1000.0	239999	176.3191	59.564697	296.60513	-96.238686	176.31963	59.56158	297.7966	-103.98111	0.5202609	3.2831001	97.25008	-13.583593	-176.89096	47.839985	2083.9381186962128
61	2059.1755	608.0882	2937.279	1207.2926	2637.6758	835.2543	3081.719	169.7241	739.1667	915.5	243999	177.86342	59.90314	296.5892	-109.2614	177.86221	59.89762	295.46982	-98.586136	0.49937785	3.2324426	56.910995	-13.95907	-178.43665	48.92435	2125.094460964203
62	2580.8613	603.4868	3072.2175	1547.8665	1598.0012	918.866	2764.282	601.8084	891.75	591.6	247999	179.38467	60.40468	304.18338	-132.32628	179.38422	60.402737	305.49258	-106.364	0.538454	3.198624	52.011906	-16.142227	-179.95547	46.861732	2165.1718521118164
63	2836.4172	111.47488	2956.8552	2670.3367	2987.623	32.978966	3014.7844	2896.1785	1000.0	1000.0	251999	181.00032	60.90924	302.463	-173.58093	181.00044	60.90787	304.44684	-154.0421	0.5815931	3.2238774	54.33067	-12.425957	-181.54456	47.096493	2206.7847492694855
64	2560.1584	742.44556	3063.1575	1087.6168	3022.3328	557.0717	3321.4749	1363.6202	882.0	945.1	255999	182.44354	61.61563	303.1161	-117.6058	182.44334	61.61095	307.8179	-115.68661	0.566698	3.1853836	60.640114	-17.146696	-182.97165	45.554	2248.8610360622406
65	2860.0034	131.6214	2990.0908	2658.7751	2063.233	775.08527	2765.4539	695.45514	1000.0	780.1	259999	184.14352	61.84069	304.31256	-121.85045	184.14429	61.83401	303.158	-121.53483	0.68301374	3.2609246	89.08845	-15.690669	-184.70647	49.397327	2289.278711795807
66	2585.8113	498.25494	2906.0813	1723.6912	2747.4158	999.23303	3653.8503	1323.8715	931.5	768.2	263999	185.91019	62.08099	296.9606	-112.70732	185.91078	62.082233	302.9028	-141.06589	0.641245	3.229443	80.076836	-14.047148	-186.46616	47.008312	2331.1650755405426
67	1923.3933	1152.4733	3083.0295	2.9503086	2190.433	967.78564	3263.9033	749.17816	630.7143	682.4	267999	188.01186	62.129055	302.0387	-114.385925	188.0121	62.12613	305.66428	-113.04996	0.6479963	3.2407975	62.757633	-14.041625	-188.55359	47.451435	2371.3626306056976
68	2411.1648	796.0974	3331.246	1302.9077	2891.0942	701.6434	3429.1106	1343.6517	798.4	867.2	271999	189.55846	62.771873	302.6911	-99.10584	189.55876	62.77452	307.929	-88.17836	0.69931024	3.2519612	58.81741	-16.454992	-190.1	47.58839	2411.217116832733
69	2775.965	394.60193	3062.8496	2104.1228	1396.3245	889.73065	3279.1577	742.4422	902.75	438.0	275999	191.34738	63.29102	306.01205	-127.499054	191.34718	63.287727	309.78525	-119.763855	0.7091689	3.2745233	76.43211	-13.851521	-191.88776	47.79794	2449.8812499046326
70	2006.4292	817.53973	2776.2004	746.18805	2912.1812	49.27789	2965.8413	2824.177	658.1667	1000.0	279999	192.77927	63.268135	307.90012	-139.95937	192.78062	63.26205	310.5379	-79.257195	0.7009008	3.247533	68.42304	-14.59902	-193.28151	48.882187	2489.1713106632233
71	3071.257	67.19036	3171.9614	2992.4885	3377.9004	51.47224	3452.9458	3306.639	1000.0	1000.0	283999	194.45822	63.251766	316.7921	-181.21947	194.45824	63.24601	311.15598	-204.994	0.7591973	3.246267	55.913433	-15.842623	-194.97832	50.104374	2527.5420503616333
72	3111.2751	79.56445	3209.021	3009.5168	2743.997	883.3726	3465.8958	1043.7239	1000.0	825.5	287999	196.34404	63.144432	312.38373	-131.18234	196.34392	63.1441	309.95688	-99.31875	0.7855032	3.3631306	61.49884	-15.96912	-196.85287	47.38954	2568.247725725174
73	2718.2427	499.2252	3169.5889	1788.2965	3023.5063	87.68126	3182.268	2892.668	884.6	1000.0	291999	197.7521	63.151913	317.3338	-129.13263	197.7528	63.14829	310.8133	-130.39395	0.7085681	3.282167	61.00257	-16.629112	-198.23515	47.52594	2609.5515773296356
74	2290.1548	946.0163	3122.1377	1001.8929	2925.416	79.65978	3095.644	2824.1338	756.0	1000.0	295999	198.7364	63.637344	315.03763	-242.28253	198.73596	63.636414	310.0566	-193.31921	0.7061089	3.2506769	60.971615	-15.076607	-199.23357	47.878017	2647.872953891754
75	2093.4602	1041.7432	3237.8965	692.397	1573.3928	757.6344	3262.3474	794.5974	678.3333	502.8	299999	200.43578	64.05599	315.2394	-158.37657	200.43578	64.05637	311.76163	-131.75125	0.79749703	3.3065631	81.20749	-14.1117935	-200.97047	48.212303	2684.43754196167
76	2270.1167	968.6477	3136.5632	433.34732	3121.0833	53.26539	3256.6372	3051.749	770.6	1000.0	303999	201.88335	64.411705	318.28363	-99.64454	201.88406	64.41013	319.4117	-171.5481	0.753203	3.313889	67.20554	-14.623766	-202.37054	48.29526	2723.38228058815
77	3036.021	79.984825	3157.1362	2950.842	2715.534	768.7069	3256.424	969.3979	1000.0	852.3	307999	203.82216	64.22234	322.09912	-77.98256	203.82365	64.2197	318.64902	-114.38957	0.79383093	3.368067	50.84047	-17.102192	-204.4174	47.883316	2764.598377466202
78	2976.2708	103.34502	3081.8413	2804.964	2990.981	53.509655	3080.813	2895.2534	1000.0	1000.0	311999	206.64732	63.8995	320.6252	-106.081955	206.64748	63.897114	319.25375	-89.67035	0.89864093	3.3717265	58.155087	-13.348566	-207.3152	48.426914	2812.766040325165
79	3088.8027	100.29212	3250.3975	2975.598	2874.1548	53.09578	2958.4158	2786.9636	1000.0	1000.0	315999	208.65936	63.93871	322.3554	-92.76831	208.66045	63.9326	320.49344	-94.29924	0.7712312	3.331235	72.636185	-14.566707	-209.22614	47.40813	2856.744255065918
80	2883.0786	536.822	3219.2764	1953.6982	3252.6252	36.775993	3341.5015	3205.0193	902.5	1000.0	319999	209.46777	64.39769	323.79282	-86.84016	209.46883	64.3933	322.84827	-102.637794	0.7200203	3.273317	75.403145	-14.26102	-209.94362	46.892204	2900.479181289673
81	3020.5369	302.8711	3268.5198	2435.2117	3391.395	33.326805	3457.04	3352.266	956.2	1000.0	323999	210.10332	65.257675	326.08234	-90.46368	210.10464	65.25616	328.32687	-108.205315	0.75650764	3.3325267	65.20536	-14.524933	-210.55006	46.214542	2947.1413645744324
82	3152.4312	68.77502	3231.2124	3047.9915	1224.5338	815.4526	3447.739	510.61322	1000.0	397.2	327999	211.56334	65.66426	323.91	-167.89755	211.56319	65.664825	322.50488	-121.145485	0.748371	3.3073256	60.49562	-18.374567	-212.02344	48.6315	2989.6143367290497
83	2560.2136	971.6018	3225.3662	882.93097	2603.7556	610.2299	3067.1372	1220.0825	835.5	869.7	331999	213.44464	65.20289	325.86594	-140.94232	213.4446	65.19622	323.24448	-129.82684	0.75909656	3.3508713	74.66758	-14.272343	-213.98279	47.904335	3030.0379297733307
84	3140.1943	137.97545	3334.3435	2951.3457	2843.0127	906.4714	3172.4448	124.1206	1000.0	911.5	335999	215.19743	64.64272	328.68042	-167.91519	215.19852	64.63851	325.99512	-203.52893	0.6686702	3.2564878	63.526623	-13.110529	-215.72046	47.596813	3071.001889228821
85	3136.7993	39.76793	3198.1436	3091.853	3314.1746	33.872677	3353.57	3258.9934	1000.0	1000.0	339999	215.68095	65.73777	330.3937	-165.70174	215.68112	65.73174	330.1734	-161.93579	0.71898305	3.239132	62.194866	-14.372635	-216.16042	47.701824	3113.117780447006
86	2790.5632	829.6016	3269.2817	1133.6344	2902.1074	22.060986	2942.7932	2861.5693	870.4	1000.0	343999	216.43396	66.64014	329.96536	-98.78197	216.43433	66.63549	326.95865	-87.271324	0.72730416	3.2758057	103.88002	-13.042576	-216.85222	46.571022	3154.9015243053436
87	2514.1714	1191.2	3173.556	133.09009	2966.9844	41.444336	3040.1704	2904.4854	818.4	1000.0	347999	217.43112	67.18064	329.59824	-119.60072	217.4318	67.178055	329.06253	-129.44635	0.7317326	3.2761912	55.943253	-15.963772	-217.90572	47.333378	3200.2081503868103
88	3106.0955	225.49188	3287.5974	2732.2021	3171.6375	428.81473	3540.214	2287.1677	958.75	917.7	351999	218.81943	67.45604	335.10464	-198.87361	218.8196	67.45541	333.7163	-103.430954	0.7116593	3.3047795	57.882706	-14.051876	-219.3045	48.436012	3243.6033611297607
89	2931.5415	818.56537	3566.936	1524.7972	3265.2566	60.131332	3387.7693	3164.68	885.25	1000.0	355999	220.52966	67.76275	335.56216	-98.701645	220.5295	67.76198	333.58478	-92.93272	0.6735339	3.2467628	61.115917	-12.771387	-220.97893	46.56285	3284.5973737239838
90	3199.7864	151.85417	3384.8992	2998.1252	3193.3506	41.445763	3249.6025	3110.5186	1000.0	1000.0	359999	221.74982	67.82871	339.90784	-102.01195	221.74942	67.82306	336.76175	-89.06118	0.6938833	3.2277846	60.04013	-13.873106	-222.22813	49.50228	3326.5236904621124
91	3183.6099	33.83345	3221.1816	3132.0667	3221.1218	34.19147	3277.9656	3165.582	1000.0	1000.0	363999	223.25465	68.22016	339.4437	-139.62738	223.25491	68.21931	340.0941	-193.21873	0.6971437	3.239425	57.067017	-13.728735	-223.7529	46.832806	3366.3217720985413
92	3311.1953	62.184345	3399.431	3223.6743	3025.9578	27.864122	3072.8337	2977.6624	1000.0	1000.0	367999	225.01189	68.87895	342.1573	-192.73445	225.01183	68.878586	340.2278	-97.16191	0.81525	3.2514658	74.192665	-13.2270775	-225.50262	48.303886	3406.2482266426086
93	2671.9524	1173.0863	3329.61	328.82126	1923.0746	1443.3032	3137.827	126.019264	836.8	642.3	371999	226.87202	69.00228	343.4324	-99.57701	226.87242	68.996925	338.89474	-77.33824	0.79481167	3.2595992	64.62945	-14.455479	-227.39667	48.25241	3447.8491775989532
94	3242.7122	74.52617	3340.1128	3132.1853	2522.519	1538.5092	3598.6868	126.65426	1000.0	731.2	375999	227.71846	69.57402	345.4113	-88.38973	227.71756	69.57258	341.9937	-139.37195	0.8628697	3.2942815	67.77909	-13.250345	-228.15813	49.747597	3486.1630239486694
95	3153.1497	189.41951	3406.1516	2879.2637	3359.0854	25.258133	3418.1365	3319.1658	957.0	1000.0	379999	229.01012	69.737144	347.16583	-104.90577	229.01035	69.73509	344.31635	-90.57205	0.8578551	3.260789	76.745804	-14.348737	-229.46965	47.32572	3530.6443433761597
96	2704.649	1306.4824	3619.9175	110.77594	3199.2456	58.20128	3344.561	3133.3462	816.2	1000.0	383999	230.4885	69.983986	347.13037	-87.46132	230.48927	69.98014	343.22214	-68.28577	0.8336698	3.1543438	66.60762	-14.594864	-230.9507	46.97441	3568.7529776096344
97	3290.035	39.124584	3322.194	3225.0723	3289.0593	77.51303	3454.49	3176.2751	1000.0	1000.0	387999	231.70068	70.39755	352.24475	-125.15045	231.6995	70.40022	347.1281	-118.33665	0.8147327	3.1682029	71.61182	-14.923431	-232.14035	47.5916	3609.9985432624817
98	3466.5571	154.67177	3699.3467	3287.9954	3613.9902	44.774387	3699.3025	3561.8303	1000.0	1000.0	391999	233.11194	71.08893	351.8606	-88.417114	233.11194	71.089676	349.06067	-107.39953	0.88446593	3.2578614	60.434116	-13.939755	-233.58861	47.840275	3651.3642959594727
99	3033.7117	884.6338	3618.505	1282.2882	3582.6711	90.90654	3701.5664	3367.8584	875.2	1000.0	395999	235.0668	71.04666	352.97202	-111.87839	235.06712	71.047005	351.67725	-131.33041	0.8646136	3.1961584	55.61705	-16.122026	-235.55507	49.640064	3690.7201495170593
100	3564.3862	76.619865	3683.0503	3487.7944	3627.6733	28.230606	3663.1135	3570.5303	1000.0	1000.0	399999	236.41785	71.5311	351.2454	-162.40546	236.41737	71.528946	349.5842	-150.46144	0.88514835	3.229637	55.3311	-13.669028	-236.87228	49.447773	3730.347842693329
