Epoch	AverageEpRet	StdEpRet	MaxEpRet	MinEpRet	AverageTestEpRet	StdTestEpRet	MaxTestEpRet	MinTestEpRet	EpLen	TestEpLen	Time Steps	AverageQ1Vals	StdQ1Vals	MaxQ1Vals	MinQ1Vals	AverageQ2Vals	StdQ2Vals	MaxQ2Vals	MinQ2Vals	LossPi	LossQ	Time	AVG Time Per Epoch
1	-316.62894	57.489082	-219.79672	-385.9055	-309.34232	14.687025	-286.5584	-329.26718	1000.0	1000.0	4999	0.68366945	1.6225573	10.167624	-8.090142	0.68368554	1.6210963	9.986931	-8.464252	-1.6298722	0.25136274	18.925485849380493	18.925487995147705
2	-282.3994	48.9081	-204.2675	-348.12152	-561.34534	41.372253	-494.21704	-629.50024	1000.0	1000.0	9999	4.9945884	3.906153	24.806705	-10.554974	4.994536	3.9066005	24.69312	-10.770942	-7.0123196	0.9036275	41.41107773780823	20.70553994178772
3	-462.87418	84.726845	-300.12106	-524.5865	-564.2186	52.75509	-491.35077	-682.0431	1000.0	1000.0	14999	9.040287	6.7576175	45.775627	-18.237894	9.040447	6.7561717	44.831676	-18.040998	-10.762787	1.9932129	65.35519909858704	21.785067081451416
4	-307.79517	343.41476	376.89877	-515.30554	-164.27367	346.98138	803.9071	-441.5906	1000.0	1000.0	19999	6.2397494	16.460072	40.689575	-57.59952	6.239676	16.459944	40.80311	-60.180977	-7.833025	2.4307046	89.12882232666016	22.282206118106842
5	777.3173	990.3486	2222.129	-405.6966	2431.0774	101.919266	2553.8677	2234.0095	1000.0	1000.0	24999	5.803359	19.606617	58.835693	-58.376667	5.803728	19.606096	60.051483	-61.76962	-7.06023	2.115589	112.81239080429077	22.562478733062743
6	2574.8413	250.3481	2935.7852	2177.2158	1645.8385	917.1038	2886.409	44.401672	1000.0	1000.0	29999	14.652747	26.758392	80.41487	-61.481647	14.653482	26.757814	81.23318	-64.77799	-16.129295	3.047406	136.3685793876648	22.728096922238667
7	1328.7205	990.14636	2574.4773	218.4502	1880.3474	1088.5223	2881.4773	78.67233	1000.0	1000.0	34999	25.35101	34.034767	102.4964	-59.576893	25.35111	34.03467	103.27198	-61.480167	-26.962606	4.6907315	160.02303051948547	22.860433169773646
8	2366.4243	1066.64	3041.5605	241.79326	3397.3008	96.318634	3535.6047	3179.633	1000.0	1000.0	39999	36.129837	41.154583	119.44058	-60.340736	36.129295	41.154903	118.82164	-61.96558	-37.767498	6.4802475	183.67370510101318	22.95921340584755
9	3257.4539	139.26411	3413.5588	2997.6174	3289.2168	578.0895	3588.9265	1572.77	1000.0	1000.0	44999	48.83685	48.52675	137.42587	-56.018963	48.836357	48.526688	137.03104	-58.921165	-50.69248	8.024382	207.28914856910706	23.032127883699204
10	3028.2207	753.3705	3543.2632	1532.4901	3596.569	53.457016	3677.9714	3482.7012	1000.0	1000.0	49999	64.47656	55.2725	154.0426	-57.21483	64.47648	55.2726	153.63112	-60.192516	-66.50936	9.47355	231.04917192459106	23.10491738319397
11	3523.1118	85.21733	3668.0251	3423.69	3429.582	58.490604	3516.2273	3343.0818	1000.0	1000.0	54999	79.09921	61.15497	173.23239	-60.556747	79.098915	61.15521	172.97928	-60.738853	-80.90984	10.369296	254.65753650665283	23.15068531036377
12	3620.6965	114.26836	3763.0115	3436.9102	3856.9565	83.31612	4020.476	3722.417	1000.0	1000.0	59999	94.473434	65.899605	187.90894	-54.92132	94.47366	65.89945	186.62814	-55.74074	-96.46956	11.007592	278.3144054412842	23.192867298920948
13	3682.3452	148.22548	3847.622	3422.5916	3453.7612	1034.5328	4066.5571	470.66788	1000.0	1000.0	64999	109.57859	69.76414	200.151	-59.327686	109.57856	69.76378	199.58615	-58.565987	-111.82576	11.91088	302.0939848423004	23.237999017422016
14	3840.9836	59.949158	3955.501	3781.7458	3830.5515	71.54545	3924.108	3723.966	1000.0	1000.0	69999	124.04194	73.36115	215.88045	-58.40209	124.04221	73.36014	215.09138	-59.170605	-125.97035	12.874722	325.7923381328583	23.27088143144335
15	3918.5503	100.24975	4087.2812	3775.2246	3965.4343	65.0542	4030.9407	3807.897	1000.0	1000.0	74999	138.29123	76.35962	226.56999	-60.853416	138.29123	76.35881	225.81082	-66.63983	-140.32176	12.794753	349.38290071487427	23.29219349225362
16	4028.5132	85.51341	4111.585	3876.9006	4004.0535	92.19664	4089.718	3749.175	1000.0	1000.0	79999	151.75792	79.17105	238.56094	-67.452965	151.7582	79.17058	237.72116	-61.757717	-153.77608	13.110937	372.9561445713043	23.30975916981697
17	4078.6255	94.11421	4198.943	3919.5527	4128.601	97.300125	4291.002	3922.572	1000.0	1000.0	84999	164.54045	81.78715	250.04929	-70.60912	164.54062	81.7862	250.3599	-67.77089	-166.6145	13.063073	396.78385853767395	23.340227099025952
18	4102.906	22.393606	4135.6836	4070.7778	4430.139	77.31915	4559.7314	4267.5635	1000.0	1000.0	89999	176.70822	84.176	263.9337	-68.87744	176.70822	84.17456	263.88187	-66.53105	-178.61496	13.626708	420.43437099456787	23.357465187708538
19	4133.5713	20.248535	4167.998	4112.896	4254.1533	138.6564	4434.7847	3932.6177	1000.0	1000.0	94999	188.24132	86.056465	271.8147	-75.38542	188.24124	86.055855	270.9009	-72.35008	-190.58958	13.706506	444.0735287666321	23.372291100652593
20	4112.997	90.93003	4237.297	3980.9944	4329.9927	113.08869	4507.446	4111.7954	1000.0	1000.0	99999	199.06784	87.60412	283.1458	-68.48141	199.06828	87.60313	281.4599	-64.75798	-201.11159	13.881354	467.5691018104553	23.378455173969268
21	3439.4524	1274.3301	4252.463	914.296	4151.249	107.32043	4280.5796	3891.8523	1000.0	1000.0	104999	208.56738	89.586914	292.03262	-75.78869	208.5671	89.5864	291.92444	-75.18436	-210.7386	14.180103	491.2677800655365	23.393703892117454
22	4148.996	75.9445	4274.0312	4046.3816	4182.133	1081.0751	4694.1313	947.9439	1000.0	1000.0	109999	216.64653	92.2787	300.76764	-68.74367	216.64603	92.28	299.90695	-72.85574	-218.15637	15.710206	515.0535876750946	23.411526799201965
23	4387.7886	57.39137	4445.7344	4289.6772	4426.1865	81.050804	4501.8843	4275.778	1000.0	1000.0	114999	225.85536	93.79424	307.21933	-74.94821	225.85474	93.79473	309.56674	-80.96865	-227.58861	16.894602	538.6804912090302	23.420890994693924
24	4379.275	134.14796	4469.573	4112.807	4706.341	82.66796	4821.964	4524.979	1000.0	1000.0	119999	234.83987	95.1139	315.07623	-55.84006	234.8394	95.114655	316.94302	-65.40712	-236.4339	17.814962	562.5135447978973	23.43806446592013
25	4476.4297	30.460537	4526.3735	4435.1934	4401.5664	1022.8277	4819.3267	1335.9407	1000.0	1000.0	124999	243.90868	95.80653	322.67334	-44.379215	243.9087	95.805954	323.3297	-46.053223	-245.97226	16.210564	586.0684146881104	23.44273666381836
26	4492.806	61.805298	4611.9214	4436.699	4704.402	86.35007	4870.6113	4582.4336	1000.0	1000.0	129999	252.13322	96.90248	331.39914	-65.2918	252.13335	96.902	330.86954	-55.097553	-253.59804	15.7424345	609.7985048294067	23.453788729814384
27	4553.786	54.796814	4633.756	4466.9673	4751.255	78.505264	4868.0146	4625.031	1000.0	1000.0	134999	260.8016	97.101456	338.97885	-49.92883	260.8019	97.09979	339.95456	-46.8985	-262.92218	15.441428	633.2211925983429	23.45263683354413
28	4630.8564	51.1876	4681.312	4568.1636	4854.5293	90.01859	5036.2026	4721.664	1000.0	1000.0	139999	268.7873	97.933685	347.0401	-94.80337	268.78748	97.93246	346.69684	-53.79589	-270.42792	15.459692	656.7395021915436	23.45498228924615
29	4667.949	61.948532	4770.705	4588.6685	4877.8477	106.55153	5060.414	4661.959	1000.0	1000.0	144999	276.27325	98.90614	354.34576	-52.797897	276.27325	98.90546	353.36536	-53.566113	-277.94626	14.888972	680.3663396835327	23.460908338941376
30	4699.6553	56.188362	4805.4844	4652.6357	4917.9043	53.357227	5010.4663	4851.4854	1000.0	1000.0	149999	283.9882	99.30845	361.30807	-46.80401	283.98788	99.30838	361.17896	-44.923977	-285.7119	14.56439	704.0889134407043	23.469630511601768
31	4605.3984	145.11047	4765.9966	4383.5166	4545.766	1025.9031	4941.1826	1468.9668	1000.0	1000.0	154999	291.11368	99.71063	367.71765	-46.003223	291.11362	99.71054	368.52112	-45.598083	-292.77426	14.7896595	727.5464794635773	23.46924134992784
32	4841.9834	43.584965	4889.0327	4770.475	5193.346	34.466488	5252.3955	5142.6733	1000.0	1000.0	159999	297.636	100.68105	375.35562	-46.930862	297.6364	100.67963	374.18213	-48.48903	-299.8704	14.845126	751.1174247264862	23.47241958230734
33	4886.2974	50.287624	4970.835	4836.8193	5029.803	36.67712	5088.622	4985.391	1000.0	1000.0	164999	304.4319	100.88636	380.2812	-48.690536	304.43213	100.885605	380.37317	-50.250526	-305.97653	14.503797	774.500782251358	23.469720739306826
34	4925.7397	59.138184	4989.4004	4813.3447	4865.6304	570.35156	5228.85	3179.8997	1000.0	1000.0	169999	311.01492	101.31586	385.86008	-58.945896	311.0153	101.31481	387.09988	-51.131023	-312.7436	15.436491	798.1544072628021	23.4751297305612
35	4854.504	80.820786	4946.871	4745.078	5073.2812	87.48372	5187.8203	4883.538	1000.0	1000.0	174999	317.07043	101.90805	393.9722	-62.331917	317.07074	101.90718	394.29785	-62.1949	-318.63898	15.1977215	821.7387404441833	23.478249781472343
36	4981.3306	66.544815	5044.3193	4887.6626	5218.204	90.399345	5338.8125	5015.916	1000.0	1000.0	179999	323.3435	102.06261	401.8177	-72.967834	323.34363	102.0614	400.91574	-60.745117	-324.98038	16.312952	845.5777544975281	23.488271017869312
37	4881.479	172.94006	5051.8486	4556.5405	5378.3984	116.47647	5505.694	5058.038	1000.0	1000.0	184999	329.3641	101.978195	405.8078	-67.57423	329.36423	101.97805	403.89432	-73.65456	-330.8007	15.947322	869.4461007118225	23.4985433204754
38	5077.619	59.765144	5187.0654	5007.0615	5235.5645	42.79913	5297.7383	5175.103	1000.0	1000.0	189999	334.65787	102.43867	413.02054	-68.047066	334.65833	102.43731	412.0266	-63.03067	-336.57867	16.68614	893.1023404598236	23.502693226462917
39	5218.877	31.436144	5250.252	5162.829	4916.6	1090.6664	5644.6665	2381.4666	1000.0	1000.0	194999	340.33243	102.52491	423.53418	-61.982132	340.33252	102.524414	421.6476	-62.048515	-342.1074	17.278757	916.8119480609894	23.507998711023575
40	5281.382	93.61091	5442.1255	5178.6787	5480.9307	49.000565	5590.5303	5407.61	1000.0	1000.0	199999	345.94077	102.92135	427.75473	-62.01544	345.94122	102.919685	427.877	-64.16811	-347.93073	17.65129	940.378536939621	23.509463465213777
41	5308.3896	60.88091	5370.0654	5203.839	5284.1367	48.223835	5364.822	5194.9785	1000.0	1000.0	204999	351.36115	103.23458	436.3548	-65.30025	351.36063	103.23482	436.84665	-70.78326	-353.197	19.1116	964.0420360565186	23.5132204381431
42	5050.801	350.4745	5362.946	4380.874	5574.835	132.90141	5756.734	5281.9956	1000.0	1000.0	209999	356.57254	104.018005	442.45578	-60.512375	356.57272	104.01725	442.597	-68.14495	-358.3368	19.349371	987.5837562084198	23.513899002756393
43	5302.25	160.80359	5518.621	5104.8994	5535.4326	76.67881	5634.0376	5413.8374	1000.0	1000.0	214999	361.85416	104.53343	449.13403	-59.187286	361.85376	104.5334	448.46835	-59.69758	-363.69427	19.744566	1011.248925447464	23.5174169152282
44	5351.6846	147.04323	5517.6323	5081.697	5647.8457	70.99017	5743.336	5479.0664	1000.0	1000.0	219999	367.49496	104.47887	454.28564	-70.88448	367.49518	104.479416	454.2116	-60.778717	-369.15286	19.989656	1034.842797756195	23.519154543226417
45	5484.207	113.52675	5600.4756	5301.349	5798.8594	74.86249	5922.459	5663.02	1000.0	1000.0	224999	372.06708	105.55263	456.7184	-64.56195	372.06735	105.552444	457.2748	-67.71013	-373.5199	20.624842	1058.4815456867218	23.52181216345893
46	5432.6904	99.85217	5519.166	5237.702	5879.8525	63.15965	5979.036	5786.4336	1000.0	1000.0	229999	377.25638	104.962906	460.2072	-67.0391	377.2561	104.96278	460.9143	-65.865295	-379.06787	19.974228	1082.008776664734	23.521929968958315
47	5518.5005	116.95242	5709.57	5362.3335	5890.652	86.54299	6011.4785	5725.453	1000.0	1000.0	234999	382.04892	105.274345	466.16415	-75.19628	382.04892	105.27415	466.605	-70.33015	-384.1417	20.394493	1105.5751349925995	23.522875253190385
48	5683.1787	79.99161	5768.243	5554.4897	5835.46	65.02108	5902.5127	5718.1323	1000.0	1000.0	239999	386.97327	105.48859	471.0266	-78.032585	386.97308	105.48965	468.818	-72.41184	-389.07874	19.776777	1129.231252670288	23.525651142001152
49	5589.042	64.87863	5676.58	5494.0146	5902.9136	65.154495	5972.145	5736.8384	1000.0	1000.0	244999	391.76498	106.17735	474.70526	-73.27213	391.76483	106.17833	474.84314	-74.82783	-393.85635	20.24977	1152.6821236610413	23.52412501646548
50	5695.551	79.16265	5830.343	5600.216	5932.601	131.30598	6125.8066	5688.364	1000.0	1000.0	249999	396.52438	106.68905	478.94626	-81.141495	396.5242	106.69003	479.72995	-71.16884	-398.25848	20.436943	1176.3387150764465	23.526774339675903
51	5621.3853	106.74109	5800.7456	5493.962	5786.099	101.8041	5934.6406	5576.8613	1000.0	1000.0	254999	401.36108	106.54854	488.7444	-73.67506	401.3612	106.5491	489.47333	-70.74466	-403.4767	20.831385	1199.9805891513824	23.529031197230022
52	5682.5967	81.82363	5768.2363	5553.789	6194.0747	81.353195	6323.8853	6041.0767	1000.0	1000.0	259999	406.13098	107.12002	493.3762	-83.165695	406.1308	107.11996	492.46112	-83.15661	-408.00198	21.488308	1223.74551653862	23.533567662422474
53	5824.6772	111.26445	5935.2075	5652.359	6189.8755	70.31584	6313.187	6093.2324	1000.0	1000.0	264999	410.3601	107.926025	496.41678	-77.17731	410.3602	107.92552	495.15268	-85.81123	-412.1419	21.45554	1247.1616384983063	23.531351705767072
54	5893.029	124.863945	6111.9756	5723.327	6246.1875	131.972	6436.9185	6032.7246	1000.0	1000.0	269999	415.33057	107.62921	503.6664	-79.0113	415.33057	107.62927	504.41696	-78.625114	-417.6742	20.992226	1270.8015806674957	23.533362640274895
55	5988.2334	80.509026	6086.092	5848.781	5783.8535	647.32764	6258.9346	3895.3716	1000.0	1000.0	274999	420.1236	108.04863	507.73065	-80.52035	420.12378	108.04861	508.74634	-83.84336	-422.2757	20.881021	1294.3772039413452	23.5341310154308
56	6102.7563	94.95214	6202.0723	5923.5166	6245.746	453.16956	6558.831	4907.9824	1000.0	1000.0	279999	425.09244	108.36378	515.6346	-81.26804	425.09247	108.3633	513.33496	-94.28636	-427.11566	21.70761	1317.8822708129883	23.533612017120635
57	6136.6807	81.112625	6234.96	6026.669	4410.233	1912.2765	6212.5596	671.5761	1000.0	1000.0	284999	429.91092	108.74284	524.4871	-95.30619	429.91104	108.74349	526.5033	-92.335785	-431.7804	22.38034	1341.7821972370148	23.54003858148006
58	6153.8545	153.12251	6277.716	5877.636	6569.475	95.83008	6704.9873	6422.223	1000.0	1000.0	289999	434.68646	109.04706	528.7903	-91.36052	434.68652	109.04659	530.6269	-89.02774	-436.90332	23.58366	1365.2303273677826	23.53845395713017
59	6338.728	51.503166	6429.7646	6276.854	6661.5117	70.963776	6744.733	6479.9185	1000.0	1000.0	294999	439.1974	109.769966	531.86615	-97.66421	439.1972	109.77009	535.93726	-96.836105	-441.27197	23.92116	1389.0192141532898	23.54269858133995
60	6238.8877	103.821236	6432.639	6140.9663	6892.525	81.12752	7017.645	6754.1763	1000.0	1000.0	299999	443.99847	109.83718	537.1936	-100.77883	443.9984	109.83733	536.7684	-104.40444	-446.23962	24.220612	1412.43346118927	23.540557714303336
61	6405.163	50.816673	6455.758	6316.7275	6831.021	76.01008	6932.255	6702.144	1000.0	1000.0	304999	448.22742	110.65362	543.63666	-104.659615	448.22766	110.65293	542.4851	-96.08657	-450.4411	25.051975	1436.2742455005646	23.545479469611998
62	6403.6885	157.49811	6598.482	6124.022	6725.9663	96.936646	6902.9844	6533.6553	1000.0	1000.0	309999	452.71875	111.39616	545.32184	-107.68065	452.7186	111.39623	546.56384	-94.02383	-455.0498	25.724995	1459.8046238422394	23.545235899186903
63	6408.944	98.75592	6540.236	6284.865	6781.811	86.81523	6899.606	6553.1816	1000.0	1000.0	314999	457.9053	110.5823	552.783	-92.28993	457.90524	110.58236	551.9863	-96.36517	-460.02087	27.926579	1483.5011568069458	23.54763744747828
64	6311.5654	88.9046	6424.8896	6217.885	6670.868	121.67001	6818.4014	6425.206	1000.0	1000.0	319999	462.241	110.51429	557.2061	-93.31295	462.2408	110.51486	558.2075	-96.45648	-464.685	26.07026	1506.985631942749	23.546650525182486
65	6470.2314	93.25996	6609.6245	6337.4536	6950.9404	117.51435	7167.5527	6767.534	1000.0	1000.0	324999	465.89722	111.644775	560.53906	-102.66668	465.8972	111.64477	559.6043	-101.329254	-468.2945	26.802126	1530.7900395393372	23.550616022256705
66	6449.9443	149.83653	6708.216	6285.3804	6866.6313	51.75263	6946.07	6789.2173	1000.0	1000.0	329999	470.15558	111.68962	563.91595	-120.32805	470.1554	111.69046	561.1475	-112.478874	-472.43375	26.938913	1554.4078629016876	23.551634315288428
67	6479.9253	96.40007	6573.7744	6300.1206	6849.5303	125.148125	7082.549	6665.9526	1000.0	1000.0	334999	474.2119	111.306816	565.2096	-111.07507	474.21222	111.3068	564.71466	-111.402	-476.4528	25.481365	1578.0090625286102	23.552374096059086
68	6467.036	104.679344	6602.033	6304.7134	6539.6865	212.37169	6734.2695	6007.7485	1000.0	1000.0	339999	477.95773	111.40321	568.1019	-116.85194	477.95737	111.40352	568.4505	-117.92467	-480.15353	26.14165	1601.4863719940186	23.551270207938025
69	6558.159	62.93859	6645.8877	6467.924	6890.661	73.518425	7003.3335	6759.132	1000.0	1000.0	344999	481.48428	111.642944	570.5791	-98.38307	481.48422	111.643524	571.7812	-102.2132	-483.71817	26.451046	1625.2335920333862	23.554110057112098
70	6598.2188	47.744953	6654.774	6543.9375	7153.0757	70.25815	7233.2734	6980.088	1000.0	1000.0	349999	484.9515	112.28434	574.49054	-113.16977	484.95163	112.28431	574.8938	-118.85131	-487.31396	27.343409	1648.6266496181488	23.551809307507106
71	6624.417	59.77718	6684.9004	6528.939	7070.5405	61.943428	7193.3745	6964.9473	1000.0	1000.0	354999	488.51062	112.38206	578.3175	-116.97351	488.51053	112.38179	578.8626	-112.798706	-490.57327	27.535744	1672.3112790584564	23.55368001024488
72	6544.6675	58.14962	6617.1523	6466.8906	7034.7656	80.83507	7213.3306	6951.4546	1000.0	1000.0	359999	491.52496	112.91506	581.306	-106.19054	491.5251	112.91514	582.1092	-112.529785	-494.0643	27.660006	1696.0532069206238	23.556294570366543
73	6540.2705	166.31715	6689.958	6235.674	7093.34	70.49414	7200.38	6969.6636	1000.0	1000.0	364999	495.06934	112.00274	585.8357	-108.26632	495.06918	112.002144	583.8782	-113.03733	-496.79633	26.940891	1719.5956420898438	23.556104712290306
74	6678.0835	19.257233	6700.5674	6644.6997	7163.866	69.87072	7277.997	7053.3057	1000.0	1000.0	369999	498.38953	111.32664	586.25385	-134.93872	498.38977	111.32659	587.18195	-123.665215	-500.2478	26.144207	1743.471110343933	23.560420442271877
75	6603.999	71.181015	6707.489	6505.5625	6930.3525	185.72014	7097.9287	6414.567	1000.0	1000.0	374999	501.2856	112.24045	589.25665	-128.56409	501.2856	112.24034	589.2454	-143.00304	-503.27267	26.767744	1767.0781631469727	23.56104219754537
76	6692.689	71.789505	6795.164	6602.9746	7034.966	378.4607	7313.381	5937.1294	1000.0	1000.0	379999	503.9571	112.46556	594.7009	-147.26859	503.95758	112.464355	593.97516	-143.40901	-505.90805	26.755306	1790.6979956626892	23.561815760637586
77	6697.611	44.739857	6748.3916	6618.8784	7207.911	41.670753	7273.865	7165.927	1000.0	1000.0	384999	506.79132	112.72782	595.74994	-166.61897	506.7914	112.72783	597.6601	-166.83325	-508.93646	25.761663	1814.3206624984741	23.562606028148107
78	6660.1797	64.69375	6732.8228	6555.3657	7006.475	72.56558	7125.16	6858.2964	1000.0	1000.0	389999	509.5906	112.42232	596.9086	-184.77376	509.59064	112.42143	597.4436	-195.26248	-512.0251	25.66102	1838.094244480133	23.565310854178207
79	6666.8213	68.26492	6775.0933	6587.5947	7162.178	69.05253	7301.3584	7080.6865	1000.0	1000.0	394999	512.24243	112.47341	601.02356	-163.51117	512.24286	112.47226	599.92316	-160.41031	-514.6558	25.492031	1861.7353086471558	23.566269753854485
80	6711.642	127.29947	6820.562	6466.1523	7187.2783	55.50703	7274.225	7097.522	1000.0	1000.0	399999	514.91693	111.91477	602.698	-164.4042	514.91693	111.91425	604.3383	-176.34267	-516.9394	26.569374	1885.5209367275238	23.569011732935905
81	6736.508	43.963425	6783.958	6676.4624	7252.1143	50.651554	7314.76	7157.058	1000.0	1000.0	404999	517.65125	111.613014	606.1177	-161.89417	517.6514	111.61238	605.5219	-159.53734	-519.8536	26.3773	1909.0932738780975	23.569052787474643
82	6754.6357	109.04092	6911.3955	6590.275	7325.0454	32.43022	7383.139	7273.2305	1000.0	1000.0	409999	519.8629	112.02481	608.8431	-160.80144	519.8634	112.02258	609.26056	-167.00584	-522.10895	26.69632	1932.8501658439636	23.571343509162343
83	6740.911	65.198296	6839.361	6655.262	7286.376	69.79747	7386.4355	7158.9155	1000.0	1000.0	414999	522.20044	111.430916	610.88684	-154.0287	522.20056	111.43118	612.19696	-148.4188	-524.3778	26.824966	1956.4074246883392	23.571173817278392
84	6766.581	71.74974	6829.057	6636.21	7209.822	38.8725	7271.913	7141.5146	1000.0	1000.0	419999	524.4374	111.46084	614.11597	-137.56029	524.43756	111.45988	612.97736	-141.63982	-526.4138	26.129128	1979.878650188446	23.569983956359682
85	6726.2095	36.09575	6784.4243	6686.7803	6985.728	72.661865	7133.8306	6859.402	1000.0	1000.0	424999	526.5627	111.64211	612.9087	-148.6685	526.5624	111.64241	612.0809	-155.90399	-529.0339	25.878122	2003.624413728714	23.572051945854636
86	6763.04	78.25372	6886.662	6671.5317	7214.229	52.63194	7273.6475	7134.343	1000.0	1000.0	429999	528.71	111.4796	615.2028	-168.50256	528.7097	111.479675	615.66595	-162.04782	-530.44354	26.015024	2027.1037735939026	23.57097413650779
87	6805.4736	79.40475	6863.8916	6650.6157	7314.6133	41.146965	7370.59	7232.697	1000.0	1000.0	434999	530.49725	111.73639	617.2525	-170.10046	530.49774	111.735245	616.4779	-178.48607	-532.6924	25.978449	2050.869166135788	23.573208830822473
88	6765.583	93.22985	6894.952	6640.039	7260.59	44.13053	7352.201	7189.2812	1000.0	1000.0	439999	532.8908	111.408775	618.8975	-184.60236	532.89087	111.40883	620.1519	-190.29427	-534.7862	25.799332	2074.5818033218384	23.574793241240762
89	6786.796	115.41427	6968.7	6630.045	7232.521	75.670235	7335.293	7091.5903	1000.0	1000.0	444999	535.0243	110.98081	618.6606	-173.94638	535.0243	110.97977	618.73474	-179.31564	-536.84094	25.675665	2098.289432287216	23.57628577746702
90	6765.3936	125.85137	6841.7812	6514.9185	7165.3076	65.09286	7251.458	7052.4175	1000.0	1000.0	449999	536.7167	110.32133	620.2508	-159.83405	536.71686	110.32118	620.7911	-158.67726	-538.7504	25.821905	2121.774833679199	23.575275950961643
91	6769.35	56.125587	6838.4663	6708.617	7232.1904	52.628826	7308.5923	7145.2314	1000.0	1000.0	454999	538.70135	109.81007	621.9033	-180.22862	538.70123	109.80921	621.3117	-186.0077	-540.54156	25.131672	2145.7906291484833	23.58011682478936
92	6779.3955	67.28514	6869.102	6685.926	7180.3257	63.879387	7302.91	7097.183	1000.0	1000.0	459999	540.4511	109.52037	623.6038	-176.22757	540.4516	109.51929	623.7478	-178.58102	-542.3049	24.816187	2169.3582260608673	23.579980741376463
93	6801.486	43.96726	6879.944	6759.5347	7221.507	52.635933	7285.681	7084.871	1000.0	1000.0	464999	541.7961	109.63384	625.2832	-149.66754	541.7959	109.63393	623.8445	-146.5476	-543.78424	24.505953	2193.1947498321533	23.58273926857979
94	6778.5205	52.51651	6864.097	6721.416	7194.801	51.46991	7268.186	7095.85	1000.0	1000.0	469999	543.2456	109.485634	625.349	-156.32707	543.246	109.48543	627.85144	-147.40659	-545.2114	24.665165	2216.7423384189606	23.582365327693047
95	6799.7344	48.88409	6887.498	6753.024	7256.159	81.9733	7402.662	7138.7764	1000.0	1000.0	474999	544.8861	108.67675	626.2659	-156.3546	544.8861	108.677124	627.0642	-164.94553	-546.7208	24.56729	2240.5879650115967	23.585136496393304
96	6889.8647	57.926388	6944.214	6780.6426	7156.651	78.319954	7303.263	7037.5254	1000.0	1000.0	479999	546.137	109.41855	627.9735	-159.78752	546.13684	109.41853	628.13184	-148.73645	-548.2136	24.97456	2264.22780919075	23.585706368088722
97	6830.9297	85.253296	6971.551	6731.0864	7065.664	67.00514	7148.5605	6908.0684	1000.0	1000.0	484999	547.84247	108.43929	629.8488	-162.98663	547.8422	108.44031	630.1646	-175.79419	-549.9529	24.297394	2287.9245870113373	23.586851432151402
98	6785.267	101.483055	6898.1284	6601.35	7191.4663	58.416496	7301.487	7087.218	1000.0	1000.0	489999	549.14343	108.45559	629.7773	-170.60924	549.14355	108.45532	630.44885	-184.96378	-550.9321	24.474005	2311.478394508362	23.586514251572744
99	6856.414	116.52645	6950.383	6628.659	7010.042	48.91937	7079.7725	6907.0854	1000.0	1000.0	494999	550.4882	108.2223	630.6032	-153.55493	550.48834	108.22106	631.76025	-165.2384	-552.09656	24.093172	2335.2542881965637	23.58842717517506
100	6822.0327	117.50477	6973.6436	6646.155	7279.004	49.19239	7381.0254	7201.1714	1000.0	1000.0	499999	551.82605	107.563324	632.0561	-157.38222	551.8257	107.56368	633.2019	-160.8329	-553.8334	24.3579	2358.97043299675	23.589704349040986
101	6827.4595	35.437054	6869.1733	6783.0776	7209.251	45.664474	7258.52	7108.8086	1000.0	1000.0	504999	553.1267	107.13963	632.58575	-164.66884	553.1271	107.13907	632.93854	-158.6633	-555.39246	24.159937	2382.52965092659	23.589402503306324
102	6834.6846	32.21815	6869.6855	6783.8257	7313.6655	67.22674	7388.8936	7194.7827	1000.0	1000.0	509999	554.31744	106.8425	632.98236	-159.22491	554.3174	106.841705	635.1278	-154.00192	-556.43567	23.861963	2406.1360154151917	23.589568799617243
103	6821.8867	121.12818	7014.7725	6677.683	7236.664	60.447807	7332.733	7135.5015	1000.0	1000.0	514999	555.1968	107.09384	634.84735	-149.38449	555.19714	107.09327	634.48114	-145.5693	-557.08417	24.17959	2429.7103538513184	23.58942093201054
104	6866.493	30.803995	6902.3076	6824.609	7285.8203	69.23028	7366.498	7129.0894	1000.0	1000.0	519999	556.21484	107.070076	635.4627	-161.08769	556.2151	107.06853	636.41895	-171.21948	-558.0008	24.057634	2453.410294532776	23.59048361961658
105	6852.608	60.97385	6941.008	6768.7764	7329.814	46.977592	7402.1284	7236.3223	1000.0	1000.0	524999	557.69055	105.842606	637.11884	-146.07582	557.69073	105.840744	635.55963	-162.54468	-559.7449	24.156897	2476.7563207149506	23.588155451275053
106	6845.7783	92.43535	7007.3394	6730.682	7331.228	52.394802	7443.4717	7253.3926	1000.0	1000.0	529999	558.3085	106.40821	636.1458	-164.22108	558.3086	106.40828	637.23303	-157.86009	-560.1265	23.473375	2500.692158937454	23.591435481917184
107	6818.991	47.582947	6871.681	6745.6978	7367.8076	66.22789	7446.4624	7233.0903	1000.0	1000.0	534999	559.5607	105.320755	637.17773	-154.56561	559.5602	105.32227	636.75336	-157.96423	-561.4972	23.81666	2524.243938446045	23.591064865344038
108	6820.53	61.77395	6924.2363	6749.268	7233.6826	46.013924	7302.277	7166.636	1000.0	1000.0	539999	560.55255	105.406006	637.4179	-169.14738	560.5529	105.405045	637.01715	-185.9698	-562.7097	23.875895	2548.072606563568	23.59326489545681
109	6816.6885	34.705967	6861.595	6762.075	7230.3135	78.15566	7370.541	7108.8774	1000.0	1000.0	544999	561.4592	104.70885	636.34705	-181.22089	561.45905	104.709694	638.7217	-171.43793	-563.38354	23.376036	2571.508154630661	23.591817949889997
110	6892.931	75.08821	6971.4272	6775.816	7059.6274	39.25239	7150.083	7010.82	1000.0	1000.0	549999	562.90045	103.45858	638.4556	-177.90845	562.90027	103.459305	638.40814	-162.08777	-564.78687	23.161028	2595.2944779396057	23.59358618476174
111	6899.38	54.773144	6951.2764	6812.8105	7364.935	48.63872	7464.0137	7292.3003	1000.0	1000.0	554999	563.58777	103.877174	639.187	-185.62418	563.5877	103.876175	639.39746	-194.30066	-565.6323	22.729809	2618.720663547516	23.59207806716094
112	6875.28	74.65792	6975.717	6773.8745	7321.3096	60.401394	7422.51	7220.4863	1000.0	1000.0	559999	564.2066	104.029816	639.18286	-173.36583	564.20624	104.03163	639.18207	-167.3923	-566.278	22.625177	2642.534741640091	23.594060212373734
113	6895.2485	80.26379	6988.8354	6758.8755	7371.034	47.582924	7461.8447	7312.506	1000.0	1000.0	564999	565.1378	103.97013	640.5117	-172.01999	565.13806	103.96886	640.36804	-153.11314	-566.4624	22.735641	2666.065586566925	23.593500785068073
114	6824.202	42.351803	6863.712	6754.2383	7239.1626	65.86564	7356.8154	7135.746	1000.0	1000.0	569999	566.1015	103.43614	640.16534	-139.96768	566.1018	103.43429	642.02997	-148.84622	-568.13245	22.895952	2689.874039888382	23.595386331541498
115	6836.5063	55.926067	6928.7866	6757.8643	7352.7827	44.965317	7427.391	7270.757	1000.0	1000.0	574999	566.95416	102.83083	640.0512	-140.54358	566.9542	102.83077	640.18677	-145.76999	-568.8891	22.874659	2713.473611831665	23.595422728165335
116	6877.272	45.39822	6942.622	6807.1533	7283.754	49.662834	7372.427	7189.9614	1000.0	1000.0	579999	567.4649	103.40946	642.56146	-150.88644	567.46484	103.409615	642.39404	-154.8857	-568.63574	23.038828	2737.3607296943665	23.597937343449427
117	6927.079	57.214485	6995.0815	6834.299	7287.3623	56.177113	7387.744	7203.7007	1000.0	1000.0	584999	568.7406	102.08925	642.5235	-157.32756	568.7408	102.088165	644.5428	-148.08759	-570.82745	23.381992	2760.74835395813	23.59613979372204
118	6906.358	67.63037	7026.999	6835.2637	7266.1562	48.601257	7323.6846	7176.437	1000.0	1000.0	589999	569.3957	102.640396	641.293	-134.58366	569.3958	102.63978	642.15173	-139.40718	-571.1526	22.145472	2784.5267934799194	23.597684706671764
119	6860.6143	103.349785	6973.045	6670.263	6603.6455	101.61004	6738.79	6431.869	1000.0	1000.0	594999	570.40405	101.98233	643.01904	-133.86685	570.40405	101.98178	641.77106	-134.54323	-572.4896	22.70525	2808.0715503692627	23.597239941108125
120	6926.1475	42.13927	6976.668	6853.647	7320.5444	34.064495	7367.9956	7258.658	1000.0	1000.0	599999	571.1795	101.72865	642.73486	-136.73746	571.1794	101.728386	642.8577	-116.18295	-573.0984	22.258114	2831.9042098522186	23.59920176664988
121	6864.9365	74.67705	6945.3647	6751.449	7324.9717	37.699814	7395.1875	7265.9766	1000.0	1000.0	604999	571.9308	101.517456	643.57733	-114.3657	571.9311	101.517296	643.4821	-128.98296	-573.7553	22.19394	2855.486570596695	23.599062584648447
122	6880.409	38.356373	6913.3765	6814.676	7277.849	46.4484	7344.8125	7205.1084	1000.0	1000.0	609999	572.6525	100.73484	643.29193	-120.9802	572.6526	100.73414	644.77515	-133.1407	-574.70605	21.679193	2879.298779964447	23.600809691382235
123	6918.6943	30.632824	6958.357	6882.3013	7267.324	71.36035	7378.265	7179.4946	1000.0	1000.0	614999	572.8417	101.7718	644.5933	-134.887	572.8419	101.77049	643.91034	-146.05852	-574.3749	22.536085	2902.852515935898	23.600426978212063
124	6970.9873	39.116455	7029.593	6924.967	7314.55	61.668175	7409.778	7199.577	1000.0	1000.0	619999	574.16016	100.01135	644.7547	-162.91876	574.16003	100.010284	645.4691	-165.92429	-575.73505	20.891392	2926.5610184669495	23.60129855332836
125	6939.4883	27.226583	6986.4355	6901.986	7245.122	55.979862	7358.139	7164.094	1000.0	1000.0	624999	574.70166	100.33081	644.7991	-210.5811	574.70105	100.332085	644.5368	-228.8474	-576.2749	22.032667	2950.044056415558	23.600352468490602
126	6924.164	67.75948	7015.3047	6846.985	7367.5337	38.19565	7442.8647	7306.754	1000.0	1000.0	629999	575.4239	99.90866	645.46954	-241.51883	575.424	99.909096	645.7376	-267.2128	-577.21765	21.661198	2973.8685972690582	23.60213173949529
127	6921.211	70.51339	7031.3286	6833.142	7279.7373	60.073414	7386.822	7184.367	1000.0	1000.0	634999	575.8099	100.08155	645.0211	-249.2576	575.81055	100.07911	645.14453	-271.95612	-577.6773	21.85774	2997.353105545044	23.601205572368592
128	6930.397	62.723827	7052.808	6886.993	7276.3423	78.65879	7379.748	7134.158	1000.0	1000.0	639999	576.744	99.33279	645.5853	-255.16367	576.744	99.33078	647.0694	-240.01602	-578.509	21.864012	3021.218002319336	23.603265661746264
129	6943.6553	46.435886	7003.1895	6862.5894	7357.0312	51.7807	7483.971	7292.8306	1000.0	1000.0	644999	577.34845	99.073074	646.65436	-271.67142	577.34845	99.073166	646.54614	-294.6669	-578.6066	21.20847	3044.8244824409485	23.603290578191594
130	6890.1265	41.04936	6940.3726	6835.723	7065.409	39.419155	7138.9487	7013.495	1000.0	1000.0	649999	577.4938	99.63567	646.17847	-310.49472	577.4939	99.63351	646.9076	-320.9696	-578.83844	21.526466	3068.4327917099	23.603329181671143
131	6899.423	28.986502	6942.4517	6855.3564	7363.849	53.942265	7436.158	7278.499	1000.0	1000.0	654999	578.1801	99.22383	647.2636	-263.54413	578.18	99.22424	646.0673	-265.9136	-579.61127	20.814827	3091.9014768600464	23.602301364636602
132	6860.2734	58.345737	6931.284	6777.942	7358.6978	35.12251	7423.039	7303.8086	1000.0	1000.0	659999	578.6813	99.02603	647.3072	-222.20113	578.68134	99.02596	647.75214	-273.5106	-580.68774	20.833963	3115.4793343544006	23.60211618380113
133	6912.6846	61.93804	7002.0283	6825.1406	7195.5835	50.033108	7291.51	7124.3613	1000.0	1000.0	664999	579.06476	99.04142	648.8345	-185.95816	579.0648	99.04068	646.134	-181.58128	-581.00183	21.590757	3139.177482843399	23.60283823300125
134	6925.2725	81.03843	7004.3027	6785.7456	7320.6953	72.22573	7425.8535	7180.552	1000.0	1000.0	669999	579.76855	98.57803	646.8046	-212.26048	579.7685	98.57842	647.273	-206.37285	-581.30237	21.319439	3162.7852737903595	23.602875195332427
135	6962.163	21.524946	6990.3174	6925.3237	7395.5	51.152836	7457.3916	7325.9395	1000.0	1000.0	674999	580.1464	98.77425	646.2325	-241.892	580.1465	98.774124	646.8977	-266.48386	-581.71747	21.97496	3186.5039498806	23.603732977973092
136	6900.4126	27.375391	6929.935	6850.9473	7311.0703	38.04952	7359.122	7219.983	1000.0	1000.0	679999	580.8057	98.02263	648.97675	-247.19063	580.8054	98.022514	647.7231	-233.98354	-582.41766	21.799133	3210.135815143585	23.603939831256866
137	6970.449	36.294792	7035.946	6925.019	7330.582	79.50239	7464.3184	7217.2876	1000.0	1000.0	684999	581.09766	98.25462	648.03955	-212.47298	581.09753	98.25421	648.8186	-215.02895	-582.4981	20.912502	3233.849296808243	23.604739410163713
138	6935.9463	67.5768	7018.4717	6816.801	7364.905	29.334978	7425.8438	7326.3896	1000.0	1000.0	689999	581.72516	97.58417	649.29126	-197.68394	581.7251	97.58442	650.3803	-184.497	-583.33575	20.858866	3257.3631541728973	23.604080839433532
139	6972.172	134.34135	7148.679	6784.778	7324.378	30.874264	7370.749	7251.701	1000.0	1000.0	694999	582.0381	98.15145	650.29333	-176.71497	582.0379	98.15287	652.2798	-170.92828	-583.44257	21.014326	3281.2112379074097	23.605836257660133
140	6959.8643	47.096817	7018.514	6877.0664	7387.767	45.593376	7439.301	7315.041	1000.0	1000.0	699999	582.5137	97.98609	649.4015	-160.29619	582.51355	97.98662	649.98267	-158.50352	-584.4557	21.014122	3304.8667998313904	23.606191439288004
141	6993.478	32.332867	7019.991	6933.241	7383.414	36.043415	7451.4995	7311.177	1000.0	1000.0	704999	583.4221	96.62113	650.714	-164.04132	583.42163	96.62208	650.3131	-163.27414	-584.96344	20.454754	3328.72411608696	23.607972469735653
142	6951.443	74.8661	7046.069	6821.945	7313.171	63.835323	7455.711	7228.4575	1000.0	1000.0	709999	583.68506	96.77983	649.8624	-125.80459	583.6849	96.780174	651.47015	-128.83154	-585.28955	20.378773	3352.3024876117706	23.60776401237703
143	7034.2188	61.011345	7102.8613	6959.736	7109.6055	65.01198	7186.2383	6986.074	1000.0	1000.0	714999	584.24133	96.87561	651.04486	-148.46547	584.2412	96.875565	650.23145	-152.98682	-585.6258	20.568623	3376.0252747535706	23.60856836992544
144	6964.9062	40.010765	7024.824	6909.0884	7174.3174	78.19765	7290.287	7060.77	1000.0	1000.0	719999	584.7168	96.77084	652.78064	-135.35324	584.7167	96.77167	652.6363	-147.7538	-586.21594	20.588049	3399.452400445938	23.607308352986973
145	6946.686	59.26227	6998.5728	6844.1055	7449.025	50.287853	7517.9004	7337.8125	1000.0	1000.0	724999	585.1795	95.98275	651.0009	-138.81993	585.1794	95.98253	651.0813	-134.13698	-586.55115	20.967783	3422.975826025009	23.60672984945363
146	7032.9443	70.239174	7130.2656	6942.8726	7389.035	58.95733	7458.9985	7240.6387	1000.0	1000.0	729999	585.47437	96.085266	652.65094	-128.00943	585.4741	96.08611	652.2762	-125.53693	-587.2383	21.407612	3446.457304954529	23.605871966440382
147	7004.087	77.894936	7081.5522	6866.2017	7310.822	40.473064	7374.4272	7228.7197	1000.0	1000.0	734999	585.5009	96.747	655.02826	-128.80855	585.5009	96.74701	653.3856	-128.91783	-587.1948	21.945484	3470.166634082794	23.606575758278776
148	6933.0156	59.669884	7011.705	6851.055	7377.936	60.175804	7451.3867	7257.6704	1000.0	1000.0	739999	585.96625	95.9985	652.82837	-138.96211	585.9663	95.99802	653.03204	-129.86086	-587.2966	21.55341	3493.6558573246	23.60578283425924
149	7051.647	66.560165	7118.3853	6966.4043	7326.37	40.007393	7399.6377	7255.453	1000.0	1000.0	744999	586.5047	95.55913	653.8078	-134.58583	586.50446	95.56022	653.24805	-137.80821	-588.29755	21.864573	3517.445301055908	23.60701545932949
150	6946.811	87.62137	7059.5186	6830.7866	7415.5845	35.938427	7468.082	7367.0903	1000.0	1000.0	749999	586.9681	95.08257	653.02045	-101.67267	586.968	95.08439	653.19086	-102.29134	-588.4186	21.759275	3540.9389600753784	23.606259746551515
151	6967.4375	111.883354	7120.7046	6806.6274	7434.431	41.141747	7480.5635	7343.9844	1000.0	1000.0	754999	587.1185	96.108955	652.8024	-88.09274	587.1185	96.108185	653.77014	-92.55899	-588.3653	21.161673	3564.7904376983643	23.6078837059981
152	6992.62	79.33631	7094.4526	6873.6074	7452.521	67.20582	7557.7646	7354.0083	1000.0	1000.0	759999	588.1493	94.60328	653.04755	-113.92662	588.14886	94.60447	653.023	-143.88498	-589.5039	20.479506	3588.428327322006	23.60808111491956
153	7006.622	71.47167	7103.3545	6898.529	7505.6123	34.17415	7543.76	7430.766	1000.0	1000.0	764999	588.4799	94.55897	652.3739	-108.28874	588.48016	94.557686	653.7708	-98.78557	-589.39545	20.45605	3612.1549537181854	23.608855919121137
154	7018.832	64.93394	7094.3228	6914.1763	7250.389	37.03077	7305.56	7202.153	1000.0	1000.0	769999	588.5451	95.03347	653.695	-112.64338	588.5453	95.03317	653.665	-119.72404	-589.9931	20.913622	3635.7140567302704	23.6085328498444
155	6978.2954	42.47509	7038.018	6905.9556	7496.6807	46.019627	7572.3203	7418.5776	1000.0	1000.0	774999	589.08923	94.670364	654.4081	-121.65249	589.0892	94.67023	654.4938	-132.74725	-590.64935	20.87922	3659.565328836441	23.61009890802445
156	6920.9736	68.96688	7001.9326	6824.5186	7381.7983	53.31471	7474.449	7302.078	1000.0	1000.0	779999	589.36707	94.75251	654.1756	-103.040306	589.3673	94.75051	654.4711	-114.39879	-590.97906	21.171041	3683.1415100097656	23.60988148817649
157	6950.983	102.559875	7081.0376	6787.9497	7481.6733	47.126015	7567.9614	7406.3047	1000.0	1000.0	784999	590.1687	93.89066	656.5807	-112.07288	590.16864	93.890724	653.7633	-125.373184	-591.41016	21.307121	3706.9270589351654	23.611000387531938
158	7017.096	44.03007	7076.0693	6962.2896	7372.1514	34.975197	7442.785	7320.0664	1000.0	1000.0	789999	590.6472	93.36956	653.07886	-106.205826	590.64685	93.37211	654.02234	-112.81657	-591.9822	20.5517	3730.635241985321	23.611615467675126
159	7053.7476	41.702763	7101.4604	6979.8867	7527.7295	35.68192	7595.329	7475.088	1000.0	1000.0	794999	591.14465	92.88432	656.33685	-94.240265	591.1447	92.88402	656.83997	-101.495865	-592.94763	20.46489	3754.4054329395294	23.612612799278594
160	7026.784	42.76941	7100.111	6983.6616	7574.6953	49.344944	7665.198	7470.205	1000.0	1000.0	799999	591.51556	93.262245	654.8729	-105.94862	591.51575	93.26191	657.1409	-125.78194	-593.188	20.08099	3778.002303123474	23.612514406442642
161	7058.639	35.680065	7125.7485	7024.7637	7451.043	61.428726	7545.6523	7318.8965	1000.0	1000.0	804999	592.2651	92.63913	656.4291	-119.59887	592.265	92.63956	655.49506	-118.44188	-593.69507	20.303993	3801.9028935432434	23.614303699931742
162	7073.374	74.2627	7183.6235	6985.4316	7506.5327	46.646286	7561.6465	7429.175	1000.0	1000.0	809999	593.07166	91.58211	657.1502	-134.92932	593.0715	91.58171	656.4632	-140.8575	-594.3923	20.230879	3825.527102947235	23.61436484478138
163	7094.0117	62.239655	7195.559	7023.7964	7442.2656	40.753628	7513.7236	7367.464	1000.0	1000.0	814999	593.09564	92.17204	657.50024	-113.54785	593.0959	92.171326	655.1739	-110.323166	-594.8738	20.218323	3849.2256920337677	23.61488155792096
164	7058.3936	35.871605	7117.381	7007.899	7461.7314	83.98693	7580.2153	7266.7754	1000.0	1000.0	819999	593.48346	92.31966	656.9464	-132.02437	593.48346	92.31966	657.4887	-140.94038	-594.81635	20.460608	3873.111337184906	23.61653255544058
165	7048.572	81.33762	7184.7812	6965.7817	7066.798	49.660297	7134.0576	6965.406	1000.0	1000.0	824999	594.10034	91.85777	656.8695	-141.50258	594.1003	91.858215	656.9961	-142.98436	-595.18866	20.184725	3896.7602903842926	23.616729045636728
166	7065.0625	87.79934	7138.5303	6895.5244	7489.581	43.543377	7546.0176	7400.504	1000.0	1000.0	829999	594.70074	91.407936	657.2093	-127.29889	594.7006	91.40698	658.65375	-146.68182	-596.1968	19.893436	3920.5071823596954	23.617513158235205
167	7067.9663	87.451004	7185.105	6928.1187	7381.4014	56.973957	7513.295	7309.2153	1000.0	1000.0	834999	594.7364	92.2696	659.40045	-122.56868	594.7364	92.26969	657.95087	-125.457535	-596.21063	20.276163	3944.031499862671	23.61695510041928
168	7026.198	51.34576	7123.3857	6972.8447	7565.0977	43.72679	7634.268	7480.059	1000.0	1000.0	839999	595.3904	91.335556	657.60315	-98.08956	595.39	91.33795	658.252	-110.6061	-596.6924	19.941956	3967.89772772789	23.61843886545726
169	7085.5664	52.364174	7155.0347	7009.7427	7557.5923	37.848717	7632.8027	7521.592	1000.0	1000.0	844999	595.9256	90.912315	659.11255	-146.8668	595.92596	90.910194	658.48425	-172.58414	-597.44836	19.77657	3991.5505800247192	23.618642498050217
170	7084.2134	70.672356	7158.463	6966.3906	7530.775	40.02265	7603.824	7487.3394	1000.0	1000.0	849999	596.52203	90.409935	658.58014	-207.70775	596.522	90.41109	659.1756	-243.79352	-597.67676	20.187588	4015.363738298416	23.619786708495194
171	7061.3955	33.44807	7105.9478	7021.2275	7419.331	40.548073	7520.908	7370.3047	1000.0	1000.0	854999	596.68335	91.06273	659.0555	-173.44919	596.68317	91.0626	659.02515	-175.233	-598.1899	19.832	4038.9486486911774	23.619582752038163
172	7040.8115	67.15553	7123.509	6929.562	7314.764	40.945667	7369.807	7241.743	1000.0	1000.0	859999	597.56287	89.95284	660.7626	-162.51596	597.56287	89.9526	658.9157	-175.01031	-598.88184	20.29058	4062.7023646831512	23.62036259784255
173	7089.9326	63.32836	7207.3735	7017.4795	7514.1865	54.091557	7617.9863	7440.447	1000.0	1000.0	864999	597.7244	90.398315	661.4	-162.26854	597.7243	90.39943	660.6185	-173.4175	-599.20074	20.398216	4086.2460165023804	23.619919181559126
174	7127.2705	66.769806	7250.2744	7047.2676	7413.056	51.10694	7503.896	7336.78	1000.0	1000.0	869999	598.2277	90.33197	660.704	-160.898	598.22797	90.332184	660.8782	-176.94102	-599.45905	20.326056	4109.859339475632	23.61988127231598
175	7090.7163	31.390862	7130.814	7042.5513	7364.936	68.03623	7507.5815	7286.697	1000.0	1000.0	874999	598.7136	90.521675	659.86346	-144.56741	598.7132	90.522415	660.6787	-157.69601	-600.02094	20.340466	4133.42435336113	23.619567744391304
176	7139.0366	39.504013	7188.231	7086.7915	7549.7686	58.96097	7671.2163	7470.608	1000.0	1000.0	879999	599.23755	90.03712	660.4756	-112.43453	599.2375	90.03772	661.3701	-131.26376	-600.52655	20.710897	4157.360306501389	23.62136539004066
177	7127.111	74.82803	7251.926	7044.886	7515.6953	52.17457	7599.847	7434.083	1000.0	1000.0	884999	599.4986	90.3378	662.4626	-179.0074	599.49817	90.33948	662.0248	-211.15677	-601.22516	19.577223	4180.876734495163	23.62077252204809
178	7157.651	39.63347	7205.117	7088.11	7583.3374	54.630005	7679.2705	7505.9355	1000.0	1000.0	889999	599.8495	90.751015	662.5297	-170.23586	599.8493	90.75221	662.3061	-164.47206	-601.2586	19.64883	4204.616693019867	23.621442106332672
179	7112.2827	87.45871	7160.7207	6937.5522	7625.8	52.730206	7736.058	7550.4307	1000.0	1000.0	894999	600.5721	89.99421	663.26825	-199.44563	600.57214	89.99514	663.13306	-160.32726	-601.94763	19.26371	4228.033930301666	23.620301298589013
180	7142.7485	106.33644	7351.8657	7060.0083	7425.194	56.64378	7508.6753	7319.6104	1000.0	1000.0	899999	600.8923	90.14436	663.46906	-158.10083	600.8923	90.14401	663.0877	-175.83937	-602.07446	20.329388	4251.85141992569	23.621396787961324
181	7152.242	47.721394	7214.6904	7070.885	7531.6025	43.991325	7600.831	7472.975	1000.0	1000.0	904999	601.5542	89.75247	663.9357	-172.28543	601.5536	89.754974	664.50214	-195.80362	-603.0925	20.041782	4275.420853853226	23.621109701651896
182	7118.897	70.51286	7231.895	7045.417	7505.1094	45.12371	7571.0234	7417.16	1000.0	1000.0	909999	602.0944	89.69702	665.2024	-150.46388	602.0941	89.69729	664.0024	-142.4029	-603.77313	19.12445	4299.1877617836	23.6219107908207
183	7154.831	78.69114	7227.1777	7013.718	7462.1313	47.04808	7549.249	7389.2217	1000.0	1000.0	914999	602.38605	89.859436	662.9606	-125.17891	602.3862	89.85988	663.939	-122.05406	-603.64154	19.773264	4322.866392850876	23.622220735080905
184	7153.596	84.50689	7242.259	7016.7666	7554.2705	43.169514	7625.7627	7488.5312	1000.0	1000.0	919999	603.03467	89.16457	665.2841	-147.77188	603.0346	89.16496	665.06274	-131.17407	-604.22986	19.225712	4346.541810035706	23.622509850108106
185	7131.6626	63.7924	7238.734	7073.643	7363.447	88.657555	7476.003	7181.844	1000.0	1000.0	924999	602.9776	90.14695	663.8048	-136.65578	602.9775	90.147484	664.5072	-150.74835	-604.44977	20.33051	4370.152724981308	23.622447171082367
186	7134.657	44.409363	7207.541	7067.931	7610.772	60.771614	7740.578	7515.486	1000.0	1000.0	929999	603.4282	89.61073	665.4665	-154.91579	603.42816	89.611305	664.80334	-173.87537	-604.78186	20.957882	4393.706496953964	23.622077949585453
187	7134.4985	86.923584	7246.371	7037.6733	7594.0234	40.52538	7663.983	7526.9946	1000.0	1000.0	934999	603.60626	90.239525	665.17175	-149.08287	603.606	90.24117	664.3561	-155.73775	-604.87573	20.724693	4417.3840346336365	23.622374528232104
188	7151.716	75.78819	7244.6514	7021.2627	7536.3086	47.324554	7618.871	7470.514	1000.0	1000.0	939999	604.13025	90.13988	664.68036	-135.88252	604.1304	90.13904	665.07	-141.5665	-605.2886	20.568205	4441.205594778061	23.623434026190576
189	7164.8203	54.935513	7216.9844	7065.627	7643.5156	47.3876	7730.704	7555.6143	1000.0	1000.0	944999	604.76624	89.748405	665.6945	-161.18217	604.76575	89.74896	666.2513	-172.64255	-606.3889	20.4131	4465.114038228989	23.62494201130337
190	7091.237	75.24251	7194.693	7008.383	7671.6836	61.239426	7759.084	7562.5684	1000.0	1000.0	949999	605.0013	89.59508	666.2894	-112.0228	605.00134	89.59601	667.57196	-127.78079	-606.5867	20.677914	4488.653882026672	23.624494127223365
191	7171.943	40.651913	7229.9014	7112.859	7335.6104	54.070614	7413.5464	7257.483	1000.0	1000.0	954999	605.6741	88.78482	668.60406	-133.22751	605.6737	88.78529	668.58527	-112.703094	-607.0553	20.274082	4512.383537769318	23.625044711597305
192	7226.289	49.763973	7314.623	7165.3916	7554.0376	44.881226	7615.3975	7458.928	1000.0	1000.0	959999	605.6439	89.84241	666.72833	-106.075226	605.6438	89.84376	666.19183	-121.2067	-606.7754	19.355782	4535.836447954178	23.624148176362116
193	7174.922	63.734848	7300.4683	7125.813	7661.831	41.702465	7712.5156	7576.9478	1000.0	1000.0	964999	606.06696	89.86322	666.7431	-116.1699	606.06683	89.86412	667.7183	-133.94797	-607.4951	20.037363	4559.706396341324	23.625421751348465
194	7161.6143	34.48679	7219.7476	7116.2803	7593.8545	179.07434	7782.242	7088.442	1000.0	1000.0	969999	606.6505	89.038	668.48065	-147.9288	606.6503	89.04009	669.1431	-184.19292	-607.7093	20.69659	4583.14158987999	23.624441196009055
195	7109.4795	46.84798	7159.287	7040.5537	7457.518	48.40631	7557.3965	7363.196	1000.0	1000.0	974999	606.8798	88.53291	667.33624	-143.41107	606.8802	88.53096	667.68475	-165.64622	-608.1666	20.877947	4607.07751584053	23.626038553775885
196	7163.8164	44.123325	7212.6177	7083.2446	7533.897	70.155594	7673.497	7410.61	1000.0	1000.0	979999	606.8479	89.209465	668.5721	-125.74231	606.8479	89.209045	668.6478	-134.2583	-608.14215	20.095516	4630.6868624687195	23.62595339210666
197	7201.243	29.247963	7236.7905	7164.9385	7713.3525	51.605038	7824.0923	7653.827	1000.0	1000.0	984999	607.3902	88.16506	670.88074	-134.04378	607.3905	88.16469	669.5097	-144.98003	-608.88214	20.984993	4654.369801282883	23.626242656998222
198	7145.421	83.091515	7307.6865	7079.215	7650.905	37.543205	7727.101	7586.2295	1000.0	1000.0	989999	607.68774	88.10445	668.6658	-142.22162	607.68744	88.105064	668.93945	-157.24388	-608.9591	21.29287	4677.7760717868805	23.62513168532439
199	7182.0977	50.851032	7261.62	7123.9604	7560.811	45.88587	7628.91	7497.343	1000.0	1000.0	994999	607.87134	88.48985	670.53845	-156.41772	607.8713	88.49065	668.9008	-159.57002	-609.3201	20.496832	4701.514431238174	23.62570066907298
200	7166.232	38.398365	7214.9697	7128.1143	7563.0547	63.747025	7640.317	7434.935	1000.0	1000.0	999999	608.2084	88.144615	668.62054	-173.78458	608.20886	88.1427	669.1375	-208.67604	-609.36127	20.402027	4725.032326936722	23.625161644220352
