Epoch	AverageEpRet	StdEpRet	MaxEpRet	MinEpRet	AverageTestEpRet	StdTestEpRet	MaxTestEpRet	MinTestEpRet	EpLen	TestEpLen	Time Steps	AverageQ1Vals	StdQ1Vals	MaxQ1Vals	MinQ1Vals	AverageQ2Vals	StdQ2Vals	MaxQ2Vals	MinQ2Vals	LossPi	LossQ	Time	AVG Time Per Epoch
1	-42.594498	3.6475184	-34.586185	-51.8019	-9.427344	3.3381128	-4.782497	-15.776053	50.0	50.0	4999	-1.7845678	0.68135965	0.41150296	-5.0696483	-1.7846422	0.68078357	0.2207109	-5.16939	1.116904	0.076365374	13.069010257720947	13.069012641906738
2	-42.15846	4.1066537	-33.359535	-56.623688	-9.470346	2.9762053	-3.2970927	-13.721351	50.0	50.0	9999	-3.1717277	1.0595803	0.39458779	-8.185388	-3.1717818	1.0584258	0.52125454	-8.161782	2.47227	0.1432103	29.108085870742798	14.554044008255005
3	-10.107077	3.4302886	-2.996335	-18.969543	-9.242182	2.415032	-5.850927	-13.094525	50.0	50.0	14999	-4.1526065	1.4033518	0.8859147	-10.720607	-4.1525373	1.4022233	0.7294989	-10.920102	3.5349202	0.2572238	46.48545980453491	15.495153983434042
4	-9.690488	2.9059036	-4.1239696	-16.649807	-8.147747	3.8568134	-4.1439447	-14.276966	50.0	50.0	19999	-4.653421	1.5605412	2.0275292	-11.10676	-4.6533675	1.5592328	1.1671463	-11.249953	4.1383715	0.36049652	64.15369272232056	16.038423776626587
5	-9.643149	3.3741188	-3.273681	-19.073162	-10.053285	3.5123382	-3.7236297	-17.79588	50.0	50.0	24999	-5.0864534	1.7253062	2.488731	-12.471754	-5.0863147	1.7252046	2.0916393	-13.079479	4.6222982	0.4686768	81.6319489479065	16.32639021873474
6	-10.230572	3.898992	-3.9818504	-21.447063	-11.473942	3.2477982	-6.6916184	-17.098324	50.0	50.0	29999	-5.4043374	1.8345846	6.248171	-12.693397	-5.4041786	1.8343848	4.037231	-13.885264	4.9887586	0.56965077	99.09944581985474	16.51657470067342
7	-10.980529	3.4175155	-4.841272	-23.731318	-10.471841	3.5213013	-7.172242	-16.692291	50.0	50.0	34999	-5.669647	1.904946	2.0564814	-13.32158	-5.6696205	1.9037561	1.915421	-13.574077	5.2806263	0.6614068	116.57726526260376	16.653895378112793
8	-11.930103	4.1456065	-4.2721124	-25.435894	-11.60274	2.9110143	-5.9897237	-16.451208	50.0	50.0	39999	-5.9241953	1.9754149	4.1924624	-14.263077	-5.924291	1.9752207	2.1078002	-14.180693	5.5612364	0.753837	134.1520655155182	16.769008487462997
9	-14.348941	4.167789	-4.3161473	-25.132627	-11.019307	3.3282025	-5.189072	-17.578735	50.0	50.0	44999	-6.2342176	2.0473795	3.1867318	-15.203242	-6.234503	2.0454073	2.7306936	-14.858574	5.880413	0.87268573	151.89924144744873	16.877693785561455
10	-10.488171	3.9288092	-4.5498857	-20.047192	-9.049799	2.6090474	-4.300736	-12.894446	50.0	50.0	49999	-6.58931	2.2251384	3.6553557	-16.222052	-6.589386	2.223403	2.6078725	-16.043434	6.23979	0.96022844	169.46097135543823	16.94609739780426
11	-8.901005	2.6200843	-4.275871	-17.874235	-7.5039406	2.0887654	-5.1421213	-11.725832	50.0	50.0	54999	-6.761712	2.3072255	3.572004	-16.364674	-6.761699	2.3060987	3.0159364	-17.001574	6.419415	1.0214185	187.0201587677002	17.001832831989635
12	-9.757538	2.875849	-3.911497	-18.368977	-7.7895403	2.3840282	-5.241673	-12.959997	50.0	50.0	59999	-6.889499	2.3465447	4.5530634	-16.840801	-6.889219	2.3456547	2.400753	-17.17383	6.5523944	1.0683905	204.37876987457275	17.03156437476476
13	-8.885831	2.607015	-4.0157785	-16.192322	-8.811675	4.4180098	-4.415041	-21.011892	50.0	50.0	64999	-7.0190787	2.337554	3.2163994	-17.07293	-7.019034	2.3361692	2.3565457	-17.05701	6.6756597	1.1692202	221.6576030254364	17.0505850315094
14	-8.788745	3.046141	-4.038111	-22.258495	-7.2958975	1.8274935	-3.5037537	-9.861876	50.0	50.0	69999	-7.1273746	2.3161998	9.105477	-17.101994	-7.1273155	2.3154216	3.1509628	-16.89321	6.7834873	1.2367873	239.1760368347168	17.084002801350184
15	-8.839328	3.2767322	-3.8594582	-25.046036	-6.4104476	1.8673893	-3.7396448	-9.39452	50.0	50.0	74999	-7.213165	2.315729	2.8167288	-17.819515	-7.213171	2.31482	2.778742	-16.711246	6.8775463	1.2938458	256.388845205307	17.092589791615804
16	-9.545775	3.22538	-3.3835957	-24.974716	-6.8893547	1.9701406	-3.016314	-10.968434	50.0	50.0	79999	-7.2882943	2.3263645	4.0821905	-17.46769	-7.288272	2.3250613	2.6598861	-16.846571	6.9603333	1.3620838	273.8955719470978	17.118473395705223
17	-9.635482	2.7617936	-5.5668926	-20.207747	-9.312273	2.63348	-5.6515207	-14.798287	50.0	50.0	84999	-7.4382286	2.2852585	5.439178	-17.419344	-7.43813	2.2847674	5.1243167	-17.322067	7.0716066	1.4804076	291.4297935962677	17.14292916129617
18	-10.367967	2.9863555	-4.722459	-21.672344	-9.066896	4.4534717	-4.207495	-17.040379	50.0	50.0	89999	-7.639947	2.2824838	3.4404192	-17.928322	-7.6398754	2.282934	6.1448693	-17.663246	7.256618	1.5956191	308.76697516441345	17.15372097492218
19	-10.2342825	3.6752663	-3.8389616	-22.441864	-9.928779	3.2164357	-4.7789307	-15.813161	50.0	50.0	94999	-7.7966676	2.3049934	6.2653103	-18.18624	-7.7965865	2.305039	3.7120543	-18.065845	7.4118094	1.6684008	326.31480145454407	17.174463334836457
20	-9.929109	3.3393064	-3.651356	-17.657965	-9.274347	1.486182	-7.4592094	-12.324693	50.0	50.0	99999	-7.947929	2.3058991	4.43818	-18.172207	-7.947999	2.306133	4.291876	-17.465254	7.55834	1.7800333	343.7428603172302	17.18714314699173
21	-9.507443	2.5827053	-4.25623	-15.128104	-8.241827	2.1064868	-5.0636115	-12.352357	50.0	50.0	104999	-8.073813	2.2944753	6.2925835	-17.770828	-8.073807	2.293859	3.6483173	-17.774446	7.6625423	1.8509632	361.08879566192627	17.194704646155948
22	-9.618529	3.0984418	-3.4621909	-18.733252	-7.7228622	3.2800922	-2.5366426	-12.692849	50.0	50.0	109999	-8.109047	2.2809312	8.251031	-17.500313	-8.109212	2.2806008	7.3921766	-17.509281	7.705727	1.860671	378.6070032119751	17.20940935611725
23	-9.000913	3.2663217	-3.2969108	-17.975536	-6.3205795	2.3162818	-2.837539	-10.8414135	50.0	50.0	114999	-8.132251	2.314186	4.635889	-18.086514	-8.132147	2.3140013	4.2854123	-18.407017	7.7353153	1.8765508	396.2949233055115	17.23021413968957
24	-9.118366	3.2890162	-3.0304322	-16.460075	-7.8608427	2.2241993	-3.6992552	-11.16565	50.0	50.0	119999	-8.131282	2.349323	4.9260197	-17.785656	-8.131058	2.3494725	6.026497	-18.188921	7.756398	1.8720279	413.83543038368225	17.243143012126286
25	-9.6787405	3.6436882	-3.6449225	-18.767822	-8.574747	2.158512	-3.4765239	-10.764414	50.0	50.0	124999	-8.096593	2.3295882	5.925864	-18.412148	-8.096491	2.3299093	4.3215976	-17.991173	7.7232895	1.8464931	431.3914155960083	17.255656700134278
26	-9.11081	3.016014	-3.5261073	-16.863287	-7.2838907	3.4688952	-3.0394034	-15.703966	50.0	50.0	129999	-8.037253	2.3085046	6.267277	-19.400513	-8.037007	2.3093448	20.323723	-18.504608	7.702202	1.8740847	448.698677778244	17.257641535538895
27	-9.6051035	4.368467	-3.1073837	-28.857819	-9.629811	5.0890694	-3.9695995	-19.362307	50.0	50.0	134999	-8.018738	2.3000202	9.159406	-20.014309	-8.018578	2.2998738	4.7859335	-20.175098	7.6904917	1.8481357	466.1882448196411	17.266231351428562
28	-9.879502	4.335843	-3.449841	-22.588722	-11.787103	5.4797883	-3.8842707	-20.103025	50.0	50.0	139999	-7.9974384	2.2638638	7.625646	-19.189455	-7.997248	2.2653704	4.8843436	-20.046005	7.675264	1.9125789	483.50957584381104	17.26819920539856
29	-9.9276	4.3980536	-3.3331406	-27.202637	-8.780708	3.878829	-4.2047467	-15.73267	50.0	50.0	144999	-7.956396	2.2390113	8.726816	-20.825918	-7.956339	2.2381094	6.5111027	-20.519228	7.6245933	1.8354199	501.05829977989197	17.277872471973815
30	-9.489283	3.2185073	-3.5898707	-20.912655	-8.913694	3.4405875	-3.5184464	-16.14622	50.0	50.0	149999	-7.936525	2.253279	6.2353587	-18.820642	-7.9362655	2.2527382	6.696124	-19.412256	7.612051	1.866343	518.4700291156769	17.2823343594869
31	-8.334942	2.2866511	-3.8320353	-15.593449	-7.3611856	1.9957589	-2.4117947	-11.036076	50.0	50.0	154999	-7.9291825	2.2812228	8.608774	-18.968111	-7.9290433	2.2810948	6.937904	-20.62915	7.6209164	1.8578769	536.0390651226044	17.29158280741784
32	-8.375797	2.7333233	-3.44274	-16.920355	-7.0341125	2.0680027	-3.4748693	-10.12643	50.0	50.0	159999	-7.895759	2.264122	6.2817674	-18.83687	-7.895668	2.2640164	5.9244103	-18.805847	7.572076	1.7946992	553.5290393829346	17.29778254032135
33	-8.474322	2.2087045	-3.4472003	-13.223162	-6.83492	2.2923596	-3.254535	-9.183904	50.0	50.0	164999	-7.8712897	2.2675526	12.147034	-18.710213	-7.871051	2.2665594	6.1455493	-18.921743	7.5701632	1.8118262	571.2296185493469	17.309988513137355
34	-7.9446306	2.1277874	-3.7938178	-14.835416	-5.785017	2.620371	-1.9845967	-9.331128	50.0	50.0	169999	-7.8647656	2.2927587	4.6174407	-18.52585	-7.864867	2.2920568	6.511917	-18.938513	7.563999	1.7764918	588.7404019832611	17.31589426713831
35	-7.76038	2.4503188	-2.617163	-15.250466	-7.0458856	2.095383	-2.719483	-10.024619	50.0	50.0	174999	-7.8026986	2.3089657	7.7868743	-18.416016	-7.8027353	2.3089418	5.4304543	-18.297714	7.5145693	1.7414119	606.4661409854889	17.32760408946446
36	-8.00875	2.475446	-3.4176197	-15.414865	-6.3673525	2.254737	-2.2719097	-10.285455	50.0	50.0	179999	-7.7807584	2.3112564	9.159405	-17.899916	-7.780651	2.3110673	11.501284	-18.97927	7.493412	1.7325578	623.9352567195892	17.33153495523665
37	-7.56121	2.3220057	-2.700486	-12.4582615	-7.45061	2.6150188	-3.708854	-12.379453	50.0	50.0	184999	-7.7449975	2.3029199	5.6297073	-17.944958	-7.745014	2.302507	7.2225375	-18.93748	7.4648776	1.7399322	641.5371739864349	17.338842598167627
38	-7.7187266	2.79774	-2.0811453	-19.270473	-6.4611597	2.4883063	-2.291396	-11.626636	50.0	50.0	189999	-7.673947	2.2916985	11.351776	-19.843306	-7.6740885	2.2902858	19.169731	-19.396032	7.379847	1.7081023	658.9904084205627	17.34185290336609
39	-8.159798	3.0595086	-2.4446023	-17.215391	-6.4571176	2.828304	-1.6085217	-12.551759	50.0	50.0	194999	-7.6553965	2.298745	10.425221	-18.837076	-7.65545	2.2984087	19.542828	-19.009188	7.388036	1.6981214	676.5018172264099	17.346200484495895
40	-8.508927	3.2282445	-2.809034	-17.781883	-6.975459	1.9571195	-3.8777473	-11.183445	50.0	50.0	199999	-7.6234145	2.290645	10.337557	-18.922104	-7.6234174	2.2899203	14.905873	-18.94984	7.358687	1.7163266	694.07168841362	17.351792258024215
41	-8.454152	3.0902863	-3.2229702	-16.901836	-6.608056	1.588994	-4.31613	-9.398116	50.0	50.0	204999	-7.618491	2.3006523	5.633568	-18.327436	-7.618501	2.3000622	4.982742	-19.33851	7.3528113	1.677538	711.7288372516632	17.359239973673006
42	-8.294301	2.97399	-3.2827852	-21.007254	-6.497242	1.8654704	-2.3335845	-9.024456	50.0	50.0	209999	-7.614044	2.3337607	7.3098717	-20.769306	-7.6139874	2.3339114	5.7061844	-20.2069	7.3270173	1.7196879	729.19517993927	17.361790043967112
43	-8.747634	3.385765	-2.9016283	-20.554712	-6.6044455	2.0161495	-3.2631857	-10.157041	50.0	50.0	214999	-7.588112	2.3313658	7.2438197	-20.220367	-7.588319	2.3306115	4.84935	-22.395746	7.297197	1.7142968	746.6362218856812	17.363633117010426
44	-8.425236	3.0497458	-2.542051	-16.656218	-4.8613653	1.9088929	-2.4216075	-8.092267	50.0	50.0	219999	-7.543741	2.2952878	3.9753366	-20.449266	-7.543841	2.295707	6.0560255	-22.768574	7.238773	1.7319648	764.2613251209259	17.36957561969757
45	-8.408457	2.7544293	-3.490839	-16.361877	-5.8018813	2.0956364	-1.6320877	-9.040405	50.0	50.0	224999	-7.545761	2.3078294	6.2355657	-21.843777	-7.545724	2.3077729	10.871729	-22.817566	7.2583995	1.7399606	781.7865843772888	17.37303524547153
46	-8.029453	2.6694515	-3.287868	-14.526988	-6.867316	1.3696308	-4.326317	-9.357829	50.0	50.0	229999	-7.495095	2.3054175	9.470312	-20.527826	-7.495051	2.305647	5.162716	-19.358517	7.200555	1.7082299	799.3499426841736	17.37717270332834
47	-7.870944	2.2975495	-2.9530077	-15.285686	-6.749125	1.6384556	-4.6471515	-9.160336	50.0	50.0	234999	-7.4623713	2.2818694	4.7983694	-19.384418	-7.462389	2.2808275	7.0102577	-18.875713	7.1811824	1.682638	816.7934775352478	17.378584668991415
48	-8.296226	2.1597302	-3.4928916	-19.457958	-6.9269395	1.9288819	-4.595451	-10.784695	50.0	50.0	239999	-7.4331145	2.2437632	7.298849	-18.647484	-7.432969	2.243643	8.061458	-18.932774	7.1448674	1.6971496	834.2429804801941	17.38006213804086
49	-8.388286	2.6417692	-3.156051	-19.678333	-6.461109	2.7785623	-3.5371227	-11.724084	50.0	50.0	244999	-7.4034934	2.2241092	6.6957045	-18.716047	-7.40342	2.2238178	5.625395	-18.445436	7.13095	1.6580781	851.5871622562408	17.379329876023895
50	-8.199643	2.0762887	-3.49185	-12.412248	-6.2075663	1.8609929	-3.4047723	-8.234585	50.0	50.0	249999	-7.406467	2.2066748	7.8573737	-18.838263	-7.406451	2.2062025	8.911368	-19.35966	7.1538844	1.6902211	868.8593063354492	17.377186164855956
51	-7.96877	2.003726	-3.6458864	-11.6654	-6.8714	2.398569	-2.796716	-10.541408	50.0	50.0	254999	-7.3920326	2.2056074	12.753283	-19.125982	-7.392045	2.2048736	8.160448	-18.833086	7.1317406	1.6479933	886.3213350772858	17.378849744796753
52	-7.7394753	2.0549657	-3.5661185	-12.957706	-5.88526	1.8451599	-1.8774887	-8.269372	50.0	50.0	259999	-7.3721285	2.2119248	14.407359	-19.531548	-7.3720217	2.2112439	4.6582284	-19.65494	7.1072564	1.6189532	903.7583403587341	17.37996812050159
53	-7.6096015	2.305523	-3.1857018	-13.557543	-6.0172243	1.7457068	-4.065364	-8.923607	50.0	50.0	264999	-7.359896	2.2248724	11.4607315	-18.499516	-7.359895	2.2247863	10.514194	-19.907482	7.105744	1.6190275	921.2172448635101	17.38145749074108
54	-7.2458053	2.4019017	-3.2803314	-17.506355	-4.8464417	1.7193098	-2.7282627	-8.748399	50.0	50.0	269999	-7.3321576	2.2376044	6.9693375	-19.485611	-7.332149	2.2374926	8.99741	-19.729607	7.091468	1.6056479	938.7438611984253	17.384145617485046
55	-7.7242904	2.3585904	-3.4096575	-15.121832	-5.7658	2.0751421	-2.3827655	-8.824505	50.0	50.0	274999	-7.2740817	2.2406816	6.4257	-19.154991	-7.2740016	2.2397594	4.666817	-18.533655	7.0163975	1.5908113	956.3706700801849	17.38855767250061
56	-8.136852	3.0759823	-3.0610774	-22.401491	-6.833928	1.6586235	-4.475565	-9.349529	50.0	50.0	279999	-7.249021	2.2385905	6.90685	-18.797932	-7.2488904	2.2395043	8.177501	-18.52426	6.9967036	1.6175324	973.8272120952606	17.389771682875498
57	-7.8199944	2.490987	-2.8552353	-14.1659355	-6.8648796	1.9418322	-2.4746003	-8.901964	50.0	50.0	284999	-7.2088747	2.2290268	9.901138	-19.17744	-7.2088776	2.2288246	8.4114275	-19.190273	6.9533587	1.609665	991.1592254638672	17.388758374933612
58	-7.52547	2.3541842	-3.275744	-13.73949	-6.9995713	2.198951	-3.3410966	-11.950519	50.0	50.0	289999	-7.1571465	2.2170134	5.848805	-19.190357	-7.1570187	2.2165744	7.242176	-19.84323	6.914284	1.5394226	1008.5890238285065	17.389465956852355
59	-7.3292413	2.2740808	-3.134806	-12.357759	-4.6086073	2.3304543	-1.4616859	-8.236449	50.0	50.0	294999	-7.124898	2.2152445	5.8940306	-18.336847	-7.124999	2.2145858	5.235571	-19.831844	6.8566456	1.5479296	1026.1103630065918	17.391701096195284
60	-7.969366	2.6091957	-3.3132722	-21.74552	-5.4623327	2.2089186	-2.8558295	-10.471789	50.0	50.0	299999	-7.1146235	2.221834	7.667401	-19.56139	-7.114709	2.2216547	6.420291	-18.887482	6.87363	1.5337954	1043.6216366291046	17.393693975607555
61	-7.27289	2.5726619	-2.9977775	-17.136335	-6.1627197	2.3081424	-2.8113456	-11.318808	50.0	50.0	304999	-7.1101174	2.221401	5.155676	-21.557842	-7.110101	2.2213538	7.6661177	-20.644915	6.8749366	1.5503289	1061.1841955184937	17.39646225679116
62	-7.631784	2.4138048	-3.0655456	-13.537512	-4.92735	2.2112079	-2.5500443	-8.834768	50.0	50.0	309999	-7.0670877	2.1980224	5.6757216	-20.423851	-7.067015	2.1977007	4.8800206	-21.150253	6.8294406	1.5458791	1078.7959179878235	17.399934188012153
63	-7.630299	2.2596858	-3.21163	-13.456408	-5.0657806	1.9895964	-2.209959	-9.268735	50.0	50.0	314999	-7.0265965	2.1975732	10.771467	-20.721558	-7.0266614	2.1962845	20.428114	-19.7984	6.8123255	1.5073273	1096.3943212032318	17.403084490034317
64	-7.3839064	2.2143393	-2.6374843	-12.14665	-5.490701	2.6557426	-2.2777953	-9.930459	50.0	50.0	319999	-7.0143857	2.212811	6.110325	-22.458792	-7.014445	2.2118373	4.577447	-20.66677	6.783522	1.4976115	1113.558893918991	17.399357743561268
65	-7.873792	2.0990367	-3.2887385	-14.762516	-5.5042896	2.1239102	-2.9295347	-8.94876	50.0	50.0	324999	-6.9757433	2.2215874	6.0295944	-22.597212	-6.975688	2.2211366	6.6690516	-21.018747	6.7603407	1.4729913	1131.029277563095	17.400450453391443
66	-7.813553	2.3080566	-3.204823	-14.0888605	-6.278475	2.483174	-2.3388994	-10.799897	50.0	50.0	329999	-6.956536	2.2464197	7.7505045	-22.227812	-6.956508	2.2457788	7.5213413	-20.96547	6.7422657	1.4582609	1148.6247906684875	17.40340594450633
67	-7.80242	2.3532717	-3.1456058	-14.174939	-5.8793178	2.3819745	-2.2151318	-10.034773	50.0	50.0	334999	-6.931306	2.234507	6.8232126	-21.59173	-6.931227	2.2334762	6.1035533	-20.842993	6.7245007	1.4722843	1165.7341911792755	17.39901780370456
68	-7.6684065	2.0098524	-3.2095363	-14.854273	-7.7510157	2.3655925	-2.8774989	-11.241759	50.0	50.0	339999	-6.91302	2.213371	7.675414	-21.776705	-6.9129257	2.212539	6.354392	-23.016983	6.7066526	1.477148	1183.075290441513	17.39816606395385
69	-7.789484	2.39275	-2.642879	-17.485203	-6.873998	1.5277835	-4.3521504	-9.149416	50.0	50.0	344999	-6.872348	2.1979215	10.6734915	-21.747286	-6.872468	2.1972907	18.572893	-20.993586	6.671337	1.4331049	1200.3217236995697	17.395967041236766
70	-7.70289	2.5480523	-2.7071657	-14.255413	-7.270505	2.1445508	-3.8134093	-11.80155	50.0	50.0	349999	-6.853951	2.194764	6.491502	-22.153625	-6.8539486	2.1937528	10.726464	-20.997223	6.6558523	1.4198164	1217.70614695549	17.395802123206003
71	-7.594559	2.4751806	-3.0729048	-13.573306	-5.7025414	2.5293064	-2.070812	-9.866689	50.0	50.0	354999	-6.830989	2.1981077	11.106325	-19.576176	-6.831007	2.1972635	6.3253193	-20.200016	6.626953	1.4241906	1235.354680776596	17.399361731300893
72	-7.7646165	2.490922	-3.308667	-13.952063	-8.641306	2.7355103	-4.374953	-12.065283	50.0	50.0	359999	-6.8330226	2.1963918	13.988462	-21.03326	-6.8328757	2.1962152	10.734947	-20.349262	6.6405463	1.3780699	1252.8926486968994	17.40128681725926
73	-7.6724186	2.3181973	-3.4253047	-13.759287	-6.0688453	2.2762074	-2.334297	-9.451579	50.0	50.0	364999	-6.800465	2.196383	9.118656	-21.806816	-6.800392	2.1958895	7.1948676	-21.027758	6.6102185	1.3914013	1270.5185639858246	17.40436391634484
74	-8.143238	2.5190532	-2.9960375	-14.688647	-6.5833845	2.4582908	-3.554713	-12.650696	50.0	50.0	369999	-6.775264	2.2008302	7.8892593	-21.202675	-6.7751894	2.200538	5.996985	-21.043743	6.5772176	1.3878144	1287.8024578094482	17.402735942118877
75	-7.9171863	2.4202018	-2.7061222	-13.395387	-4.8219094	1.7465953	-2.6596532	-7.463186	50.0	50.0	374999	-6.748667	2.2025099	6.424182	-18.56544	-6.7486835	2.202106	14.505108	-18.984936	6.5624585	1.3780801	1305.3317844867706	17.40442382176717
76	-7.5901976	2.4927716	-3.4735024	-13.060908	-6.22429	2.2585402	-2.967537	-8.787317	50.0	50.0	379999	-6.711499	2.1773539	14.765685	-19.157879	-6.711626	2.1765978	11.50087	-18.070873	6.539999	1.3428979	1322.9202988147736	17.406846065270273
77	-7.763501	2.8328068	-2.9967656	-17.359856	-5.76333	1.4528164	-3.4060822	-8.191897	50.0	50.0	384999	-6.6960773	2.1589234	8.3703375	-22.3278	-6.6961746	2.1584437	6.778802	-20.28817	6.5255423	1.3415595	1340.6024897098541	17.410421965958236
78	-8.023362	2.3368344	-3.1143432	-14.349845	-5.176663	1.5125037	-2.9370458	-8.460319	50.0	50.0	389999	-6.6616573	2.1600726	6.618004	-23.964172	-6.66167	2.1592202	6.136399	-22.358437	6.4958973	1.3272182	1358.0965099334717	17.411493744605625
79	-7.552143	2.369724	-2.9685082	-15.759219	-7.3077774	2.9314444	-3.0830374	-12.078407	50.0	50.0	394999	-6.6096025	2.1515403	6.367365	-24.174376	-6.609604	2.151487	6.3759346	-22.313011	6.4291778	1.3097459	1375.5307505130768	17.411781685261786
80	-8.502274	4.2644105	-3.493284	-30.57698	-8.4151535	6.0285463	-2.839096	-25.925232	50.0	50.0	399999	-6.585719	2.1363137	14.964447	-21.36455	-6.5857754	2.1356878	11.987341	-20.358644	6.4161844	1.283245	1392.7628033161163	17.409535065293312
81	-9.215564	6.3201976	-3.1730115	-36.402985	-6.154558	2.1416638	-2.7146885	-8.160982	50.0	50.0	404999	-6.5962076	2.1466506	6.0888834	-23.589094	-6.596139	2.146324	5.4919643	-21.84675	6.436227	1.2803754	1410.1543219089508	17.40931264265084
82	-8.740931	3.8737996	-3.4786394	-28.97647	-6.940503	1.6672634	-4.641972	-9.841826	50.0	50.0	409999	-6.6181026	2.1389086	7.194124	-21.827242	-6.6180634	2.138919	4.367404	-21.295782	6.434579	1.333348	1427.6910691261292	17.410866722828004
83	-7.7874436	2.3859758	-2.9405096	-13.427476	-6.3750443	2.2553194	-1.964295	-9.4982605	50.0	50.0	414999	-6.6642437	2.1043677	3.5269244	-18.976381	-6.664343	2.1034787	7.4790106	-19.331049	6.484023	1.3683157	1445.234468460083	17.41246349840279
84	-7.8851585	3.1241913	-2.9474802	-19.664808	-6.278411	3.7130044	-1.7295469	-13.360498	50.0	50.0	419999	-6.781403	2.18438	8.263936	-21.634584	-6.781378	2.183444	6.3592606	-21.406786	6.5591416	1.456452	1462.7290794849396	17.413441447984603
85	-7.4523754	2.6290045	-2.9914482	-18.201738	-5.994307	1.5423208	-3.2033143	-8.82982	50.0	50.0	424999	-7.0132613	2.3319523	6.4189243	-23.11041	-7.0133057	2.3315747	7.235607	-21.965681	6.7863636	1.520968	1479.774220943451	17.40910850132213
86	-7.770448	2.5451198	-2.9746983	-16.851158	-6.5961165	3.0450125	-2.470826	-11.667798	50.0	50.0	429999	-7.094683	2.3849254	7.024412	-21.481453	-7.09464	2.3845005	7.532808	-22.799614	6.868243	1.5879552	1497.289216041565	17.41033974359202
87	-8.430617	3.0968726	-2.6522849	-16.489521	-6.658735	3.909389	-1.6197264	-13.873085	50.0	50.0	434999	-7.001479	2.3479323	6.191037	-22.663647	-7.0014777	2.3477674	10.410875	-22.035124	6.779441	1.5223787	1514.4317038059235	17.407260985210023
88	-8.440638	2.8644755	-2.6648288	-15.91278	-5.103068	2.6813405	-1.1679969	-10.351914	50.0	50.0	439999	-6.9336233	2.3509605	5.885839	-20.99526	-6.933755	2.3500462	5.3614273	-22.90171	6.741525	1.46393	1531.784104347229	17.406637568365444
89	-8.543937	2.5677814	-3.145815	-15.1563015	-6.596442	2.0014715	-3.6660185	-8.510048	50.0	50.0	444999	-6.8957887	2.317031	2.8112788	-22.085478	-6.8958397	2.316986	6.796549	-21.999472	6.688348	1.4185611	1549.3790159225464	17.408753009324663
90	-8.187428	2.7267325	-3.3534975	-16.618237	-6.5482397	2.0017383	-3.1078365	-9.489152	50.0	50.0	449999	-6.8187914	2.2517653	4.518264	-21.061214	-6.8185496	2.251045	10.804241	-20.813519	6.622958	1.4018949	1566.759468793869	17.408438565995958
91	-8.135221	2.3501818	-2.7248344	-12.996849	-7.4700418	2.2339869	-4.5576777	-10.8816	50.0	50.0	454999	-6.762308	2.237343	10.381737	-19.018974	-6.762204	2.236131	8.9923525	-19.232262	6.5806985	1.354897	1584.2714998722076	17.409576940012503
92	-7.661447	2.5852087	-3.075805	-14.326813	-5.7205443	2.827071	-2.4113894	-11.228178	50.0	50.0	459999	-6.6782393	2.229215	6.1996512	-18.440672	-6.6784115	2.2288578	7.2105627	-17.446133	6.500693	1.3591938	1601.6245770454407	17.408962817295738
93	-7.9389424	2.7971134	-3.4063919	-15.085369	-6.2928133	2.2968814	-2.6043077	-8.785486	50.0	50.0	464999	-6.618692	2.2054524	6.432025	-18.74992	-6.6186533	2.2054377	10.019224	-17.937109	6.45652	1.2959225	1619.240547657013	17.411188704993137
94	-7.86516	2.6228483	-2.8516002	-13.03162	-6.00769	1.8459051	-2.6196933	-9.577392	50.0	50.0	469999	-6.572515	2.1677926	6.214141	-20.482828	-6.5724735	2.167573	10.019682	-19.404728	6.42834	1.2769461	1636.8296194076538	17.413081077819175
95	-8.260014	2.8440824	-3.0312564	-16.716251	-5.5846615	2.110471	-1.9822332	-7.982551	50.0	50.0	474999	-6.55025	2.158166	4.9572344	-19.82931	-6.5504465	2.157958	10.684172	-20.239416	6.391012	1.2532334	1654.2728068828583	17.413397987265334
96	-8.498143	2.8403645	-3.3406065	-17.392433	-8.512255	2.033039	-3.1994383	-10.675283	50.0	50.0	479999	-6.513401	2.1494057	7.829989	-21.605309	-6.5133457	2.149077	4.4135222	-20.322294	6.352369	1.2702122	1671.8327496051788	17.41492449492216
97	-8.361592	3.1035204	-3.4756336	-19.70879	-5.310357	3.2943165	-1.3937346	-12.266645	50.0	50.0	484999	-6.5218816	2.1510587	7.28342	-19.727203	-6.521938	2.1505125	4.374968	-20.4734	6.354378	1.2640033	1689.389934539795	17.416391099851158
98	-8.042286	2.9759912	-2.1913104	-20.42598	-5.6692443	2.6276748	-2.920862	-11.861789	50.0	50.0	489999	-6.544253	2.130403	5.4718623	-22.202812	-6.544148	2.1301281	6.3523617	-20.840443	6.3806133	1.2935005	1707.0035264492035	17.41840335544275
99	-8.118745	2.9082875	-3.341612	-17.66415	-6.674212	2.4391944	-4.3262763	-11.733215	50.0	50.0	494999	-6.5465636	2.122897	10.482042	-20.094883	-6.54665	2.1219485	9.190214	-19.340963	6.381994	1.3089207	1724.5829589366913	17.420029907515556
100	-8.170914	2.0424607	-3.8112059	-13.193855	-6.244856	1.3037878	-4.121458	-7.958251	50.0	50.0	499999	-6.529689	2.122935	9.300131	-18.98771	-6.529538	2.122798	4.56368	-19.64715	6.3689938	1.2708311	1741.952223777771	17.419522259235382
101	-7.882634	2.1023095	-3.445493	-13.764381	-6.955737	1.872104	-4.560566	-9.25855	50.0	50.0	504999	-6.5208197	2.1364596	4.974372	-19.532875	-6.520961	2.1368713	8.21609	-20.666716	6.3628936	1.2620555	1759.2118756771088	17.41793937966375
102	-7.5088744	2.4996917	-2.831138	-13.988495	-6.2958803	1.6997391	-3.6499362	-8.301676	50.0	50.0	509999	-6.4936934	2.135531	5.7763543	-20.705109	-6.4935255	2.1358757	4.84894	-19.69614	6.3206296	1.2841879	1776.6750524044037	17.418382885409336
103	-7.555498	2.3242633	-2.8977451	-12.595929	-7.519451	2.2850153	-3.8026597	-10.7965555	50.0	50.0	514999	-6.48087	2.135812	11.733367	-18.788876	-6.480847	2.1353366	11.461157	-18.403423	6.323338	1.2600355	1794.0985805988312	17.41843283755108
104	-7.573872	2.2995422	-2.703245	-12.825116	-6.201093	1.3329964	-3.349428	-8.333934	50.0	50.0	519999	-6.4758697	2.1269772	3.631081	-19.968143	-6.475811	2.1278412	5.4628463	-19.425976	6.3239636	1.2547047	1811.6907477378845	17.420103361973396
105	-7.982928	2.7155957	-3.0886488	-13.821341	-6.9157424	2.6331084	-3.1222522	-10.265143	50.0	50.0	524999	-6.470761	2.1298645	3.9065914	-18.187216	-6.470823	2.1290665	5.7464056	-18.888988	6.315956	1.2703258	1829.1839864253998	17.42079988888332
106	-7.5504327	2.1652355	-2.929442	-12.623992	-6.332118	2.178443	-3.7637684	-9.5466175	50.0	50.0	529999	-6.461698	2.1254065	6.1587286	-22.54415	-6.4618263	2.1248431	7.327036	-18.335611	6.3042088	1.2670892	1846.3837494850159	17.41871463352779
107	-7.4268403	2.2938132	-2.906806	-12.564205	-6.743627	1.7636497	-3.4808874	-9.616459	50.0	50.0	534999	-6.454547	2.126301	4.6283293	-20.960505	-6.4545765	2.1262128	6.1153717	-19.658966	6.309444	1.2293088	1864.0172154903412	17.420721660150544
108	-7.3772697	2.165436	-2.8935347	-12.887739	-4.916909	1.8687583	-1.8685617	-7.8062634	50.0	50.0	539999	-6.456102	2.119787	5.585575	-19.376287	-6.4560156	2.1195948	8.471014	-19.002651	6.307806	1.2682604	1881.547946691513	17.421740267011856
109	-7.4524074	2.141397	-2.3882205	-14.084877	-6.798406	1.8445736	-3.0138264	-9.675327	50.0	50.0	544999	-6.4375906	2.1104333	10.640332	-21.41782	-6.437303	2.1105354	4.191765	-20.34536	6.286455	1.2460707	1898.9222664833069	17.421305212405844
110	-7.4271755	2.5416055	-3.180513	-13.336737	-7.5327415	1.5602053	-4.9994335	-10.717602	50.0	50.0	549999	-6.4320364	2.1252646	10.564592	-18.259836	-6.4320984	2.124591	8.368284	-17.842348	6.2747	1.2415618	1916.5400929450989	17.423091771385888
111	-7.2966933	2.2686512	-2.4517426	-14.054656	-6.2425375	1.998947	-3.63889	-8.798858	50.0	50.0	554999	-6.3938203	2.1292105	5.326166	-19.44747	-6.3937044	2.1293678	5.5404873	-18.850422	6.2436776	1.2320123	1934.2270867824554	17.425469269623626
112	-7.721562	2.218603	-2.4938114	-12.7373705	-6.323323	3.2835886	-2.3453312	-11.908746	50.0	50.0	559999	-6.398152	2.1045332	6.6597233	-19.631828	-6.3982663	2.1035402	6.039215	-19.279526	6.259671	1.2098207	1951.7529609203339	17.42636573953288
113	-7.5826173	2.3612154	-2.938971	-13.346425	-6.78834	1.3402371	-4.990468	-8.923691	50.0	50.0	564999	-6.3957233	2.0952551	11.963244	-20.530497	-6.395825	2.095132	7.543191	-18.856045	6.24851	1.2252454	1969.1421399116516	17.426036653265488
114	-7.395334	2.2491996	-2.715323	-13.355333	-5.677541	2.4672077	-2.4289992	-9.343111	50.0	50.0	569999	-6.4351544	2.111861	9.959906	-20.362701	-6.435221	2.111679	8.5031185	-18.592377	6.2742066	1.2461426	1986.8147330284119	17.428199431352446
115	-7.343955	2.5584984	-2.5203648	-13.352306	-5.561876	2.4778996	-2.116154	-11.096221	50.0	50.0	574999	-6.4920907	2.1572015	10.275541	-21.20234	-6.4921594	2.1572018	7.3000426	-20.689333	6.3475194	1.2925143	2004.323247909546	17.428897824494737
116	-7.2878704	2.8155146	-2.745581	-16.440432	-6.242925	1.9047015	-2.8863075	-9.617518	50.0	50.0	579999	-6.4734983	2.142558	10.818584	-20.080511	-6.4734116	2.1417823	6.4311533	-18.577396	6.326135	1.248313	2021.8726439476013	17.429936610419176
117	-7.4523373	2.6441464	-2.2878418	-14.335548	-5.9964337	2.407326	-1.8837879	-9.413054	50.0	50.0	584999	-6.4451613	2.1404228	5.306517	-22.628418	-6.445235	2.1397398	6.993491	-20.97375	6.292021	1.2448815	2039.4134249687195	17.430883990393745
118	-7.414283	2.2631457	-3.0753329	-12.127024	-6.2373924	1.6357741	-4.3762975	-9.365626	50.0	50.0	589999	-6.4046254	2.1207004	6.0388956	-19.687048	-6.4044476	2.1202338	9.783995	-17.33948	6.2568088	1.2355467	2057.1049678325653	17.43309296187708
119	-7.9258633	2.164607	-3.28626	-13.733281	-5.1694818	2.7209885	-1.9079025	-10.475401	50.0	50.0	594999	-6.383845	2.1191766	6.6081886	-21.03384	-6.3839364	2.1183193	5.2211905	-18.827156	6.234081	1.2100258	2074.5003201961517	17.432775817999318
120	-7.4931006	2.226111	-2.0593288	-12.978143	-6.240748	2.3219333	-3.0328832	-11.141957	50.0	50.0	599999	-6.346646	2.116235	17.621195	-18.558372	-6.3465486	2.115183	4.5313373	-19.940155	6.2089033	1.2055533	2091.8504555225372	17.43208714524905
121	-7.9848156	2.3988097	-3.1235335	-12.586008	-6.935714	2.451519	-2.3868296	-10.614985	50.0	50.0	604999	-6.320577	2.108154	7.9394007	-19.248817	-6.320609	2.107833	11.680709	-18.676426	6.178504	1.1887356	2109.208573579788	17.431475832442608
122	-7.943347	2.3547144	-3.386832	-13.979682	-6.547203	1.4280678	-4.4209948	-8.593217	50.0	50.0	609999	-6.2854495	2.092626	8.317108	-23.836214	-6.285458	2.0922298	5.7873898	-21.56091	6.1428075	1.1903111	2126.6791961193085	17.431796705136534
123	-7.285226	2.5253377	-2.9691513	-13.857744	-5.7204103	2.4943585	-2.3312905	-8.92842	50.0	50.0	614999	-6.286298	2.0851696	10.146448	-20.344635	-6.28624	2.0844965	6.8116426	-19.9758	6.1521015	1.1604127	2144.194692134857	17.43247718927337
124	-7.509347	2.432826	-2.9907432	-13.2200575	-4.846057	1.748899	-1.1888684	-6.700484	50.0	50.0	619999	-6.277777	2.089893	11.151944	-19.26361	-6.277831	2.089515	8.553401	-19.079147	6.15009	1.1627522	2161.631158351898	17.43250935692941
125	-7.70876	2.1768694	-2.224394	-11.7646055	-6.5593057	2.760488	-2.825192	-10.278119	50.0	50.0	624999	-6.2921124	2.079844	3.7476385	-17.8744	-6.2922635	2.0796185	6.34757	-17.84925	6.1535764	1.1769477	2179.063342809677	17.432506759643555
126	-7.545279	2.2681887	-2.591946	-15.660658	-6.0026984	2.5281146	-1.5279527	-10.6705065	50.0	50.0	629999	-6.2851577	2.071819	6.5542135	-18.6455	-6.285002	2.072014	15.162066	-18.199202	6.1434364	1.1720979	2196.679434776306	17.43396378320361
127	-7.465628	1.9506427	-2.92826	-11.883421	-6.04852	1.9628128	-2.500565	-9.443068	50.0	50.0	634999	-6.27459	2.0834231	7.7807493	-16.990677	-6.2747154	2.0831087	9.849944	-19.891104	6.1369624	1.1685795	2214.25048494339	17.435043205426435
128	-7.5281935	2.3316348	-2.9733405	-13.130582	-5.539458	1.9737601	-1.6193163	-7.7814717	50.0	50.0	639999	-6.2606435	2.0978553	7.188724	-21.305504	-6.260703	2.0967648	8.079168	-20.118332	6.118992	1.1699241	2231.621507883072	17.43454304523766
129	-7.519339	2.5563264	-2.765874	-13.469292	-5.2908106	1.8791023	-2.3928394	-7.67465	50.0	50.0	644999	-6.2421384	2.108458	5.3664217	-19.391874	-6.24205	2.1088674	7.3843803	-19.158783	6.1180677	1.1607744	2249.125291824341	17.435079798217892
130	-7.517813	2.4412556	-2.0168097	-15.122324	-6.633809	1.9217987	-2.5445285	-9.676362	50.0	50.0	649999	-6.232938	2.1054325	4.948144	-17.917154	-6.2330456	2.1054676	7.7374063	-17.783686	6.0972443	1.1446159	2266.716509580612	17.436280857599698
131	-7.323682	2.216275	-2.6584773	-13.519606	-6.5354705	2.0845125	-2.731718	-9.520239	50.0	50.0	654999	-6.227274	2.1023288	5.5259867	-20.19801	-6.2273254	2.1021676	7.905015	-19.206512	6.099407	1.1397355	2284.1213891506195	17.436041151294273
132	-7.2515173	2.914183	-2.778244	-16.127455	-4.942287	1.8103722	-2.6428943	-8.152576	50.0	50.0	659999	-6.195213	2.0852325	9.516181	-20.657429	-6.195233	2.0850432	6.5093336	-19.779213	6.0746093	1.1371871	2301.6020669937134	17.436379311662733
133	-7.4868054	2.1861618	-2.798034	-12.355774	-6.035778	1.9032139	-3.2931845	-8.8313265	50.0	50.0	664999	-6.1621127	2.0677712	16.75461	-17.804806	-6.162059	2.0667365	10.981401	-17.634401	6.0394244	1.1270064	2319.035870075226	17.436359937925985
134	-7.120717	1.884651	-3.4812272	-11.651222	-5.4152346	1.8392124	-2.722668	-7.8270597	50.0	50.0	669999	-6.1576376	2.0582304	8.37574	-18.607351	-6.157751	2.0578403	9.08271	-17.386566	6.0349154	1.1086406	2336.6275651454926	17.437519157110756
135	-7.201593	1.9080589	-3.014462	-12.207735	-5.013827	2.0953226	-2.3629055	-9.45314	50.0	50.0	674999	-6.1524014	2.0509305	5.150606	-17.189045	-6.1523423	2.05075	5.2628493	-17.612034	6.0252147	1.1043272	2354.148182630539	17.438134698514585
136	-7.533375	2.7267926	-3.06959	-15.744962	-5.6130495	1.8749694	-3.0911338	-8.305499	50.0	50.0	679999	-6.1586056	2.0443013	6.3708024	-16.629831	-6.1586885	2.0434618	8.807772	-16.977194	6.0420556	1.0821342	2371.884587287903	17.440327863482867
137	-7.7741594	2.471583	-3.4774475	-13.123754	-5.4205885	1.775777	-2.1770208	-8.557591	50.0	50.0	684999	-6.1442094	2.0528102	8.046709	-20.241089	-6.1441474	2.0521042	5.8202214	-20.916458	6.022791	1.1012689	2389.3991360664368	17.44086962198689
138	-7.5047436	2.4839396	-2.8755517	-13.455031	-5.059203	1.8129671	-2.7987685	-8.058329	50.0	50.0	689999	-6.1491137	2.0633457	9.978461	-21.282015	-6.149224	2.0628026	8.746737	-20.91685	6.0211506	1.1286088	2406.887904882431	17.441216714140296
139	-7.302182	2.2499838	-3.2004628	-11.982943	-6.038321	1.8167146	-1.7437909	-7.7988176	50.0	50.0	694999	-6.11469	2.0672123	10.079592	-19.885708	-6.114657	2.066693	6.7897716	-18.996687	5.9919214	1.1079689	2424.276709794998	17.440839650819626
140	-7.1871395	2.2261455	-2.7007923	-13.653085	-5.741071	2.8842623	-1.5483961	-12.771333	50.0	50.0	699999	-6.0806746	2.0721052	11.353911	-19.077293	-6.0805926	2.0714862	8.5557785	-19.320187	5.9576745	1.0845219	2441.853220462799	17.44180872951235
141	-7.272071	2.1839576	-2.8728483	-12.334267	-5.0507727	1.6632981	-2.7296386	-7.8013897	50.0	50.0	704999	-6.062123	2.0594304	7.4925213	-19.372753	-6.0620766	2.0585737	5.8871913	-18.331898	5.9359846	1.074233	2459.430583000183	17.442770105727174
142	-7.4316435	2.6518354	-2.2388437	-17.521984	-6.2961493	2.5372155	-2.8117268	-11.926882	50.0	50.0	709999	-6.063775	2.0454257	6.517893	-18.64403	-6.063615	2.0452087	4.090633	-17.523947	5.9430594	1.0691004	2476.8686101436615	17.442736702905574
143	-7.478699	1.9736466	-3.5384955	-12.373382	-6.2435164	2.0868237	-2.811632	-9.768153	50.0	50.0	714999	-6.065808	2.0241532	10.615402	-17.6623	-6.065968	2.0239198	6.184015	-17.68345	5.952547	1.0718378	2494.234474182129	17.442199135160113
144	-7.0351324	2.0839777	-2.4905498	-12.088383	-6.5839224	1.914131	-3.3383522	-9.80162	50.0	50.0	719999	-6.0617485	2.023676	8.412788	-17.466557	-6.0615387	2.0236268	12.569713	-18.554895	5.9491787	1.0818046	2511.8552305698395	17.443439112769234
145	-7.559527	2.6253152	-2.562361	-15.989298	-5.775775	1.8339111	-2.4555342	-8.894086	50.0	50.0	724999	-6.0617533	2.0324283	7.00721	-17.415165	-6.06156	2.0326443	7.4599977	-17.216599	5.9489164	1.0860621	2529.5147049427032	17.444929014403243
146	-7.342528	2.4493673	-2.727537	-15.191795	-3.655336	1.7500075	-1.9493304	-8.155941	50.0	50.0	729999	-6.0547366	2.027105	5.376697	-17.897821	-6.054652	2.0277286	10.868814	-17.795359	5.9413953	1.0626316	2547.063734292984	17.445642030402407
147	-6.844906	2.4902437	-2.3308175	-15.901889	-6.209005	2.4120924	-2.5232809	-10.769787	50.0	50.0	734999	-6.045559	2.04757	5.677102	-17.223282	-6.045596	2.0471995	8.898778	-17.659664	5.9168024	1.0648737	2564.678188085556	17.446790406493104
148	-7.229513	2.775323	-3.1387508	-15.71502	-5.179615	1.9932379	-1.9793886	-9.706541	50.0	50.0	739999	-6.028406	2.0441868	9.503341	-17.89655	-6.0281763	2.0442948	8.84597	-18.372957	5.9079823	1.0583754	2582.317425251007	17.448090722432006
149	-7.0981812	2.2509031	-2.9022794	-12.601658	-7.0671363	2.1974583	-2.2757952	-10.558917	50.0	50.0	744999	-6.0014706	2.0359204	8.501461	-17.486652	-6.001375	2.0357735	11.800752	-16.390404	5.8764095	1.0636826	2599.924719810486	17.449159206159962
150	-7.4353466	2.676768	-2.4174972	-16.898294	-7.124467	2.4690917	-2.702492	-10.968185	50.0	50.0	749999	-6.0120916	2.020113	9.803954	-17.558687	-6.0119476	2.0205126	22.408062	-17.398367	5.897916	1.0625062	2617.5444824695587	17.450296562512715
151	-6.918911	2.5713255	-2.5552175	-13.912515	-6.999617	1.8683952	-4.079224	-11.223254	50.0	50.0	754999	-6.019532	2.0241292	6.2718306	-18.174335	-6.01956	2.024265	5.842643	-17.07108	5.9086514	1.0542885	2635.143474817276	17.451281301233152
152	-7.3338146	2.584581	-2.8011956	-17.28227	-6.8912287	4.1098733	-2.9686594	-13.844254	50.0	50.0	759999	-6.025154	2.0312593	5.942997	-17.148539	-6.0251756	2.0313063	17.369268	-16.97961	5.918355	1.0578848	2652.851650953293	17.452971398830414
153	-7.407098	2.562523	-2.4736705	-12.138178	-5.796421	2.1762636	-1.1941745	-9.040699	50.0	50.0	764999	-6.0233655	2.039074	6.952397	-18.250107	-6.0233364	2.0385256	5.5169616	-17.419697	5.906732	1.0524639	2670.2402245998383	17.452550501605266
154	-7.598953	2.307818	-2.8326664	-12.933144	-6.4824295	1.5769074	-2.8524938	-9.379312	50.0	50.0	769999	-6.006308	2.0196524	9.841064	-18.02643	-6.006118	2.019574	7.668181	-19.613293	5.8821626	1.0657282	2687.907485485077	17.45394472332744
155	-7.501444	2.5642455	-2.3405826	-13.390059	-6.850596	3.700214	-2.570827	-15.653558	50.0	50.0	774999	-5.995217	2.0005574	5.939556	-16.109669	-5.9949813	2.0007665	8.109629	-17.397617	5.884592	1.0688224	2705.3759846687317	17.454038623071487
156	-7.698748	2.9481504	-2.6262655	-15.48231	-6.890006	2.8929534	-2.5485508	-11.587023	50.0	50.0	779999	-5.999669	2.0122747	5.7227516	-16.636692	-5.9997606	2.0124907	6.2879405	-16.91883	5.888774	1.0566236	2722.9870755672455	17.455045368426884
157	-7.395828	2.456815	-2.318579	-13.022125	-6.0170116	1.2881217	-3.5122936	-8.628735	50.0	50.0	784999	-6.022678	2.0183835	7.7444816	-17.098001	-6.0225005	2.0181856	8.99849	-15.9979	5.898992	1.0682031	2740.740904569626	17.456948448897926
158	-7.4366436	2.4616709	-1.9818704	-13.83074	-4.697551	1.6868752	-1.1394112	-7.1508226	50.0	50.0	789999	-6.013288	2.0242333	4.807666	-17.120886	-6.013277	2.023748	4.3994737	-17.615648	5.8909283	1.0642397	2758.428813457489	17.45841022231911
159	-7.541088	2.523452	-2.4306242	-14.992737	-6.5660973	1.8616685	-4.0148325	-9.044603	50.0	50.0	794999	-6.0208135	2.0267904	10.520884	-17.133724	-6.0207763	2.026083	6.165685	-17.28881	5.901657	1.0578669	2776.0710604190826	17.45956642972598
160	-7.3274355	2.7625487	-2.7849586	-14.329257	-6.5763907	2.6355138	-2.5083892	-10.426526	50.0	50.0	799999	-6.0143986	2.0233405	7.2194467	-16.30739	-6.0143375	2.0231526	6.8534408	-17.144873	5.893928	1.0768111	2793.5129129886627	17.45945571810007
161	-7.1445327	2.0494783	-3.0695074	-12.414159	-5.2551746	1.9765486	-2.1877503	-9.173095	50.0	50.0	804999	-5.9853935	2.0327652	5.9844356	-17.36383	-5.985683	2.0318694	8.14177	-17.688019	5.859126	1.0486674	2810.951514482498	17.459326188756812
162	-7.8529797	2.2427185	-3.5597808	-13.161396	-6.6550245	2.1416407	-3.0481687	-9.299218	50.0	50.0	809999	-5.964734	2.0268064	5.988128	-16.37753	-5.9647365	2.0262456	6.9811325	-17.600851	5.8467107	1.052125	2828.37011384964	17.459074787151668
163	-7.325365	2.4493923	-2.9540753	-15.020519	-6.782434	4.8725085	-1.9692465	-17.330875	50.0	50.0	814999	-5.9479465	2.0306115	8.295923	-18.531734	-5.9477735	2.0308266	17.313091	-17.73473	5.8369513	1.0393604	2845.77641582489	17.45875102756945
164	-7.4729524	2.6284425	-2.3799763	-13.462469	-6.9824495	2.2490482	-4.4007487	-11.217937	50.0	50.0	819999	-5.9640565	2.0017524	13.120703	-17.077291	-5.963918	2.001583	5.44683	-18.129505	5.8475695	1.0299107	2863.259402036667	17.458898807444225
165	-7.572847	2.4029238	-3.396206	-12.592074	-7.237329	1.5767437	-5.394247	-10.227082	50.0	50.0	824999	-5.9854116	1.9980326	5.6280046	-16.594965	-5.9851756	1.9983313	9.687618	-16.932602	5.8734674	1.0497546	2880.8021564483643	17.459407020337654
166	-7.2943006	2.5343912	-2.9905457	-13.857771	-6.3168383	2.4004047	-3.081343	-11.962231	50.0	50.0	829999	-5.984345	2.012643	10.024118	-17.924932	-5.9843054	2.0116587	9.607658	-17.511065	5.8640695	1.0267445	2898.569784641266	17.4612637758255
167	-7.6834083	2.2705097	-3.6323347	-16.859425	-5.661031	2.1907382	-2.367809	-8.6573305	50.0	50.0	834999	-5.9823556	2.011594	5.682973	-17.36654	-5.982482	2.0110567	5.8676324	-18.332458	5.8603034	1.0630163	2916.17173910141	17.462106235013035
168	-7.6267323	3.0325425	-2.1274354	-17.885464	-7.6525803	3.2942111	-4.1476655	-13.565859	50.0	50.0	839999	-5.985349	2.0130491	8.350508	-16.48182	-5.9852204	2.0126371	4.1952114	-17.002398	5.865013	1.0531652	2933.5933520793915	17.461865200882865
169	-7.517533	2.2148128	-3.7274659	-13.3898945	-6.3887644	2.1843994	-3.4744935	-10.566514	50.0	50.0	844999	-5.9776406	2.017996	7.642959	-17.3539	-5.977566	2.0179856	7.050662	-17.99161	5.8601036	1.0262918	2951.141920566559	17.462378238079815
170	-7.8547783	2.2816966	-4.3592215	-15.479696	-5.452076	2.2835448	-2.601851	-10.113255	50.0	50.0	849999	-5.946366	2.0128112	8.294761	-17.261028	-5.94632	2.0126116	7.6741366	-17.633896	5.8338685	1.0401164	2968.569813966751	17.462175388897165
171	-7.16595	2.3124344	-3.4653158	-13.424098	-4.5895195	1.8188726	-2.6473584	-9.026757	50.0	50.0	854999	-5.9412065	2.0041988	16.679205	-17.87045	-5.9412336	2.0038147	6.725169	-18.11406	5.8312926	1.0344427	2986.099597930908	17.46257075789379
172	-7.347996	2.5309572	-2.864189	-14.429947	-6.506156	1.7257636	-3.5253468	-9.759551	50.0	50.0	859999	-5.953066	2.0085626	10.222176	-17.611301	-5.953032	2.0078495	4.7781315	-17.570374	5.847263	1.0290489	3003.638339996338	17.463013615719106
173	-7.2686315	2.2891383	-3.071333	-15.292132	-6.597239	1.8186455	-3.4139643	-8.848969	50.0	50.0	864999	-5.9454	2.0110927	6.9492807	-17.360298	-5.945281	2.0110846	13.524092	-16.925035	5.834283	1.0365008	3021.002049922943	17.462439605955442
174	-7.705649	2.4653955	-3.4116883	-13.652473	-5.499171	1.5460235	-3.42825	-8.23794	50.0	50.0	869999	-5.9441895	2.0161073	6.262339	-17.5668	-5.944144	2.0160215	5.5081725	-17.433165	5.8324304	1.018347	3038.5978281497955	17.463205921238867
175	-7.621896	2.862943	-3.50917	-19.75087	-6.7528353	2.7739723	-2.952724	-12.251892	50.0	50.0	874999	-5.920726	2.0005658	4.923405	-17.156858	-5.920678	1.999847	6.03305	-17.823168	5.8236313	1.0029762	3055.9931280612946	17.462817885535102
176	-8.113882	2.5800436	-3.6485958	-13.560268	-5.1740885	2.198153	-2.8427901	-9.033941	50.0	50.0	879999	-5.912288	2.0026915	6.401564	-15.9351425	-5.9122066	2.002485	5.6047463	-17.958712	5.8050294	1.0129627	3073.618298768997	17.463740344751965
177	-7.763061	2.9920373	-3.5791426	-15.427863	-7.215383	2.9991672	-3.2339177	-14.408673	50.0	50.0	884999	-5.9136076	2.005413	7.6094637	-17.403862	-5.9136744	2.0051477	8.698573	-17.39878	5.81246	0.99348235	3091.0498027801514	17.463558219920444
178	-7.994156	2.9786818	-3.5356746	-17.023188	-6.5348577	1.5974684	-4.175254	-9.402576	50.0	50.0	889999	-5.8807726	1.9938104	5.8816423	-16.611315	-5.8807817	1.9940078	11.028049	-16.504383	5.7847	0.98983943	3108.5212128162384	17.463602328568363
179	-7.564085	2.5899246	-3.4418542	-14.9055395	-7.004756	2.3492348	-2.479651	-11.280984	50.0	50.0	894999	-5.8922663	1.9985161	6.488536	-16.304588	-5.8922534	1.9979068	2.7785006	-16.453596	5.7879305	1.0039762	3126.107572555542	17.46428812549101
180	-8.118094	2.785624	-3.0870318	-16.291645	-8.234558	2.840842	-2.214059	-12.615033	50.0	50.0	899999	-5.900284	1.9986523	4.6138453	-16.54068	-5.9000783	1.9991666	6.310387	-16.858774	5.806066	1.0014973	3143.6612827777863	17.464784916241964
181	-7.702639	2.8706794	-3.519533	-15.705295	-7.0809655	2.729599	-2.671653	-11.164986	50.0	50.0	904999	-5.91692	2.000805	6.5523906	-17.101368	-5.9171486	1.9998507	5.793296	-17.542206	5.811837	1.0209463	3161.328710079193	17.46590448611349
182	-8.011854	3.0735426	-3.1049569	-16.229982	-5.948754	2.433841	-2.2672074	-9.174623	50.0	50.0	909999	-5.913404	1.9871647	5.557669	-15.723182	-5.9134226	1.9863044	3.8900018	-16.265434	5.804811	1.0107073	3178.896561861038	17.466464636090038
183	-8.193758	3.1658318	-2.567114	-23.40142	-7.3366075	1.8445308	-3.411919	-10.757208	50.0	50.0	914999	-5.9049654	1.9826014	14.526056	-16.735077	-5.904853	1.9818858	5.188062	-16.065643	5.793945	1.0231253	3196.2493648529053	17.46584353420904
184	-8.035645	2.8374026	-3.5976746	-14.676263	-6.533616	2.156415	-3.5665312	-11.737921	50.0	50.0	919999	-5.9063716	1.983485	6.659948	-17.111435	-5.906496	1.9832247	4.4974155	-16.021713	5.8009686	1.0086614	3213.5963797569275	17.46519772514053
185	-7.516355	2.3232741	-3.7659807	-14.659447	-7.057181	3.071521	-2.8941076	-11.939073	50.0	50.0	924999	-5.919723	1.9790316	3.7283306	-17.384605	-5.9198775	1.9794363	8.242781	-16.585133	5.8178287	1.0082284	3231.1008076667786	17.465409781481767
186	-7.979885	2.7113695	-3.2756782	-13.632808	-4.6574707	1.7026395	-2.4355533	-7.3539453	50.0	50.0	929999	-5.9324656	1.9782978	6.403803	-17.417095	-5.9325056	1.9779683	8.17885	-16.76793	5.8247347	1.0126998	3248.460380554199	17.46484076464048
187	-7.846777	2.795105	-3.7243447	-18.581266	-7.5281706	2.6769402	-3.6256375	-12.867692	50.0	50.0	934999	-5.950794	1.9776824	4.7367015	-17.414722	-5.9510255	1.9776603	7.0028553	-16.66842	5.848148	1.0265343	3265.7694425582886	17.464007724415172
188	-7.8944197	2.5518866	-2.6685128	-14.975098	-6.864665	3.740838	-2.6378555	-15.654839	50.0	50.0	939999	-5.951647	1.9798615	5.5229692	-16.436989	-5.951392	1.9796764	3.9659905	-16.544254	5.8455424	1.0332422	3283.2047843933105	17.4638552462801
189	-7.7091455	2.7164083	-3.5519392	-15.113303	-7.1735687	2.64149	-2.332956	-11.923192	50.0	50.0	944999	-5.9504046	1.9941485	6.462504	-17.76193	-5.950367	1.9942319	13.750534	-16.828033	5.8394084	1.0185838	3300.771733522415	17.464400716559595
190	-8.135671	2.493375	-3.3825727	-13.361174	-6.2732134	2.0514078	-2.8011081	-8.282086	50.0	50.0	949999	-5.9583554	1.9981945	7.3044333	-17.459093	-5.9581995	1.9981807	4.274484	-17.509153	5.8553023	1.0217136	3318.4454605579376	17.465502432772986
191	-7.190838	2.5474207	-3.2431562	-14.251071	-6.3036194	1.7044525	-3.263596	-9.893827	50.0	50.0	954999	-5.964807	1.9968547	3.466236	-16.485603	-5.964961	1.9966515	6.5325255	-16.752218	5.8576264	1.0469352	3335.8676199913025	17.465275506074516
192	-7.1307735	2.3024974	-3.154808	-13.241916	-6.90471	2.742051	-3.6665552	-11.405961	50.0	50.0	959999	-5.960174	2.012842	5.8726053	-17.704407	-5.960281	2.0125892	7.4896007	-17.121132	5.855555	1.0367148	3353.4937641620636	17.46611336618662
193	-7.503838	2.7716835	-3.4174898	-17.887682	-6.8073587	1.8275014	-5.289253	-10.440309	50.0	50.0	964999	-5.9506884	2.0140123	8.434553	-17.128893	-5.950698	2.0139167	8.691423	-17.987877	5.85333	1.0172217	3371.022819042206	17.466439488020587
194	-7.3230333	2.3529863	-3.0437577	-12.58154	-5.4008694	2.0690677	-3.029058	-8.75732	50.0	50.0	969999	-5.9176726	2.0199158	6.431889	-15.992386	-5.917822	2.0195045	9.911629	-16.663788	5.8225665	1.0260061	3388.6159887313843	17.46709273648016
195	-7.4566565	2.4557757	-3.168136	-12.745471	-4.135643	1.7819993	-1.6632663	-6.7759867	50.0	50.0	974999	-5.906478	2.0091052	7.2087774	-16.823063	-5.9067693	2.0084429	5.8466043	-16.18522	5.8016224	1.0109639	3406.074589729309	17.467049189102955
196	-7.084597	2.3246055	-3.1483254	-13.37883	-7.597594	2.6062324	-3.5285332	-12.29622	50.0	50.0	979999	-5.900727	2.0052598	3.434173	-16.44864	-5.9005404	2.0050645	5.521144	-16.84645	5.800471	1.0106333	3423.5980710983276	17.46733710838824
197	-7.2256813	2.0722702	-2.9479914	-15.512128	-5.6389823	2.0600662	-3.1507866	-9.014385	50.0	50.0	984999	-5.905613	2.0017161	4.961576	-18.52044	-5.905786	2.0012646	5.371848	-18.262787	5.806782	1.022984	3441.216429710388	17.46810371258537
198	-7.026772	1.9374545	-2.72684	-11.9595175	-6.169553	2.6848333	-2.495577	-10.356745	50.0	50.0	989999	-5.8948245	1.9973799	8.029262	-19.869003	-5.895084	1.9964188	6.4177904	-20.184853	5.7933974	1.0020995	3458.641819000244	17.467887983177647
199	-7.6633472	2.468271	-2.9419978	-13.895289	-8.511342	3.4815018	-3.0728567	-12.91451	50.0	50.0	994999	-5.8915076	1.9941424	12.598305	-17.838549	-5.891372	1.9942685	12.354124	-18.395943	5.793839	0.9870726	3476.2368009090424	17.468526646120463
200	-7.3845463	2.4753458	-2.5006177	-15.495672	-6.8328476	1.9748509	-3.035015	-9.721045	50.0	50.0	999999	-5.8866897	1.9902585	10.236942	-17.659168	-5.88687	1.989663	9.607868	-16.870045	5.785179	1.0151606	3493.7176773548126	17.4685883975029
