Epoch	AverageEpRet	StdEpRet	MaxEpRet	MinEpRet	AverageTestEpRet	StdTestEpRet	MaxTestEpRet	MinTestEpRet	EpLen	TestEpLen	Time Steps	AverageQVals	StdQVals	MaxQVals	MinQVals	LossPi	LossQ	Time	AVG Time Per Epoch
1	18.411396	16.775373	146.20067	5.2064543	150.64273	2.3774576	155.85728	147.34547	22.013216	78.1	4999	22.758318	24.545149	153.37257	-42.95862	-29.140905	9.190492	24.689355850219727	24.68935775756836
2	18.86998	16.814331	127.62899	5.362629	19.096693	0.785565	19.83003	17.675127	22.744291	17.7	9999	405.02975	312.58112	1300.1017	-401.01456	-496.3015	2328.8276	54.971997022628784	27.485999584197998
3	43.263393	74.21096	371.751	1.2702155	478.1162	24.38982	528.4023	437.943	41.974136	294.2	14999	1201.0178	535.08154	2899.622	-1024.4725	-1365.1162	21724.72	87.19217824935913	29.06406005223592
4	322.0982	163.13803	781.17926	14.658734	351.29034	35.71931	439.91696	308.75128	199.36	199.0	19999	2343.4236	1021.87103	5602.7827	-1721.0219	-2601.5847	70993.18	119.19431948661804	29.798580408096313
5	297.53525	53.877205	415.26712	141.91788	306.0218	3.8606274	312.91556	301.2677	137.64865	140.4	24999	3894.972	1572.1084	7131.8716	-2367.235	-4258.116	125573.99	151.24864745140076	30.249729919433594
6	310.1252	41.695736	395.62915	111.60163	355.18213	32.273266	410.6801	307.45102	144.22858	160.7	29999	5347.588	2115.0977	8749.774	-2790.1763	-5784.8013	190710.08	183.37510442733765	30.562517762184143
7	349.32928	80.29916	614.3664	175.96947	195.979	72.96886	329.14963	132.46933	173.89285	124.6	34999	6668.8267	2545.8318	10652.004	-4203.598	-7143.3247	259188.48	215.41964435577393	30.774235248565674
8	321.82193	98.3369	661.5144	135.44174	285.05304	30.029911	368.79977	243.34006	171.03334	149.6	39999	7440.052	2999.231	13079.71	-5606.528	-7921.47	309575.94	247.5941743850708	30.94927206635475
9	228.63303	216.4012	737.28186	11.38623	504.33926	244.90633	945.1044	16.339638	190.04	501.3	44999	8222.981	3350.5674	15295.024	-4383.4604	-8704.437	335222.3	281.0824661254883	31.231385363472832
10	256.6542	187.33817	613.4413	17.073881	927.67285	132.80351	992.7851	533.26416	288.0	933.2	49999	9131.007	3616.8838	15422.575	-4425.667	-9632.586	357435.78	316.26411533355713	31.626411724090577
11	425.89856	219.26561	805.7477	32.563778	412.84784	141.11014	730.78595	120.02835	371.92307	364.3	54999	9898.952	3719.261	15002.015	-6029.263	-10388.822	361764.88	349.27381467819214	31.75216514414007
12	391.31705	114.81114	788.0392	230.10573	349.88007	53.1799	447.10434	292.049	222.56522	162.0	59999	10240.978	3915.3174	15568.034	-5370.471	-10721.384	372100.7	381.66414856910706	31.80534589290619
13	406.03143	84.80285	622.54376	269.33667	469.74457	95.143364	633.4167	352.61588	187.77777	222.7	64999	10373.364	4145.7676	15386.103	-6666.452	-10843.646	356456.28	414.3409426212311	31.872380366692177
14	354.02133	171.5368	644.10516	63.198772	378.55374	213.69891	659.7753	58.961235	197.4	220.2	69999	10071.906	4209.514	15357.514	-6464.9165	-10509.591	326842.97	447.1184663772583	31.93703348296029
15	111.79902	148.6526	629.5198	11.186219	32.049797	2.3344378	36.7914	28.239634	109.847824	61.7	74999	9973.7295	4148.607	15407.355	-6481.4346	-10404.842	369416.7	479.5059885978699	31.967066033681235
16	479.0457	218.5635	742.25354	128.82997	540.9929	160.67097	808.19434	312.14508	383.53845	232.4	79999	10126.951	4183.143	16615.312	-7315.345	-10551.349	362460.03	512.2066135406494	32.01291346549988
17	392.57138	213.53893	934.8635	42.149746	394.01184	346.74835	991.1464	37.217377	206.58333	365.3	84999	9990.625	4220.818	16283.897	-10168.424	-10403.409	358697.12	545.7197625637054	32.10116261594436
18	446.36374	387.2546	1107.6611	36.781883	572.9397	271.65024	1133.4589	54.32345	386.07693	412.3	89999	9831.724	4156.26	15018.137	-10178.783	-10243.732	356393.88	579.3224635124207	32.18458139896393
19	323.7441	255.24551	843.7551	15.832904	226.15073	166.67998	536.5798	39.275066	246.85	234.1	94999	9809.23	4052.8896	15082.964	-10138.218	-10214.118	407202.2	612.2873044013977	32.225647725557025
20	543.90784	351.5497	1002.355	42.63956	1002.5212	1.3526446	1005.51495	1001.09406	525.0	1000.0	99999	9961.95	4091.8826	14955.843	-10042.551	-10369.675	391248.22	648.0811731815338	32.40405877828598
21	562.9977	229.27362	1024.8348	153.56963	645.0506	306.42484	1083.5272	49.191242	406.15384	366.5	104999	10169.865	4059.979	15323.091	-10656.0	-10561.248	359262.88	681.660139799118	32.46000675928025
22	340.15118	220.35316	831.8805	98.54544	114.98196	3.5806108	120.299	107.79018	189.77777	88.9	109999	10005.692	3976.0298	15902.977	-10871.169	-10388.254	376529.34	714.3693354129791	32.47133352539756
23	136.28069	66.5802	331.7566	70.24456	828.92566	344.4236	1005.7805	128.86925	120.14634	828.3	114999	10015.059	3925.0588	16522.717	-15339.478	-10403.5625	484381.84	749.6926152706146	32.59533118165058
24	219.63861	126.20977	548.5454	79.44643	273.97592	28.41678	332.33975	237.83888	164.83871	144.3	119999	10082.737	3801.895	15661.691	-19396.11	-10451.482	495653.22	782.4523870944977	32.60218287507693
25	423.05215	288.57428	1246.5743	132.31465	1155.1956	397.7767	1993.1058	624.79736	206.30435	551.8	124999	10269.09	3819.853	16233.12	-13511.643	-10639.122	477885.38	816.5992918014526	32.66397176742554
26	743.3794	317.8739	1624.1765	226.34276	835.6326	231.2795	1224.5616	469.01828	308.52942	308.6	129999	10158.849	3867.57	16222.664	-12309.724	-10517.144	414834.62	849.9211030006409	32.68927327486185
27	566.4462	261.08704	1286.2854	262.94598	1155.698	348.1511	1560.6989	612.0757	255.52942	719.0	134999	10092.871	3990.404	16470.125	-12724.388	-10444.614	361895.2	884.9832670688629	32.777158119060374
28	652.19135	276.08878	1186.245	277.59436	819.51105	299.8211	1147.5753	292.5023	449.0	709.1	139999	10099.912	3995.9102	16629.738	-16505.113	-10441.135	350710.38	919.7491509914398	32.848184040614534
29	920.57697	115.08186	975.88666	663.337	861.93976	263.02164	1040.8574	268.58633	876.5	855.6	144999	10035.213	3935.9023	16137.941	-9769.698	-10366.97	305345.28	955.030170917511	32.93207493321649
30	530.80896	431.47116	972.2164	23.639688	925.3094	53.227177	956.3407	767.21185	559.5	950.1	149999	10021.719	3938.2092	15857.078	-9036.037	-10357.516	298465.2	990.8396272659302	33.02798764705658
31	386.05273	335.87686	984.4959	43.29664	396.0464	419.58908	1051.7965	82.46585	395.2143	383.5	154999	10032.198	3810.861	15373.077	-8241.911	-10358.079	294664.44	1024.7418360710144	33.05618832188268
32	515.7731	322.3124	1046.4637	130.45079	639.5827	293.91742	1020.6721	310.264	423.9091	377.8	159999	10108.409	3610.08	15588.013	-8451.102	-10425.825	332496.03	1058.5338604450226	33.079183250665665
33	554.8904	296.7556	1034.9358	158.51457	593.15247	373.1138	1035.1959	230.40025	380.91666	556.8	164999	10407.667	3678.0127	15806.28	-9417.414	-10749.538	387628.6	1093.1278891563416	33.12508761521542
34	882.47845	236.87712	1029.1909	358.74924	986.92694	0.5375828	987.91187	986.12067	854.6667	1000.0	169999	10676.164	3798.8894	16189.0625	-9392.716	-11019.464	407621.84	1129.0041196346283	33.20600358878865
35	927.97943	117.906364	1023.376	678.1196	1045.283	19.926018	1068.803	1007.57874	915.3333	1000.0	174999	10726.769	3679.609	16498.744	-11755.715	-11057.043	369151.5	1164.6850636005402	33.27671617099217
36	487.13998	321.14108	1093.0343	149.96721	478.29614	268.77466	1142.492	219.78113	422.83334	436.8	179999	10607.924	3535.542	16296.388	-10063.552	-10920.018	355257.3	1198.6132910251617	33.29481369256973
37	293.54053	173.39992	786.9197	42.616154	812.602	360.50046	1147.6947	203.28827	242.14285	741.3	184999	10476.093	3433.7866	15664.848	-11811.085	-10783.0625	357609.28	1233.5728731155396	33.339807445938526
38	793.09406	454.78204	1435.6862	191.98259	983.3558	360.59753	1342.0024	207.48701	622.625	782.1	189999	10275.0	3368.115	14868.691	-8559.238	-10566.6	336061.4	1268.8132231235504	33.38982171133945
39	730.6544	446.18533	1311.3561	151.24188	1089.6683	120.78901	1286.843	945.6036	582.1429	1000.0	194999	10043.647	3273.8489	14143.378	-12947.919	-10322.918	297791.38	1304.752777338028	33.455199473943466
40	678.42664	232.70279	1042.4216	360.79208	628.7126	211.39915	847.612	178.77315	787.0	813.0	199999	9787.603	3140.5256	14140.477	-8877.026	-10056.183	275812.88	1340.224642753601	33.505616122484206
41	502.553	182.72455	720.8662	195.06357	975.3683	28.31702	1032.4324	940.7604	686.2857	1000.0	204999	9635.006	3005.5256	13984.873	-8634.383	-9902.299	253087.89	1376.220419883728	33.56635175100187
42	956.67334	243.56828	1176.6151	516.6624	1236.4598	429.74683	1932.3987	620.705	766.4286	787.6	209999	9464.795	2826.4585	13223.02	-6984.574	-9720.088	230450.64	1411.419293165207	33.60522131692795
43	593.39154	472.9409	1460.4579	96.26294	390.0246	339.05508	1212.9	146.32846	406.45456	287.8	214999	9199.997	2687.1877	13140.02	-7273.7905	-9441.299	211892.73	1445.0556740760803	33.60594596419224
44	576.0588	318.72833	1263.6328	130.3372	548.5714	320.07562	1001.19006	137.0719	382.5	442.2	219999	8929.352	2535.6216	12660.57	-8176.374	-9160.743	205381.77	1479.292785167694	33.620290620760485
45	629.2387	353.84094	1432.6804	218.11806	1002.2529	567.21936	1872.2446	211.7075	405.66666	552.7	224999	8642.168	2417.6274	12459.912	-8109.499	-8861.258	206451.5	1513.6016509532928	33.63559229109023
46	1042.0536	456.4136	1608.1437	529.4987	587.90344	105.88172	767.7089	432.0944	556.8	283.5	229999	8335.659	2318.956	12016.631	-6297.164	-8543.222	189498.78	1547.1063859462738	33.63274756721828
47	690.115	414.6219	1632.969	148.95567	734.85565	215.90834	1123.6128	514.0888	332.8	388.9	234999	8079.179	2315.1003	11115.727	-8250.952	-8276.44	175444.58	1581.1429755687714	33.64133996151863
48	456.19717	412.56158	1552.5321	26.963734	235.04729	185.38275	688.10767	49.29631	333.93332	267.7	239999	7833.1323	2259.146	11002.619	-7276.0474	-8020.971	172375.89	1614.864583492279	33.64301220079263
49	473.66592	576.51044	1709.8802	23.745815	1069.0562	504.81958	1887.599	243.42305	471.9	639.2	244999	7587.0107	2180.7686	10816.304	-6078.501	-7768.9214	149949.27	1649.5877797603607	33.665056778460134
50	810.0091	342.3156	1576.1844	399.2297	500.3483	215.0098	1105.3655	394.9789	423.08334	224.2	249999	7418.9893	2124.9375	10326.265	-7974.9844	-7594.539	138064.56	1683.0473370552063	33.66094678878784
51	1176.4648	491.3286	2057.7703	471.13394	780.26105	402.6209	1473.8395	401.35553	535.44446	366.9	254999	7200.91	2084.6938	10118.641	-7425.518	-7366.3335	131431.47	1717.0896241664886	33.66842404533835
52	866.9944	632.387	2130.0247	53.69619	706.5952	434.01035	1665.5426	118.035934	403.45456	425.4	259999	6922.5127	2019.3175	9799.461	-7155.274	-7082.248	119778.57	1751.2929530143738	33.67871068074153
53	939.1651	315.06906	1274.863	374.32794	819.6854	495.43152	1816.8457	204.10872	704.25	625.6	264999	6731.0576	1959.164	9471.338	-9452.845	-6886.288	109025.42	1786.2540440559387	33.70290653210766
54	717.2957	330.68167	1078.1765	169.50076	987.8375	330.4162	1549.1348	372.24713	587.2222	807.1	269999	6591.6245	1922.9534	9337.758	-5745.5938	-6744.099	104475.99	1821.8552432060242	33.73806010352241
55	530.4531	303.21155	1116.2817	126.53624	1011.3071	275.79617	1450.3958	529.4868	435.5	812.9	274999	6428.0854	1876.9674	9005.141	-6201.2725	-6576.0366	105915.96	1857.228702545166	33.76779463507912
56	846.3901	399.70377	1500.715	208.41476	917.32404	180.83363	988.6908	375.8056	783.1429	947.4	279999	6210.1606	1787.8271	8797.501	-8337.779	-6348.1953	95995.15	1893.317955493927	33.80924925208092
57	1027.7036	103.43751	1225.0	922.1808	1432.2751	393.3558	1861.7351	569.1589	923.6	871.8	284999	5929.14	1681.758	8526.224	-6598.302	-6060.612	83915.38	1929.1094319820404	33.84402516013697
58	979.13086	472.0326	1621.7695	121.14889	1503.9784	511.60132	2023.8971	177.1163	671.375	855.3	289999	5704.773	1585.0594	8075.2856	-6575.696	-5831.8906	76844.29	1964.7638654708862	33.875239096838854
59	604.0455	433.44562	1123.2483	40.957363	488.6871	397.81824	1157.1301	50.39278	556.2222	427.4	294999	5487.2	1519.8623	7864.084	-7104.06	-5609.7183	74004.586	1999.1247158050537	33.883469791735635
60	741.2185	262.86722	1074.9264	308.79187	984.9608	0.79000235	986.10333	983.4897	819.6667	1000.0	299999	5304.8003	1425.6351	7738.509	-6423.1567	-5421.959	66467.61	2035.577749967575	33.92629586458206
61	773.69183	410.72034	1329.2183	142.47658	835.1014	341.91098	1264.359	161.24553	647.125	637.5	304999	5124.2065	1374.1853	7427.238	-5360.275	-5235.24	61811.176	2070.729604244232	33.94638699390849
62	394.69666	312.56262	987.6624	27.615055	453.01337	95.09599	736.7198	406.27835	280.0	308.5	309999	4897.4116	1301.2201	7025.207	-4804.317	-5000.72	58369.754	2104.6283898353577	33.945619233192936
63	482.15527	489.24893	2045.5662	18.811749	1545.4124	620.235	2121.5925	250.18576	280.11765	752.1	314999	4689.5903	1237.9473	6418.3525	-4517.2446	-4789.9517	56492.723	2140.064480304718	33.96927749921405
64	905.67755	605.19543	1981.7068	10.420557	1909.7047	52.073833	2001.6267	1806.5588	465.4	1000.0	319999	4490.803	1198.5092	6175.985	-5678.7866	-4586.0767	52086.887	2176.2253160476685	34.00352060049772
65	856.30023	665.1966	1807.5312	85.84109	1460.1602	241.36424	1620.01	784.3109	522.0909	942.7	324999	4328.964	1155.0825	5909.168	-5322.8794	-4420.4663	47749.37	2212.4821197986603	34.03818649878869
66	1204.5651	630.22046	1835.7905	57.897682	1251.2268	445.60568	1772.773	231.22177	726.1429	833.6	329999	4181.43	1121.8125	5839.833	-4794.9707	-4272.66	47412.402	2248.2801570892334	34.06485089388761
67	843.9922	576.6195	1962.8073	26.35714	1213.1001	431.54364	1665.8383	421.553	458.36365	812.6	334999	4084.8994	1091.2495	5649.463	-4256.065	-4174.687	44761.062	2283.950447320938	34.088812675049056
68	826.2661	398.2865	1498.54	299.99335	1122.5841	270.4195	1523.8619	435.0891	566.5	880.1	339999	3999.497	1063.6553	5358.742	-4152.809	-4087.1665	41927.793	2319.759090423584	34.11410430249046
69	1687.8638	295.59946	2093.7964	1187.0612	1185.5696	645.9595	1791.3679	205.09889	896.8333	705.5	344999	3880.3474	1043.158	5346.0264	-4556.973	-3963.2832	37493.74	2355.132324695587	34.13235256291818
70	808.9653	660.5253	1684.2942	221.53224	723.1349	467.25443	1760.1616	168.26192	535.875	593.7	349999	3736.1323	992.72894	5055.44	-3384.066	-3813.5647	33914.023	2390.097451686859	34.14424934387207
71	866.6919	480.53607	1638.1495	193.37048	1113.8773	411.75668	2079.665	661.1341	530.1	517.3	354999	3620.8464	960.18835	5199.2695	-3989.4397	-3698.5144	32813.89	2424.7752964496613	34.15176477230771
72	325.27884	509.10043	1816.2565	7.6526985	13.674466	1.0758606	14.774247	11.315869	247.72728	51.2	359999	3555.232	932.83734	5279.231	-4871.1733	-3630.872	32053.332	2457.8733184337616	34.137129452493454
73	159.87263	243.7427	833.28186	10.54443	108.93343	77.847244	329.62167	59.21354	230.3	248.1	364999	3497.8813	937.2182	4976.0317	-3130.7163	-3573.6328	33521.94	2491.734575033188	34.13335037231445
74	439.25226	313.1859	1216.0497	41.37283	662.5934	302.7524	1070.0342	227.05324	498.27274	595.6	369999	3443.6924	920.9489	4843.742	-3597.8215	-3515.7769	30748.064	2526.7111537456512	34.144745353105904
75	844.075	549.8602	1655.5742	165.82547	1037.0847	398.83826	1539.024	549.0244	536.3333	665.8	374999	3368.8323	898.73926	4767.04	-6958.9355	-3441.628	32042.941	2561.8372704982758	34.157830301920576
76	943.2658	332.11868	1420.5234	337.16443	782.68896	470.0885	1350.172	192.71909	620.0	578.6	379999	3301.8948	870.0782	5013.055	-5287.7437	-3370.8296	29003.89	2596.6172907352448	34.16601700845518
77	931.58057	374.7016	1360.9067	352.08456	723.85376	423.504	1689.2909	243.40022	689.2857	409.1	384999	3182.5173	833.33124	4592.76	-4898.5156	-3246.3984	27748.11	2630.8045768737793	34.16629323402008
78	630.14844	466.99643	1544.8795	43.09227	669.84344	331.1767	1195.3585	237.54489	409.0	528.1	389999	3055.8943	798.4053	4347.7915	-4585.806	-3117.4436	25262.023	2665.718953847885	34.17588405425732
79	873.90735	396.5038	1666.1091	211.27695	952.6826	513.32355	1783.0518	289.15195	544.8889	535.2	394999	2949.0063	761.60535	4182.9907	-6426.121	-3008.359	23904.4	2700.511608362198	34.18369127527068
80	547.45966	508.30368	1792.4907	92.3825	266.80945	218.8809	825.28986	62.739475	331.35715	173.0	399999	2815.647	736.5407	4100.7905	-4039.8782	-2871.8943	22331.66	2734.049165248871	34.17561459243298
81	997.9386	810.28253	2297.1187	137.08963	267.09854	215.47432	891.7801	161.51318	475.6	150.2	404999	2744.6658	718.6018	3978.26	-4064.9211	-2801.0933	21757.607	2767.660217523575	34.16864469021927
82	1545.3341	476.5884	1971.5767	648.236	1762.0498	99.05352	1874.6453	1557.156	780.4286	991.4	409999	2672.9417	704.87384	3647.994	-3249.863	-2727.284	20224.225	2804.041575193405	34.19562898903358
83	1517.3486	526.0322	1958.782	551.42395	1205.1447	549.6446	1976.1678	384.86523	806.6667	607.5	414999	2592.4307	665.1827	3617.298	-6343.4062	-2644.2827	18790.195	2839.117910861969	34.20623991862837
84	1030.8618	619.8846	2068.6882	194.7924	544.20935	265.33466	889.9306	169.0456	563.1111	280.9	419999	2533.1128	608.2513	4203.9126	-4525.3857	-2587.0332	19125.775	2872.916257619858	34.20138404482887
85	1070.8285	590.7117	2022.727	119.61956	1030.6444	0.91619664	1032.2524	1029.1823	543.1	1000.0	424999	2511.2678	592.3709	3824.4907	-3597.8713	-2563.4597	18147.389	2909.594194173813	34.23051995950587
86	1027.4369	570.20294	1917.8595	10.778829	1778.5885	370.1607	2330.0042	1217.3406	435.63635	750.7	429999	2463.0352	585.37683	3922.2673	-3331.7063	-2513.5652	18044.66	2945.2954149246216	34.24762112872545
87	1067.0073	409.1376	1791.2214	595.8661	1402.9266	507.2671	2057.207	490.9629	461.9	692.7	434999	2427.0088	591.4814	3661.256	-3837.5662	-2477.5713	16680.92	2980.4544084072113	34.258096675763184
88	829.713	313.00797	1469.5872	383.18988	1564.0876	667.6841	2306.6296	632.37897	368.0	685.1	439999	2375.7827	598.9965	3403.7034	-4607.1104	-2423.7888	15710.892	3015.735093355179	34.26971699703824
89	1024.709	509.1444	1951.039	322.2375	1122.6776	503.38742	1968.9543	705.585	492.0	521.6	444999	2301.0537	587.84296	3208.665	-6643.4985	-2346.4153	14648.714	3050.570986032486	34.27607851885678
90	675.98254	490.16266	2046.9152	225.88199	646.48975	54.039173	705.40186	565.52563	372.07693	273.0	449999	2216.7644	565.79645	3176.2986	-5822.6025	-2260.757	13354.92	3084.5008335113525	34.27223150730133
91	626.1379	360.6542	1251.9613	128.89337	508.0456	344.1835	1253.585	241.68425	324.4	324.5	454999	2131.4917	549.3652	3032.0232	-6032.372	-2173.7192	12748.918	3118.6220622062683	34.27057213573666
92	511.477	453.41895	1360.3403	33.033314	1020.4365	287.89587	1394.0044	535.2559	321.5	784.8	459999	2055.7644	528.1957	2963.466	-4060.0112	-2096.1885	13322.195	3154.2179458141327	34.28497769780781
93	615.92175	388.66525	1386.8273	245.30537	415.77548	129.85678	585.806	170.02159	395.6	167.9	464999	2003.1149	503.1758	3296.7969	-6646.8276	-2042.411	12324.271	3187.64400100708	34.27574196682181
94	553.70374	524.803	2096.0947	31.204601	646.9938	187.6237	1018.0984	520.6399	257.0	410.9	469999	1959.4298	493.09537	2761.914	-3689.5598	-1998.4608	11794.288	3222.0603864192963	34.277238181296816
95	1012.9229	532.14514	2013.413	267.87326	911.61584	90.64147	986.87146	645.08954	512.7273	387.8	474999	1919.8217	483.25778	2775.048	-5246.9595	-1957.2148	11234.154	3256.340931415558	34.277272984856054
96	1046.1539	437.8689	1579.0878	397.70215	418.91446	208.87439	969.06696	160.9351	623.2857	231.5	479999	1841.3456	471.67197	2798.1724	-4682.702	-1877.3243	9547.64	3289.889722585678	34.26968463013569
97	915.3648	493.0925	1931.6559	223.79265	1063.5323	252.42316	1346.0447	484.44135	508.36365	736.3	484999	1768.9752	445.38535	2667.9578	-6021.2524	-1803.916	9678.342	3325.6431884765625	34.28498134416403
98	475.4888	476.01416	1657.2533	64.00105	598.4125	412.71127	1501.9885	251.60022	381.6154	313.0	489999	1709.5127	427.51974	3077.7312	-4357.247	-1743.4548	9392.093	3359.8018169403076	34.28369203149056
99	178.47668	140.58191	572.0302	42.328922	160.6628	12.506845	180.80032	144.26984	220.43478	192.4	494999	1678.475	429.4039	3153.3425	-5058.8145	-1714.6372	9210.326	3393.649993419647	34.279292886907406
100	678.3918	460.9201	1513.376	149.76076	984.42224	3.320221	988.0935	977.1003	625.1429	1000.0	499999	1759.9554	464.72754	3364.3384	-3304.434	-1800.9694	11066.613	3430.444387435913	34.3044438958168
101	359.66013	373.4909	1117.2357	29.421505	173.18814	96.694336	265.78265	18.544325	341.93332	133.0	504999	1828.7632	484.82156	3262.6555	-3534.9622	-1868.6816	11229.194	3463.830487012863	34.295351377808224
102	420.10306	349.63977	1013.9399	16.762089	974.5695	0.8971862	975.51917	972.33167	410.41666	1000.0	509999	1860.0394	490.3008	2979.5476	-2565.2695	-1900.8212	10949.671	3500.5863602161407	34.319474143140454
103	571.9452	403.5945	975.62317	101.89575	1199.196	100.54627	1352.2175	1055.0469	588.7778	1000.0	514999	1844.3207	485.82962	2984.6511	-2998.1255	-1879.8944	10408.292	3537.1427268981934	34.34119154180138
104	318.62317	420.26178	1300.2218	6.25451	840.35266	631.3197	1871.7399	219.51134	280.94446	504.4	519999	1766.2552	457.49112	2935.9436	-2694.4563	-1800.4552	9921.0	3571.9761576652527	34.34592461127501
105	743.1299	592.08856	2184.7844	22.242989	647.44324	489.32318	1560.2471	198.99709	397.92307	361.6	524999	1700.2969	452.80637	2756.5757	-3012.4873	-1733.6788	9625.278	3605.933838367462	34.342227050236296
106	1007.02026	596.3335	2187.4285	436.55252	813.475	739.4264	1919.415	31.582996	525.6667	518.5	529999	1647.838	448.6172	2794.3225	-2657.7908	-1680.2202	9191.981	3640.9641304016113	34.34871823157904
107	634.9431	504.2712	1643.651	25.425299	773.667	698.45087	1793.1998	29.919224	435.75	472.6	534999	1597.2805	440.37784	2621.4802	-3069.0325	-1629.134	8779.23	3675.820251941681	34.35346031634607
108	431.4466	447.04367	1259.8842	37.51844	1023.7674	1.2231467	1026.3213	1022.8427	361.7143	1000.0	539999	1587.3767	447.11035	2668.4263	-2315.75	-1621.0698	9373.619	3712.650804042816	34.376396353598
109	975.4325	179.01105	1304.7872	680.50146	1018.834	9.070795	1023.5667	991.7802	678.5714	940.0	544999	1660.0371	479.80356	2661.303	-5190.5166	-1697.606	9734.161	3749.139772415161	34.395777748265395
110	546.6276	360.35196	1232.4448	14.195073	1023.4977	1.1995562	1025.418	1021.2616	500.44446	1000.0	549999	1693.4324	479.3914	2536.1362	-2688.1719	-1727.429	9947.905	3786.048987388611	34.41862717541781
111	791.73865	352.63837	1304.1107	278.33267	928.28613	305.27332	1304.3738	419.56073	627.6667	732.3	554999	1602.2238	436.26086	2699.5251	-3829.338	-1631.9651	9090.88	3821.6551082134247	34.42932532069919
112	480.3705	447.9717	1218.524	13.150291	33.525414	1.6058673	36.797237	30.203865	504.2	112.4	559999	1501.3671	398.46445	2759.5562	-3225.3037	-1529.9781	8415.188	3855.0241050720215	34.41985810228756
113	277.3439	417.1154	1256.7878	39.40729	735.9001	162.99245	849.1131	332.80038	361.14285	1000.0	564999	1436.3126	368.61987	2853.3145	-3786.3506	-1464.4121	7899.405	3891.8319227695465	34.44099048597623
114	343.8553	267.59985	735.4468	12.857609	267.81985	140.14102	651.1605	142.8284	451.0909	206.3	569999	1382.3234	343.99445	2907.3804	-2221.2358	-1409.6674	7274.3047	3925.650070667267	34.43552695659169
115	517.8749	549.1545	1568.3555	90.145676	556.6999	269.46954	975.74506	192.96855	411.08334	616.1	574999	1374.0326	338.16495	2773.3425	-2627.5115	-1402.7166	6981.272	3960.8773963451385	34.44241216079048
116	185.34207	115.09968	320.69455	14.607634	383.3671	16.207548	407.60596	355.08987	507.3	1000.0	579999	1370.1085	337.24344	2648.005	-2576.6865	-1397.7065	6688.2217	3997.598459005356	34.46205569957865
117	224.2207	109.76736	368.48993	54.73994	178.80081	153.7692	599.2112	85.66515	594.625	445.0	584999	1369.739	337.00412	2623.619	-3699.124	-1397.8322	6532.8423	4032.190838098526	34.463169576775314
118	164.84035	145.94826	575.6914	35.690376	32.615406	9.169366	46.367985	21.420324	347.26666	72.2	589999	1384.9218	347.33823	2772.2483	-3256.314	-1414.2935	7209.076	4065.3956422805786	34.452505463260714
119	146.5913	194.91267	578.52893	16.763803	571.8048	93.87409	789.32	509.42825	291.625	1000.0	594999	1420.2499	356.4953	2711.382	-2534.6223	-1449.8691	7531.886	4101.9180154800415	34.469899307779905
120	450.5573	353.4094	895.79803	11.7122	809.1154	245.59459	920.0073	81.239975	587.2222	912.4	599999	1433.0134	366.37186	2827.7769	-2003.0928	-1462.151	7385.3433	4138.303493499756	34.48586246371269
121	756.1531	400.518	1394.7207	73.72982	904.4251	291.32626	1373.6204	457.90765	440.81818	405.8	604999	1444.3348	377.28723	2821.327	-2525.5498	-1473.657	7299.1167	4173.082184314728	34.48828253470177
122	1071.0116	471.38272	1906.1293	377.30414	490.09073	372.3555	1211.8047	184.24515	439.91666	193.8	609999	1445.8954	385.85928	2517.6245	-2420.179	-1474.002	7274.8545	4206.815843105316	34.48209709222199
123	864.7644	532.872	1974.2415	135.83023	351.17123	11.947317	376.65375	334.02954	346.83334	181.9	614999	1426.853	378.91504	2376.9788	-2559.9695	-1455.0804	6749.5854	4240.474553823471	34.475402892120485
124	738.1194	585.6786	2349.5232	48.247635	1436.2817	604.4437	2194.218	625.6915	309.27777	638.1	619999	1423.8405	376.0892	2135.0667	-2549.7512	-1452.5972	6759.7905	4275.690513849258	34.48137512899214
125	1155.0295	452.72815	2244.3147	400.90448	989.6406	465.8632	2000.7764	529.91315	473.3	446.4	624999	1396.4453	375.83163	1951.0513	-1896.2943	-1422.9005	6313.005	4310.218057870865	34.48174448013306
126	1426.4705	754.3368	2523.6382	289.58237	816.0873	540.62244	1603.6233	42.143635	576.3333	378.5	629999	1342.3802	353.63544	2086.9814	-1967.0729	-1367.5413	6019.618	4344.831941127777	34.482793198691475
127	263.10703	447.75018	2063.0977	13.527501	256.19354	123.268715	536.10175	102.643166	210.24	331.3	634999	1324.6886	353.76083	2116.9146	-2163.3503	-1351.8284	5992.5703	4379.299770593643	34.48267537590087
128	522.47766	257.98935	945.81683	131.05931	586.4184	185.6024	738.27814	201.7285	628.0	802.3	639999	1325.7524	356.56714	2012.7775	-2355.1565	-1351.8239	5930.174	4415.222021102905	34.493922056630254
129	236.59004	206.4772	845.1685	59.67927	372.2041	194.04433	688.339	108.92055	310.75	588.7	644999	1290.0509	340.1927	1783.4979	-1914.0724	-1314.5992	5492.4634	4450.341275930405	34.4987695956415
130	325.16388	210.01804	739.98425	59.86746	805.15985	271.42383	973.07996	186.23643	483.8	869.7	649999	1260.1912	327.23523	2065.8257	-3209.97	-1285.2957	5477.9224	4486.670055389404	34.51284659459041
131	548.6753	337.2398	979.3365	123.50979	725.75806	346.79282	1071.7028	194.0248	583.0	736.6	654999	1291.7653	337.73422	2219.851	-1864.6249	-1319.8647	6037.4194	4522.379687786102	34.521982365892136
132	257.55905	331.194	1457.9003	18.54424	562.8782	250.46706	1083.9403	167.9207	230.95833	227.0	659999	1337.4213	365.6737	2124.368	-2435.7195	-1363.643	6085.91	4556.360105037689	34.51787959987467
133	480.59424	329.965	1487.5498	119.7443	1155.2877	443.72293	2225.41	637.7411	206.5	484.8	664999	1322.9412	367.96964	2035.7217	-1913.4783	-1348.417	5955.125	4590.881436824799	34.517905556169666
134	1797.8356	258.85208	2140.5212	1401.8933	950.96814	621.85913	2012.1001	276.3136	795.1667	430.3	669999	1315.5597	356.60324	2001.7596	-4439.288	-1340.1614	5737.362	4625.45919752121	34.518352238099965
135	1053.5312	740.2397	2549.9395	299.6006	1502.1246	512.29724	2190.8403	688.65924	433.0909	680.3	674999	1291.0165	344.52417	1888.6804	-3732.6494	-1315.8398	5595.587	4661.174991846085	34.52722217595136
136	750.823	920.38617	2261.3352	10.369181	10.619922	0.70660573	12.089527	9.791609	366.2	37.4	679999	1264.7328	334.7375	1981.1349	-2943.3987	-1288.6204	5615.5947	4694.584534645081	34.519003946991525
137	178.74908	240.96153	969.30566	11.046617	968.7417	0.38601813	969.2398	968.1184	306.86667	1000.0	684999	1262.3727	340.41943	1924.0848	-1881.396	-1289.7672	5384.784	4731.357607841492	34.53545700894655
138	951.3514	163.95587	1196.6902	680.7841	1013.04846	3.21838	1017.47406	1009.0322	1000.0	1000.0	689999	1333.3202	365.8242	2058.204	-2876.2183	-1362.1721	6215.392	4768.071152925491	34.55124025413956
139	1262.348	92.79839	1360.1239	1104.7081	482.3864	3.0890117	485.93478	475.8415	980.4	1000.0	694999	1341.4487	356.21906	2033.271	-3137.872	-1367.7845	5852.8755	4804.631386518478	34.56569344534291
140	286.88635	257.94507	1022.2923	102.74648	228.53638	320.69357	870.80676	48.264515	493.18182	362.3	699999	1312.1521	334.18893	1937.714	-1588.6431	-1336.4342	5519.639	4839.0656270980835	34.56475449630192
141	230.08261	199.52771	723.1296	53.657646	162.11566	151.57884	612.7505	86.283356	466.8	427.7	704999	1264.5491	319.0101	1785.6113	-2051.6042	-1288.3041	5040.2314	4873.790282487869	34.565888541810054
142	264.2375	251.76581	859.7004	70.142715	699.07275	286.03687	936.3147	90.95645	508.3	844.6	709999	1224.8217	309.72772	1684.9983	-1999.0685	-1246.8894	4726.647	4910.086039304733	34.57807071276114
143	1001.00446	613.4743	2090.007	355.37662	695.7679	233.55269	1150.8876	326.10623	672.25	264.9	714999	1158.1661	290.4694	1718.6979	-2627.2666	-1178.2101	4261.352	4944.395353555679	34.57619130027878
144	506.38846	366.84906	1106.0436	41.92503	482.14835	324.53433	1035.0265	186.25461	259.42105	223.8	719999	1101.9451	279.80145	1723.6359	-2485.7036	-1120.9282	4107.4985	4978.380354166031	34.57208580772082
145	77.98848	130.9328	704.07104	1.9021224	337.2037	50.398308	411.24582	252.54388	112.88095	885.7	724999	1068.3568	277.01083	1629.4927	-3197.189	-1088.128	4115.5957	5014.52063202858	34.58290092698459
146	885.65	626.12683	2517.8147	344.83514	825.022	427.43896	1465.1902	57.731327	468.7	358.4	729999	1044.1823	268.01846	1568.7164	-2398.5823	-1063.3839	3881.494	5048.484813690186	34.578663123797064
147	308.08163	588.37036	1968.1228	54.22903	185.7609	38.594704	216.66565	85.78385	577.2222	891.1	734999	1024.7185	259.64233	1524.6184	-2446.8484	-1044.0142	3732.3796	5084.670902967453	34.58959799558938
148	294.14563	314.44714	1003.4058	55.541378	336.96	740.1013	2557.0144	69.57925	645.25	302.5	739999	1007.3706	252.43764	1790.609	-2511.8157	-1026.2908	3636.7593	5118.98837351799	34.58775929341445
149	1417.7455	1054.186	2786.4473	117.22577	2427.0408	159.7193	2634.5242	2025.467	534.6667	971.1	744999	1000.37915	258.0255	1741.5999	-2573.5496	-1019.0266	3727.7864	5155.593009233475	34.6012953799843
150	296.9263	322.5787	1687.704	114.99252	192.82492	13.214779	217.43564	172.53783	147.94595	113.9	749999	991.8428	251.85973	1649.6322	-1966.0171	-1010.988	3426.8591	5189.333692073822	34.595557961463925
151	949.16675	673.91693	2285.051	194.67493	1282.4943	483.66168	2512.9778	812.0777	408.33334	509.1	754999	985.4334	249.05695	1512.1133	-2542.0876	-1004.179	3477.3376	5224.499977827072	34.59933761571417
152	1000.23895	452.48126	2451.4556	603.8513	580.687	490.01602	2016.1194	288.84238	366.2857	229.3	759999	960.7336	239.49068	1480.4877	-1507.5886	-978.0183	3312.7502	5258.80836558342	34.597423470334
153	1318.662	419.0273	2079.188	810.48474	1092.0662	304.65558	1707.3108	858.37396	447.2	394.2	764999	927.8882	231.40959	1318.3264	-1762.3235	-944.6155	2903.9495	5293.55965256691	34.59842911421084
154	759.4749	820.81903	2750.8552	44.30895	1604.5302	707.2309	2320.31	50.503487	393.30768	762.1	769999	904.27454	230.18605	1504.7703	-1434.8251	-921.4789	2904.287	5329.406947851181	34.60653863634382
155	252.9844	413.93176	1609.5834	30.936872	32.946236	1.2951503	34.958298	31.605934	312.6	68.4	774999	909.0151	238.79434	1598.5796	-3784.4604	-926.8568	3104.2112	5362.907183408737	34.599401197125836
156	307.80087	348.95703	937.048	47.343998	864.71844	253.92508	952.00385	102.95556	399.64285	915.7	779999	920.912	250.93842	1568.7994	-3006.2517	-939.2126	3218.3623	5399.560237646103	34.61256564274812
157	442.8206	410.31854	987.6539	54.567657	991.0739	0.59581655	991.8865	990.05585	530.8889	1000.0	784999	926.59644	243.71643	1597.895	-2748.6912	-944.4525	2991.705	5436.421639442444	34.626889436867586
158	1078.1616	378.493	1642.8483	433.17007	1073.8923	116.92217	1212.2427	863.3253	890.1667	930.6	789999	921.8947	232.01451	1515.0547	-1855.8802	-939.335	2956.4343	5473.278906106949	34.641005746925934
159	899.87604	444.61002	1545.7579	325.66394	1083.1399	49.297897	1176.4666	1051.1018	577.75	1000.0	794999	899.6405	221.50763	1600.1165	-3381.1306	-916.0488	2796.3792	5510.082105875015	34.65460445146141
160	674.87195	288.31717	1305.9242	274.34406	1839.3435	583.0211	2837.7463	856.0896	465.27274	790.0	799999	871.8113	212.6194	1508.0364	-1976.769	-887.7212	2721.8562	5546.291871786118	34.66432421207428
161	760.79944	354.14667	1385.0757	300.83533	624.1564	386.67627	1501.7103	331.66467	421.45456	307.0	804999	849.51697	204.4621	1458.5065	-2522.1814	-865.086	2571.9834	5580.923450469971	34.66412082370024
162	1511.9924	647.53357	2718.8538	705.599	1618.7543	506.2334	2552.878	1001.1222	562.8	590.1	809999	825.3286	198.62471	1420.6023	-2177.147	-839.939	2470.8003	5616.14815735817	34.667581231505785
163	1964.2784	806.87103	2889.3713	787.20416	773.38116	422.88242	1806.1119	442.7442	701.7143	273.7	814999	812.31116	194.9473	1464.2112	-1441.4525	-827.257	2436.1758	5650.546347856522	34.6659285276214
164	1335.5977	651.7997	2801.0125	449.49536	638.95874	102.391945	906.5785	555.583	471.2	239.4	819999	805.75604	195.66663	1606.8485	-1652.7383	-820.4045	2414.745	5684.575024366379	34.66204284313248
165	821.50055	396.91812	1568.8079	366.53943	1334.5837	673.65576	2516.698	346.6853	354.33334	568.1	824999	801.0036	197.18137	1580.9077	-2520.301	-815.97363	2365.4983	5719.999984025955	34.66666658285892
166	998.69354	527.178	1735.9379	347.71298	627.48425	363.2462	1200.1182	49.625023	500.6	384.3	829999	808.1178	195.44583	1468.5619	-2303.0798	-823.57825	2304.044	5754.563793420792	34.66604696268059
167	287.62555	381.04672	1523.5923	6.9950705	202.47214	60.93473	331.40723	106.72369	306.3125	873.7	834999	804.56537	197.623	1490.1327	-2072.4092	-819.4773	2383.136	5790.890736103058	34.67599244460374
168	97.95815	101.40666	393.3979	6.033965	143.594	24.519644	162.66899	75.03616	285.83334	930.2	839999	794.15717	197.88254	1243.1987	-3657.7607	-808.8961	2331.5078	5827.962311267853	34.690251865557265
169	321.13058	364.56116	990.8125	32.90853	34.78029	0.9752125	36.394802	33.466194	368.15384	80.0	844999	782.8948	190.11797	1445.6985	-2424.4438	-797.2298	2362.7312	5861.54857468605	34.68371939094814
170	421.70245	352.78735	958.2705	36.000538	205.0947	169.10805	644.77936	49.824623	398.6154	512.8	849999	759.92255	184.84421	1297.3682	-1915.2495	-773.1759	2219.5615	5896.892513751984	34.68760303609511
171	525.0831	548.5511	2165.6724	65.76088	313.68256	77.07495	474.74274	261.9528	384.76923	149.2	854999	742.8323	184.01152	1427.0165	-2244.3235	-755.7891	2134.54	5930.759231328964	34.68280253633421
172	1012.3323	622.1311	2592.8354	178.85782	1207.2909	1031.7137	2805.7751	284.18448	375.15384	452.8	859999	732.73413	180.48218	1225.6248	-1485.9912	-746.011	2032.4342	5965.49529671669	34.683112202688704
173	773.0861	734.84247	2770.3167	36.630096	1555.507	921.8448	2608.2334	305.14786	310.5	614.7	864999	728.6377	176.77475	1248.2538	-2108.4846	-742.0121	2033.2122	6000.649961948395	34.685837945497106
174	856.5988	876.3812	2685.6855	250.91922	690.15076	349.81943	1398.7263	383.6257	351.0	322.2	869999	718.7265	175.43863	1146.0322	-2760.6724	-731.4465	2072.4187	6035.009406089783	34.683962116296264
175	1056.8958	691.3786	2239.1787	198.93932	435.35638	295.14566	1203.7224	115.584206	495.45456	238.8	874999	693.50464	168.90881	1209.2	-1245.5656	-705.2037	1800.3716	6069.190535068512	34.68108878544399
176	355.47885	307.1475	1305.5508	17.970907	310.29443	160.0273	789.3522	238.66182	176.24138	160.9	879999	666.7561	159.63075	1022.7483	-1423.4373	-678.09265	1689.6428	6103.279124259949	34.67772230912339
177	969.4117	587.62805	2524.7825	285.84506	984.57	526.06696	1811.0486	373.2905	374.84616	390.7	884999	644.36725	154.51251	1085.9808	-1821.6515	-655.5079	1679.6976	6137.99450135231	34.677935046664736
178	904.9014	544.37823	2226.195	205.33165	779.0164	194.39902	1190.0656	587.16223	332.93332	257.5	889999	630.6868	155.86836	1281.0133	-3405.5505	-642.0208	1666.3616	6172.222529411316	34.6754074819972
179	337.77008	586.24457	2672.1711	0.068344675	23.25161	4.417351	32.11636	17.709084	130.66667	57.9	894999	638.65295	163.56477	1327.4132	-1661.8594	-650.8973	1729.4214	6205.570731639862	34.6679929288406
180	221.39114	358.4173	1497.4861	4.468501	35.806515	1.5062323	38.861248	33.53911	238.4762	64.6	899999	685.9091	186.02353	1309.9661	-1987.9484	-701.3583	1919.3552	6239.222381830215	34.6623465763198
181	425.66492	371.08337	990.1565	27.930393	788.14557	363.76663	971.0239	57.81044	521.44446	818.4	904999	760.0533	216.028	1382.9661	-1420.2941	-777.1193	2321.884	6275.621120214462	34.671939903859936
182	957.0791	29.775534	972.7318	897.54364	972.0187	0.6683734	973.1906	970.73724	1000.0	1000.0	909999	811.5039	226.92737	1381.3357	-1838.5962	-827.7182	2530.7517	6312.775727748871	34.68558093479702
183	1077.6952	211.4196	1517.1918	866.724	870.31964	317.20636	1379.6833	321.78723	811.0	473.0	914999	832.2323	229.664	1337.5104	-1656.0446	-848.3492	2602.6355	6347.694609642029	34.686855802119105
184	1242.908	309.2927	1729.9902	664.02936	1358.4471	446.5485	1839.7504	551.8934	662.625	807.4	919999	823.7112	224.1076	1264.3291	-2375.0244	-838.2038	2494.73	6383.965578317642	34.695465112509936
185	1226.5972	220.6072	1558.631	1031.365	1048.3767	6.5568423	1055.0176	1036.2473	971.8	1000.0	924999	804.55615	211.81854	1176.0293	-2830.6255	-818.4686	2342.0967	6421.257132768631	34.709498027853066
186	1289.2375	519.0654	2138.281	529.6412	1498.6324	159.5184	1873.8357	1241.3804	868.3333	840.6	929999	783.0611	200.52434	1159.4613	-2352.4912	-796.561	2174.8752	6457.574451208115	34.71814222361452
187	1234.2631	110.0818	1383.206	1064.9465	1032.868	1.1171807	1034.945	1031.3405	1000.0	1000.0	934999	759.9722	189.31662	1109.9183	-1769.1134	-773.0066	2095.2056	6494.302929639816	34.728892683345364
188	1013.05176	495.7313	1707.6263	42.109173	1294.0096	877.8985	2341.5825	214.16927	840.0	629.4	939999	738.8093	179.9089	1156.2363	-1304.747	-751.7352	1925.3218	6529.670300483704	34.732288845041964
189	762.07367	807.0205	2243.559	7.464848	556.638	234.18524	1141.4022	318.72388	429.45456	284.6	944999	724.19275	175.74591	1262.3369	-2661.2014	-736.4616	1912.2546	6563.583045721054	34.72795263421599
190	873.1615	454.33078	1618.9456	281.72073	371.79498	369.7504	1480.802	240.37877	399.18182	179.2	949999	716.30115	176.85745	1411.6946	-2637.3809	-729.2024	2007.5226	6597.42836356163	34.72330718793367
191	627.8561	665.8086	2517.314	227.05655	499.5974	342.06467	1267.4647	233.84023	281.85	227.0	954999	729.48114	192.53133	1372.2343	-2422.3804	-743.1213	2089.2112	6631.5158858299255	34.71997846982866
192	1071.4601	647.3085	2680.6353	262.124	974.4928	467.09818	2189.9707	548.3085	398.53845	364.3	959999	748.5699	202.64034	1325.6125	-1757.4935	-762.8975	2105.41	6665.903334140778	34.71824654315909
193	948.0443	435.1476	1819.0525	472.25095	738.77136	142.14058	1012.5591	467.99817	341.0	272.8	964999	785.81116	207.15425	1252.1897	-2691.9204	-801.244	2400.931	6700.165929079056	34.71588565401463
194	695.2539	412.6947	1457.1493	23.590925	544.0238	313.23846	1013.1671	255.96898	348.57144	447.5	969999	811.988	218.84018	1452.4365	-2376.4753	-828.6123	2525.1465	6735.306305408478	34.71807375150858
195	657.1238	447.09702	1524.0577	31.835474	729.01575	566.24243	1943.689	272.6337	285.9375	397.1	974999	950.61804	298.84427	1713.4026	-1984.2308	-977.0315	3761.7207	6769.652193784714	34.7161651073358
196	1244.0504	305.2798	1674.749	1003.46295	1002.65216	0.7181279	1003.83136	1000.9133	920.6667	1000.0	979999	1162.9348	370.13168	1756.0303	-2181.9363	-1189.289	5364.1226	6806.5748019218445	34.727422469732716
197	1003.728	2.4211721	1007.1037	1000.8455	1008.75586	0.49857038	1009.75665	1008.0846	1000.0	1000.0	984999	1223.4795	361.77127	1954.2242	-2071.6067	-1249.3678	5921.0776	6843.693901062012	34.739562960445575
198	1011.2917	20.446205	1051.277	994.5535	1008.0431	10.65418	1034.8135	995.33014	1000.0	1000.0	989999	1252.4841	352.6957	1935.9279	-1833.1683	-1277.1799	6016.227	6880.706926822662	34.75104509580015
199	734.3072	370.43692	998.5699	49.149433	973.04767	1.0465082	974.64026	971.0406	751.1667	1000.0	994999	1247.3524	337.88022	1856.3953	-1984.6633	-1270.6178	5970.9224	6917.927042961121	34.763452489172394
200	707.6564	413.6222	972.7128	41.65612	318.78613	425.7081	970.77625	33.594696	741.8571	359.3	999999	1214.6437	320.17917	1795.1921	-1931.4005	-1236.2716	5240.8374	6952.711719274521	34.76355860710144
