Epoch	AverageEpRet	StdEpRet	MaxEpRet	MinEpRet	AverageTestEpRet	StdTestEpRet	MaxTestEpRet	MinTestEpRet	EpLen	TestEpLen	Time Steps	AverageQ1Vals	StdQ1Vals	MaxQ1Vals	MinQ1Vals	AverageQ2Vals	StdQ2Vals	MaxQ2Vals	MinQ2Vals	AverageQ3Vals	StdQ3Vals	MaxQ3Vals	MinQ3Vals	LossPi	LossQ	Time	AVG Time Per Epoch
1	2.0065212	5.6312876	32.558685	-8.486156	95.71549	21.547852	129.3361	55.777683	20.791666	209.5	4999	1.8271453	2.5671577	15.292517	-3.694452	1.8273197	2.567119	14.896611	-3.747081	1.82724	2.5681634	14.476965	-3.3187945	-3.639355	0.29311588	20.794689655303955	20.794691562652588
2	2.2578268	5.6641192	29.174458	-6.9058814	74.98004	23.809145	131.6916	50.31563	20.640495	188.2	9999	12.063556	6.1843476	38.241653	-7.164506	12.06339	6.1825495	38.246136	-6.7688375	12.063464	6.183315	38.60496	-8.050753	-15.832259	1.931784	46.85506510734558	23.427533745765686
3	63.41186	56.59372	160.68169	-90.19368	-18.70856	9.222401	-4.520983	-37.711166	177.21428	105.9	14999	21.88786	7.7223206	58.53295	-16.445211	21.887901	7.7202077	57.060387	-14.497075	21.8879	7.7194595	58.571964	-14.763955	-24.860802	3.9715652	73.86178779602051	24.620596567789715
4	4.0078864	21.269758	367.29443	-48.58761	3.8483472	0.33320642	4.4011583	3.4955852	16.160257	12.3	19999	24.304094	11.459455	69.12329	-29.066835	24.303894	11.458224	70.29196	-31.565895	24.30395	11.457095	67.99847	-28.519766	-26.401539	10.375511	100.04079008102417	25.010198175907135
5	23.123774	68.112434	388.46762	-13.385145	74.04405	29.364553	126.13107	35.948864	31.813334	140.4	24999	24.628212	13.856681	70.31554	-35.70183	24.628448	13.8553295	71.47868	-36.764416	24.62819	13.85666	71.25897	-37.65666	-27.578966	13.156179	126.77123284339905	25.354247045516967
6	184.65678	172.56302	476.21906	-46.862823	312.68353	43.763588	380.37723	259.90488	174.72414	168.5	29999	30.767752	12.885575	83.52255	-41.321987	30.767715	12.88788	80.40523	-39.65933	30.768	12.885886	84.67375	-40.54909	-33.90464	11.025127	153.56922030448914	25.594870448112488
7	344.77588	150.09232	671.90076	26.0081	512.12256	395.67584	987.9426	98.657845	241.80952	533.9	34999	36.67988	14.393005	94.53236	-32.800068	36.679855	14.394923	93.50377	-34.75537	36.68011	14.392594	97.0105	-35.764114	-40.333496	14.660991	182.00009202957153	26.00001338550023
8	413.7613	176.1962	974.19916	242.86267	340.57285	41.40133	444.59378	291.73422	288.35294	179.9	39999	41.669	16.84088	106.8987	-44.81493	41.668858	16.839252	105.23596	-43.992897	41.669212	16.840332	106.417854	-46.340366	-45.47792	19.395351	209.00750041007996	26.125937789678574
9	359.18933	111.980064	541.8682	35.97685	327.05386	25.881708	388.836	296.89398	207.0	151.5	44999	46.94331	18.502024	107.97023	-67.34012	46.94345	18.492208	106.119286	-65.52775	46.94389	18.496775	105.58631	-68.94199	-50.771965	20.326475	235.71104073524475	26.190115849177044
10	310.82584	82.10772	636.6079	163.66565	375.03064	157.30806	822.7866	203.43398	166.96774	216.7	49999	52.571487	19.824104	111.93628	-70.97089	52.57105	19.819437	110.25615	-73.632416	52.571785	19.822983	108.15026	-74.93436	-56.325493	22.680859	262.6915111541748	26.269151282310485
11	422.39688	216.56137	1010.63196	64.23908	255.30557	103.00524	457.6265	142.44594	296.4	145.0	54999	56.98048	21.04133	119.70444	-66.154785	56.980354	21.038212	119.83888	-70.3887	56.980488	21.041317	117.9138	-66.45569	-60.483353	20.686398	289.14055275917053	26.285504948009144
12	355.91086	148.63655	862.72125	59.71273	420.75943	84.117294	630.54816	319.93362	223.6	255.5	59999	59.15368	22.301147	128.86636	-44.508007	59.15343	22.29747	125.57526	-41.201332	59.153603	22.30029	126.2177	-42.32835	-62.194416	19.082932	316.34181666374207	26.361818194389343
13	358.4198	74.6095	464.91983	113.87696	389.4239	13.637475	402.97247	353.1568	236.09525	237.5	64999	61.421593	24.351889	133.63896	-37.79749	61.420883	24.350618	129.43253	-37.097702	61.4211	24.352697	129.79053	-39.34241	-64.53146	19.785439	343.56888365745544	26.428375831017128
14	339.65973	48.887444	442.93915	247.33467	255.90915	14.003259	275.64502	222.56197	185.7037	121.1	69999	63.473274	26.37047	134.54741	-56.11808	63.472736	26.368864	128.85115	-54.94987	63.47256	26.372046	129.71442	-61.402164	-66.52634	19.565952	370.2842571735382	26.448875648634775
15	309.69064	31.659945	366.00528	217.99782	314.54083	9.779397	327.31046	293.60846	142.26471	141.3	74999	66.18894	28.584818	132.00813	-60.598576	66.18859	28.582327	129.66719	-63.953156	66.18884	28.586367	130.79674	-62.59186	-69.4316	19.9299	396.81664991378784	26.45444345474243
16	336.26782	37.67593	481.81744	286.32196	362.4085	21.119757	402.80847	332.13382	160.0	183.4	79999	69.16255	30.133314	134.59737	-65.608986	69.16204	30.130024	131.13539	-62.525894	69.16253	30.134003	132.83946	-65.03984	-72.44436	19.133312	423.36427068710327	26.460267022252083
17	320.242	25.822893	371.68372	248.09692	329.67178	17.511696	365.29565	301.01538	146.73529	154.9	84999	71.80537	31.15967	132.68604	-70.05668	71.80488	31.156588	132.60551	-68.423065	71.80506	31.16043	133.41486	-65.64253	-75.02228	19.132069	450.1397340297699	26.47880801032571
18	329.93948	37.00895	437.46335	284.25613	297.27997	8.094705	314.07297	280.48193	148.88235	124.7	89999	74.53901	31.34643	136.78833	-62.046978	74.53866	31.343061	136.10371	-58.43637	74.53857	31.348429	135.78484	-61.31406	-77.93524	18.907906	476.57214975357056	26.476230647828842
19	305.00305	21.934925	334.2802	224.99225	335.4207	14.134496	358.13773	305.38785	126.15385	134.5	94999	77.14413	30.940697	137.7172	-59.17771	77.143456	30.93931	135.72694	-56.727604	77.143814	30.94206	136.15753	-55.12417	-80.36191	17.837154	503.34345293045044	26.49176079348514
20	314.97195	33.75312	359.52493	152.29996	358.03204	35.93283	432.29373	311.47272	131.26315	148.0	99999	79.73388	30.806347	135.2044	-74.63395	79.733536	30.80295	134.81241	-76.82385	79.73353	30.807186	137.1411	-72.71468	-83.03941	18.86599	529.8361005783081	26.491805124282838
21	365.19608	56.880337	526.3152	285.72256	684.53455	164.80144	1014.0152	586.4897	157.45161	437.2	104999	82.80573	30.771969	135.39102	-88.065056	82.80564	30.768944	138.28494	-86.89257	82.80564	30.772253	137.80104	-97.39958	-86.09427	18.755718	557.5852205753326	26.551677261080062
22	408.71286	56.365463	608.5821	313.281	448.2745	158.65862	704.4553	112.83719	199.1923	248.7	109999	85.884476	30.41308	135.24997	-86.95319	85.88474	30.411543	137.06186	-88.32498	85.88478	30.413538	135.33195	-90.148285	-89.17589	18.952578	584.7661979198456	26.580281821164217
23	400.58704	58.48299	649.73535	350.14114	441.57208	10.734799	465.19653	427.0477	185.33333	183.0	114999	88.31354	30.364805	136.00839	-80.914406	88.31352	30.362816	136.28242	-83.41479	88.31374	30.365088	136.05154	-81.216705	-91.35126	18.553162	611.6702620983124	26.59435929422793
24	374.7696	24.30922	442.6182	332.71606	342.71375	12.880516	364.1517	323.95767	156.0625	141.3	119999	90.115	30.640491	140.08546	-74.31815	90.114944	30.639835	140.76826	-65.05095	90.11483	30.642426	141.0677	-70.57918	-93.10361	17.441393	638.2857160568237	26.595238238573074
25	379.9483	26.64849	438.51834	335.90714	367.76468	8.711066	385.58752	354.08472	153.90625	146.6	124999	91.43896	31.468372	143.24449	-54.812103	91.43878	31.467657	144.18707	-55.364826	91.43921	31.46733	143.92722	-51.100925	-94.358116	17.062237	665.3784811496735	26.615139322280882
26	383.01764	36.314392	472.34897	306.13495	414.34586	18.267347	442.59286	390.42447	152.30302	164.3	129999	92.80479	32.630337	149.34393	-60.740417	92.8048	32.628044	148.7568	-57.41956	92.80475	32.629787	147.28912	-58.697437	-95.74446	16.7114	692.0382676124573	26.61685741864718
27	395.2587	62.696762	506.55518	281.7265	268.06097	7.195755	277.43497	254.24886	154.0303	120.2	134999	94.65985	33.77361	151.51376	-52.42468	94.66022	33.772594	152.52135	-49.000057	94.66022	33.776028	155.4709	-50.72737	-97.61859	17.304588	718.2678508758545	26.602513066044562
28	277.95547	23.37446	338.26157	243.91455	313.50418	42.168453	403.05978	277.41083	123.85	147.2	139999	96.399536	34.964127	163.39742	-40.378887	96.39964	34.964638	161.68686	-40.082108	96.40013	34.96532	162.69565	-40.65465	-99.406334	17.375479	744.9421813488007	26.605077981948853
29	320.7058	50.56681	531.6874	270.72208	314.7184	19.223776	340.58823	273.47412	148.97058	137.2	144999	97.690216	35.88308	167.8459	-45.10904	97.69017	35.883698	166.44514	-42.600807	97.690575	35.8845	167.03917	-50.66345	-100.54972	16.743578	771.5113315582275	26.603839085019867
30	471.75717	166.38605	931.313	317.89902	740.9046	158.08023	921.68414	332.9913	190.78261	269.7	149999	98.82349	36.415905	168.3234	-53.748768	98.82383	36.41774	167.13705	-48.44409	98.823906	36.417366	168.99529	-47.10122	-101.500206	17.32328	798.8686943054199	26.628956532478334
31	724.69946	390.99136	1870.0813	355.22153	539.1706	108.66348	751.1477	432.56406	291.1579	199.6	154999	100.69715	37.35769	169.86725	-53.12949	100.69767	37.358414	168.53737	-53.721817	100.69769	37.358395	170.85231	-57.636925	-103.29435	17.310455	825.5502481460571	26.63065322752922
32	476.51294	87.58876	722.9307	302.2139	474.9633	24.821321	506.11594	420.6009	186.07408	182.7	159999	102.33126	38.365543	172.67258	-54.232155	102.33125	38.36781	173.40926	-57.22194	102.33167	38.367634	172.56403	-52.985664	-105.25608	17.55581	852.7369804382324	26.64803070574999
33	586.61206	228.29344	1386.0892	326.35208	459.94043	115.137375	693.54456	329.30548	233.85715	173.1	164999	103.91962	39.01481	174.747	-54.95618	103.92017	39.014256	178.04361	-56.912025	103.920135	39.015095	175.58723	-57.33027	-106.86077	18.420128	879.6178305149078	26.655085823752664
34	598.7368	143.86711	910.76715	359.43668	478.55023	171.7012	794.45514	307.77203	236.85715	181.9	169999	105.215576	39.564804	181.98766	-72.6612	105.214966	39.566277	181.79341	-77.94974	105.215355	39.565937	180.71587	-73.774925	-108.007744	19.3241	906.597404718399	26.664629599627325
35	505.6142	114.12135	742.3517	214.56236	476.2396	38.67411	507.62238	369.7047	195.42308	176.7	174999	106.54135	39.729782	184.24348	-63.63187	106.541565	39.730537	185.52751	-67.6659	106.54179	39.72987	182.77284	-66.08126	-109.2876	19.569357	933.4432849884033	26.669808203833444
36	576.8289	134.64622	885.8465	288.89484	443.92075	78.28837	569.0602	327.29733	217.69565	163.6	179999	107.7791	39.66945	187.3582	-64.37283	107.77925	39.66926	187.91623	-65.32375	107.77909	39.668568	183.59619	-60.7956	-110.65978	19.030056	960.4332430362701	26.678701255056595
37	508.84406	133.73581	753.36523	290.56058	483.10205	132.90898	709.0574	301.86	191.34616	178.2	184999	108.79002	39.560993	185.93156	-71.5061	108.79003	39.563114	187.48422	-65.403175	108.79019	39.562897	182.36475	-66.2732	-111.58322	19.145693	987.1433107852936	26.679548991693032
38	526.46436	117.728676	737.2874	268.69986	644.46906	108.54378	770.6628	497.23306	202.6	241.1	189999	109.60432	39.31419	182.96407	-74.37481	109.604515	39.314423	183.73267	-73.644264	109.60424	39.31489	181.10962	-77.235245	-112.508255	18.457813	1014.1004831790924	26.686854864421644
39	646.55396	191.23463	966.24567	280.49203	576.6342	100.00993	701.33545	457.32443	248.65	222.6	194999	110.694214	38.7293	182.2368	-73.91486	110.69416	38.729614	182.77588	-73.153656	110.69438	38.72979	181.37453	-72.04719	-113.439735	17.648891	1041.23375415802	26.698301437573555
40	624.3696	225.0053	1257.2649	321.1283	593.28546	229.46094	1066.41	355.0045	229.61905	215.3	199999	111.87156	38.592495	181.41588	-60.96605	111.87138	38.592842	181.50847	-55.832024	111.87158	38.593597	184.69366	-60.087532	-114.46565	17.326366	1067.977341413498	26.699433583021165
41	768.49133	324.71967	1673.2025	309.7462	883.8419	288.5472	1336.6953	520.9578	285.6111	321.5	204999	113.25347	38.706055	184.97011	-50.698906	113.25368	38.706295	184.42186	-61.009888	113.25311	38.707794	185.0013	-50.905	-115.66289	16.666323	1095.2458543777466	26.713313573744237
42	646.4847	203.88492	1114.1204	305.2888	706.67145	117.616615	841.95935	545.1673	234.09525	244.9	209999	114.66294	38.899403	184.02428	-54.43731	114.66351	38.898468	184.77069	-52.325737	114.66303	38.90066	186.71492	-57.191288	-116.906105	16.273663	1121.968739748001	26.713541467984516
43	636.546	116.59817	806.8411	415.2241	552.5795	57.150463	636.88135	453.1084	230.31818	191.7	214999	115.919624	39.41021	187.67691	-56.41245	115.91973	39.410084	186.15518	-59.216568	115.91969	39.410442	188.30687	-58.198597	-118.35551	16.438162	1149.0315396785736	26.721663757812145
44	722.64795	157.74094	1095.2963	484.54974	617.2104	93.34116	776.6893	469.0042	269.73685	225.4	219999	117.05693	39.92174	187.98132	-53.328045	117.05698	39.919594	187.22931	-52.75192	117.05661	39.922947	188.3876	-54.5467	-119.36171	17.604153	1176.1174449920654	26.729941974986684
45	639.6315	110.769585	847.3083	480.16937	873.0745	173.22302	1161.7866	546.8707	236.05	335.5	224999	118.15531	40.041782	190.29224	-59.65599	118.15553	40.040527	191.3878	-59.824635	118.15556	40.041943	192.1645	-58.782204	-120.61967	17.496431	1203.628901720047	26.74730896419949
46	608.3257	234.0915	1121.7294	156.71768	512.27716	91.15659	602.73175	328.16373	224.52174	179.0	229999	119.06791	40.103123	191.21902	-63.634274	119.0682	40.102974	192.81908	-63.98292	119.068275	40.104633	193.88644	-65.91782	-121.39995	17.34314	1230.7642900943756	26.75574547311534
47	733.4162	153.15851	971.2056	470.72433	795.3942	47.437828	888.7012	751.12573	270.22223	317.8	234999	119.94974	40.548668	194.87743	-51.93428	119.94992	40.547108	194.641	-49.008804	119.94975	40.54832	195.0327	-45.991837	-122.0992	17.038862	1258.2966892719269	26.772270020018233
48	766.8843	209.97249	1164.9589	406.3535	1635.0775	573.5721	2578.1152	839.0349	300.05884	614.0	239999	121.16046	41.106953	195.77116	-57.109707	121.16036	41.107925	195.37224	-63.4301	121.1603	41.108387	198.09633	-60.41422	-123.36644	17.418137	1287.2617182731628	26.817952503760655
49	964.4137	166.15135	1204.6409	617.47894	855.4925	66.37726	990.436	768.64777	363.2143	313.0	244999	122.21772	42.050472	198.67656	-41.1732	122.21815	42.049355	198.75005	-58.092865	122.21828	42.04917	201.08415	-46.8843	-124.47644	17.501938	1314.6326739788055	26.829238288256587
50	830.2997	158.5443	1195.3506	572.3136	503.30298	124.86719	752.5838	393.78375	302.9375	176.0	249999	123.55962	42.959583	200.987	-43.85242	123.56004	42.959984	206.55711	-41.33669	123.5598	42.95944	205.89987	-39.96688	-125.729774	17.891047	1341.197978258133	26.823959608078003
51	561.6552	147.17027	798.84863	307.22708	675.34515	78.72951	753.8949	523.95245	200.48	242.5	254999	124.51585	43.47959	201.63412	-45.879135	124.51626	43.479103	205.19429	-49.36031	124.516205	43.47865	206.44327	-51.189476	-126.86031	18.235477	1368.2864336967468	26.829145800833608
52	633.1368	124.13805	952.3837	413.5013	611.1484	45.573135	720.4748	557.60626	226.43478	215.3	259999	124.84866	43.6231	202.60127	-54.81678	124.848656	43.62297	203.03343	-53.57769	124.84915	43.620705	204.87384	-46.784924	-127.205	20.223743	1395.2671899795532	26.832061387025394
53	610.5616	112.95733	881.95074	379.76898	718.625	35.23987	782.8447	649.0213	213.30435	257.3	264999	124.528145	43.668663	204.87285	-55.663025	124.52828	43.667126	205.51315	-52.93963	124.528275	43.667995	206.0399	-58.59038	-126.88626	21.928865	1422.3909709453583	26.83756552102431
54	547.7191	184.9557	825.7034	164.03981	506.61652	17.815268	534.8092	481.89392	196.0	179.7	269999	124.05274	43.897087	207.51746	-73.30903	124.05277	43.896217	207.22258	-66.24894	124.05277	43.895985	209.1189	-65.50662	-126.58756	21.899193	1449.428323507309	26.841265285456622
55	612.97736	150.31465	910.36334	297.193	490.4012	51.972775	552.35736	406.75177	214.82608	169.1	274999	123.684685	43.76852	209.25937	-68.26857	123.68452	43.766624	208.60146	-77.31661	123.6845	43.7678	208.61807	-79.8928	-126.09787	22.541363	1475.6456897258759	26.829921661723745
56	569.026	86.68877	733.48	357.19003	655.33325	95.050354	809.6047	564.3215	199.88	218.8	279999	123.36644	43.96674	207.38301	-86.41728	123.36709	43.96448	210.41441	-95.22244	123.36681	43.966785	205.22086	-96.16851	-125.77962	22.182972	1502.4751706123352	26.829913794994354
57	542.6601	111.197075	767.31586	311.9503	577.40857	104.98217	722.98834	375.765	187.66667	197.8	284999	123.11392	43.971676	206.8936	-81.240685	123.11435	43.971596	207.82289	-80.016846	123.11396	43.97288	207.0073	-85.46386	-125.365364	22.386084	1529.5766870975494	26.834678754471895
58	505.6109	58.55163	636.7899	340.93665	600.1514	81.91414	695.03625	473.09686	180.48148	201.9	289999	123.08702	44.24731	208.91072	-70.06766	123.08718	44.247425	207.17838	-65.42846	123.08751	44.24676	207.662	-60.7504	-125.3469	22.742348	1556.6269397735596	26.83839554211189
59	503.52707	91.57122	712.08124	171.5689	483.39664	65.71878	571.3916	346.30875	177.53572	168.9	294999	123.89374	44.18702	207.21696	-72.5586	123.89355	44.18908	207.10823	-76.37483	123.89353	44.188957	207.71895	-70.326	-126.31716	22.617027	1583.6290471553802	26.841170319056108
60	514.70355	98.6105	699.3248	168.85396	608.7496	37.369625	653.9164	550.95984	180.0	205.0	299999	124.46898	44.161697	207.82816	-81.79524	124.46895	44.16226	204.52147	-84.81487	124.46922	44.162735	206.65436	-82.906456	-126.697	22.721159	1610.376494884491	26.83960827589035
61	563.10254	80.53291	723.50354	420.41608	510.84872	24.489382	548.1944	465.69785	193.0	181.0	304999	125.24813	44.075684	206.55013	-79.69044	125.24808	44.07653	204.35727	-79.05562	125.247955	44.07753	205.31926	-82.944336	-127.30082	21.332064	1637.0900349617004	26.837541584108696
62	605.1226	147.88657	928.27594	371.5927	673.1113	141.27876	918.1244	527.977	206.125	221.1	309999	126.11918	44.432045	215.79048	-86.49	126.11938	44.430782	218.0912	-86.60447	126.11977	44.430363	218.51317	-94.67238	-128.19029	21.278103	1663.7270748615265	26.834307682129644
63	583.7074	156.69118	884.81757	358.8566	633.15845	109.08668	931.86896	484.2783	201.96	207.7	314999	126.94433	44.89274	215.9716	-83.220024	126.94444	44.893173	215.7978	-88.55121	126.94426	44.893696	216.13763	-82.52475	-129.04271	21.573507	1690.818331003189	26.838386236675202
64	535.3231	174.68402	954.03265	350.98694	547.60315	50.427452	667.17914	488.7248	188.11111	188.4	319999	127.67832	45.18533	216.72844	-72.090614	127.67853	45.185467	216.76216	-71.29181	127.67856	45.186157	218.48805	-72.89739	-129.64197	21.440983	1717.4384076595306	26.83497515320778
65	565.3712	131.9044	873.7408	252.09232	560.95135	110.33661	657.06085	302.3093	196.36	192.7	324999	128.24042	45.43939	218.15051	-83.45162	128.24051	45.439075	219.74889	-76.17961	128.2409	45.439228	218.45242	-79.71802	-130.28612	22.117142	1744.1300420761108	26.83276990743784
66	563.5078	126.20867	841.9439	380.37103	574.9728	56.742386	679.20514	483.1553	195.15384	197.2	329999	128.29591	45.773003	216.9882	-84.794785	128.29602	45.77225	219.23302	-85.75263	128.29576	45.773422	220.99487	-93.433304	-130.57591	22.522837	1770.8613119125366	26.83123203118642
67	573.3431	96.635445	778.41986	343.4552	463.43735	87.719734	634.78864	350.63306	199.04	168.6	334999	128.61653	46.39201	224.84398	-93.94204	128.61687	46.391716	221.32143	-86.8297	128.61662	46.39223	222.67007	-89.330475	-131.00931	22.697922	1797.743392944336	26.831990967935592
68	574.4631	102.5729	796.6704	388.02383	651.06885	61.280865	734.6095	533.7636	197.36	223.7	339999	129.30284	46.65039	223.4949	-92.048744	129.30257	46.650112	226.37943	-88.50122	129.30301	46.65002	227.28311	-89.59406	-131.38583	23.022722	1824.8576076030731	26.83614131632973
69	550.442	67.18002	682.9305	420.5496	533.1576	118.0441	841.8716	406.89566	195.3077	188.9	344999	129.75009	47.1434	227.73283	-87.602806	129.7503	47.14236	227.50455	-85.78259	129.75002	47.14403	227.68922	-83.560135	-132.01892	22.925915	1851.9059042930603	26.839216031889986
70	571.39655	104.32569	719.54156	379.44946	593.5292	94.6986	696.5706	346.486	199.8	200.5	349999	130.37997	47.669365	230.07501	-87.853645	130.38028	47.668285	232.70053	-88.40296	130.38052	47.66914	229.68175	-85.086	-132.39784	23.984938	1878.7001848220825	26.83857409954071
71	563.00934	70.94544	693.47296	429.84302	584.4328	86.19177	717.7741	429.8703	195.48	198.5	354999	131.10535	48.013214	232.5373	-81.56968	131.10576	48.012714	232.33571	-78.92071	131.10599	48.011024	231.6876	-82.08155	-133.29446	23.948706	1905.6679182052612	26.840393237664667
72	568.6957	101.43496	727.4005	372.5402	515.1497	68.31577	629.52454	410.42392	196.5	179.2	359999	131.97992	48.24041	233.00108	-86.3096	131.97987	48.241398	234.14116	-80.994545	131.97995	48.242195	235.45517	-84.1884	-134.32945	24.751509	1932.3857469558716	26.838690956433613
73	582.8717	87.86066	772.9196	449.79825	519.9483	66.56703	583.8932	399.59094	200.64	181.7	364999	132.93889	48.370663	233.60677	-84.49436	132.93929	48.36973	235.78621	-80.03587	132.93903	48.370106	235.41882	-84.28225	-135.20374	24.632044	1959.1653201580048	26.83788112744893
74	562.64825	86.69847	787.9327	402.76685	520.61615	125.88465	698.45593	357.74228	197.16	184.6	369999	133.7233	48.39853	235.1087	-78.54651	133.72336	48.398804	235.13736	-81.754295	133.72362	48.398582	236.53598	-83.61976	-135.74992	24.897041	1986.1167533397675	26.839415611447514
75	563.9704	85.36012	699.08307	385.26477	626.41187	88.32936	727.09644	404.5728	200.04	221.3	374999	134.52435	48.37288	236.51376	-86.67947	134.52432	48.373306	235.63239	-84.29697	134.52448	48.372852	235.6721	-83.89166	-136.48503	25.44239	2013.0506074428558	26.840674962997436
76	583.8425	85.00175	720.4946	370.541	662.3441	32.813786	708.7913	594.6548	204.6	223.0	379999	134.82318	48.476063	238.07967	-77.658455	134.82324	48.4773	238.80074	-75.917595	134.82303	48.476654	236.10786	-74.65889	-136.87149	26.071518	2040.0166687965393	26.84232461452484
77	574.21686	77.94013	693.06805	369.0127	607.2495	57.39747	651.25146	456.94247	201.91667	209.4	384999	135.47397	48.62419	237.95868	-70.11533	135.47342	48.624638	236.68033	-66.55445	135.47385	48.625164	236.66104	-70.37941	-137.76555	24.937603	2066.7307512760162	26.840659129155146
78	553.89703	57.590782	639.16785	420.00806	570.93414	10.043328	591.5573	557.0666	198.48	207.4	389999	136.25157	48.564117	239.36412	-69.39261	136.25146	48.565643	237.55797	-64.94995	136.25136	48.56411	237.58765	-69.87682	-138.69753	24.47707	2093.6623528003693	26.841825060355358
79	601.34094	69.98265	694.1424	450.44223	631.62244	61.65105	718.57574	490.33435	207.76	209.2	394999	137.15163	48.756138	240.0152	-70.69212	137.15161	48.75676	238.22635	-74.91834	137.15178	48.757507	240.54265	-78.98855	-139.16257	24.273775	2121.6492223739624	26.85631929470014
80	597.84155	69.26259	705.10516	463.4326	689.7406	30.986036	724.5214	629.2855	206.5	227.5	399999	137.755	48.989437	239.39551	-75.74013	137.7549	48.98987	238.46938	-78.43885	137.75502	48.990643	240.03394	-77.09123	-139.54662	24.113272	2149.147903442383	26.864348819851877
81	592.27594	70.99944	704.47614	379.5337	626.1415	23.091322	670.67444	595.8912	205.54167	211.1	404999	138.5097	49.06469	240.60611	-71.03948	138.50935	49.06435	239.9176	-68.28779	138.50981	49.06538	239.66702	-68.79913	-140.38728	23.46821	2176.397490978241	26.869104856326256
82	565.3589	84.93294	715.1909	374.20566	619.1887	41.622444	689.3932	560.10266	196.64	213.4	409999	138.80461	49.373993	242.10493	-86.994354	138.80464	49.375286	242.022	-79.70815	138.80493	49.37413	240.96773	-82.72576	-140.7004	24.064873	2203.315298318863	26.86969878033894
83	610.2669	53.930595	718.84436	511.18234	683.8739	35.98224	750.05304	634.4559	208.625	233.0	414999	139.38881	49.411224	242.2114	-90.40985	139.38846	49.41202	240.88094	-80.784515	139.38919	49.410225	240.23827	-79.54427	-141.46896	25.336168	2230.0474367141724	26.868041432047466
84	557.484	82.911224	685.87384	352.15082	596.83636	31.260996	646.71545	532.35034	195.11539	205.8	419999	139.61333	49.253677	244.47835	-83.58711	139.61363	49.25238	242.8232	-83.64283	139.61366	49.252026	241.12447	-87.21937	-141.91936	25.21457	2256.7384514808655	26.865933966068994
85	561.31647	64.97914	698.0223	337.57196	542.23334	28.197231	610.77045	502.53494	201.28	186.3	424999	139.91725	49.257645	244.48901	-85.570854	139.91702	49.258778	244.74333	-82.87203	139.9174	49.259018	241.63371	-77.164154	-141.89705	25.811129	2283.346038341522	26.862894591163187
86	607.2271	55.29984	700.4812	503.67435	579.56824	25.879234	622.52484	543.1922	208.125	201.4	429999	140.37373	49.178474	243.38318	-104.1712	140.37372	49.176983	244.13277	-114.76229	140.37404	49.17799	243.70328	-106.21311	-142.68333	25.479832	2310.224197626114	26.86307209037071
87	603.6332	48.611156	706.6865	534.7662	642.62024	11.976119	653.0746	620.0653	206.33333	216.7	434999	140.54256	49.0456	242.14249	-131.15892	140.54214	49.048	244.97481	-121.540535	140.54216	49.047966	241.06425	-115.50604	-142.73877	26.349638	2337.033623933792	26.862455466697956
88	591.25037	34.440025	632.53516	502.8768	584.17096	27.52094	635.46985	541.92456	204.24	199.7	439999	140.38388	48.966705	241.72536	-121.192	140.38321	48.969193	241.25148	-114.89896	140.38347	48.969555	239.36372	-105.64162	-142.52036	27.16087	2363.9465250968933	26.863028715957295
89	558.6986	54.526386	653.26843	457.62286	579.1772	15.986279	601.4816	555.8676	196.08	196.7	444999	140.37663	48.698917	239.25078	-114.3414	140.37679	48.701668	240.56252	-111.000175	140.37717	48.699913	238.46788	-108.69219	-142.77644	28.605118	2390.918433189392	26.86425207973866
90	536.4839	60.994415	645.62915	401.06448	441.03107	15.95044	476.20303	421.21725	187.59259	168.1	449999	139.76984	48.533054	237.58847	-115.51477	139.76971	48.536987	237.54884	-127.503174	139.7698	48.536495	238.78436	-108.279816	-142.42522	28.22485	2417.434477329254	26.860383099979824
91	560.66125	52.630146	622.15375	431.39484	569.6161	30.241161	587.1617	480.20163	191.15384	192.1	454999	139.27534	48.1691	241.0135	-99.93411	139.27516	48.174095	237.65906	-105.29694	139.27522	48.174263	238.38971	-103.17365	-142.15591	29.52733	2444.2622361183167	26.860024593688628
92	591.26575	54.00922	650.07764	454.16272	507.6766	15.53079	529.22784	480.87943	198.84	175.7	459999	139.29239	48.159035	237.3341	-106.77135	139.29247	48.160007	236.94571	-96.39804	139.29301	48.15858	237.265	-99.15928	-142.06378	28.143518	2471.0764122009277	26.859526237715844
93	573.353	65.24054	705.9434	469.8708	653.11975	10.350039	668.969	631.62946	195.65384	217.8	464999	139.42969	48.096287	238.96129	-109.410675	139.42996	48.0959	240.2781	-108.490524	139.43011	48.09423	239.0271	-106.81103	-142.27058	27.39178	2497.7840168476105	26.857892677348147
94	547.32874	48.26897	635.62726	413.45505	585.4239	94.93947	749.5673	493.79672	198.2	200.9	469999	139.11694	47.567917	239.67975	-111.132996	139.11696	47.56753	241.4719	-119.21445	139.11688	47.568176	239.30663	-106.43944	-141.91125	27.196432	2524.500126838684	26.85638434836205
95	534.56396	36.729588	628.1263	424.18674	801.702	217.75842	1207.7576	525.5747	195.4	255.2	474999	137.3093	46.53406	238.63956	-132.95993	137.30887	46.537823	238.45201	-141.32468	137.30942	46.535545	235.96796	-124.80384	-140.31512	28.382826	2551.4441571235657	26.857306939677187
96	537.31976	89.38274	845.43066	316.1502	534.3356	12.061227	550.80505	511.13712	195.38461	190.9	479999	134.2501	45.572968	239.94379	-141.91779	134.2497	45.578568	242.01353	-134.6202	134.24948	45.579716	236.85721	-133.60516	-137.65442	31.357206	2577.8923592567444	26.85304543127616
97	635.4135	194.05202	1168.14	481.97485	625.9752	204.36307	1135.6779	516.89874	223.54546	224.7	484999	131.39847	45.166264	241.33615	-131.57166	131.3981	45.171623	239.40958	-139.14264	131.39836	45.169563	243.98297	-132.59894	-134.86401	31.913465	2604.9791343212128	26.85545501266558
98	601.68207	127.26174	894.71936	464.29425	542.0619	13.095444	560.90106	511.8949	223.39131	202.2	489999	129.57625	44.78669	243.50777	-130.5267	129.57657	44.78801	238.03813	-137.42476	129.57655	44.787537	237.91463	-136.22583	-132.79361	30.312181	2632.14493727684	26.85862182597725
99	517.0643	90.283646	870.5677	342.13797	547.0879	62.421783	587.2921	366.73145	199.12	208.6	494999	129.0582	44.434776	252.78342	-126.05562	129.05849	44.43649	240.47629	-137.78078	129.05879	44.43535	242.77364	-131.65283	-131.84468	28.868784	2659.0833995342255	26.85942829498137
100	510.14407	74.819176	732.8894	342.4484	474.26816	36.91275	503.65488	384.2082	196.28	188.9	499999	129.25983	44.107693	254.11644	-115.64003	129.25948	44.10896	247.2175	-119.69979	129.25963	44.110806	246.27777	-112.92802	-131.9556	27.994625	2685.539985179901	26.855399868488313
101	577.95276	114.141754	828.2782	465.1433	515.8892	13.494855	538.29535	497.74973	219.82608	198.3	504999	129.31078	43.91085	250.06894	-110.42283	129.3107	43.91051	253.83293	-104.551994	129.31133	43.91144	245.24583	-120.08198	-131.86835	27.88345	2712.2979412078857	26.854435082709436
102	600.2459	97.30564	824.3291	486.8594	565.85535	74.65073	780.8088	508.55908	223.18182	224.0	509999	129.2218	44.22414	250.5329	-136.2796	129.22102	44.225697	252.94437	-134.61862	129.22096	44.22555	248.81178	-128.3863	-131.84828	27.770725	2738.936386823654	26.852317536578457
103	544.99695	88.06829	872.3351	438.20255	536.7594	26.745253	572.78064	492.2615	197.07692	184.0	514999	129.49567	44.35596	251.09134	-124.44102	129.49568	44.356018	253.52467	-106.03073	129.49603	44.357105	252.07965	-125.87848	-132.162	26.793785	2765.4036390781403	26.848579036379324
104	548.17334	78.77584	831.36926	454.72147	533.2963	10.295394	550.23816	515.62164	188.65384	183.0	519999	129.87996	44.989334	250.39069	-87.68563	129.88057	44.987835	258.06256	-102.378555	129.88023	44.989548	253.95935	-95.420395	-132.30896	26.131779	2791.856504678726	26.84477410178918
105	549.7562	66.915596	734.9701	460.4968	556.1393	34.094604	654.02386	529.5352	184.10715	187.1	524999	130.78604	45.80637	250.10912	-79.78081	130.78601	45.805798	250.63902	-111.18694	130.78616	45.80753	253.92139	-114.147285	-133.11258	24.900349	2818.415088891983	26.84204848607381
106	569.1456	76.51791	819.9626	463.5712	549.2931	19.28525	581.67615	528.88385	192.88461	185.5	529999	132.47865	46.281727	251.64418	-88.02103	132.47878	46.280884	247.02356	-99.516785	132.47884	46.282528	250.81639	-92.295	-134.55878	23.597687	2844.8030445575714	26.837764589291698
107	589.99567	46.50257	704.7132	532.3832	515.15265	12.525941	535.3483	497.80017	199.32	185.6	534999	133.90884	47.236034	251.52591	-95.11055	133.90866	47.236782	249.59302	-95.4393	133.9087	47.236816	249.50137	-92.45305	-135.97859	23.435556	2871.3352489471436	26.83490888426237
108	598.0026	61.592567	725.5589	512.2676	514.11664	37.870518	623.95844	489.8817	203.5	182.2	539999	135.65915	48.209522	255.1928	-83.27507	135.65862	48.21027	245.18343	-84.66877	135.6596	48.210163	248.59502	-79.14425	-137.45401	23.43713	2898.3897473812103	26.836942123042213
109	600.2059	50.60044	775.8311	536.4254	587.4857	16.038378	606.8438	555.69684	206.04167	205.6	544999	137.26389	49.03196	251.37544	-98.899635	137.26335	49.034077	245.84947	-83.07417	137.26364	49.035046	246.74582	-100.00144	-139.26418	23.382082	2925.37478351593	26.83830078151248
110	688.45447	102.61377	947.6539	556.51776	584.269	31.881588	650.6865	558.1541	224.13043	202.9	549999	138.78111	49.648914	250.56496	-86.99864	138.7808	49.65065	245.33731	-92.56108	138.78114	49.651302	246.43889	-99.502525	-140.84534	24.224924	2952.161550760269	26.837832296978345
111	597.9908	194.68198	787.6119	-1.0529153	602.26654	97.44267	892.5571	556.1559	196.16	206.9	554999	140.16087	50.047993	247.3272	-88.9247	140.1601	50.05143	243.56001	-90.396835	140.16074	50.051064	245.9262	-89.79222	-142.26768	25.248262	2979.004926919937	26.83788224168726
112	580.4761	58.37874	766.9455	500.5058	619.0413	79.13013	744.6735	534.1607	199.48	212.3	559999	141.31412	50.223442	248.8751	-97.551575	141.31384	50.224648	246.52283	-109.74336	141.31493	50.222946	243.97005	-116.31382	-143.66399	25.29379	3005.889568567276	26.83829973425184
113	596.2848	90.756485	876.9534	504.48337	644.90686	28.585917	696.63074	576.6606	201.76	215.7	564999	142.2133	50.532505	251.41417	-110.41627	142.21243	50.535194	246.66583	-124.02287	142.21378	50.533604	245.21916	-128.9229	-144.48416	25.080772	3032.5095925331116	26.836368092393453
114	630.1922	119.75925	1010.3617	512.3831	543.9737	20.124527	597.03314	521.6915	214.21739	195.7	569999	143.82626	50.51791	252.09085	-111.03967	143.82588	50.52025	246.03314	-118.18095	143.82707	50.51788	245.45645	-109.76727	-145.97444	24.467821	3058.985830307007	26.83320905869467
115	650.29144	147.88747	1102.4844	493.4078	697.1024	66.83934	767.293	533.6712	216.73914	227.0	574999	145.28093	50.98876	249.15762	-124.36733	145.28065	50.990147	247.60715	-114.92431	145.2812	50.989216	247.4925	-115.4626	-147.27347	24.30711	3085.62672829628	26.831536782306173
116	808.8173	299.1482	1699.7169	450.54504	838.28064	211.29044	1153.1179	577.4644	263.0	261.2	579999	146.73299	51.284184	253.47984	-137.02922	146.73297	51.285175	248.44566	-132.378	146.73386	51.283813	248.08176	-126.01768	-148.76927	23.828537	3112.5482671260834	26.832312662025977
117	862.72314	154.06787	1177.0426	507.48856	902.20056	188.74872	1357.8896	684.866	271.73685	285.0	584999	147.68295	51.53645	246.81056	-112.69497	147.6823	51.537796	248.40778	-124.48694	147.6822	51.537643	247.7765	-121.25136	-149.54158	23.839785	3139.6960220336914	26.835008749595055
118	685.18823	134.10753	934.41144	397.8283	716.29553	103.28812	895.60187	592.85114	221.27272	226.5	589999	148.3013	51.761673	248.68349	-112.34189	148.30151	51.761185	248.06882	-111.01295	148.30173	51.761147	245.5795	-118.63822	-150.33635	23.33799	3166.426413297653	26.834122166795247
119	780.65094	144.3158	1073.9852	591.7301	598.48694	65.50403	681.1047	485.71045	246.0	201.6	594999	148.54056	51.78852	245.7116	-120.13783	148.54079	51.78677	249.95694	-124.91965	148.54062	51.78806	244.4044	-128.19269	-150.62007	23.235712	3193.4130940437317	26.835404167656137
120	682.7214	142.2186	884.5372	347.68073	646.2636	95.59538	842.54974	541.0983	226.40909	219.3	599999	148.60207	51.878136	246.38287	-123.502	148.60252	51.875988	249.89462	-122.86008	148.60233	51.87679	247.31464	-125.907196	-150.61115	24.249815	3220.4856102466583	26.83738010128339
121	877.8616	253.34906	1669.3368	598.6721	919.4875	134.78635	1092.5817	670.2225	278.8889	291.7	604999	148.73123	51.96162	247.4866	-127.36797	148.73102	51.960583	255.264	-126.54823	148.73091	51.960957	250.3199	-141.1988	-150.89166	25.056952	3247.4828431606293	26.83870119693851
122	807.41235	107.51913	1040.3987	650.47455	880.5993	164.1972	1036.3131	620.14386	253.36842	276.9	609999	148.76843	52.264755	247.24525	-137.50784	148.76875	52.263123	246.2397	-142.071	148.76884	52.26424	246.83609	-142.59595	-150.7014	25.070484	3274.329609632492	26.838767307703613
123	865.59033	134.3572	1215.7219	600.3871	888.45917	163.55151	1041.6357	593.1985	275.83334	275.5	614999	148.95102	52.608177	247.04608	-176.69536	148.95096	52.608284	247.66513	-174.93877	148.95132	52.607796	249.58626	-175.1622	-150.78748	25.175083	3301.330860853195	26.84008831318801
124	784.06793	128.22185	1051.5647	580.9338	639.53424	116.07064	941.4572	511.5976	251.0	219.3	619999	149.29459	52.60651	249.20538	-176.24799	149.29477	52.605316	246.66739	-185.9845	149.29457	52.606567	248.44197	-171.84276	-151.1482	25.759478	3328.08078289032	26.839361167723133
125	766.7946	120.87192	1043.4858	603.5822	977.2015	91.65885	1124.0623	856.3021	245.33333	320.4	624999	149.49889	52.86314	247.86072	-210.97333	149.49919	52.862614	242.9518	-210.91531	149.49886	52.864277	246.25977	-192.84676	-151.45271	26.400312	3355.011311531067	26.840090509414672
126	917.71045	247.81216	1639.513	592.74713	663.0294	102.843315	794.07886	528.9746	282.35294	211.0	629999	149.5836	53.325565	248.7724	-218.2463	149.58444	53.320824	245.62296	-211.74634	149.58484	53.322502	248.10123	-213.60005	-151.56075	27.0156	3381.684553384781	26.83876631373451
127	927.8331	189.39806	1423.0696	651.13654	781.22424	93.21557	914.4686	647.6939	295.94116	259.6	634999	149.79555	53.575302	247.77441	-213.0258	149.79675	53.57292	251.74855	-231.53197	149.79666	53.57317	243.05554	-224.2465	-152.04413	27.64465	3408.789446115494	26.840861799210074
128	911.0641	240.46797	1344.0647	594.89557	684.974	140.67603	945.9493	576.11743	288.0	236.8	639999	150.02872	53.33331	249.28757	-192.12964	150.02826	53.33305	250.68155	-204.27269	150.02824	53.33484	245.06888	-197.30133	-152.11705	28.304419	3435.5710797309875	26.840399073436856
129	898.7265	205.18533	1356.0581	603.3272	860.29474	231.58582	1325.0542	532.9161	288.94446	276.1	644999	150.1454	53.379154	249.89897	-197.2897	150.14569	53.376484	250.7443	-208.46745	150.14545	53.38052	252.16579	-189.13461	-152.14543	28.715343	3462.6786184310913	26.84246992695239
130	895.5848	238.67064	1278.6475	492.62723	964.2047	271.608	1583.7426	568.5945	289.41177	312.7	649999	150.42326	53.017662	247.95488	-189.48051	150.42378	53.01613	251.44771	-195.87553	150.42365	53.017776	247.70245	-194.40704	-152.69212	29.333256	3489.9604885578156	26.84584992665511
131	911.50165	248.66618	1645.8032	533.6347	1006.4071	148.93567	1410.9065	801.1669	301.70587	319.7	654999	150.77318	53.213367	253.52788	-191.85759	150.77351	53.21341	254.18536	-193.37758	150.77364	53.214306	249.75189	-188.90196	-152.63971	29.118362	3517.4298379421234	26.8506094626798
132	1014.9036	190.18648	1440.8386	732.4559	894.7427	108.95845	981.5819	584.71436	326.53333	296.0	659999	150.66212	53.63778	250.91322	-223.41599	150.6621	53.638145	252.38884	-225.22403	150.66202	53.639427	250.93785	-223.05826	-152.80652	30.351107	3544.678428173065	26.853624472112365
133	1011.80615	200.73161	1336.6295	734.67084	1049.7317	191.84576	1410.9281	769.36945	316.875	336.8	664999	150.84	53.680313	253.07506	-244.17845	150.84045	53.676662	252.17429	-245.44046	150.84024	53.680504	252.42583	-246.00684	-153.12225	30.562866	3571.961639404297	26.856854447744844
134	1011.01733	194.6638	1571.7307	747.88055	1329.3479	255.42249	1695.389	930.21094	311.1875	407.5	669999	151.10428	53.8052	254.38077	-265.9154	151.10472	53.803143	258.9715	-276.77045	151.10448	53.80657	253.46649	-258.0126	-152.91669	31.981987	3599.6237709522247	26.862863974784737
135	1048.2023	265.87784	1814.8706	639.0056	962.88007	119.795555	1219.036	864.8004	328.06668	316.9	674999	150.89769	54.193096	254.31783	-305.26465	150.89825	54.19039	254.25247	-323.8925	150.89796	54.19178	254.5992	-317.7339	-153.23772	32.460964	3626.691798210144	26.86438370457402
136	971.2684	99.683334	1205.1796	748.6247	1044.4347	154.0728	1318.8617	751.8408	300.52942	325.2	679999	151.03122	54.7385	257.37732	-376.55127	151.03159	54.73682	256.14667	-369.99142	151.03084	54.739895	255.52364	-390.59766	-153.25745	33.687084	3653.915550470352	26.86702612042427
137	956.22284	149.72604	1430.7618	770.1738	950.7448	161.8803	1186.493	731.5255	297.7647	288.0	684999	151.21758	54.773804	254.02005	-366.038	151.21849	54.77136	255.64558	-381.82477	151.2182	54.77296	253.06032	-372.419	-153.40225	33.331837	3679.2962963581085	26.85617736134216
138	1002.4078	171.54742	1354.4666	758.7456	582.3366	95.105034	804.94696	484.6122	309.625	208.3	689999	151.52444	54.564865	256.85696	-326.86365	151.52443	54.564056	255.1449	-327.9122	151.5241	54.566875	253.71729	-331.8489	-153.73526	32.773697	3702.478052139282	26.829551114552263
139	1043.2057	188.25076	1489.9641	808.50446	1472.754	472.21094	2649.6113	1048.6238	323.2857	454.3	694999	151.61266	54.608433	255.6804	-266.26758	151.61317	54.605324	253.32219	-269.31644	151.6131	54.609238	254.43234	-274.35757	-153.82555	33.337124	3726.5364990234375	26.809615116325215
140	1150.8396	411.23312	2003.6619	756.1954	1093.2775	135.65656	1406.9408	945.76044	362.33334	345.3	699999	151.90152	54.226494	255.53714	-230.09914	151.90112	54.22685	255.35977	-223.73161	151.90134	54.227634	252.38315	-237.4241	-153.98114	32.930153	3750.2064640522003	26.78718904086522
141	947.7279	163.37059	1389.1135	680.41095	905.6002	81.21933	1053.9727	793.9654	292.64706	281.5	704999	151.99944	54.14084	250.45502	-245.11081	152.00072	54.13706	254.46414	-255.44017	152.00061	54.14002	254.81438	-239.71138	-153.83757	31.451178	3773.6534123420715	26.763499391839858
142	983.6958	156.75662	1409.5586	808.59894	1606.6072	481.9626	2407.5396	1107.5989	302.29413	514.2	709999	152.00174	53.95894	253.3122	-260.9549	152.00266	53.95811	253.66412	-257.88712	152.00137	53.960117	252.0223	-260.46536	-153.81635	31.743284	3798.0574691295624	26.746883598851486
143	1016.29395	127.122604	1336.9958	797.3767	1034.1985	52.576168	1106.7223	929.18317	312.6	312.8	714999	151.74591	54.087444	249.53409	-239.94305	151.74628	54.08807	253.28012	-241.04184	151.74655	54.090145	250.92235	-243.98125	-153.66959	31.189037	3821.4650042057037	26.723531511280086
144	1041.3174	156.35524	1385.18	749.08777	1139.2574	181.93484	1506.0337	986.2344	321.6	380.4	719999	151.4226	54.51579	250.07765	-266.29337	151.4229	54.516552	248.1299	-276.10068	151.42274	54.52008	247.28685	-283.1806	-153.49445	31.265875	3845.0248680114746	26.701561596658493
145	1127.9567	345.54437	2320.2317	828.68414	1215.4136	61.991753	1297.1985	1072.4175	349.46667	364.8	724999	151.45506	54.8374	248.18954	-262.42487	151.45561	54.8372	251.88994	-256.5273	151.45547	54.840412	247.96869	-269.8559	-153.69072	30.803816	3868.54341673851	26.679609783764544
146	1089.5813	217.92102	1811.9956	788.69165	1125.1124	101.99767	1317.9946	962.2142	331.6	342.5	729999	151.30923	55.3162	246.67809	-266.1855	151.30939	55.316696	246.58125	-291.68317	151.3097	55.31825	248.2511	-279.53848	-153.29962	31.10211	3892.3388051986694	26.659854843191905
147	1116.1173	190.12375	1556.72	888.3167	1127.5015	88.11666	1243.482	925.51013	342.53333	342.5	734999	151.57222	55.29701	244.64859	-263.6884	151.57216	55.297443	249.65085	-274.12415	151.57248	55.29755	243.60574	-272.6225	-153.74733	30.075838	3916.117711544037	26.640256554091057
148	998.5936	177.86792	1282.4138	584.2458	1220.8506	80.51111	1352.6737	1127.5176	310.5	357.7	739999	151.77576	55.213375	244.60855	-244.2893	151.7761	55.21314	246.51428	-257.5907	151.7756	55.216118	243.1168	-239.84326	-154.03091	29.73295	3939.5939853191376	26.618878290459918
149	1016.24133	176.32454	1245.2256	545.4017	1082.4617	213.9847	1285.1562	525.9596	311.125	322.8	744999	152.3968	55.08117	244.35095	-259.585	152.39705	55.08062	246.18881	-264.4014	152.39731	55.08349	241.00992	-259.8431	-154.2733	29.217	3962.987424850464	26.59723105046573
150	1095.0701	188.48616	1486.3914	805.00256	1043.7512	71.787575	1156.0953	890.11194	330.93332	316.4	749999	152.44041	54.941536	240.36613	-277.27325	152.44077	54.943153	239.24702	-270.1496	152.44109	54.942818	239.15565	-265.91434	-154.43842	28.455637	3986.0448346138	26.573632243474325
151	1195.7032	165.4753	1616.0958	909.93616	1346.2488	130.29376	1526.0366	1177.7546	363.07144	395.5	754999	152.74347	55.00528	238.68652	-258.90735	152.74269	55.00782	240.78642	-257.459	152.74277	55.00831	240.36911	-267.45322	-154.75066	27.889675	4009.839759349823	26.555230207001138
152	1017.1733	150.22246	1433.4635	834.71497	1206.6052	129.891	1491.8275	1092.2528	311.375	359.4	759999	153.23405	55.17591	238.69812	-253.83163	153.23409	55.17655	238.19685	-256.424	153.23462	55.176395	236.6161	-279.05704	-154.9692	27.864119	4033.7279329299927	26.537683781824615
153	1211.5244	287.2537	1851.528	784.23615	1199.2689	25.60817	1262.7943	1170.79	365.5	370.8	764999	153.56355	55.805073	239.38925	-251.10962	153.56288	55.80789	239.21864	-248.10912	153.56348	55.80693	238.12766	-237.54274	-155.46828	28.572006	4057.7386927604675	26.521167940563625
154	1306.0936	472.31512	2266.7974	803.6349	1319.6359	198.0409	1756.4272	1124.257	392.5	394.3	769999	153.6937	56.6461	242.74509	-250.8762	153.69357	56.647816	241.34148	-253.34235	153.69403	56.647438	239.56326	-244.6872	-155.72923	28.959223	4081.829929113388	26.50538916402049
155	1470.4923	564.60486	2656.8047	704.73126	1969.5358	683.2792	3167.6929	1230.5015	446.45456	584.1	774999	154.22652	56.77679	241.74936	-292.02432	154.227	56.77671	240.37892	-283.1445	154.227	56.775444	238.13704	-277.84058	-156.17102	28.308025	4106.241604804993	26.491881333628008
156	1669.9888	405.79266	2191.9783	974.7438	2124.1553	947.75903	3511.5815	949.02356	488.27274	614.6	779999	154.7309	57.27081	243.28311	-299.34717	154.73093	57.271107	242.688	-290.84692	154.7314	57.270897	241.65535	-292.23328	-156.62863	28.513037	4130.8945417404175	26.480093228511322
157	1373.1361	396.73404	1943.1405	865.5489	3051.0405	654.7999	3551.897	1326.5243	407.58334	874.2	784999	155.3438	57.47183	243.32301	-313.66687	155.34402	57.471424	243.48938	-310.1613	155.3443	57.47278	242.17824	-312.78308	-157.32428	28.195068	4156.4241535663605	26.47403920683891
158	2030.1062	832.68176	3425.364	1120.2147	2083.1982	709.0003	3360.7358	1303.2711	591.5	621.3	789999	156.46202	57.503902	243.67685	-334.173	156.46246	57.503265	244.2125	-336.3698	156.4625	57.50421	243.7161	-344.06186	-158.40524	28.05578	4181.175149679184	26.463133869291863
159	1845.3921	347.45325	2712.0146	1513.7911	2010.343	432.85245	2609.8694	1340.6204	530.7778	582.8	794999	157.28127	57.75237	243.49615	-346.49197	157.28114	57.751244	242.55537	-343.18185	157.28157	57.752766	242.87447	-353.17657	-159.08713	27.824125	4205.648897647858	26.45062200978117
160	1853.2092	704.3446	3122.123	1083.2211	2180.5347	631.0815	3096.4578	1386.9287	550.6667	614.0	799999	157.79001	58.307426	242.14272	-351.11737	157.7899	58.30841	242.78511	-336.6467	157.7905	58.308395	242.41937	-342.24258	-159.8438	28.517628	4230.194886922836	26.438718056678773
161	2237.6482	641.12024	3315.7678	1407.5015	3205.7031	456.18423	3529.349	1917.8646	657.75	932.2	804999	158.49858	58.659252	245.26837	-354.52057	158.49904	58.6576	241.99344	-357.36414	158.49881	58.659035	240.97885	-359.86584	-160.39021	28.765066	4256.008453369141	26.434835124460065
162	2207.574	785.52716	3306.2207	949.54803	1310.1897	145.64864	1569.9443	1080.848	631.75	378.0	809999	159.16945	58.69607	243.21579	-376.0349	159.16896	58.6974	243.87088	-381.13293	159.16942	58.697598	240.66803	-385.87418	-160.89096	28.914482	4279.757465600967	26.418255972273556
163	2051.4182	534.562	3235.4368	1504.5585	3378.763	49.899574	3478.0034	3342.884	608.375	991.3	814999	159.47128	59.1181	242.60997	-380.7991	159.47119	59.116005	242.50749	-392.81125	159.47176	59.117516	241.16049	-395.04495	-161.30516	29.109179	4305.604539394379	26.414751787127162
164	2389.7239	513.87805	3369.1575	1454.5753	2637.5337	593.8373	3791.6555	1874.4944	688.0	701.8	819999	159.927	59.574657	243.25589	-384.5611	159.92787	59.57195	243.0571	-382.93665	159.92732	59.57393	241.8915	-379.9113	-161.92427	30.194876	4330.615872621536	26.406194358337217
165	1797.971	721.4147	3256.0957	806.19507	2327.866	458.58182	3369.277	1731.4506	526.0	665.2	824999	160.24068	59.89893	244.76222	-401.91223	160.24083	59.896976	245.29152	-410.38055	160.24106	59.898575	241.61816	-404.18884	-162.30331	28.8944	4355.276582479477	26.395615661505495
166	2458.768	858.419	3541.124	1343.4757	1971.6357	474.25455	2755.5366	1481.6896	704.5714	541.2	829999	161.05077	59.88618	245.03384	-407.12878	161.05132	59.885063	245.24837	-400.5177	161.05125	59.885418	244.89438	-397.90436	-163.00488	28.48673	4379.264271259308	26.381110080753466
167	2031.5519	677.20447	3406.7913	1178.2765	3226.311	370.9546	3614.6597	2266.1248	584.3333	940.6	834999	161.97389	60.19376	246.915	-385.37527	161.9747	60.191822	244.57372	-392.42014	161.97449	60.193977	246.74146	-392.10764	-163.81082	28.45575	4405.073726415634	26.37768699737366
168	1500.1497	445.50674	2717.994	1033.9554	2039.3127	513.6727	3157.95	1542.203	432.36365	572.3	839999	162.6722	60.45747	245.56111	-392.54843	162.6726	60.455532	247.83804	-398.21573	162.6725	60.45762	248.74115	-392.39465	-164.37549	28.668234	4429.4092762470245	26.365531416166398
169	2362.098	952.7616	3524.567	985.06464	3168.0718	392.5613	3600.3943	2417.82	677.2857	866.2	844999	163.00877	60.518124	245.28491	-389.18384	163.00888	60.517612	250.65933	-399.2091	163.00931	60.517193	246.61989	-394.07578	-165.03088	28.676172	4454.939266204834	26.360587386689946
170	2188.8489	646.76105	3297.3982	1132.2251	1509.0994	227.8034	1769.444	1100.1768	614.8889	418.4	849999	164.10004	60.430668	247.46155	-368.84842	164.10072	60.428425	245.48325	-377.34955	164.1007	60.431194	246.19199	-368.93027	-166.11313	28.265072	4478.803906202316	26.345905343224022
171	2334.3523	673.64685	3526.2292	1349.7855	2276.7515	114.74452	2482.5583	2038.0795	668.2857	621.0	854999	164.85167	60.23319	247.78082	-340.16415	164.85156	60.230946	252.07317	-349.63248	164.85191	60.23148	251.53255	-333.6812	-166.97234	28.65647	4503.266305685043	26.334890689069066
172	2401.651	727.5134	3623.667	1558.886	2888.9849	522.4576	3719.8203	2112.1853	669.4286	781.0	859999	165.3725	60.254063	250.78027	-361.18192	165.37238	60.253315	251.8612	-396.66956	165.37268	60.254066	252.00027	-368.61127	-167.28471	29.627909	4528.133065462112	26.326355045618012
173	2451.5986	613.94446	3308.0303	1318.739	2389.0068	425.94446	3241.5308	1872.0531	692.125	666.2	864999	165.9457	60.367786	252.23898	-399.61917	165.946	60.367508	253.31699	-418.65543	165.94572	60.36853	250.28014	-414.07928	-167.84447	28.767807	4552.763232707977	26.316550490484072
174	2138.6655	678.19965	3160.2637	1069.2058	698.9463	157.18907	1113.6094	510.6458	595.875	231.0	869999	166.34068	60.279026	252.88487	-384.35986	166.34114	60.276188	252.84494	-380.36426	166.3413	60.279785	251.19272	-396.6586	-168.34772	28.897507	4575.804481983185	26.297726920281335
175	1516.4032	895.8182	3362.7937	515.3076	3272.8257	40.655766	3351.9355	3215.2598	446.08334	1000.0	874999	166.3719	60.284508	252.74896	-381.26202	166.37202	60.282833	253.5432	-387.9258	166.37212	60.28576	255.64114	-394.50024	-168.563	29.787512	4601.891230583191	26.296521327154977
176	1966.195	867.9619	3019.7454	409.41302	3358.6313	21.568287	3384.8696	3314.1233	558.0	1000.0	879999	166.14316	60.39023	254.54965	-353.1405	166.1426	60.390198	256.18692	-373.12723	166.14316	60.39081	256.24545	-361.48987	-168.1428	29.885418	4627.903612136841	26.294906899333
177	2459.8835	637.2546	3578.3523	1533.3838	3219.1643	442.5612	3456.568	2277.1829	691.5	926.0	884999	166.20642	60.211872	254.48027	-373.78857	166.20605	60.212814	255.3525	-365.11447	166.20615	60.214306	256.03662	-373.749	-168.2902	29.548494	4653.748169898987	26.292362552578165
178	1518.4465	676.353	2500.571	630.23694	786.9135	160.7533	1105.3678	542.01514	449.0909	264.0	889999	166.37944	59.908035	256.9417	-356.23575	166.3796	59.90571	255.62299	-370.45352	166.37988	59.907997	257.23618	-361.459	-168.36322	29.683105	4677.24564242363	26.276660924547173
179	1062.8744	500.85046	2173.6208	517.4413	1173.5581	499.3114	2237.4858	595.4058	325.26666	357.4	894999	166.4583	59.755512	254.68266	-355.828	166.45847	59.752945	257.78427	-381.89804	166.45894	59.75424	253.7126	-368.808	-168.44148	30.45995	4700.628644704819	26.26049523113826
180	1309.2219	463.88602	2069.743	545.37695	1580.8832	737.3817	3474.1353	843.2703	388.07693	478.2	899999	166.40286	59.753075	255.19713	-401.18878	166.40204	59.758232	254.8008	-388.1426	166.40312	59.755054	255.1774	-393.5025	-168.3814	32.622612	4724.716350317001	26.24842417769962
181	2016.2812	700.34705	3644.5566	1291.0396	3608.1543	15.337544	3645.8044	3590.6028	559.8889	1000.0	904999	165.8535	60.331104	254.993	-374.5954	165.85202	60.335526	255.60617	-382.2887	165.85242	60.337067	253.74951	-370.47925	-167.97714	33.38173	4750.624523639679	26.246544340038827
182	1950.3298	639.5715	3509.9849	1155.2286	1731.6726	440.21295	2458.8596	1174.6027	554.6667	488.4	909999	166.05737	60.26026	256.0781	-372.95233	166.05756	60.256054	258.65283	-361.30798	166.05786	60.258904	256.5739	-360.10364	-167.78682	32.22894	4774.933589220047	26.235898852348328
183	1769.0182	860.12976	3644.823	547.1481	2025.1556	351.16016	2915.4497	1636.133	500.1	547.4	914999	166.64928	59.960064	262.11795	-374.32654	166.64973	59.957207	265.5254	-373.8622	166.64972	59.95939	264.76862	-371.34418	-168.77069	31.349224	4799.328701019287	26.225839905400093
184	3041.9036	821.7531	3706.7603	1366.4775	3557.659	36.259953	3624.9492	3503.6736	831.5	1000.0	919999	167.54198	59.99672	264.54144	-372.20572	167.54231	59.9944	266.82883	-375.515	167.54297	59.994827	264.066	-377.92978	-169.4069	30.7365	4825.571719169617	26.22593326801839
185	3602.1614	59.683895	3694.378	3521.135	3285.5664	66.29912	3390.8127	3147.9924	1000.0	1000.0	924999	168.14368	60.345173	264.70154	-417.16272	168.14316	60.34531	267.32288	-418.04102	168.14342	60.346703	264.6964	-410.1505	-170.31258	30.527134	4851.54256939888	26.22455443949313
186	3215.2437	522.9611	3692.8096	2196.4333	3266.0383	450.44354	3461.7708	1917.6436	913.2	958.2	929999	168.90253	60.567154	267.80402	-451.32544	168.90227	60.56548	270.42575	-451.52963	168.90236	60.568703	267.74246	-467.6863	-170.66533	30.593142	4877.469140052795	26.222952376129808
187	3157.7146	534.5111	3490.6787	2015.3103	3382.734	26.198584	3425.122	3332.9988	888.5	1000.0	934999	169.38301	61.042156	265.92145	-450.89056	169.38289	61.042637	268.19922	-434.5352	169.38326	61.043003	267.10202	-447.4752	-171.35596	30.732168	4903.528655052185	26.222078379462747
188	3456.196	160.90274	3634.7815	3174.2727	3595.6414	21.51362	3633.1091	3550.0322	952.8	1000.0	939999	170.08907	61.415485	267.04453	-461.18198	170.0886	61.415337	271.4185	-476.46252	170.08865	61.418995	265.4166	-460.79056	-172.1555	32.20203	4929.732788562775	26.221982926764387
189	3238.4656	346.00806	3625.009	2727.5183	3560.7761	18.4346	3592.133	3529.8064	897.6667	1000.0	944999	170.79509	61.915646	269.53192	-452.738	170.79509	61.913876	268.40002	-450.7891	170.79526	61.915787	266.12363	-476.92215	-172.76057	31.28355	4955.850355386734	26.221430464396402
190	3059.3682	923.3781	3560.7373	1213.4294	2961.1323	975.928	3895.3577	1640.0995	855.8	797.0	949999	171.44537	62.360203	270.4845	-499.53293	171.44545	62.358307	269.2891	-499.425	171.44536	62.361595	267.78058	-511.1199	-173.49745	32.280247	4980.8682816028595	26.21509623025593
191	3291.9111	573.1465	3763.2544	2222.8787	3580.6333	63.551563	3705.9822	3492.3892	892.3333	1000.0	954999	172.06737	62.557827	269.2649	-502.59076	172.06737	62.55781	269.79034	-516.99506	172.067	62.560333	267.77505	-548.49976	-174.43587	32.448914	5006.849161148071	26.213869964889206
192	2761.65	850.20996	3670.3552	1579.2719	3575.4836	53.272373	3655.692	3508.805	757.8571	1000.0	959999	172.58821	63.04165	270.86685	-537.09247	172.58813	63.040783	269.36795	-550.4257	172.58813	63.042526	268.85226	-557.4884	-174.82271	33.1955	5032.705156087875	26.212006031225126
193	3114.7588	429.71786	3610.1416	2462.8235	3432.7883	45.408493	3522.5366	3370.0925	861.3333	1000.0	964999	173.37915	63.31116	270.57758	-628.202	173.37898	63.310192	269.69604	-646.0779	173.37894	63.31198	268.1869	-635.5571	-175.76532	32.282722	5058.806712388992	26.211433751595454
194	3538.787	69.01745	3643.5205	3425.9004	3636.0813	9.707642	3652.5842	3621.888	1000.0	996.5	969999	174.34308	63.524265	270.65497	-629.6739	174.34291	63.523052	272.92493	-621.1669	174.34276	63.527573	271.8754	-621.38745	-176.44092	32.32409	5084.829077243805	26.210459170882235
195	3558.6394	78.19405	3690.054	3450.7258	3452.0168	8.185475	3472.5195	3444.5845	989.2	1000.0	974999	175.106	64.31213	272.32974	-637.3765	175.10562	64.311035	272.61517	-652.12604	175.10576	64.31236	270.52072	-644.0948	-176.99579	31.860037	5110.962536811829	26.210064301123985
196	3052.5247	962.7811	3575.7622	1128.8496	3432.7234	8.808486	3447.6333	3421.4565	869.0	1000.0	979999	176.27972	64.81166	277.19727	-646.1981	176.28053	64.80843	274.76163	-627.6551	176.2802	64.810394	272.75504	-637.49414	-178.275	32.51729	5137.1808989048	26.2101066380131
197	3314.721	625.43335	3693.2551	1923.7422	3467.3738	11.870073	3490.685	3451.7295	925.0	1000.0	984999	176.99643	65.74231	274.7191	-641.4365	176.99696	65.74079	275.5696	-647.97656	176.99707	65.742294	275.3218	-658.9855	-178.85779	32.249813	5163.132662534714	26.208795252185183
198	3562.896	33.89381	3610.782	3506.3245	3570.2761	444.36868	3915.3752	2341.0688	1000.0	924.6	989999	178.15196	66.11283	279.18954	-662.2596	178.15251	66.1094	278.4972	-672.04987	178.15173	66.11455	276.32593	-667.9718	-180.12213	32.191883	5188.962074995041	26.206879176274693
199	3515.766	329.04633	3821.3953	2877.1746	3425.2898	11.001884	3445.2048	3411.0037	961.4	1000.0	994999	178.78923	66.66286	276.72437	-666.65326	178.78896	66.663445	278.35342	-699.9395	178.78902	66.664925	277.57748	-700.35583	-180.87517	33.45707	5215.019802570343	26.206129671940253
200	3535.974	61.36937	3613.1982	3459.0679	3632.7188	27.515915	3671.1604	3572.1501	1000.0	1000.0	999999	179.72418	66.83738	277.61368	-637.8104	179.72499	66.83726	278.26212	-662.62665	179.72412	66.83983	276.5393	-640.99054	-181.8091	33.893055	5241.008713960648	26.205043579339982
