Epoch	AverageEpRet	StdEpRet	MaxEpRet	MinEpRet	AverageTestEpRet	StdTestEpRet	MaxTestEpRet	MinTestEpRet	EpLen	TestEpLen	Time Steps	AverageQ1Vals	StdQ1Vals	MaxQ1Vals	MinQ1Vals	AverageQ2Vals	StdQ2Vals	MaxQ2Vals	MinQ2Vals	LossPi	LossQ	Time	AVG Time Per Epoch
1	21.14484	25.16294	221.59373	5.3991823	38.789833	0.939405	40.451687	36.905766	23.246511	22.1	4999	7.2226543	5.8898005	39.240215	-8.173944	7.222471	5.885474	40.108864	-9.005048	-8.582359	0.751751	16.528279542922974	16.528281927108765
2	19.121838	17.762554	145.27121	5.6392956	67.90303	0.65993994	68.8239	66.510704	22.817352	36.9	9999	36.090763	17.55779	101.915924	-38.08041	36.091038	17.564709	102.98855	-38.922916	-42.102814	11.042626	37.41494178771973	18.70747196674347
3	143.23495	59.47728	212.19786	34.117332	188.91153	1.5248747	190.51833	185.77202	75.36364	94.1	14999	84.13812	24.849047	130.20056	-61.244667	84.13706	24.86667	132.39905	-60.680805	-92.088264	46.194942	59.77431774139404	19.92477337519328
4	155.10481	38.855774	200.01494	86.87968	92.99069	0.83904475	94.31105	91.43239	87.649124	70.5	19999	88.55107	24.291672	122.500984	-92.341255	88.55143	24.289946	123.29922	-76.78186	-92.034424	37.32971	81.66928291320801	20.417321264743805
5	161.13965	29.088797	203.40967	36.675552	168.97882	6.325024	177.73463	154.56963	89.80357	89.8	24999	90.52614	28.517344	124.20938	-104.09475	90.52451	28.527897	126.51765	-104.95397	-94.50288	31.281313	103.79054117202759	20.75810866355896
6	174.81572	17.29209	205.25847	122.32185	196.39964	5.3020473	205.55632	188.7278	91.388885	101.2	29999	90.729454	32.66906	130.03392	-153.25899	90.72788	32.67247	131.50204	-170.74608	-93.83762	28.143145	126.10248303413391	21.017080903053284
7	100.85803	110.3159	595.1069	2.7812264	6.6732383	0.6728738	8.180625	5.8802147	105.520836	32.5	34999	90.44292	33.39782	150.44917	-154.79434	90.442535	33.389313	155.3761	-165.3554	-94.33524	39.1505	148.0323522090912	21.147479227610997
8	89.70369	147.47672	872.5848	3.6132512	146.67412	128.93878	525.45856	76.225655	79.435486	124.9	39999	86.91819	31.957535	160.46422	-258.63336	86.91921	31.945196	157.0228	-155.04004	-90.85115	38.173286	170.167733669281	21.270967036485672
9	216.44374	46.536404	365.88358	34.621883	299.21753	24.314129	337.65634	255.44173	114.27273	164.9	44999	88.64965	33.821384	190.69621	-186.60176	88.64935	33.813095	181.4549	-177.20038	-92.774254	34.019844	192.4160807132721	21.37956476211548
10	290.4047	86.32442	442.12283	158.6031	241.28699	4.039047	248.74054	234.2412	171.72414	139.4	49999	96.15557	34.488064	185.53876	-173.83727	96.1564	34.473553	182.93266	-230.82053	-100.16988	35.53285	214.77162718772888	21.477162957191467
11	209.24232	52.776752	283.80884	35.923542	217.79436	44.833694	341.81665	173.37456	120.80488	110.0	54999	100.61548	34.897785	191.01921	-131.49223	100.61638	34.881615	187.38759	-138.71184	-104.26456	35.94126	237.04002690315247	21.54909359325062
12	272.94785	115.04256	775.397	70.009895	287.71793	112.81601	401.3493	72.71578	149.85294	149.2	59999	102.78729	35.955513	186.07109	-152.26508	102.788414	35.942963	183.29895	-175.19124	-105.83778	34.275814	259.50345826148987	21.625288407007854
13	191.02773	55.7501	313.0263	44.157032	187.84859	3.657732	193.23149	183.13216	96.55769	96.5	64999	102.100716	36.481533	188.0526	-96.536606	102.10116	36.4681	188.84608	-93.988655	-104.901115	32.29993	281.6934907436371	21.66873024060176
14	209.62341	37.481018	324.3672	154.61055	217.36943	1.7430512	220.11867	214.83516	102.479164	110.6	69999	101.76443	36.542908	195.62265	-96.91989	101.763374	36.542725	197.26988	-112.5793	-104.50296	29.099182	304.0657072067261	21.718979256493704
15	238.8251	40.71392	333.73538	160.48015	334.53903	5.2878766	345.049	326.16034	110.0	145.2	74999	101.96893	36.73789	201.92639	-188.52611	101.96664	36.739433	200.3705	-187.20654	-104.6066	27.074516	326.60637974739075	21.77375882466634
16	306.3463	34.74954	399.4131	224.04213	315.01016	1.8034916	317.49982	311.75708	136.66667	141.3	79999	102.45285	38.744164	215.09225	-112.45186	102.451675	38.742184	214.38005	-135.1903	-104.916	25.15651	348.8809792995453	21.80506134033203
17	422.30585	124.54869	842.01855	290.58786	954.5174	242.71869	1094.5082	417.88004	165.78572	841.2	84999	103.6738	40.022427	214.20853	-140.15672	103.67365	40.01548	211.56995	-162.53856	-106.53458	26.12291	374.10531663894653	22.006195236654843
18	777.59753	217.7393	1055.7751	567.6546	1079.1078	58.392174	1252.5676	1047.2035	509.0	984.1	89999	106.332985	40.23097	206.25967	-151.82233	106.332726	40.224606	210.0578	-162.83391	-109.19694	26.71012	399.9330246448517	22.218501488367718
19	1035.7395	34.348537	1068.7938	974.43976	1045.5042	215.96446	1597.7039	817.229	948.8	519.8	94999	108.8555	38.9177	228.28525	-154.42747	108.855675	38.912926	224.12318	-167.10709	-111.68904	25.00657	423.87441635131836	22.309179933447588
20	1014.0343	435.59518	1609.4827	452.7939	459.0638	219.85217	846.62134	194.34528	614.0	238.1	99999	110.70182	37.963512	227.97755	-140.08183	110.70068	37.95674	229.30821	-154.57072	-113.27058	24.588278	446.6328454017639	22.33164236545563
21	325.8997	395.11816	1975.8036	42.18388	703.31134	238.25835	1072.6241	354.5981	172.55173	266.2	104999	112.97178	37.94698	229.01901	-109.78773	112.97139	37.940155	228.35085	-110.81656	-115.55273	27.580093	469.35737442970276	22.35035126549857
22	436.0133	314.4262	1408.4082	187.4921	200.17677	4.584244	209.82115	194.33012	195.84616	135.8	109999	114.900475	38.136982	219.10255	-104.7569	114.9001	38.13262	217.03873	-102.27437	-117.54015	32.28309	491.58073449134827	22.34457894888791
23	316.0336	173.84937	716.5847	171.8065	738.6675	233.4939	1182.2789	562.1305	154.67741	287.0	114999	118.41349	38.358685	216.94142	-136.44531	118.41355	38.348293	215.26437	-214.45128	-121.08543	33.945824	514.5583627223969	22.37210282035496
24	551.0121	131.67584	919.2123	164.60406	547.793	17.617943	576.07263	524.06525	200.15384	195.9	119999	121.62417	40.40108	216.4052	-75.95951	121.62415	40.39146	219.40474	-97.747314	-124.2078	35.525795	537.2979137897491	22.387413163979847
25	413.03873	159.58765	853.718	63.654137	781.84753	130.40402	969.2244	545.4341	153.96875	260.0	124999	124.86159	42.585533	222.04369	-79.83372	124.86073	42.58362	217.8248	-78.02865	-127.620636	35.660297	560.1503558158875	22.406014318466188
26	632.81757	168.75357	999.6485	384.9131	666.77014	188.67316	923.7074	427.38046	224.77272	236.1	129999	128.24634	44.69704	220.24626	-89.095215	128.24649	44.687153	220.77588	-89.82085	-130.89455	34.69515	582.7704300880432	22.41424738443815
27	676.4353	217.81041	1243.2664	321.1994	649.566	94.24416	898.4219	540.2689	244.19048	254.1	134999	132.44771	45.94904	231.93857	-92.684685	132.44771	45.93782	225.5219	-92.13047	-135.30313	36.68605	605.6956424713135	22.43317201402452
28	650.0384	180.0855	1016.7696	385.76334	759.54047	54.672203	878.639	664.4999	232.09525	238.2	139999	136.87653	47.008263	223.8481	-101.203705	136.87648	46.994946	225.36147	-78.473495	-139.70047	36.87831	628.590151309967	22.449648320674896
29	640.2241	128.90605	972.97675	508.99783	827.32434	150.13019	1083.7028	642.5268	237.85715	311.4	144999	140.2552	47.53016	229.18262	-78.271866	140.25534	47.51454	227.47025	-103.47836	-142.99103	39.268528	651.7893009185791	22.475493209115392
30	846.2006	261.45663	1647.6973	535.93274	999.5379	37.897877	1039.0087	893.10223	313.4375	485.5	149999	143.26859	48.01088	228.06421	-89.0355	143.26947	47.99961	229.16719	-87.495445	-146.01135	40.282166	675.4515559673309	22.5150519212087
31	1028.0681	444.9398	2021.0852	603.3014	1273.3033	585.44403	2715.9133	782.94226	393.46155	442.3	154999	146.8535	48.286922	235.40636	-76.75198	146.85387	48.278187	230.03787	-87.74534	-149.75084	39.77055	698.8583433628082	22.543817597050822
32	1292.7986	481.47443	2261.7786	742.9688	2404.8574	459.74362	3203.7422	1719.8982	432.3	745.6	159999	149.09225	48.639175	236.52435	-99.82282	149.09337	48.63278	229.25014	-81.28608	-151.8204	40.53159	723.5603172779083	22.61125997453928
33	988.7664	563.78564	2434.9492	56.517323	1017.287	127.83422	1232.791	813.1103	324.47058	331.3	164999	150.63403	48.976963	237.95915	-103.18676	150.63618	48.96925	229.27553	-95.102615	-153.18413	41.63308	746.4753654003143	22.620465683214594
34	1150.6752	297.7795	1756.9893	622.1069	692.02747	10.926917	714.66705	678.7611	359.84616	212.9	169999	152.66934	49.435474	236.73253	-135.69545	152.67026	49.429104	233.97789	-143.14969	-155.05363	41.765377	769.1400258541107	22.62176552239586
35	1594.0278	521.26605	2997.9497	890.54944	2725.6785	583.7335	3224.5388	1871.8088	497.0	845.1	174999	155.43817	50.520504	237.77518	-94.61014	155.43875	50.512886	235.50673	-108.829	-158.08215	42.586487	794.3644428253174	22.696127012797763
36	2218.3127	788.60095	3304.0034	1131.8529	2421.9268	591.51245	3327.743	1682.3887	678.2857	716.9	179999	158.56645	51.66626	241.06204	-97.288376	158.56752	51.664894	239.34418	-104.6118	-160.91127	42.05053	819.047934293747	22.751331561141544
37	1863.012	769.2481	3145.3137	950.3254	1453.4397	131.63406	1695.4136	1296.332	567.2222	429.0	184999	162.16034	52.4773	244.14482	-123.45177	162.16121	52.475586	244.34254	-89.85881	-164.8794	40.918007	842.7138729095459	22.776050670726878
38	1171.0619	335.766	1618.9701	358.4046	1227.4971	288.0262	1925.3866	973.28076	357.5	363.9	189999	166.015	53.70864	248.80331	-97.02599	166.0161	53.707542	247.38715	-86.86347	-168.63475	42.445904	865.9216358661652	22.7874115266298
39	1558.5378	512.7232	2580.2002	1049.1543	2580.83	751.0989	3194.8237	1280.6621	467.9091	804.4	194999	169.92792	54.42731	256.4888	-105.94026	169.92908	54.4187	257.83606	-111.6236	-172.34175	42.320488	890.775979757309	22.840409786273273
40	1222.1472	442.1771	2136.9575	352.99863	794.289	56.915985	934.84045	693.3089	377.84616	235.9	199999	173.50691	55.630543	261.6217	-100.56321	173.50768	55.629665	264.3275	-120.98313	-175.99635	43.523468	913.6470909118652	22.84117733836174
41	1724.9907	670.43286	3138.9578	993.06195	887.9136	190.94623	1402.1165	714.32306	532.3333	276.7	204999	176.69142	57.0177	267.32	-116.80719	176.69145	57.015377	270.31207	-129.94124	-178.93163	41.109745	936.6326217651367	22.8446981383533
42	1323.2748	264.47617	1978.6937	884.44916	1302.1742	123.58535	1568.3186	1176.2573	402.69232	412.5	209999	178.75203	58.18502	270.08258	-158.84528	178.75255	58.18607	268.9713	-149.05504	-181.2785	42.343674	960.166898727417	22.861116687456768
43	1443.8207	392.45148	2402.8655	968.8022	2505.3198	453.3597	3138.3503	1745.0875	443.0909	777.8	214999	181.09183	59.417854	274.18906	-138.13106	181.0922	59.41915	271.59995	-153.09543	-183.59308	43.555847	985.1720790863037	22.910978633303976
44	1632.0432	698.02545	3063.0364	819.7814	1168.0125	1253.5144	3109.3767	342.62216	505.0	404.5	219999	184.0569	60.484615	277.25626	-150.6534	184.05771	60.482655	277.04108	-133.07149	-186.51323	41.360077	1008.6400139331818	22.923636723648418
45	2982.6384	280.095	3189.4036	2430.017	3104.6194	6.276518	3113.7527	3096.3833	944.0	1000.0	224999	187.37732	61.63955	281.06082	-121.00797	187.37727	61.64041	283.30667	-124.36139	-189.79955	42.694168	1034.4746043682098	22.9883245839013
46	2277.1853	702.2069	3133.9734	1086.7269	3073.8364	6.073128	3085.9102	3065.3457	716.4286	1000.0	229999	191.03712	62.515553	286.45996	-90.19156	191.03734	62.517536	287.64706	-162.58829	-193.7438	40.931942	1060.1965124607086	23.04775031234907
47	3107.898	82.24609	3219.4443	2977.7249	3291.1204	22.939356	3326.7341	3257.0083	994.0	1000.0	234999	194.43813	63.133297	287.3865	-98.076385	194.43979	63.129993	285.51837	-107.90932	-196.94666	41.130005	1085.9150817394257	23.104576252876445
48	2937.8025	390.18146	3328.5251	2197.5847	3243.7927	2.579045	3249.3464	3239.7344	914.6667	1000.0	239999	197.29149	63.954624	287.8598	-128.99022	197.29094	63.962288	289.73218	-148.50294	-199.77702	42.870075	1111.4287042617798	23.154764716823895
49	2867.3464	379.06213	3238.006	2253.4094	1305.1924	13.768667	1320.8018	1282.799	881.1667	364.2	244999	199.98552	64.65658	290.79105	-149.52888	199.98654	64.65484	290.36267	-132.02975	-202.40794	42.66056	1134.6478028297424	23.156077647695735
50	3167.02	44.51808	3217.2	3095.8318	3096.9995	23.28624	3114.4075	3030.836	1000.0	1000.0	249999	202.24176	65.33569	293.43155	-162.32426	202.24194	65.33885	293.96536	-149.85419	-204.65645	41.532864	1160.4958882331848	23.20991780281067
51	2672.8044	670.04205	3251.1316	1529.3428	321.89514	2.1743453	324.7966	318.89917	853.3333	140.2	254999	204.51614	65.73812	294.54178	-151.1096	204.51607	65.74216	294.515	-155.16174	-207.17203	43.111988	1182.8857641220093	23.193838554270126
52	2245.8872	1234.9178	3242.5166	334.50317	2925.227	567.4831	3388.6309	1932.4022	718.1429	870.7	259999	206.8472	65.967186	298.26068	-151.94872	206.84824	65.96735	299.6215	-157.97685	-209.4449	42.990078	1207.8706545829773	23.22828185558319
53	2778.9148	553.47614	3203.179	1656.362	1833.4753	275.77814	2220.6978	1416.4745	838.3333	531.7	264999	209.07495	66.348816	300.64978	-187.65828	209.07529	66.35068	300.1837	-190.9819	-211.5882	42.796955	1231.9265143871307	23.243896538356566
54	2874.5044	477.65982	3150.297	1920.9921	680.88806	3.138697	686.59	675.8353	913.6	242.8	269999	210.57243	67.18167	305.166	-154.3877	210.57286	67.18572	300.92517	-156.42102	-213.07405	41.5285	1254.5578978061676	23.232553698398448
55	2545.034	896.9937	3208.13	1209.5101	3274.4824	8.01397	3291.8457	3265.3079	803.3333	1000.0	274999	212.47751	67.80503	306.80908	-178.87007	212.47664	67.81037	306.45505	-168.99927	-215.0422	39.38751	1280.5402255058289	23.2825495893305
56	2770.2874	629.92206	3224.8274	1871.7987	3235.8052	4.1067243	3243.3787	3230.4578	863.8333	1000.0	279999	214.79053	67.91021	307.30038	-181.30505	214.79031	67.912445	305.45862	-179.414	-217.41345	41.752075	1306.302269935608	23.326826282909938
57	3134.6138	134.21892	3232.57	2869.099	3310.6973	8.772326	3323.442	3296.689	954.8	1000.0	284999	216.9323	68.47211	307.09164	-182.54984	216.9328	68.47339	304.27502	-154.17505	-219.388	43.368225	1332.0951385498047	23.37009018345883
58	3236.6782	21.547623	3266.032	3203.187	3234.431	3.3790503	3238.3296	3227.106	1000.0	1000.0	289999	218.96347	68.31452	305.6277	-170.4911	218.96388	68.31441	304.6774	-167.41843	-221.38655	41.13971	1358.035784959793	23.41441012250966
59	2600.8923	1036.6182	3281.624	633.6905	3110.3	8.238308	3123.0994	3098.6199	800.4286	1000.0	294999	220.91512	68.054695	310.37762	-157.35368	220.91515	68.05431	303.49918	-174.32883	-223.35925	43.306084	1383.727870464325	23.45301478596057
60	2911.5664	707.69336	3327.0186	1497.8312	3225.5977	3.4911432	3230.578	3220.0164	885.2	1000.0	299999	221.7317	68.15653	308.77805	-135.462	221.7315	68.15697	305.7398	-141.02284	-223.93594	44.61628	1409.4550986289978	23.490918346246083
61	3264.2441	12.604855	3283.3164	3247.7395	3281.511	5.536207	3293.5498	3274.079	1000.0	1000.0	304999	223.1364	68.342285	308.75955	-143.60614	223.13777	68.34263	306.71866	-167.93684	-225.4264	40.7201	1435.297777891159	23.529471803884036
62	2887.331	649.02673	3321.4495	1554.1238	18.064434	0.81596744	18.976223	17.008642	865.0	17.5	309999	225.15642	68.53431	311.93225	-218.48718	225.15652	68.53797	311.79355	-196.36743	-227.41565	42.233986	1457.1748740673065	23.502820584081835
63	1398.1812	1536.7896	3294.0205	14.9464655	3290.2593	2.4038076	3293.0044	3285.0679	430.9091	1000.0	314999	226.7038	69.31296	312.03314	-209.89043	226.70355	69.314476	312.0215	-217.48438	-228.93307	42.444157	1482.8190822601318	23.5368108635857
64	3034.3936	530.27985	3295.1284	1849.0896	3275.4229	4.2589273	3282.3943	3268.0393	919.3333	1000.0	319999	228.70534	69.15433	311.88232	-170.93996	228.70552	69.1623	311.9031	-184.36353	-231.00748	40.48739	1508.5557572841644	23.57118373736739
65	2500.2004	817.96857	3331.1477	1303.131	3240.138	454.56653	3408.5002	1876.8868	732.5	953.8	324999	230.18973	69.723175	315.81628	-145.81805	230.19016	69.72349	313.3614	-158.29617	-232.2744	40.617058	1534.010390996933	23.6001598908351
66	3059.8796	530.3774	3538.12	1989.5138	3367.2722	7.593914	3383.2634	3351.581	888.6667	1000.0	329999	231.73537	70.06704	317.70288	-185.04088	231.73547	70.067375	319.53238	-196.6923	-233.9705	39.51302	1559.7084023952484	23.63194551973632
67	2481.8652	1124.5623	3336.0652	30.287968	3357.6497	1.385247	3359.862	3355.992	727.4286	1000.0	334999	233.60602	70.3635	318.08182	-232.41455	233.60551	70.36496	317.9067	-208.76143	-235.79614	39.895195	1585.4092469215393	23.662824609386387
68	2960.213	807.93274	3382.373	1155.5383	3367.2825	11.764256	3383.309	3345.2705	889.1667	1000.0	339999	235.21654	70.98842	320.55582	-260.31924	235.21646	70.99326	318.5211	-242.51257	-237.35014	39.728897	1611.0941224098206	23.692560655229233
69	2761.675	831.07367	3462.3179	1442.9169	3333.7852	2.1624548	3337.418	3329.6833	817.8333	1000.0	344999	236.53284	71.28974	323.8522	-203.57819	236.53236	71.294785	322.99365	-211.18199	-238.53337	39.387867	1636.7631649971008	23.721205314000446
70	3302.0845	29.63218	3346.516	3265.0415	3288.8188	6.999242	3307.3503	3283.0994	1000.0	1000.0	349999	238.15347	71.39135	325.4795	-156.52383	238.15292	71.395	320.7534	-171.3592	-240.29253	40.04073	1662.4556839466095	23.74936694077083
71	3350.4316	72.0962	3490.5986	3299.9683	3347.5574	13.941604	3365.8237	3333.355	997.0	1000.0	354999	239.97762	71.27866	326.52115	-133.32607	239.9784	71.27808	324.3508	-124.87323	-242.2089	36.90535	1688.2578613758087	23.778279764551513
72	2214.0098	708.6676	3443.9985	1587.9515	3358.0083	27.544266	3398.4702	3327.3252	637.875	1000.0	359999	241.517	71.5405	326.8378	-128.33286	241.51625	71.54712	322.71915	-132.21748	-243.75674	39.736656	1714.1557338237762	23.80771855182118
73	2129.364	708.931	3317.7637	973.01685	3393.7903	8.545814	3407.5134	3380.7275	614.75	1000.0	364999	242.4975	72.00319	323.94705	-154.96667	242.49727	72.00852	327.25977	-132.6342	-244.6953	38.205833	1739.9244377613068	23.834581365324045
74	2634.685	733.8144	3370.2666	1536.4316	3321.2793	1.3590015	3323.262	3318.7004	773.3333	1000.0	369999	243.57898	72.423195	326.3174	-141.6659	243.57983	72.424385	326.74957	-131.36406	-245.63513	38.52457	1765.9080367088318	23.863622143461896
75	3134.2583	314.0149	3312.894	2507.1194	3296.509	2.7883182	3300.532	3291.8413	940.4	1000.0	374999	244.59637	72.99511	327.2281	-135.77052	244.59543	72.99333	326.33505	-119.99637	-246.52005	36.940037	1791.650814294815	23.888677549362182
76	3289.6855	27.308033	3339.9707	3257.6475	3274.5745	1.7397834	3277.0657	3271.4993	1000.0	1000.0	379999	245.84091	73.04752	327.76465	-131.4389	245.84103	73.052025	327.02573	-128.53017	-247.83443	40.222527	1817.4935023784637	23.914388214287005
77	2950.9307	742.5689	3296.4329	1290.5786	3287.5215	6.560983	3292.8252	3268.8962	901.0	1000.0	384999	247.49281	72.79791	329.03607	-139.48601	247.49231	72.79792	328.0254	-127.84676	-249.57025	37.787254	1843.2476534843445	23.93828123575681
78	3003.4175	544.16595	3289.8535	1915.4175	3267.646	2.656223	3274.8518	3264.8933	911.0	1000.0	389999	248.76158	72.96596	330.34726	-139.48787	248.76196	72.964935	328.0758	-125.24241	-250.95367	34.842255	1868.9380142688751	23.960743797131073
79	3111.9753	371.79904	3301.089	2281.583	3269.6929	2.5920627	3275.441	3265.883	941.6667	1000.0	394999	250.25076	73.23624	330.54593	-151.26787	250.25073	73.23842	329.4338	-157.64015	-252.29445	38.70008	1894.720751285553	23.98380700545975
80	3290.5952	60.00304	3404.6543	3239.1003	3334.9253	3.4202244	3340.9812	3329.6023	1000.0	1000.0	399999	251.58804	72.93973	328.76398	-203.79552	251.58846	72.93855	330.86823	-130.15027	-253.74025	34.841602	1920.4757099151611	24.005946400761605
81	3303.5789	17.026918	3332.183	3282.155	3303.909	2.8715682	3308.847	3298.663	1000.0	1000.0	404999	252.55708	72.88075	330.4717	-141.95651	252.5567	72.87934	329.86197	-113.2789	-254.62683	37.111282	1946.234917640686	24.027591602301893
82	3274.0427	16.687445	3292.008	3250.4075	3391.4285	2.9643056	3394.3184	3385.2898	1000.0	1000.0	409999	254.12923	72.354774	332.00262	-129.6302	254.12955	72.35637	328.73105	-111.55497	-256.22205	38.472164	1971.9898116588593	24.04865626591008
83	3263.0564	17.920385	3284.337	3235.5388	3315.3352	3.0999258	3321.863	3311.7817	1000.0	1000.0	414999	255.43826	72.27762	330.33563	-226.39832	255.43735	72.28357	331.9379	-184.91487	-257.4319	36.449932	1997.689219713211	24.068544838801923
84	3281.4187	9.783313	3292.2102	3263.7268	3326.1296	2.8576245	3331.2986	3321.9478	1000.0	1000.0	419999	256.62573	72.08353	336.14053	-152.6318	256.6256	72.085396	333.61865	-152.30142	-258.5527	35.861603	2023.4650151729584	24.088869250956037
85	3280.7983	18.268766	3301.9893	3249.7417	3313.6199	6.805763	3324.8667	3301.7856	1000.0	1000.0	424999	257.89642	71.716324	331.2001	-174.08688	257.89694	71.72033	332.89172	-174.21143	-259.92126	35.57485	2049.297439098358	24.10938165889067
86	3202.863	190.42003	3361.8235	2830.088	3307.5637	1.4640038	3309.58	3305.0042	961.2	1000.0	429999	258.214	72.16185	334.02112	-154.44438	258.2143	72.160324	332.08606	-180.40524	-260.08636	33.82892	2075.1264860630035	24.12937776986943
87	2906.8496	765.4505	3336.5442	1376.9548	3285.36	2.868912	3290.955	3281.5564	877.8	1000.0	434999	259.0805	72.08882	336.07153	-135.85892	259.07983	72.09085	334.66653	-144.65668	-260.99985	36.658104	2100.9104068279266	24.148395502704314
88	3026.4004	611.48114	3319.775	1659.7056	3269.502	2.5374372	3273.119	3265.1528	919.8333	1000.0	439999	260.06262	71.863	335.87418	-168.52516	260.06204	71.87141	336.59204	-165.41309	-261.9063	35.337368	2126.5182840824127	24.164980519901622
89	3272.2456	14.146054	3296.7192	3252.9175	3324.5293	2.7897453	3330.6462	3320.2407	1000.0	1000.0	444999	260.51257	72.31698	335.34558	-194.81628	260.51233	72.31881	335.41977	-181.90132	-262.4276	34.01952	2152.407742023468	24.184356673379963
90	2723.532	628.81354	3300.9888	1850.9833	3305.0952	1.1224279	3307.3674	3303.5674	813.0	1000.0	449999	261.31512	72.264366	337.16986	-171.8331	261.3158	72.2652	334.9238	-162.2575	-263.17126	36.21047	2178.133588075638	24.201484333144293
91	2889.0422	930.906	3318.0674	807.7033	3293.352	2.9010782	3298.875	3287.5085	878.5	1000.0	454999	261.84885	72.53194	336.27246	-145.64421	261.84937	72.52939	334.84497	-143.4185	-263.82648	35.178673	2203.75674033165	24.21710705757141
92	3189.3022	182.36855	3341.5518	2835.0251	3316.0286	1.7270937	3319.6477	3313.3943	961.2	1000.0	459999	262.7194	72.57937	337.2954	-200.16837	262.71863	72.58242	338.42365	-192.27727	-264.36206	34.055244	2229.426269054413	24.232894246992856
93	3315.0288	47.2264	3400.6194	3266.8289	3342.2722	9.121665	3364.277	3333.798	994.8	1000.0	464999	263.70673	71.92568	339.90387	-212.32054	263.7063	71.93058	336.4783	-202.05434	-265.5662	33.564877	2255.1989030838013	24.249450732302922
94	3235.134	164.28693	3358.1116	2912.3079	3312.3574	3.490939	3316.886	3304.542	961.8	1000.0	469999	264.41507	71.84991	336.99802	-192.53183	264.41556	71.85317	336.89246	-176.8272	-266.33548	33.71513	2281.0327100753784	24.266305446624756
95	3289.5664	13.323542	3314.1484	3274.631	3316.6165	3.3596985	3322.8914	3312.7703	1000.0	1000.0	474999	265.6196	71.72077	336.4429	-180.58113	265.61945	71.72117	337.99338	-174.2061	-267.56024	32.6447	2306.947216272354	24.283654928207397
96	3014.7178	698.4881	3356.2913	1454.263	3308.5444	2.9668834	3312.7375	3301.1072	894.3333	1000.0	479999	266.60428	71.05778	338.2861	-228.22995	266.60416	71.06285	337.31494	-211.1915	-268.25482	32.842293	2332.757979631424	24.29956230769555
97	3271.8843	20.468811	3302.8071	3249.1714	3325.7793	5.455112	3335.2776	3317.897	1000.0	1000.0	484999	266.6811	71.40208	335.41403	-211.52982	266.68176	71.396	335.5105	-197.07248	-268.41214	34.642094	2358.5045964717865	24.31448039811911
98	2520.954	1058.2771	3280.382	982.9319	3298.7004	2.5013072	3302.4214	3293.2966	767.6667	1000.0	489999	266.91367	71.35146	337.5556	-179.66653	266.91318	71.35313	337.34454	-161.95709	-268.6582	32.54995	2384.342384815216	24.330024361610413
99	3160.5422	280.1446	3299.749	2534.3335	3262.254	5.696954	3273.5913	3256.3533	956.1667	1000.0	494999	267.45	71.10924	336.56305	-163.71254	267.45065	71.11249	337.8622	-163.03069	-269.3741	32.494606	2410.10817527771	24.344527044681588
100	3286.9512	28.988049	3321.4617	3246.9177	3307.439	2.0040355	3309.8044	3302.8752	1000.0	1000.0	499999	268.68393	70.47344	339.6827	-155.23553	268.68378	70.474205	341.18393	-180.55717	-270.3636	32.588947	2436.070340156555	24.360703420639037
101	3301.071	13.7884245	3318.1719	3281.25	887.19885	61.854725	974.625	817.91254	1000.0	258.1	504999	269.45016	70.84059	336.30832	-144.11769	269.44977	70.84215	339.79208	-165.41452	-271.01196	33.445183	2459.0103557109833	24.3466372041419
102	3290.9192	9.440415	3305.061	3276.4983	3328.0574	2.9733458	3334.796	3323.7954	1000.0	1000.0	509999	270.0334	71.207535	339.81866	-194.56477	270.0337	71.20699	338.6898	-173.37643	-271.5952	31.958132	2484.824368238449	24.36102323438607
103	3106.5562	343.04413	3293.1184	2421.2883	3305.7944	3.6862156	3311.7295	3297.3818	950.8	1000.0	514999	270.84012	71.00254	338.2801	-177.33655	270.8407	71.00378	338.22946	-186.00946	-272.515	33.17967	2510.6553161144257	24.375294352040708
104	3278.3335	13.596117	3299.7395	3259.358	3332.696	2.2220657	3335.6204	3328.1145	1000.0	1000.0	519999	271.33017	71.24614	337.01645	-250.62726	271.3305	71.248695	339.802	-241.03673	-272.8289	28.321795	2536.501093864441	24.38943361548277
105	3293.8848	14.607007	3317.493	3277.5234	3306.857	1.8395145	3309.6636	3303.464	1000.0	1000.0	524999	271.5482	71.24704	343.75568	-204.58534	271.54886	71.248116	339.43414	-248.49544	-273.21136	31.505692	2562.154289484024	24.40146944409325
106	3267.0183	6.216175	3273.9023	3257.1655	3325.601	2.7478986	3328.718	3319.0195	1000.0	1000.0	529999	272.16202	70.99748	343.49207	-284.83603	272.16156	71.001564	341.07846	-272.76718	-273.6585	32.576626	2587.856526374817	24.41374083509985
107	3249.786	41.87404	3296.9692	3171.9878	3264.1726	3.7485285	3269.324	3257.9446	992.4	1000.0	534999	272.6862	70.82338	340.16278	-187.03586	272.68607	70.82187	340.84274	-161.5604	-274.2453	31.993093	2613.60111951828	24.42617870936884
108	2863.0093	826.5554	3298.3276	1210.2194	2454.665	1069.3461	3328.2485	1021.49194	868.4	728.2	539999	273.2217	70.752045	342.1766	-214.56335	273.22156	70.75742	342.82602	-247.1198	-274.74936	33.51273	2638.3158366680145	24.428850359386868
109	2972.545	748.79486	3379.9045	1300.5297	3354.2136	4.33497	3361.4048	3347.7703	894.0	1000.0	544999	273.5925	70.96325	339.4566	-162.03151	273.59293	70.96598	339.15036	-169.9084	-275.1939	30.652563	2664.084577322006	24.44114292652235
110	3298.0852	32.509033	3357.4758	3259.8545	3371.0652	5.0344768	3381.2075	3361.6943	1000.0	1000.0	549999	274.34207	70.6959	339.95627	-174.98358	274.34183	70.697334	340.70096	-165.42159	-276.0555	30.846277	2689.950695037842	24.454097244956277
111	3314.7896	15.31914	3339.934	3293.9543	3329.9187	1.5573928	3331.5452	3326.6985	1000.0	1000.0	554999	274.98163	70.367004	341.60745	-148.47543	274.9811	70.37476	340.70346	-141.22581	-276.62524	31.643076	2715.671759366989	24.465511364979786
112	3301.407	9.942455	3316.6943	3289.6682	3313.9055	2.8758054	3319.0557	3310.1907	1000.0	1000.0	559999	275.2855	69.90332	344.4979	-131.616	275.28522	69.90442	344.54816	-123.25051	-276.8236	31.520985	2741.5805475711823	24.478397765329905
113	2967.3186	704.0654	3327.4883	1400.7346	3147.7788	299.35413	3422.8855	2520.7405	880.3333	912.6	564999	276.10834	69.272865	342.70468	-130.50662	276.1074	69.278824	343.69604	-102.480835	-277.7445	29.573944	2767.0188682079315	24.486892660107234
114	2202.0464	1016.00464	3371.0042	987.18256	3329.263	2.6048844	3333.8223	3325.169	640.8571	1000.0	569999	276.7582	68.985306	341.8043	-139.58072	276.75815	68.98688	341.35727	-199.02531	-278.29144	29.211063	2792.752107143402	24.497825522171823
115	3305.041	15.262815	3325.328	3282.9314	3359.4487	3.378919	3365.324	3354.4556	1000.0	1000.0	574999	277.46774	68.86484	341.21268	-114.07851	277.4672	68.867485	341.4991	-104.20605	-279.09106	32.89373	2818.397536754608	24.50780468609022
116	3366.2896	91.34931	3536.9377	3294.9917	3287.2554	3.2362318	3292.513	3282.7644	994.8	1000.0	579999	277.59204	68.87992	340.072	-122.08161	277.59158	68.884926	341.88773	-117.12069	-279.07266	30.59003	2844.208993911743	24.51904306535063
117	3256.0576	19.976982	3289.6438	3230.3694	3300.8496	1.8433108	3302.821	3297.3938	1000.0	1000.0	584999	277.56802	69.1847	342.1144	-188.97552	277.56738	69.18831	342.7353	-119.99928	-279.21466	29.461166	2869.8610463142395	24.528726905839058
118	3305.4434	17.10947	3321.9753	3274.1284	3306.302	3.7243352	3314.6992	3301.2947	1000.0	1000.0	589999	278.07816	68.99308	343.86624	-135.11647	278.07834	68.99694	345.47186	-108.797905	-279.62994	31.368456	2895.75541472435	24.540300142967094
119	3282.595	16.476795	3304.1682	3254.4592	3336.5469	2.932772	3340.9365	3331.6995	1000.0	1000.0	594999	278.01913	69.28887	342.5164	-213.77725	278.01917	69.28804	343.66528	-131.79166	-279.45007	30.436794	2921.527901649475	24.55065465374153
120	3288.859	12.437021	3304.2222	3269.7788	3383.5696	5.896808	3391.0918	3369.6167	1000.0	1000.0	599999	278.42908	69.020775	343.7484	-114.06049	278.4292	69.02616	342.08676	-128.99615	-280.0154	28.53975	2947.0993139743805	24.559160965681077
121	3052.6182	575.9848	3354.461	1765.7109	3338.859	3.22113	3344.0935	3333.5295	917.5	1000.0	604999	278.6556	69.410034	341.7893	-220.08801	278.65533	69.40766	343.3001	-128.64447	-280.08926	29.056284	2972.7943046092987	24.568547985770486
122	2810.1084	788.4938	3338.3079	1248.3202	3334.5757	2.1796212	3338.0837	3330.6338	842.8333	1000.0	609999	279.4282	69.13997	342.86774	-125.920265	279.42798	69.14417	344.39206	-128.0626	-281.0067	27.363487	2998.517983675003	24.57801627721943
123	3329.125	8.588911	3339.9856	3313.771	3324.857	2.228299	3328.3596	3319.1619	1000.0	1000.0	614999	279.7436	68.94444	342.5304	-140.32857	279.74374	68.94454	344.15616	-99.33997	-281.12137	28.144285	3024.160380125046	24.586669772621093
124	3004.3232	578.6377	3305.0662	1847.1427	2440.2302	952.5095	3409.921	1221.4332	915.2	705.0	619999	280.62283	68.56718	346.0325	-137.15625	280.6225	68.5686	347.8053	-134.8238	-282.12714	31.446787	3048.569645881653	24.58523909507259
125	2367.3108	817.88873	3334.1304	1238.775	3276.327	2.8064604	3282.566	3272.7751	699.375	1000.0	624999	280.97482	68.66786	344.63474	-182.61455	280.97525	68.66629	345.7915	-122.395424	-282.44894	28.254784	3074.306685447693	24.59445349884033
126	2441.4688	851.9481	3319.983	1114.0322	3349.6633	3.8411665	3356.2673	3342.6646	724.1429	1000.0	629999	281.27383	68.55465	342.92896	-165.33002	281.27368	68.56003	344.37354	-158.45691	-282.895	30.895163	3100.0758583545685	24.603776668745375
127	2662.2107	790.8627	3461.07	1484.6295	3374.2664	4.940517	3379.029	3364.3333	769.3333	1000.0	634999	281.3267	68.78594	343.7639	-104.95621	281.32635	68.79116	345.9154	-136.68912	-282.86166	25.303654	3125.6887278556824	24.61172228347598
128	3259.2378	103.77862	3334.1982	3053.592	3363.2192	1.6059409	3365.5847	3359.9404	969.2	1000.0	639999	281.40604	68.645035	342.82428	-156.49734	281.4052	68.64835	343.79947	-130.50943	-282.89835	30.920094	3151.377217054367	24.620134523138404
129	3322.4258	21.573711	3353.064	3290.434	3327.0781	1.9439425	3329.727	3322.6323	1000.0	1000.0	644999	282.04022	68.227196	343.36404	-204.71832	282.04077	68.22609	344.18906	-116.437836	-283.2658	29.58895	3177.1609280109406	24.62915449733882
130	2232.0208	998.1081	3491.3296	1007.5166	3363.6797	15.2787285	3383.7046	3338.55	638.625	1000.0	649999	281.88263	68.853264	343.5711	-150.35188	281.88165	68.857796	343.83426	-106.699066	-283.42746	28.3588	3202.945622444153	24.63804326607631
131	2873.8958	647.0176	3375.2625	1892.2019	3334.2832	2.8137016	3337.2495	3327.2727	845.3333	1000.0	654999	282.0341	68.805336	343.50717	-112.00816	282.03378	68.80943	344.18762	-126.514015	-283.3797	29.152956	3228.469942331314	24.64480873464628
132	3266.0396	92.646034	3324.444	3083.5583	3346.9656	2.51011	3349.7676	3342.9746	985.0	1000.0	659999	282.09216	68.43388	345.5744	-131.65968	282.09158	68.436455	346.25385	-114.7804	-283.58234	27.609613	3254.2718772888184	24.653574844201405
133	999.2125	1480.83	3310.915	35.127937	3283.7378	2.3370636	3288.2185	3279.912	318.64706	1000.0	664999	282.24164	68.298195	342.19235	-261.91177	282.24167	68.297424	343.27042	-162.29086	-283.72284	28.540506	3280.1317472457886	24.662644732267335
134	3273.8286	13.29569	3292.701	3253.5684	3300.7964	5.1632056	3314.8066	3294.6782	1000.0	1000.0	669999	282.19943	68.71482	344.13104	-150.68253	282.19907	68.71827	344.62454	-145.83292	-283.65854	31.050425	3305.749224424362	24.669770345759037
135	3304.521	23.781258	3347.8428	3284.9207	3403.0066	3.4795125	3409.3772	3395.6277	1000.0	1000.0	674999	282.20023	68.446236	340.98242	-151.27763	282.19962	68.45244	384.06384	-162.23254	-283.62363	31.266018	3331.5840542316437	24.678400415844386
136	2702.2915	799.7923	3365.3357	1290.8108	2324.634	1540.0645	3505.3262	8.785853	785.8333	674.1	679999	282.14694	67.91486	342.63678	-161.02713	282.14685	67.91624	343.25375	-141.32504	-283.6336	28.686937	3355.8704154491425	24.67551777468008
137	2195.3606	1213.013	3419.3137	538.0169	3404.5664	5.623621	3416.0376	3397.3655	657.75	1000.0	684999	282.09476	67.760895	349.42596	-155.58089	282.0949	67.76503	343.16818	-200.11661	-283.5967	29.093357	3381.3541202545166	24.681416953567172
138	2829.2605	743.36414	3423.9465	1485.7594	3271.8628	4.924569	3277.7883	3261.8364	818.8333	1000.0	689999	281.94537	67.14299	343.00964	-169.56422	281.9454	67.14773	342.5204	-190.97697	-283.5537	32.754524	3407.162342786789	24.689582207928535
139	1943.5409	548.05725	2833.5283	1217.0118	3312.532	1.9916189	3315.5527	3309.564	555.0	1000.0	694999	282.0645	67.18913	342.07843	-104.86315	282.06396	67.19542	343.55212	-118.25613	-283.46936	29.387062	3432.927059650421	24.697316989624245
140	3292.964	17.522797	3324.6953	3274.3457	3338.343	2.202787	3341.4167	3334.1877	1000.0	1000.0	699999	282.4829	66.912575	341.30582	-138.42717	282.48267	66.913666	343.1775	-124.06341	-283.80295	30.705965	3458.4803636074066	24.703431180545262
141	3318.1602	28.184336	3346.425	3265.8635	3401.7922	2.846596	3406.1155	3396.0828	1000.0	1000.0	704999	282.90076	67.1158	341.2275	-256.651	282.90033	67.121994	341.55005	-289.7275	-284.55566	35.47353	3484.213316679001	24.710732755931556
142	3342.8755	14.106629	3365.6758	3327.606	3347.776	6.899042	3357.6133	3338.0059	1000.0	1000.0	709999	283.96466	66.55039	342.27036	-124.45433	283.96432	66.55444	343.309	-106.890015	-285.4515	29.760803	3510.031819343567	24.718533952471237
143	2745.361	781.0447	3359.3635	1168.5771	3477.8286	10.682384	3488.961	3458.9092	800.8333	1000.0	714999	284.80682	65.95256	343.1009	-122.53412	284.80685	65.95361	343.02228	-114.99774	-286.1494	28.130638	3535.8678092956543	24.726348333425456
144	2620.6614	679.04456	3431.6995	1718.6439	3387.2866	12.660507	3415.053	3362.6768	750.2857	1000.0	719999	285.33786	65.6984	343.4127	-97.49269	285.3388	65.69808	343.48123	-95.49539	-286.80234	31.688993	3561.506799697876	24.73268612060282
145	2456.7356	767.2614	3384.933	1245.0387	3416.8196	5.292619	3426.0327	3408.0369	700.8571	1000.0	724999	286.05923	65.09801	343.94843	-84.39557	286.05875	65.10187	342.08273	-77.53201	-287.3742	27.61434	3587.190881729126	24.739247474999264
146	3028.4717	415.69287	3454.8035	2437.2075	32.52993	1.6197405	36.173637	30.811043	868.0	27.9	729999	286.53937	65.004036	344.59717	-140.04774	286.5391	65.00521	344.29016	-97.70669	-287.99072	28.49766	3608.937032222748	24.71874680911025
147	2197.4185	1368.0989	3427.6016	36.296734	3354.1714	24.754074	3418.5872	3334.0427	655.375	995.2	734999	286.4442	65.2248	344.26987	-116.02309	286.44495	65.2246	343.83643	-125.124176	-287.77704	27.764427	3634.587998151779	24.725088437398274
148	1934.1353	1467.5752	3474.9038	36.333363	3380.5034	3.06666	3383.1826	3373.828	574.8889	1000.0	739999	286.15616	65.70122	344.96933	-176.41716	286.15677	65.70642	343.65173	-159.30307	-287.5925	29.05115	3660.4990022182465	24.733101379226994
149	3323.233	32.738876	3373.4492	3278.771	3334.725	1.5925297	3337.9817	3332.8374	1000.0	1000.0	744999	286.49496	65.34343	344.59302	-139.59586	286.4943	65.35202	344.90585	-138.38458	-288.06134	28.8965	3686.186984539032	24.739509976150206
150	2652.928	656.3864	3388.533	1727.4618	3356.0344	4.07692	3360.445	3346.8867	751.6667	1000.0	749999	286.4224	65.09582	344.86255	-103.25868	286.42206	65.09478	343.40497	-112.3559	-287.81808	30.573406	3711.977205991745	24.746514722506205
151	3122.6536	389.24155	3449.1208	2358.9468	3303.9055	1.578182	3307.459	3301.6296	895.5	1000.0	754999	286.3547	65.47803	342.2542	-133.72932	286.35434	65.485664	343.6315	-142.63982	-287.825	29.328306	3737.7985348701477	24.753632695469634
152	3335.246	34.86032	3384.744	3281.466	3321.996	5.3499985	3335.3633	3315.3801	1000.0	1000.0	759999	286.46487	65.28994	344.6483	-154.78091	286.46524	65.29445	345.94083	-160.43246	-287.7635	31.282005	3763.5475611686707	24.760181337594986
153	3185.4314	323.2244	3378.2737	2540.0674	3351.9517	4.486819	3362.2922	3346.063	940.4	1000.0	764999	286.23364	65.42644	344.33722	-179.08545	286.23294	65.43262	343.87875	-181.58336	-287.4041	29.843918	3789.2400019168854	24.766274534798914
154	2998.1946	877.31287	3512.9487	1040.7247	3376.668	5.120259	3383.2507	3365.6929	888.8333	1000.0	769999	286.60822	65.271095	343.20435	-204.15276	286.6081	65.276474	343.41162	-174.76683	-288.068	29.963509	3814.8747622966766	24.771914051724718
155	2836.1199	1009.90515	3353.0933	816.3674	3372.7485	14.356275	3394.1157	3344.9004	854.8	1000.0	774999	287.06082	64.30204	343.50958	-200.47446	287.06042	64.30377	341.74203	-177.82962	-288.50574	29.4146	3840.5922446250916	24.778014493757677
156	2773.717	819.23145	3419.303	1019.90564	3336.1406	2.259568	3340.343	3333.1326	818.7143	1000.0	779999	286.99158	64.17621	344.03012	-135.40192	286.9911	64.18194	343.50766	-117.89649	-288.3927	28.268343	3866.306243658066	24.784014394650093
157	3283.9204	118.32338	3373.276	3049.7227	3412.4917	4.0349298	3418.0815	3404.4028	969.8	1000.0	784999	287.31534	64.015396	342.8767	-172.65555	287.3157	64.01492	343.00473	-179.94974	-288.78085	25.143562	3892.121713399887	24.79058417545003
158	3322.5708	14.411357	3342.193	3297.5444	3367.9917	1.5596614	3370.516	3365.6536	1000.0	1000.0	789999	287.3394	63.98485	342.91644	-152.99287	287.33957	63.988026	342.71127	-138.92186	-288.86615	29.109375	3918.06725358963	24.797894022132777
159	2999.036	550.0555	3373.4775	1878.116	2880.6167	731.8271	3367.7842	1587.2573	883.8333	843.9	794999	287.86487	63.73777	342.04837	-190.27074	287.86426	63.747032	341.9737	-243.23373	-289.203	29.606441	3943.2324781417847	24.800204277038574
160	3246.7896	223.18382	3377.4492	2801.7124	3373.5	12.944255	3391.2927	3357.3335	957.8	1000.0	799999	287.90164	64.064224	344.235	-267.2263	287.9008	64.072784	343.8808	-362.91962	-289.25073	31.186213	3968.798983812332	24.804993665218355
161	2521.465	776.6463	3465.176	1341.1473	3351.5676	2.6581354	3357.0828	3347.192	726.8571	1000.0	804999	287.98285	63.799408	343.85535	-314.33685	287.98264	63.80248	342.73166	-396.68866	-289.4153	32.679844	3994.5979704856873	24.811167530391526
162	2870.0078	598.7523	3370.2969	1784.5295	725.87103	282.70074	1240.3385	425.9124	840.3333	245.5	809999	288.20004	63.72685	342.71487	-350.90417	288.20007	63.72971	343.57904	-458.32562	-289.6086	25.964407	4017.4929802417755	24.799339397453966
163	2752.9941	1066.6277	3355.4036	426.75702	3427.268	13.985345	3444.0984	3400.3953	817.0	1000.0	814999	288.51266	63.957443	343.21155	-439.7751	288.51254	63.95797	344.99466	-485.7912	-289.88318	30.663185	4043.3473448753357	24.805811943452053
164	3341.1016	11.197938	3357.4143	3330.7783	3351.3035	4.042107	3357.297	3344.8826	1000.0	1000.0	819999	288.9366	63.59843	343.98663	-411.18683	288.93683	63.600456	342.97086	-464.77072	-290.3598	30.39525	4069.068791627884	24.811395082531906
165	3330.6746	34.04902	3369.124	3279.5842	3362.6125	1.3653239	3365.2092	3359.9834	1000.0	1000.0	824999	289.15585	63.49127	341.93613	-423.30225	289.1561	63.492817	344.86743	-413.31992	-290.5237	29.100657	4094.7051129341125	24.816394635402794
166	3305.2866	16.657505	3328.0725	3279.3074	3360.9272	3.0064795	3364.8867	3354.8877	1000.0	1000.0	829999	289.71353	63.289696	344.3998	-397.9926	289.71335	63.297054	358.27777	-431.1414	-291.0008	29.456247	4120.482344388962	24.82218281188643
167	3341.3582	55.984196	3450.7764	3297.6711	3360.064	10.357253	3376.177	3346.0427	1000.0	1000.0	834999	289.69254	63.777195	398.20895	-271.47455	289.69257	63.777367	402.49396	-275.76572	-290.95374	28.348694	4146.097489356995	24.82693108541523
168	3297.1724	12.950959	3313.4915	3280.1165	3265.3608	2.5068016	3271.524	3262.4636	1000.0	1000.0	839999	290.07425	63.905716	344.84207	-295.16144	290.07397	63.907322	344.97125	-305.86447	-291.4735	28.2688	4172.151720046997	24.83423644020444
169	3310.03	31.675636	3366.8052	3273.061	3285.3528	2.6656547	3290.5957	3283.2393	990.2	1000.0	844999	290.5123	63.422012	345.35684	-259.65826	290.51297	63.42603	346.03775	-263.73904	-291.83524	28.54854	4197.887836456299	24.83957300947968
170	3335.6594	23.202595	3363.507	3302.6016	3353.095	2.0744343	3356.143	3348.516	1000.0	1000.0	849999	290.9728	62.52098	394.14706	-198.73038	290.973	62.527237	366.749	-329.8223	-292.36414	23.835344	4223.583288908005	24.84460759303149
171	2888.8567	673.34454	3380.7844	1803.1586	813.4232	137.5912	957.75586	670.9194	848.0	272.0	854999	291.05014	62.351704	454.25943	-139.04074	291.04993	62.353	435.25485	-137.79375	-292.25662	24.452974	4246.557465553284	24.833669400354577
172	2491.4602	792.8906	3355.3755	1215.8505	3338.6223	6.9423037	3351.4465	3327.363	727.4286	1000.0	859999	291.05704	62.16644	342.4775	-128.68156	291.05743	62.167747	347.99118	-115.330574	-292.236	26.546347	4272.376756191254	24.83939975777338
173	2518.3484	544.7942	3020.4468	1441.004	3333.153	1.8641039	3336.2383	3330.9785	717.6667	1000.0	864999	291.30835	62.16482	341.24155	-86.81019	291.30814	62.170227	342.1062	-122.62474	-292.72354	25.85584	4298.327795505524	24.845825418571515
174	2826.8481	601.25006	3359.506	1711.8317	3311.6067	8.088346	3321.7104	3292.8555	812.0	1000.0	869999	291.5386	62.12734	342.3274	-115.714195	291.53842	62.13156	342.87915	-127.07171	-292.93875	26.69441	4323.939967632294	24.850229709997944
175	3280.9	11.001821	3291.7358	3259.8213	3325.961	1.8425608	3329.3997	3323.6782	1000.0	1000.0	874999	291.56982	62.591343	348.18567	-141.77061	291.5701	62.593285	344.20236	-119.00519	-292.7485	24.637972	4349.571677207947	24.85469530923026
176	3219.2617	193.95744	3336.876	2834.4094	3375.9976	4.0274744	3383.525	3369.0303	973.0	1000.0	879999	291.42114	63.28417	347.1764	-127.12967	291.42065	63.29131	353.86652	-147.23149	-292.48077	26.74585	4375.234010219574	24.85928415981206
177	3217.4429	208.29259	3361.4338	2803.3535	419.52808	1.0781239	421.34094	417.42157	971.8	159.1	884999	291.69397	63.098495	345.83337	-122.17604	291.69318	63.105732	347.98322	-112.824326	-293.0274	27.005579	4397.71106171608	24.845825219558456
178	3310.0474	26.680376	3339.7554	3266.524	3324.5825	2.991861	3330.2932	3319.5662	1000.0	1000.0	889999	292.60208	62.08611	344.8016	-103.84436	292.60165	62.08803	346.17517	-104.46926	-293.886	25.755272	4423.632839202881	24.851869895217124
179	3351.737	54.47589	3456.7275	3298.1636	3287.2642	4.9498043	3298.0435	3279.2168	1000.0	1000.0	894999	292.94272	61.54188	345.6694	-128.25478	292.9429	61.545776	344.03253	-93.58579	-294.10977	28.844128	4449.36168050766	24.85676917550284
180	3283.0044	186.23422	3479.255	2934.746	3312.5825	3.4631789	3319.0144	3305.641	960.0	1000.0	899999	292.64264	61.85295	342.7525	-178.45981	292.6428	61.855232	343.93546	-126.71293	-293.88123	25.467085	4475.011258602142	24.861173669497173
181	2686.991	601.6062	3400.038	1908.1672	3286.1685	6.935084	3296.8228	3274.3374	782.2857	1000.0	904999	292.51413	61.966446	346.5568	-177.64108	292.51404	61.975464	346.49207	-109.858345	-293.78305	27.360819	4500.850618124008	24.866578011222966
182	2939.5933	697.7176	3313.7874	1544.8035	3333.011	1.6091601	3334.8262	3329.0105	883.8	1000.0	909999	292.42087	61.946175	344.78775	-125.26842	292.4209	61.94688	350.43204	-110.43098	-293.59494	27.54458	4526.735008955002	24.872170389353574
183	3336.733	35.31445	3385.9854	3287.6946	3405.6418	7.896841	3416.1743	3386.5823	1000.0	1000.0	914999	292.52554	61.83858	345.1158	-106.28706	292.52554	61.835934	345.14822	-95.67547	-293.79907	25.203676	4552.459060192108	24.87682547725615
184	3169.7185	415.53876	3371.2468	2240.8472	3372.7024	1.871073	3376.144	3369.5034	934.3333	1000.0	919999	293.09085	61.972935	349.78848	-84.009315	293.09055	61.97675	348.19342	-86.06758	-294.22726	25.332394	4578.229045629501	24.881679606178533
185	2787.3684	531.5582	3321.8496	1727.2726	3421.8562	2.2443955	3425.3862	3417.6497	804.0	1000.0	924999	293.39893	62.11422	346.973	-99.21067	293.399	62.115734	347.9012	-81.35524	-294.5731	24.686838	4603.821521759033	24.88552174825926
186	2948.3535	784.06055	3355.4119	1380.3693	3347.2273	3.0765703	3351.9722	3341.8528	872.8	1000.0	929999	294.1259	61.500473	396.23752	-102.20448	294.1259	61.50447	347.50784	-116.953026	-295.25366	25.108925	4629.394483804703	24.889217663836735
187	3066.3357	592.1126	3396.5242	1746.5206	3336.0754	1.5623468	3338.4177	3333.3772	906.5	1000.0	934999	294.55933	61.33533	348.50717	-131.13008	294.5589	61.34149	365.65894	-114.400604	-295.9764	25.158508	4655.101464271545	24.89359072822938
188	2579.595	744.1928	3330.2822	1731.011	3379.1902	11.13535	3391.074	3355.786	764.1667	1000.0	939999	295.0893	60.93652	449.2285	-359.19666	295.08936	60.935738	399.36786	-194.58879	-296.2474	26.030483	4681.070100784302	24.899309058138666
189	3189.4504	209.65472	3352.5352	2889.9292	3390.3704	2.2078755	3393.571	3385.4177	932.1667	1000.0	944999	295.41458	60.970074	346.14325	-106.51433	295.4142	60.971153	346.11084	-134.74352	-296.49014	24.648403	4706.921755313873	24.90434792306688
190	2807.336	457.26877	3381.2593	2080.9065	3402.5742	11.465741	3419.261	3385.3992	807.6667	1000.0	949999	295.626	60.88566	346.73468	-103.18268	295.6261	60.887928	346.38983	-89.48081	-296.909	26.5875	4732.636247396469	24.90861183718631
191	2036.6345	635.88293	3223.8555	1096.7064	2842.6091	254.05577	3163.891	2366.2822	562.0	787.4	954999	295.8312	60.792236	346.80157	-189.7444	295.83112	60.79076	346.5312	-98.58778	-297.2097	25.873722	4757.669984579086	24.909266944955156
192	2285.8928	603.5981	3297.096	1603.0023	3340.293	2.4602978	3344.4075	3336.0723	647.7143	1000.0	959999	295.59473	61.21477	368.24152	-141.75418	295.59424	61.22077	347.12653	-163.86362	-296.90115	25.005556	4783.490490436554	24.914012980957825
193	3321.7285	17.840195	3355.363	3306.2786	3359.105	1.503751	3361.1582	3355.9849	1000.0	1000.0	964999	295.79126	61.448338	401.03326	-129.58807	295.79068	61.452877	347.4114	-126.97392	-296.85297	23.092766	4809.188121557236	24.918073178572975
194	2969.6436	549.5208	3320.3362	1828.7938	3376.0364	2.340819	3379.5042	3371.9075	894.0	1000.0	969999	295.75974	61.408985	346.6592	-93.60535	295.7594	61.4156	346.99243	-88.280106	-296.9187	24.627066	4835.187648057938	24.923647680233433
195	2893.3171	665.4249	3371.815	1676.9854	3346.8157	2.219154	3350.727	3343.3577	849.8333	1000.0	974999	295.78973	61.627098	347.02264	-166.14346	295.7892	61.63125	347.9844	-201.2778	-296.7831	27.650806	4861.035339355469	24.928386365450347
196	3319.9304	23.001335	3351.601	3283.0752	3375.6086	1.736559	3377.8044	3372.1252	1000.0	1000.0	979999	296.06445	61.431923	347.75095	-197.90787	296.0648	61.434376	346.9875	-213.01855	-297.0113	27.18776	4886.92999958992	24.93331633416974
197	3354.235	62.763237	3479.5652	3317.535	3358.3833	6.3004026	3370.3005	3346.0784	1000.0	1000.0	984999	296.48215	60.861824	347.99854	-149.73598	296.48178	60.864887	346.9128	-146.11543	-297.5746	25.773563	4912.636296749115	24.937240097123354
198	2791.8835	775.8524	3352.3567	1553.5758	3316.8704	2.5910149	3322.5093	3313.7207	835.3333	1000.0	989999	296.52457	60.455624	347.5893	-159.65376	296.5245	60.457363	351.07263	-108.04349	-297.731	25.894802	4938.27587223053	24.9407872431206
199	2717.5952	863.0456	3371.4387	1337.9948	2764.3962	787.08673	3396.2214	1568.1791	816.3333	821.8	994999	296.7479	60.185314	347.15704	-212.14546	296.7479	60.186127	346.12268	-75.78222	-297.79825	22.938366	4963.318593740463	24.941299476815228
200	2620.0886	882.4559	3359.2883	762.4408	3343.7617	2.9750667	3349.2683	3339.4077	758.5714	1000.0	999999	296.80746	60.45009	347.46146	-178.65973	296.80756	60.449467	346.09677	-125.11841	-297.94244	25.382093	4988.802478790283	24.94401240348816
