Epoch	AverageEpRet	StdEpRet	MaxEpRet	MinEpRet	EpLen	AverageVVals	StdVVals	MaxVVals	MinVVals	Time Steps	LossPi	LossV	DeltaLossPi	DeltaLossV	Entropy	KL	ClipFrac	StopIter	Time	AVG Time Per Epoch
0	-51.565216	6.2194905	-35.732338	-66.899155	50.0	0.0333055	0.18934557	0.49258307	-0.4341116	5000	-7.138252e-08	666.3736	-0.01537077	-555.5658	0.9189419	0.004206287	0.0822	79.0	6.1834869384765625	6.183488368988037
1	-48.903214	5.36751	-36.765545	-62.174324	50.0	-21.455488	4.8307443	-4.9946504	-26.517101	10000	-1.4735013e-08	101.027	-0.014591754	-32.70347	0.8960972	0.005056414	0.069	79.0	12.521267175674438	6.260634660720825
2	-47.43877	5.7948904	-33.647133	-63.894337	50.0	-20.115993	6.8247952	-0.6716878	-30.763918	15000	-1.2677908e-08	76.51236	-0.018778747	-21.355267	0.8753497	0.005161589	0.1038	79.0	19.08082604408264	6.360275904337565
3	-46.24414	6.112823	-33.711506	-60.86112	50.0	-20.056955	8.251232	-2.407678	-34.077785	20000	8.8214874e-10	60.57788	-0.018883033	-10.175262	0.85247684	0.005400741	0.0932	79.0	25.27161169052124	6.317903399467468
4	-44.55894	5.8318644	-34.492897	-65.59452	50.0	-19.756433	8.769259	2.5298235	-34.47678	25000	8.106232e-10	60.624874	-0.02254281	-14.44117	0.8293711	0.0070097013	0.0956	79.0	31.65770936012268	6.331542253494263
5	-42.72969	4.4670343	-29.413057	-56.4239	50.0	-19.671812	8.142905	0.27957892	-34.29924	30000	9.304285e-09	52.394234	-0.020814316	-13.300289	0.8037551	0.011341485	0.1096	79.0	38.02102327346802	6.336837490399678
6	-41.585323	5.189832	-29.611662	-57.69827	50.0	-17.852089	7.880763	0.3696382	-33.46187	35000	1.9666553e-08	44.63939	-0.022331398	-9.017746	0.78488827	0.009621733	0.1038	79.0	44.509958028793335	6.358565637043545
7	-39.814335	4.8163533	-28.961391	-51.69565	50.0	-17.927011	7.9949455	-4.646265	-33.060024	40000	1.4185906e-09	38.376186	-0.020477394	-8.788208	0.75512815	0.012926334	0.1194	79.0	51.16093397140503	6.3951170444488525
8	-38.52667	5.18138	-26.350517	-49.981014	50.0	-16.58615	7.7421584	-0.43494385	-31.767706	45000	7.9274176e-10	39.697456	-0.019773636	-8.858116	0.73329014	0.007849756	0.0948	79.0	57.34384036064148	6.371538029776679
9	-36.713444	4.5251923	-26.446499	-49.938007	50.0	-16.795534	7.16591	-2.1655967	-30.697222	50000	-1.0392815e-08	34.198414	-0.01964836	-8.480347	0.71227056	0.0065284455	0.0874	79.0	63.97282600402832	6.39728274345398
10	-36.421852	4.5743594	-26.040665	-52.85866	50.0	-15.197442	7.0446568	-2.7586293	-29.640247	55000	9.793172e-09	32.053234	-0.019130552	-8.648741	0.68854314	0.010592131	0.0872	79.0	70.35359120368958	6.395781170238148
11	-34.41247	4.222866	-25.821842	-50.041393	50.0	-16.009947	6.76938	-4.3627105	-29.197395	60000	-1.9796194e-09	32.667305	-0.020774653	-10.080999	0.6671397	0.0060953125	0.0956	79.0	76.58060693740845	6.381717383861542
12	-33.705566	3.9047437	-25.77623	-40.71855	50.0	-14.633873	6.657001	-1.5949292	-28.085587	65000	1.6778708e-08	26.062965	-0.023782386	-6.1278725	0.64394647	0.009928782	0.1406	79.0	82.99328947067261	6.3840993367708645
13	-33.08818	3.706459	-25.204414	-42.70338	50.0	-14.128385	6.6695347	-1.6580734	-27.482033	70000	4.4249e-09	24.887451	-0.018745193	-6.558405	0.6164317	0.0100557925	0.1196	79.0	89.33929133415222	6.381378088678632
14	-32.38001	4.0382924	-23.69864	-44.222595	50.0	-14.260722	6.1844745	-3.4923851	-26.4919	75000	-7.50646e-09	22.631115	-0.020404847	-4.9904575	0.5952747	0.010394147	0.1124	79.0	95.70896339416504	6.380597686767578
15	-31.10524	4.670092	-20.456556	-46.0425	50.0	-13.892735	6.168947	-0.95812	-26.816141	80000	-1.309514e-08	27.458168	-0.023687197	-10.012312	0.5689492	0.015140448	0.1336	79.0	101.8807315826416	6.36754584312439
16	-29.827969	4.3408103	-23.236444	-46.514805	50.0	-13.028305	6.1237445	1.0105242	-26.982405	85000	1.3446808e-08	20.321451	-0.024878033	-5.7850294	0.5476994	0.011378902	0.138	79.0	108.25925993919373	6.368191873326021
17	-29.534718	3.9031498	-23.053932	-41.71265	50.0	-12.492183	6.007448	-0.69353354	-24.892733	90000	1.8697977e-08	18.904205	-0.02040083	-4.3921604	0.5242685	0.007113226	0.0878	79.0	113.75023889541626	6.319457795884874
18	-28.184935	3.3446803	-20.552475	-39.423122	50.0	-12.647206	5.642651	-1.2319485	-26.408089	95000	9.155274e-09	15.118563	-0.020834664	-3.9162445	0.50370234	0.011897192	0.1068	79.0	120.63429927825928	6.349173771707635
19	-26.90965	3.253343	-19.971594	-34.29523	50.0	-12.109774	5.5888853	-1.106539	-23.66736	100000	1.4892221e-08	16.30472	-0.022424264	-4.6023464	0.4780069	0.006990146	0.104	79.0	126.99162030220032	6.349581110477447
20	-26.018955	3.422391	-17.962946	-34.534092	50.0	-11.493845	5.436748	-0.19162314	-22.653479	105000	2.038479e-09	13.561802	-0.019731933	-3.4899635	0.4517475	0.010561038	0.1088	79.0	133.15150904655457	6.340548174721854
21	-25.050945	3.7784762	-16.534513	-32.76343	50.0	-10.807962	5.320983	-1.2436084	-22.206345	110000	-6.2018635e-09	13.790764	-0.02057132	-3.8872166	0.4288109	0.010510924	0.1022	79.0	139.5083293914795	6.341287775473162
22	-23.72306	3.1312878	-15.404866	-32.955013	50.0	-10.475275	5.1285768	-1.038028	-21.933817	115000	-1.1765957e-08	9.641064	-0.021263314	-3.1043067	0.40516323	0.009631552	0.1054	79.0	145.60563468933105	6.330679841663526
23	-23.919561	3.2011209	-16.206617	-32.669758	50.0	-9.932775	5.020654	0.62621564	-21.549622	120000	-1.8894672e-09	9.76982	-0.017167658	-2.7398467	0.38296527	0.007961832	0.0914	79.0	152.02425336837769	6.334343949953715
24	-23.202866	3.0348806	-17.171747	-31.682598	50.0	-9.858751	4.8181663	-0.16094089	-20.699055	125000	-2.2625922e-08	8.227013	-0.018359989	-2.3202415	0.36639324	0.009538636	0.0938	79.0	158.102308511734	6.324092407226562
25	-22.462446	2.7113664	-16.205397	-29.616423	50.0	-9.684587	4.6737995	-0.56651145	-20.490725	130000	-1.7349794e-08	6.4780498	-0.020385392	-1.6597366	0.34596628	0.0059308065	0.097	79.0	164.38692903518677	6.322574248680701
26	-21.973738	2.8390346	-13.872156	-30.231724	50.0	-9.093065	4.831739	2.4576364	-19.856651	135000	2.0876527e-08	6.494715	-0.019415883	-1.4898686	0.31976265	0.009418206	0.0944	79.0	171.01199579238892	6.333777683752555
27	-21.71071	3.1556425	-16.25384	-30.132536	50.0	-9.189968	4.60041	-0.5544689	-20.303366	140000	-4.8398974e-09	7.1055193	-0.020463401	-1.8337421	0.2959016	0.009486555	0.1066	79.0	177.27834367752075	6.331369485173907
28	-20.791315	2.8202586	-14.54259	-27.525536	50.0	-9.053276	4.5146756	0.20867422	-19.790836	145000	-1.0704994e-08	6.7687626	-0.015836235	-2.3020482	0.26691782	0.016147375	0.1844	79.0	183.63756251335144	6.332329799389017
29	-20.222248	2.702211	-14.047044	-26.333633	50.0	-8.613478	4.267003	-0.76181334	-18.969887	150000	3.6865473e-09	5.827184	-0.01886838	-1.6122689	0.24961199	0.008849395	0.1112	79.0	190.00497889518738	6.333499352137248
30	-19.84646	2.8982244	-12.916448	-27.207842	50.0	-8.434179	4.195932	-0.4858781	-18.476816	155000	3.2246112e-09	6.3129973	-0.017897328	-1.6238732	0.2284716	0.009510066	0.147	79.0	195.9950897693634	6.322422312152002
31	-18.857483	2.642264	-13.8241005	-25.893917	50.0	-8.279484	3.9323056	-0.8644273	-18.584146	160000	-1.1897087e-08	5.2518625	-0.019658247	-1.4522676	0.20861651	0.009150891	0.1054	79.0	202.13132309913635	6.316603906452656
32	-18.432667	2.2956874	-12.283255	-22.95192	50.0	-7.7030954	3.8874474	-0.7542781	-17.030706	165000	1.2433529e-08	4.480404	-0.01975648	-1.3503976	0.18776084	0.009068729	0.1014	79.0	208.3289830684662	6.3129995374968555
33	-18.254368	2.3591383	-13.644716	-24.18822	50.0	-7.6200914	3.9602187	-0.52495146	-16.946714	170000	1.5357136e-08	3.70053	-0.019904736	-0.9116676	0.16329508	0.008492939	0.0974	79.0	214.8519892692566	6.319176204064313
34	-18.105486	2.540439	-12.669518	-24.057411	50.0	-7.3064227	3.9157639	-0.4721059	-16.670233	175000	3.3497811e-09	4.270196	-0.01902658	-0.95233226	0.13904293	0.008847893	0.1054	79.0	221.16800785064697	6.319085999897548
35	-17.489311	2.324835	-11.596061	-22.488781	50.0	-7.427444	3.706334	-0.010447256	-16.661335	180000	6.3955783e-09	3.957832	-0.017916057	-0.89055467	0.11163531	0.01074497	0.1234	79.0	227.48266744613647	6.318963024351332
36	-16.733532	2.2532325	-10.44961	-23.063635	50.0	-7.110847	3.6346958	-0.5840922	-16.108568	185000	8.529424e-09	3.9736297	-0.018457953	-1.2287762	0.090866975	0.010794266	0.1116	79.0	233.9172191619873	6.322087062371744
37	-16.008495	2.394461	-11.660132	-22.609373	50.0	-6.927875	3.5534413	-0.7955739	-15.498801	190000	1.4051795e-09	3.9062493	-0.019072134	-1.4032547	0.0694239	0.009210348	0.1072	79.0	240.2793698310852	6.323141380360252
38	-16.140373	2.2434118	-12.11635	-22.77121	50.0	-6.7187943	3.3717532	-0.098104164	-15.184187	195000	-7.996708e-09	3.2715387	-0.01667154	-0.98633146	0.047318097	0.008798566	0.1356	79.0	246.53287386894226	6.321355801362258
39	-15.873688	2.4001572	-10.451731	-20.528631	50.0	-6.3803654	3.4199424	0.99288756	-15.793428	200000	7.0095063e-09	2.9986918	-0.016850807	-0.78531766	0.028540717	0.0057360386	0.0828	79.0	252.55135250091553	6.3137838542461395
40	-15.052515	2.2727547	-10.97387	-20.561922	50.0	-6.4129596	3.1749635	0.31271842	-15.775639	205000	-1.808405e-08	3.2631605	-0.014260989	-1.225091	0.008524914	0.008603672	0.1218	79.0	258.8335793018341	6.313014175833725
41	-15.056701	2.0892322	-10.210194	-20.652416	50.0	-6.2064924	3.1869476	-0.6727333	-15.5867815	210000	1.9580126e-09	2.393942	-0.017130874	-0.66312253	-0.011134338	0.0063255476	0.0998	79.0	265.0977714061737	6.311851739883423
42	-15.216914	2.6264508	-9.749544	-22.44255	50.0	-6.1556697	3.1770444	-0.34122664	-14.773324	215000	-1.0490417e-08	2.8602219	-0.011882774	-1.0568426	-0.03253449	0.020825464	0.2194	79.0	271.34569215774536	6.310364978258
43	-14.521283	2.2138908	-10.486084	-19.1749	50.0	-6.0347357	3.2157767	0.5267515	-15.755328	220000	-1.8298626e-09	2.3431647	-0.01684686	-0.89916754	-0.052159198	0.0076304968	0.0814	79.0	277.75695157051086	6.312658033587716
44	-14.339289	2.170911	-9.125964	-19.25116	50.0	-5.807554	3.0912488	-0.27087283	-14.660753	225000	-1.09002e-09	2.2761981	-0.015063717	-0.6804298	-0.07611902	0.008513183	0.0768	79.0	284.36014914512634	6.3191144625345865
45	-13.883801	2.2443776	-9.939189	-20.518442	50.0	-5.818356	2.8933682	-0.34706077	-14.192938	230000	8.513965e-09	1.9457803	-0.017617669	-0.6230718	-0.09935845	0.012021332	0.0946	79.0	290.59395003318787	6.317259819611259
46	-13.544945	2.3640978	-9.17381	-19.37375	50.0	-5.6918983	2.9661713	0.11668785	-14.63912	235000	1.2916327e-08	2.3251235	-0.016656028	-1.0398117	-0.12433867	0.0058769104	0.0966	79.0	296.85558915138245	6.316076410577653
47	-13.586506	2.1080658	-8.600155	-18.17954	50.0	-5.5067253	2.9043934	0.13988358	-14.571707	240000	-1.5333296e-08	1.8402611	-0.013089156	-0.69646	-0.1406062	0.014606259	0.198	79.0	303.0014989376068	6.312531277537346
48	-13.369678	2.1055703	-9.10669	-18.455797	50.0	-5.4809613	2.824139	-0.17680806	-13.769443	245000	3.6358833e-10	1.641113	-0.019604847	-0.65529734	-0.1631622	0.0107352575	0.1232	79.0	309.31930446624756	6.312638905583595
49	-12.909259	2.1178908	-9.011647	-18.255503	50.0	-5.3082657	2.8800128	0.6699662	-13.774764	250000	5.529821e-09	1.576382	-0.017506154	-0.63661945	-0.1834474	0.009402463	0.0896	79.0	315.74249625205994	6.3148499584198
50	-13.17156	2.4389098	-7.9777236	-18.22183	50.0	-5.227472	2.8825648	0.090311915	-13.996014	255000	3.620982e-10	1.5850551	-0.017201064	-0.71901613	-0.20219834	0.0129160555	0.135	79.0	321.9112365245819	6.311985057943008
51	-12.475419	2.072884	-8.746297	-17.782282	50.0	-4.941437	2.7063744	0.9212936	-14.446166	260000	-2.9847025e-09	1.5497463	-0.019942474	-0.68717897	-0.22280478	0.011467941	0.1342	79.0	328.0757246017456	6.30914858671335
52	-12.508798	2.1828587	-8.31369	-17.284233	50.0	-5.073571	2.762721	1.3505602	-13.702999	265000	1.1235476e-09	1.0025669	-0.017253485	-0.4247697	-0.24832818	0.010011455	0.1062	79.0	334.2383680343628	6.306384352018249
53	-11.892225	2.0555382	-7.5574503	-18.792284	50.0	-4.857828	2.6049173	0.066606954	-13.707577	270000	-5.161762e-09	1.195569	-0.018341452	-0.47196454	-0.27230322	0.0062507577	0.094	79.0	340.38690304756165	6.303461202868709
54	-11.953312	2.3057084	-7.43774	-17.060534	50.0	-4.742235	2.6559527	1.0081851	-13.217362	275000	1.1005998e-08	1.2020737	-0.019964213	-0.5063813	-0.29505795	0.016906168	0.1552	79.0	346.41622281074524	6.2984768130562525
55	-11.725718	2.3958147	-6.832159	-17.7711	50.0	-4.6981893	2.6838722	1.0570675	-12.950591	280000	1.9341707e-08	1.289988	-0.019950585	-0.7205443	-0.32085568	0.011975836	0.13	79.0	352.9648702144623	6.302944140774863
56	-11.176879	2.151916	-7.1981034	-16.857868	50.0	-4.5569453	2.516827	0.47466737	-13.16691	285000	1.2898445e-08	1.0391359	-0.017190497	-0.5379459	-0.34441185	0.0117307035	0.1354	79.0	358.95590376853943	6.297472029401545
57	-10.849157	2.1316693	-6.9361925	-16.537735	50.0	-4.34911	2.5264401	0.46570688	-12.6832695	290000	-7.557869e-09	0.7662788	-0.018074144	-0.38649422	-0.3704937	0.009338723	0.1162	79.0	365.44364738464355	6.300752582221196
58	-11.217306	2.125959	-7.175508	-16.231068	50.0	-4.358624	2.5972753	0.3838867	-12.841415	295000	6.1750414e-09	0.74277127	-0.015067991	-0.32442707	-0.39165893	0.01676445	0.1888	79.0	371.7342185974121	6.300580020678246
59	-10.912737	2.0825124	-7.414479	-16.18322	50.0	-4.2409673	2.5110679	0.6758496	-12.685624	300000	2.0503998e-09	0.67290217	-0.018311143	-0.3136832	-0.40937355	0.0099589545	0.1312	79.0	378.2597358226776	6.304328958193461
60	-11.023212	2.4164872	-6.5110493	-16.868313	50.0	-4.2794642	2.477416	0.30773705	-12.552599	305000	-1.39772895e-08	0.7243932	-0.020481292	-0.32733965	-0.42917842	0.010389186	0.1602	79.0	384.5246112346649	6.303682194381464
61	-11.279889	2.2120142	-6.6654706	-16.664343	50.0	-4.3144145	2.615352	0.44162753	-13.1945715	310000	-1.7677992e-08	0.6813434	-0.012191869	-0.3611172	-0.45375854	0.014729999	0.207	79.0	390.82645320892334	6.303652501875354
62	-10.654126	2.1798892	-6.7491484	-16.837772	50.0	-4.280029	2.3915493	-0.054874275	-12.752504	315000	-7.05719e-09	0.7032796	-0.022342868	-0.36990997	-0.47154322	0.009050704	0.1268	79.0	397.2376477718353	6.305359514932784
63	-10.402025	2.34026	-6.741418	-15.9962845	50.0	-4.0455837	2.470238	0.60906917	-12.510143	320000	1.6355514e-08	0.6066473	-0.013218657	-0.3484225	-0.4999905	0.012389266	0.141	79.0	403.40268778800964	6.303167030215263
64	-10.127742	2.2070765	-6.5074205	-15.080533	50.0	-4.0332265	2.3578544	0.76776236	-12.508268	325000	5.875528e-09	0.60509044	-0.016736234	-0.319722	-0.5186213	0.011228201	0.1102	79.0	409.8518750667572	6.305413488241342
65	-10.257163	2.1369278	-6.0122766	-15.543274	50.0	-4.0056486	2.3501456	0.3666595	-12.482364	330000	-8.669495e-09	0.64409345	-0.017165517	-0.3595947	-0.53398865	0.007884868	0.1122	79.0	416.1767590045929	6.305708495053378
66	-9.262745	2.1279376	-6.3104424	-16.298185	50.0	-3.569943	2.1513062	0.63705087	-11.890291	335000	4.816055e-09	0.5657097	-0.018532263	-0.3041445	-0.5501934	0.012105085	0.1682	79.0	422.3953649997711	6.304408468417267
67	-9.879748	2.0835238	-6.3028984	-14.96716	50.0	-4.0018673	2.2843573	1.0703573	-11.955304	340000	-8.672476e-09	0.6704441	-0.019697938	-0.3945481	-0.56399655	0.008311536	0.1146	79.0	428.6249816417694	6.303308578098521
68	-10.008342	2.0117745	-6.6071334	-15.465583	50.0	-3.8866103	2.294596	0.8830083	-12.064198	345000	-9.553134e-09	0.55087036	-0.018404676	-0.28726202	-0.5823002	0.017625924	0.2298	79.0	435.2252929210663	6.307612965072411
69	-9.377929	2.0687673	-5.9215198	-14.85967	50.0	-3.6756883	2.1673388	0.5007712	-11.799708	350000	7.766485e-09	0.46587202	-0.01694506	-0.24997514	-0.5999442	0.012073457	0.1208	79.0	441.939106464386	6.313415830475943
70	-9.520083	2.2721727	-5.71713	-15.792195	50.0	-3.763914	2.2006369	0.5094461	-11.3702965	355000	-9.563938e-09	0.532357	-0.010396226	-0.32370988	-0.6241862	0.014880235	0.169	79.0	448.4742558002472	6.316538840952054
71	-9.672721	2.1686144	-6.314411	-15.181623	50.0	-3.7342	2.204561	0.40411624	-11.757469	360000	-2.3186207e-08	0.4634234	-0.019444825	-0.25819293	-0.6420207	0.013552145	0.1206	79.0	454.62175989151	6.3141911427179975
72	-9.490936	2.2584019	-5.8126016	-15.264571	50.0	-3.610436	2.2908583	0.54685825	-11.760767	365000	-3.004074e-09	0.4631763	-0.019040689	-0.28180373	-0.65873826	0.013627368	0.155	79.0	461.0476632118225	6.315721446520661
73	-9.001517	2.2593594	-5.2959676	-16.13525	50.0	-3.649743	2.0884297	0.08795043	-11.163702	370000	-1.0757893e-08	0.62865794	-0.019372588	-0.38665178	-0.67211974	0.013840742	0.1458	79.0	467.31519412994385	6.315070213498296
74	-9.163867	2.227489	-5.3506055	-14.883067	50.0	-3.482029	2.168174	0.8244303	-11.965063	375000	-2.3335218e-09	0.47413808	-0.018978365	-0.29429603	-0.69117516	0.008663441	0.1216	79.0	473.68541622161865	6.315805575052897
75	-9.081118	2.1059124	-5.6225686	-13.278809	50.0	-3.5385015	2.0887568	0.572121	-10.953679	380000	4.61936e-11	0.4068798	-0.019508459	-0.24333772	-0.7042546	0.010387132	0.119	79.0	480.064013004303	6.316631772016224
76	-8.78277	2.2122898	-5.5810227	-15.733184	50.0	-3.3143668	2.0308087	0.77781296	-11.053587	385000	-3.1231902e-09	0.38054264	-0.018479105	-0.21936247	-0.72342026	0.008969042	0.1346	79.0	486.4585688114166	6.31764376937569
77	-8.559652	1.9469874	-5.4344716	-13.522955	50.0	-3.2522647	2.0074737	0.4878631	-11.6310425	390000	-2.1219253e-09	0.35843676	-0.016229497	-0.19710612	-0.7378233	0.011470364	0.1058	79.0	492.9314250946045	6.319633679512219
78	-8.6609535	2.1007493	-5.503963	-13.678832	50.0	-3.4526632	2.043001	1.372919	-11.373682	395000	7.0810318e-09	0.4271037	-0.018387815	-0.2718799	-0.7526459	0.013122191	0.1336	79.0	499.2534613609314	6.319664092003545
79	-7.952933	1.8891314	-5.3199253	-12.981275	50.0	-3.052088	1.8223878	0.2231058	-10.99149	400000	4.620552e-08	0.29481512	-0.016677577	-0.14972432	-0.7752363	0.007823149	0.1542	79.0	505.38620233535767	6.317327561974525
80	-8.449743	2.3372881	-4.8061604	-14.026846	50.0	-3.1164024	1.9077768	0.9836029	-10.628395	405000	-1.7881393e-09	0.41902694	-0.017835233	-0.26977196	-0.7921911	0.013192829	0.1272	79.0	512.5582535266876	6.327879702603376
81	-8.271101	2.307225	-4.6779685	-13.40596	50.0	-3.176737	1.9971844	0.4741742	-10.759998	410000	-1.2533366e-08	0.29384822	-0.018316302	-0.18055177	-0.80995303	0.0139334565	0.1202	79.0	518.8455216884613	6.327384434095243
82	-8.071324	2.3216126	-4.6754146	-14.556628	50.0	-3.1287642	1.9270018	0.48007244	-10.96088	415000	2.7751923e-08	0.3920427	-0.021054301	-0.25927812	-0.82919306	0.014190463	0.1412	79.0	525.0601768493652	6.32602625008089
83	-7.88284	2.245184	-4.6561694	-14.287872	50.0	-2.789296	1.9073272	0.44445246	-10.95423	420000	1.4606118e-08	0.30089068	-0.016061245	-0.17350927	-0.84495157	0.01769846	0.2078	79.0	531.4215836524963	6.326447447141011
84	-7.5014954	2.0550685	-4.670448	-13.280613	50.0	-2.7550194	1.7879376	1.0538152	-10.562423	425000	-2.0563602e-08	0.2793864	-0.012884054	-0.15441138	-0.87019074	0.012607067	0.1314	79.0	537.7991123199463	6.327048397064209
85	-8.196447	2.1059117	-4.7396927	-13.533731	50.0	-3.0674775	1.88547	0.41375303	-10.644509	430000	-5.1259996e-10	0.22507425	-0.012503945	-0.12458217	-0.89081895	0.013584909	0.2292	79.0	544.2979543209076	6.329046002654142
86	-7.6701355	2.3633041	-3.8591366	-14.678461	50.0	-2.7946453	1.8582	0.61266774	-10.311102	435000	-1.6014278e-08	0.33408964	-0.014834817	-0.22838931	-0.90812224	0.013788964	0.1458	79.0	550.9373052120209	6.332612733731325
87	-7.708849	2.0738652	-4.077405	-13.865954	50.0	-2.8263867	1.8552591	0.86694765	-10.933492	440000	-3.0905007e-09	0.28625083	-0.017747348	-0.16572288	-0.92697155	0.008392652	0.1128	79.0	557.5585675239563	6.335892834446647
88	-7.6908937	2.0106332	-4.097408	-12.718263	50.0	-2.713641	1.7944362	0.2788705	-10.331628	445000	3.1203031e-09	0.27087942	-0.014668197	-0.1450317	-0.945726	0.013640478	0.1546	79.0	563.7450079917908	6.334213602408934
89	-7.5393977	2.1658742	-4.042952	-12.389088	50.0	-2.8558197	1.7903359	0.5033397	-10.516293	450000	-4.321337e-08	0.28698435	-0.01721752	-0.19873895	-0.96400505	0.010872986	0.129	79.0	570.1486637592316	6.334985171424018
90	-6.9549303	2.1491072	-3.7099583	-13.106659	50.0	-2.4815886	1.672315	0.54160047	-10.415225	455000	4.720688e-09	0.20026699	-0.011896024	-0.1153563	-0.9833697	0.019243438	0.213	79.0	576.6023180484772	6.336289227663816
91	-7.241041	2.3403716	-3.3162968	-14.681656	50.0	-2.6029594	1.7638195	0.22718164	-10.2969055	460000	1.180172e-09	0.17863177	-0.016414454	-0.09926495	-0.99585515	0.014523786	0.2032	79.0	583.551691532135	6.3429531921511115
92	-7.1809053	2.2249587	-3.7205136	-13.587119	50.0	-2.4761558	1.74181	0.8304239	-10.748011	465000	-2.0623206e-08	0.21535322	-0.01808742	-0.12353737	-1.0179515	0.015343153	0.1336	79.0	589.8012955188751	6.341949432126937
93	-7.47329	2.3910944	-3.8584542	-13.896049	50.0	-2.649043	1.842061	0.49452725	-11.481333	470000	3.0606984e-08	0.16905642	-0.019821033	-0.093694955	-1.0334219	0.01444166	0.1894	79.0	596.3758735656738	6.344424212232549
94	-7.07879	1.9526771	-3.5938764	-11.685888	50.0	-2.5306306	1.6972069	0.2482137	-9.956741	475000	-8.320808e-09	0.18859464	-0.019164266	-0.12087385	-1.0529827	0.01250988	0.117	79.0	602.8551547527313	6.345843754316631
95	-6.7402935	2.0957778	-3.1311057	-13.204673	50.0	-2.3333325	1.6571716	0.7076771	-10.745722	480000	-2.3376941e-08	0.17102401	-0.0147486385	-0.10679185	-1.0676959	0.01827183	0.209	79.0	609.1358623504639	6.345165255169074
96	-7.058463	2.4754941	-3.2546258	-13.346947	50.0	-2.3622549	1.7626848	1.0286114	-10.275402	485000	-2.8769671e-08	0.1982248	-0.0185507	-0.12527849	-1.0878896	0.012298415	0.1382	79.0	615.515073299408	6.345516239244914
97	-6.7407365	2.1725261	-3.2291682	-13.11474	50.0	-2.3738093	1.6170623	0.16595715	-10.209933	490000	-1.7333031e-08	0.1619972	-0.010394573	-0.10253713	-1.1045005	0.01726136	0.2426	79.0	621.780341386795	6.344697378119644
98	-6.6898804	2.215425	-3.4531825	-12.922177	50.0	-2.2654831	1.646716	0.6213333	-10.687975	495000	-1.5032292e-08	0.1921705	-0.015206043	-0.1211611	-1.1301787	0.025992362	0.2696	79.0	628.2864716053009	6.3463280128710196
99	-7.120983	2.4155912	-3.4970596	-12.251807	50.0	-2.3550723	1.8119876	0.22594023	-10.771432	500000	5.4478644e-09	0.11188918	-0.013385885	-0.070862174	-1.1515343	0.014431798	0.2004	79.0	634.5105991363525	6.345106010437012
100	-6.5940466	2.2082748	-3.583818	-13.225082	50.0	-2.1700485	1.6199268	1.594535	-10.328146	505000	1.2914836e-08	0.21407798	-0.012804536	-0.15206847	-1.1681675	0.02683924	0.2844	79.0	640.9716701507568	6.346254176432543
101	-6.7459245	2.1540344	-3.1153111	-12.638685	50.0	-2.3219929	1.7170768	0.34365284	-10.857343	510000	2.9122829e-08	0.18794829	-0.017795416	-0.1401361	-1.1806324	0.015017538	0.1632	79.0	647.2581157684326	6.345667815675922
102	-6.6002703	1.7750752	-3.4634721	-12.500387	50.0	-2.1118093	1.5472246	1.1253349	-10.46009	515000	3.3019482e-08	0.21312028	-0.017608983	-0.16492292	-1.199015	0.013464686	0.1468	79.0	653.9431295394897	6.348962438916697
103	-7.066939	2.1601226	-3.2886844	-12.759257	50.0	-2.4700546	1.6648159	0.36901098	-9.759234	520000	3.995001e-09	0.15121044	-0.01754607	-0.097636364	-1.2127839	0.013290648	0.155	79.0	660.4076554775238	6.350073630993183
104	-6.6871886	2.2399883	-3.0728562	-13.180648	50.0	-2.3082902	1.6175723	0.17921153	-10.568867	525000	8.404255e-09	0.15419775	-0.017248556	-0.096186325	-1.2218128	0.01157322	0.117	79.0	666.5787720680237	6.3483692759559265
105	-6.5747313	2.1294534	-3.0275939	-12.746498	50.0	-2.2235117	1.662654	0.6185299	-10.457069	530000	-2.6212632e-08	0.13633819	-0.011347553	-0.092001244	-1.2383949	0.018406475	0.2114	79.0	672.571001291275	6.345009464137959
106	-6.718358	2.172422	-2.9190726	-12.386714	50.0	-2.124412	1.6649938	0.99752665	-10.100563	535000	-2.0849704e-08	0.11931543	-0.014439823	-0.08163802	-1.2532703	0.017248284	0.213	79.0	678.8552963733673	6.344442044463113
107	-6.5770807	2.0132508	-2.5380666	-11.075481	50.0	-2.211294	1.565618	0.39647177	-9.443659	540000	-1.0895729e-08	0.12594417	-0.018309917	-0.07321304	-1.2791151	0.023420878	0.2334	79.0	684.7756519317627	6.340515313325105
108	-6.7334676	2.4134629	-2.7501829	-13.29438	50.0	-2.2972407	1.6982344	0.45260212	-9.936121	545000	-1.1396408e-08	0.12542276	-0.013735913	-0.070696734	-1.2906246	0.012637183	0.2072	79.0	691.4782111644745	6.343836817172689
109	-6.4947925	2.10192	-2.486033	-12.237355	50.0	-2.113456	1.6103307	0.26397803	-10.242706	550000	2.0694733e-08	0.09522403	-0.014782633	-0.0534115	-1.3104457	0.017105613	0.1874	79.0	697.645658493042	6.342233274199746
110	-6.4290724	2.289201	-2.4665272	-13.163869	50.0	-2.1472585	1.6560726	0.3286827	-9.980207	555000	3.7753583e-08	0.09247679	-0.0115074655	-0.06510859	-1.3300179	0.016600445	0.2438	79.0	704.1026515960693	6.3432671529752716
111	-6.1176543	2.2416923	-2.5327265	-11.6614895	50.0	-1.869357	1.6154993	1.2243129	-10.364145	560000	-9.715557e-09	0.083564304	-0.010639913	-0.05851554	-1.3484652	0.020995919	0.2364	79.0	710.5129833221436	6.3438659374203
112	-6.488611	2.531789	-2.5313454	-13.144254	50.0	-2.1654437	1.6679299	0.2484219	-9.889101	565000	-1.7607212e-08	0.10165465	-0.01960362	-0.071202695	-1.3562957	0.018520778	0.1762	79.0	716.5911176204681	6.341514332104573
113	-6.1549373	2.3033772	-2.0646336	-11.694439	50.0	-1.941532	1.6162391	0.62609935	-10.457627	570000	1.5407801e-08	0.0777915	-0.014656829	-0.05323229	-1.3792403	0.020082943	0.229	79.0	722.9044058322906	6.341266740832412
114	-6.1389065	2.4719243	-2.0887384	-12.364901	50.0	-1.9641514	1.6170782	0.56714374	-9.809365	575000	1.7383694e-08	0.09186982	-0.018204717	-0.064640775	-1.4007105	0.018404374	0.242	79.0	729.687659740448	6.345110101285188
115	-6.1050167	2.2278337	-2.0907354	-12.126413	50.0	-1.9032903	1.5690749	0.41913784	-9.397826	580000	-7.623434e-09	0.08888314	-0.013617033	-0.06260552	-1.4263109	0.015001358	0.1922	79.0	735.968560218811	6.344556572108433
116	-6.680012	2.367849	-2.4539735	-13.600527	50.0	-2.0318377	1.7247001	0.6907411	-10.195174	585000	-1.0240078e-08	0.1076485	-0.013103664	-0.086181104	-1.4332241	0.021209376	0.2336	79.0	742.5258691310883	6.346374968178252
117	-6.0976863	2.3209803	-2.0897083	-11.982363	50.0	-1.9353937	1.5961525	0.9459427	-9.825876	590000	1.9431114e-09	0.1267433	-0.016201675	-0.0824495	-1.4384689	0.013255999	0.1768	79.0	748.8661777973175	6.346323556819205
118	-5.776688	2.401806	-1.8524466	-12.428388	50.0	-1.8218333	1.5489665	0.26486844	-9.996914	595000	-8.225441e-09	0.077160604	-0.0133054955	-0.049551543	-1.4629219	0.023967434	0.2476	79.0	755.3272113800049	6.347287506616416
119	-5.9849553	2.4649193	-1.899418	-12.304015	50.0	-1.8448707	1.5942843	0.2007442	-10.176942	600000	2.5498867e-08	0.24060859	-0.017531617	-0.20160528	-1.4821774	0.012608615	0.1314	79.0	761.7993586063385	6.348328002293905
120	-6.4325075	2.454873	-1.7015101	-13.428366	50.0	-1.955779	1.75924	0.52390605	-10.187179	605000	-2.6404858e-09	0.09337107	-0.0027121692	-0.06559099	-1.4957056	0.027580142	0.3032	79.0	768.154806137085	6.348386845312828
121	-5.733028	2.2628431	-2.135792	-12.224664	50.0	-1.7217329	1.5638677	0.6919311	-10.7127905	610000	-1.4972686e-08	0.15901239	-0.013591428	-0.09950355	-1.5092906	0.01948292	0.2658	79.0	774.6183536052704	6.349330780936069
122	-5.69235	2.1344476	-1.9487603	-11.040818	50.0	-1.6788597	1.5240798	0.7269861	-9.840201	615000	3.9917232e-08	0.103513904	-0.019251171	-0.07912275	-1.5300031	0.011405854	0.1306	79.0	780.7384696006775	6.347467244156008
123	-6.3213286	2.6768804	-1.8775579	-15.124409	50.0	-1.9314537	1.682154	0.9175265	-9.6163845	620000	-2.2494794e-08	0.09199855	-0.012094323	-0.07090478	-1.5405924	0.029800672	0.2952	79.0	787.0055358409882	6.346818852809168
124	-6.434553	2.2899783	-2.1425145	-12.462897	50.0	-1.8809114	1.6370075	0.35911718	-10.206297	625000	-2.9754638e-08	0.13845208	-0.016986063	-0.09825128	-1.549832	0.012223315	0.1948	79.0	793.4112679958344	6.347290157318115
125	-5.9245753	1.9297539	-1.604007	-11.480827	50.0	-1.7809013	1.4843472	0.99858093	-9.765748	630000	-1.1208654e-08	0.06443905	-0.011542776	-0.045003332	-1.5648646	0.017119868	0.1906	79.0	800.0037376880646	6.349236028535025
126	-6.3016663	2.2663064	-2.1105022	-12.005088	50.0	-1.844525	1.6668485	1.5695363	-9.699736	635000	-2.2661686e-08	0.07950083	-0.015855199	-0.06244895	-1.5912024	0.013908487	0.1288	79.0	806.5218737125397	6.350565947885588
127	-5.5378094	2.1038136	-1.6871437	-11.5515785	50.0	-1.6832637	1.4571307	0.37649354	-9.953107	640000	-3.398657e-08	0.05763566	-0.017876366	-0.041231066	-1.6027997	0.01942354	0.2242	79.0	813.0025398731232	6.351582357659936
128	-5.6654162	2.1209812	-2.0844264	-11.443265	50.0	-1.6558752	1.4766276	0.31726718	-9.369554	645000	-6.045103e-08	0.05749835	-0.015964715	-0.039707817	-1.6227291	0.017988972	0.174	79.0	819.1079685688019	6.349674189737601
129	-6.0016255	2.3029163	-1.9532478	-11.283955	50.0	-1.8371127	1.5557851	0.33678153	-9.505914	650000	4.748404e-08	0.064225644	-0.013192656	-0.04906727	-1.6287272	0.02170158	0.2948	79.0	825.2976682186127	6.348443614519559
130	-5.661697	2.311583	-1.8279219	-11.485381	50.0	-1.6564841	1.552627	0.53098416	-9.815108	655000	-1.9775332e-08	0.051465344	-0.016524471	-0.03542942	-1.6568851	0.014817548	0.1516	79.0	831.6781208515167	6.348687958171349
131	-5.504198	2.2456264	-1.7483212	-12.308994	50.0	-1.6476071	1.4494488	0.24775502	-8.913657	660000	2.142191e-08	0.05781762	-0.016022598	-0.04190276	-1.6796383	0.010353674	0.1186	79.0	838.070901632309	6.349021994706356
132	-5.381453	2.3986506	-1.7068077	-11.951885	50.0	-1.5282294	1.4871854	0.45945477	-10.332091	665000	-1.9465388e-08	0.05136568	-0.0058839126	-0.03981779	-1.7023323	0.018866988	0.272	79.0	844.3877687454224	6.348780226886721
133	-5.6886144	2.0441768	-1.7198659	-10.207702	50.0	-1.6048112	1.4673634	1.5729835	-8.57082	670000	-6.888155e-09	0.0418208	0.07779383	-0.028893802	-1.7186873	0.17584537	0.6702	75.0	850.573755979538	6.347565357364825
134	-5.5659547	2.3432786	-1.9504495	-12.318213	50.0	-1.578966	1.4329387	0.32274282	-9.05163	675000	5.710125e-09	0.09388733	-0.016204841	-0.081659354	-1.7327523	0.019514624	0.2152	79.0	856.9910197257996	6.348081638194897
135	-5.8113427	2.0132046	-1.8570219	-11.07948	50.0	-1.7474039	1.5356407	0.6107949	-10.053478	680000	3.6005677e-08	0.075771876	0.035727665	-0.057405375	-1.7402705	0.1650986	0.5916	62.0	862.9318978786469	6.345087498426437
136	-5.6475024	2.339521	-1.6511533	-11.527191	50.0	-1.6249299	1.5618777	0.34152812	-9.472754	685000	-9.1195105e-09	0.045019917	0.10814656	-0.035475723	-1.7498204	0.27201527	0.7342	1.0	867.171567440033	6.329719484287457
137	-5.6132317	2.3714604	-1.5898454	-12.017077	50.0	-1.5713054	1.4737072	0.4551487	-8.656683	690000	-4.3383242e-08	0.10943944	0.108574376	-0.09305877	-1.749908	0.22506921	0.7208	1.0	871.6070077419281	6.315992828728496
138	-6.461674	2.4648314	-1.6438231	-10.947571	50.0	-1.8097236	1.6567671	0.56770915	-9.74504	695000	5.210936e-08	0.21978626	0.018783176	-0.18325578	-1.7500037	0.06713643	0.4396	79.0	878.0808749198914	6.31712860683743
139	-5.9269133	2.0014951	-1.6297606	-11.35775	50.0	-1.8211012	1.5704205	0.18951793	-9.81554	700000	2.4524331e-08	0.050045382	-0.009809896	-0.033739746	-1.7560736	0.02015563	0.2888	79.0	884.4336493015289	6.317383221217564
140	-5.861897	2.522774	-1.326452	-11.618532	50.0	-1.815835	1.5966222	0.853135	-9.406037	705000	-7.4088575e-09	0.08461149	0.0840081	-0.05555757	-1.7716367	0.26620272	0.6812	24.0	889.2565059661865	6.306783748856673
141	-5.645794	2.4413128	-1.3866135	-12.222905	50.0	-1.8412278	1.6425302	0.77035695	-9.329026	710000	1.9168853e-08	0.25851873	0.08494637	-0.23726472	-1.7728734	0.24591313	0.6624	1.0	893.6945283412933	6.2936234524552255
142	-5.5519586	2.50129	-1.7117926	-11.321761	50.0	-1.6722951	1.60892	0.5142154	-9.37476	715000	-2.7918816e-08	0.1112693	0.09262588	-0.09876835	-1.7728739	0.18577603	0.6534	1.0	897.811416387558	6.278401528205071
143	-5.9878635	2.5499213	-1.8681773	-11.596316	50.0	-1.7017351	1.6241921	0.5271746	-9.4392395	720000	-1.1221646e-08	0.088324524	-0.007099596	-0.07593708	-1.7729149	0.028007083	0.2884	79.0	904.4112515449524	6.280633706185553
144	-5.7860565	2.346695	-1.8088953	-11.376981	50.0	-1.6894965	1.5589002	0.54550993	-9.344893	725000	3.1369925e-08	0.053962726	-0.010780926	-0.03968995	-1.7774781	0.013275818	0.1482	79.0	910.712290763855	6.280774433859463
145	-6.1082854	2.228332	-1.9788727	-10.641672	50.0	-1.8349594	1.6204811	0.37465286	-9.13054	730000	4.9847365e-08	0.047792155	-0.018823514	-0.03571242	-1.7885258	0.020992259	0.2122	79.0	917.0017366409302	6.280833824040139
146	-5.7602844	2.3218226	-1.7358053	-11.349015	50.0	-1.6894222	1.5919334	0.22945136	-9.316121	735000	9.953975e-09	0.04796415	-0.008338937	-0.033667713	-1.7991457	0.028342197	0.3212	79.0	923.4881777763367	6.282232511611212
147	-5.9296546	2.1369953	-1.924308	-11.634867	50.0	-1.6215887	1.5849576	0.7450267	-9.851629	740000	3.0502676e-08	0.0788066	-0.006913259	-0.061434105	-1.8095725	0.029828079	0.299	79.0	930.007506608963	6.283834515391169
148	-5.7838216	2.391963	-1.9689956	-11.847326	50.0	-1.6662344	1.5399806	1.1944251	-9.515548	745000	1.1473894e-08	0.12671627	-0.020522224	-0.105751045	-1.8080459	0.017244026	0.18	79.0	936.1337313652039	6.282776736573085
149	-5.8212023	2.121931	-1.8984385	-11.124695	50.0	-1.6979191	1.5347992	0.40576708	-9.1931715	750000	2.56598e-08	0.048408926	0.0722617	-0.036577467	-1.8202094	0.1522445	0.6368	12.0	940.5782794952393	6.2705218744277955
150	-6.014063	2.398563	-2.197072	-12.215755	50.0	-1.6003307	1.584038	0.50550514	-9.304675	755000	-4.4624507e-08	0.14914162	0.08967306	-0.12024805	-1.8232756	0.16888626	0.657	1.0	944.5666830539703	6.255408508098678
151	-6.198782	2.1956418	-2.0936837	-12.699144	50.0	-1.7523115	1.5334986	1.7756556	-9.608792	760000	-5.15759e-08	0.16988195	0.0742842	-0.13232934	-1.8235778	0.2007479	0.6836	6.0	948.9016218185425	6.242773841870458
152	-6.2903686	2.2616203	-2.9821823	-14.660967	50.0	-1.8986992	1.572955	0.449734	-9.889746	765000	5.3715706e-08	0.15751028	0.054041445	-0.109565124	-1.8247232	0.15133597	0.5974	2.0	953.0982446670532	6.229400302849564
153	-6.1163898	2.0567052	-2.4749758	-11.93641	50.0	-1.9340703	1.5326788	0.808094	-10.581109	770000	-5.841255e-10	0.11829457	0.13387439	-0.088449925	-1.8249326	0.28362206	0.754	1.0	957.3379642963409	6.216480300023958
154	-5.419568	2.3367128	-1.7672882	-11.43747	50.0	-1.7798213	1.4359035	0.4018062	-10.028769	775000	1.9741059e-08	0.13278513	0.12105769	-0.1176098	-1.8250481	0.29113007	0.7526	1.0	961.4413311481476	6.202847308497275
155	-5.4854875	2.338397	-1.4411721	-12.17383	50.0	-1.6272904	1.4494634	0.034016263	-9.537904	780000	2.2442546e-08	0.10411213	0.10598164	-0.08910021	-1.8251711	0.22958763	0.7376	1.0	965.7390155792236	6.190634735119649
156	-5.757518	2.3813655	-1.8047367	-12.520799	50.0	-1.703393	1.5180788	0.25531802	-9.699681	785000	3.5601854e-08	0.101997316	0.0068672514	-0.08335878	-1.8253192	0.043500453	0.3964	79.0	972.1780502796173	6.192216895947791
157	-5.616206	2.2564101	-1.6949003	-10.741038	50.0	-1.7135545	1.5075877	0.19588614	-10.185094	790000	2.8770417e-08	0.06725782	-0.012491046	-0.05193569	-1.8358454	0.0086825155	0.1316	79.0	979.2464745044708	6.197762507426588
158	-5.9123693	2.1559713	-1.6953334	-9.888723	50.0	-1.8116101	1.5919019	0.2992199	-8.4451685	795000	3.4689904e-09	0.06207887	-0.0096022	-0.04517999	-1.8558196	0.025820212	0.2736	79.0	985.4182813167572	6.197599267059902
159	-5.97301	2.2288377	-1.6661183	-12.512638	50.0	-1.7524514	1.630283	0.417288	-8.565914	800000	9.936095e-09	0.047235265	-0.0072420514	-0.03108523	-1.8743205	0.027257502	0.3064	79.0	991.6631464958191	6.197894681990147
160	-6.221434	2.6008244	-1.4902644	-13.864344	50.0	-1.8532566	1.6787308	0.5100674	-9.197655	805000	2.592653e-08	0.17979315	-0.013736197	-0.14839883	-1.8917404	0.016936382	0.1668	79.0	997.8099718093872	6.197577477982326
161	-5.909442	2.2562509	-1.3274158	-10.735123	50.0	-1.7537336	1.6263555	0.3799417	-9.464433	810000	-3.889799e-08	0.06519435	-0.01626699	-0.05176554	-1.9035852	0.018856714	0.2262	79.0	1003.9613027572632	6.197292002630823
162	-5.353361	2.4369664	-1.5186628	-11.484031	50.0	-1.580731	1.5089641	0.19451511	-9.370239	815000	-2.0474196e-09	0.031787176	0.0855659	-0.02087197	-1.9279232	0.15119363	0.6382	22.0	1008.7685568332672	6.188764165515549
163	-5.5229683	2.3702161	-1.4555151	-11.197058	50.0	-1.6126477	1.5088822	0.5837711	-9.271315	820000	-4.2277573e-08	0.047292363	0.094947815	-0.0381741	-1.9342886	0.18200289	0.6396	1.0	1013.3130011558533	6.178737822102337
164	-6.137392	2.2518427	-1.8746054	-12.320159	50.0	-1.8555133	1.5630217	0.4587396	-9.072541	825000	-4.3070315e-08	0.1082083	0.07896864	-0.094423026	-1.9345201	0.16668029	0.6666	1.0	1017.6532113552094	6.167595231894291
165	-6.252391	2.3506417	-2.0163128	-11.908474	50.0	-1.858436	1.7053573	0.5043416	-9.357343	830000	-2.3926049e-08	0.11604424	0.090060376	-0.10233993	-1.9347233	0.18250743	0.7192	1.0	1021.8717131614685	6.155853705233838
166	-6.8116055	2.6201675	-1.9353831	-13.328246	50.0	-2.0927474	1.9203072	1.2493955	-9.774976	835000	-7.0512294e-09	0.17787004	0.091182664	-0.15893897	-1.9349357	0.15655158	0.6852	1.0	1026.0270614624023	6.143874628101281
167	-6.515939	2.5143042	-2.381291	-12.734966	50.0	-1.9677753	1.8638694	0.45061392	-10.770662	840000	8.296967e-09	0.110679895	0.099263266	-0.095461346	-1.9350934	0.21445854	0.6732	7.0	1030.2558951377869	6.1324755776496165
168	-6.4444084	2.671179	-2.0520847	-12.440398	50.0	-1.9643129	1.8797868	0.72719115	-9.844835	845000	2.1472573e-09	0.10564029	0.080579005	-0.087752104	-1.935118	0.16333476	0.6522	1.0	1034.5642206668854	6.1216817889693225
169	-6.3190985	2.866482	-1.8392055	-12.880396	50.0	-2.0524886	1.8995872	0.7128828	-10.325605	850000	1.05763974e-07	0.11658591	0.09327642	-0.09704357	-1.9350555	0.16266786	0.673	9.0	1039.0467538833618	6.112039739945356
170	-6.80054	2.8066077	-2.4060607	-13.321175	50.0	-2.0892174	1.9099828	0.7643084	-10.940465	855000	2.4750829e-08	0.16024385	0.09654354	-0.13025667	-1.9341649	0.24392368	0.6796	2.0	1043.602194070816	6.102936817191497
171	-6.120595	2.9264596	-2.0376806	-13.305084	50.0	-2.2618148	1.7784122	0.15163144	-10.7262	860000	9.596348e-09	0.17385234	0.18780276	-0.15467705	-1.9340789	0.69782823	0.8146	1.0	1047.8602230548859	6.092210611631704
172	-6.5641966	2.8582463	-1.71779	-13.794239	50.0	-2.2360072	1.814477	0.026448587	-11.025501	865000	-1.4485978e-08	0.17799985	0.19967265	-0.15782288	-1.9340508	0.4187014	0.7714	1.0	1052.0746188163757	6.0813561905326186
173	-6.2145667	2.7670832	-1.7828287	-13.943485	50.0	-2.0061321	1.7313505	0.05529461	-11.055587	870000	-5.0491096e-08	0.14332168	0.10310856	-0.12849864	-1.9340523	0.15764527	0.6734	1.0	1056.3896715641022	6.0712050185806445
174	-6.9366164	2.9416466	-2.0701604	-14.230619	50.0	-2.449732	1.9541706	0.029970823	-10.804484	875000	5.275011e-10	0.08066656	0.06799367	-0.059294067	-1.9340725	0.16599575	0.6904	2.0	1060.889366865158	6.062224963051932
175	-6.9806733	2.6988876	-2.3276088	-14.75636	50.0	-2.2352507	2.2058542	0.7350641	-11.293098	880000	2.4321675e-08	0.12890893	0.13044354	-0.11253211	-1.9342442	0.29136798	0.7806	1.0	1065.228102684021	6.052432411096313
176	-6.7553267	2.7697685	-1.9934828	-13.176469	50.0	-2.1392446	2.1055753	0.7272229	-11.197776	885000	-1.3075024e-08	0.19245991	0.16593303	-0.1764104	-1.9343418	0.4589473	0.8134	1.0	1069.265436410904	6.0410476795024115
177	-6.3892927	2.9498763	-2.1164784	-12.3015995	50.0	-1.864993	1.9073431	0.8637062	-10.318864	890000	-1.9803643e-08	0.17098476	0.17857096	-0.15515089	-1.934459	0.4165723	0.7976	1.0	1073.6149549484253	6.031544701436932
178	-6.8198185	2.8978527	-2.3958263	-13.425404	50.0	-2.0131798	1.912404	0.55091554	-10.634232	895000	4.6980382e-08	0.30705464	0.10735028	-0.28220394	-1.9345695	0.26949692	0.7358	1.0	1078.0289957523346	6.022508365481926
179	-6.76852	2.5950577	-2.7234693	-14.202215	50.0	-2.0664954	1.8158284	0.6486477	-11.510194	900000	-2.2059679e-08	0.20883782	0.0788825	-0.18061821	-1.9346743	0.18428813	0.6402	1.0	1082.2404363155365	6.012446881665124
180	-6.719445	2.5133557	-3.264212	-14.322841	50.0	-2.1350155	1.8183242	0.66113365	-11.598766	905000	-6.312132e-08	0.17989849	0.1335961	-0.14838235	-1.9347838	0.24871317	0.7348	9.0	1087.0667984485626	6.005893924618294
181	-7.790701	2.3615806	-4.1572037	-13.184022	50.0	-2.4439383	1.8776017	0.5135037	-11.279545	910000	-7.140189e-08	0.239439	0.12579778	-0.20224842	-1.9348552	0.28533313	0.7408	1.0	1091.2877960205078	5.996086801801409
182	-7.849433	2.264918	-4.6202893	-14.497804	50.0	-2.5303268	1.8568949	0.62681735	-10.715943	915000	-3.5154446e-08	0.35970742	0.078284636	-0.29590675	-1.9347566	0.23458052	0.6948	2.0	1095.434939622879	5.985983285747591
183	-7.3059754	2.2579322	-4.2652683	-14.699886	50.0	-2.7792444	1.8719025	0.18302168	-11.746189	920000	1.2671947e-08	0.21493587	0.12905677	-0.18036252	-1.9346617	0.34887874	0.7186	1.0	1099.5736813545227	5.975943933362546
184	-6.5968184	2.392977	-3.3262737	-13.654093	50.0	-2.561238	1.6801157	0.38585562	-11.546039	925000	2.7728081e-08	0.24085294	0.13057332	-0.21655527	-1.9346465	0.34632102	0.7306	1.0	1103.7548835277557	5.966242622684788
185	-6.4309173	2.7068117	-2.5690374	-13.250111	50.0	-2.345669	1.5576288	0.47291002	-11.037133	930000	1.3458728e-08	0.3722233	0.1363005	-0.33833322	-1.9346309	0.3573459	0.7378	1.0	1108.1940279006958	5.95803241960464
186	-6.111396	2.3785973	-2.280653	-12.678666	50.0	-2.1844866	1.5926497	0.20809677	-10.770125	935000	1.4531612e-08	0.20124044	0.11431488	-0.1824302	-1.9346532	0.287015	0.7222	1.0	1112.3233301639557	5.9482531165056685
187	-5.302278	2.4382052	-1.8490988	-12.194828	50.0	-1.7149028	1.4467913	-0.0015491582	-10.492161	940000	4.8008562e-08	0.1420574	0.12888466	-0.1278397	-1.9346547	0.25270802	0.7406	1.0	1116.6092343330383	5.939410829797704
188	-5.6578355	2.6147735	-1.8183234	-13.815003	50.0	-1.6995584	1.5671421	0.31086066	-9.555714	945000	-4.8160555e-08	0.1477126	0.09311538	-0.12370155	-1.9346771	0.23391038	0.7022	1.0	1120.7286596298218	5.929781275451498
189	-5.3012767	2.3443685	-1.8215202	-11.929402	50.0	-1.5752544	1.5118716	0.3404044	-10.323218	950000	-4.4620037e-08	0.13698964	0.08493431	-0.11893383	-1.9347074	0.16945621	0.6794	1.0	1124.9001579284668	5.920527159540277
190	-5.581953	2.132144	-1.6978949	-10.66318	50.0	-1.5284603	1.499594	0.9553404	-9.372993	955000	3.9738417e-08	0.08351211	0.07756928	-0.06736931	-1.9347701	0.15620609	0.679	8.0	1129.4496231079102	5.913348822069418
191	-5.862852	2.1844966	-1.842976	-10.602542	50.0	-1.6007434	1.5572803	0.8105811	-8.859555	960000	9.691715e-09	0.09717592	0.09139493	-0.07726533	-1.9340906	0.19315882	0.6814	1.0	1133.5378141403198	5.903842793156703
192	-6.3111773	1.9892398	-2.2806463	-12.956536	50.0	-1.7818915	1.5063525	0.2173977	-8.47202	965000	5.795881e-08	0.10769115	0.07775633	-0.08183955	-1.933916	0.18615125	0.6598	10.0	1138.0108828544617	5.896429454724406
193	-5.571015	2.4948664	-1.9290596	-12.240163	50.0	-1.7847769	1.602175	0.74659455	-10.05912	970000	-2.269745e-08	0.08525956	0.13523135	-0.068363644	-1.9321464	0.24860686	0.7204	1.0	1142.0081560611725	5.886639988299498
194	-5.0971456	2.1862926	-1.5192361	-10.994589	50.0	-1.5957588	1.4345171	0.50701755	-9.405707	975000	2.7668476e-08	0.09006886	0.12673323	-0.07567563	-1.9320256	0.22112426	0.735	1.0	1146.3705458641052	5.878823323127551
195	-5.758691	2.4266393	-1.7884601	-11.440627	50.0	-1.6244258	1.5727007	0.3343538	-9.2277775	980000	8.410216e-09	0.05630202	-0.0035031678	-0.04406333	-1.9319475	0.027930668	0.334	79.0	1152.7286813259125	5.881268792006434
196	-5.8751125	2.4201958	-1.6380591	-11.489565	50.0	-1.695133	1.6160686	0.4816702	-9.536465	985000	-4.7564505e-08	0.045175437	-0.012635946	-0.032850746	-1.9435664	0.014940677	0.2208	79.0	1159.0476942062378	5.883490842005928
197	-5.965493	2.1966202	-2.1064596	-11.266693	50.0	-1.7232307	1.5868733	0.31568927	-8.987489	990000	5.9404968e-08	0.037236985	0.0022515347	-0.026639618	-1.9468473	0.031791247	0.3446	79.0	1165.4949328899384	5.886338053327618
198	-5.7005286	2.276134	-1.600143	-11.1787195	50.0	-1.5703762	1.5515897	0.5598872	-9.5128355	995000	3.890246e-08	0.062989615	0.092151046	-0.048172712	-1.9677813	0.19073932	0.7272	1.0	1169.5855939388275	5.8773145519908345
199	-5.791164	2.5611744	-1.8403147	-12.416596	50.0	-1.534738	1.6070156	1.5836605	-10.063299	1000000	5.0514938e-08	0.14984794	0.09669361	-0.13653882	-1.9678968	0.18403596	0.7038	1.0	1173.5533459186554	5.867766737937927
