Epoch	AverageEpRet	StdEpRet	MaxEpRet	MinEpRet	EpLen	AverageVVals	StdVVals	MaxVVals	MinVVals	Time Steps	LossPi	LossV	DeltaLossPi	DeltaLossV	Entropy	KL	ClipFrac	StopIter	Time	AVG Time Per Epoch
0	2.6253412	5.6865973	22.462942	-7.9227033	22.186666	-0.06017026	0.21067473	0.45213813	-0.579975	5000	-4.813075e-10	17.439785	-0.07395866	-6.1362734	0.9189437	0.03725649	0.3998	79.0	7.263520240783691	7.263522148132324
1	7.948956	9.375993	53.08873	-7.861188	29.394117	0.5243708	2.582232	10.538098	-11.015625	10000	2.4139881e-08	43.203964	-0.07572669	-13.651787	0.90772504	0.031947374	0.3884	79.0	14.645095109939575	7.3225483894348145
2	10.463342	12.999064	88.142746	-13.606071	32.980133	2.6783707	4.6929975	19.475264	-22.730612	15000	8.195639e-09	78.02804	-0.074748345	-23.865482	0.8929639	0.0404904	0.3994	79.0	22.04436469078064	7.3481223583221436
3	19.916777	25.312952	201.45172	-3.3837202	48.300972	4.151668	8.373935	38.426426	-28.025923	20000	9.207428e-09	225.84987	-0.077281	-88.569214	0.8768761	0.044564195	0.3888	79.0	28.93680453300476	7.234201610088348
4	34.109818	36.467304	223.7256	-6.798399	63.871796	10.739347	13.481597	63.36987	-51.501904	25000	2.257824e-08	366.16693	-0.08049152	-129.39284	0.8693625	0.028226163	0.396	79.0	36.03391408920288	7.206783199310303
5	44.14219	36.64471	262.3408	2.294322	78.53968	13.480583	15.46843	71.771545	-38.18036	30000	1.2516975e-09	278.63306	-0.07956147	-106.65762	0.85432017	0.02789025	0.3732	79.0	42.85699248313904	7.142832398414612
6	93.688034	96.69977	338.92218	5.0957556	109.08889	24.704529	24.099459	80.74202	-30.322886	35000	3.8987398e-08	1414.1952	-0.08122256	-759.2473	0.8447845	0.026040252	0.3738	79.0	49.82127642631531	7.117325408118112
7	133.15799	106.33959	369.73212	1.6242898	148.06061	45.156975	35.074112	106.036156	-26.174976	40000	3.3527612e-09	1016.9107	-0.08073582	-412.04468	0.8367092	0.023403464	0.3678	79.0	56.615149974823	7.076893985271454
8	116.66538	114.98916	446.55054	-0.9042188	133.02702	45.487778	35.72133	114.669426	-32.019917	45000	4.7802926e-09	1003.2664	-0.08209008	-400.69525	0.82779074	0.027370026	0.3826	79.0	63.631683588027954	7.070187356736925
9	174.77544	139.57973	498.5289	23.444197	198.16	46.219025	33.978325	123.47996	-20.805674	50000	2.7179718e-09	1259.065	-0.08358602	-488.13306	0.81406593	0.02648367	0.3994	79.0	70.7562644481659	7.07562665939331
10	209.05873	139.30025	553.7824	40.95453	184.0	65.896515	36.002052	134.09569	-23.32633	55000	-4.8146584e-09	1095.6849	-0.08313213	-524.8714	0.80493814	0.022930648	0.375	79.0	77.95079755783081	7.086436315016313
11	214.66269	120.223076	471.53256	20.982307	211.21739	65.12631	40.89792	135.27795	-29.110752	60000	1.1882931e-08	860.6288	-0.083387405	-373.03027	0.79654676	0.022252137	0.3942	79.0	85.0292980670929	7.085775017738342
12	256.53406	129.08052	580.7421	46.703247	219.72728	70.55084	36.709	134.98085	-12.699245	65000	-7.2002413e-09	772.6743	-0.084454544	-304.49326	0.78365177	0.031173768	0.3906	79.0	92.21049427986145	7.093115072983962
13	306.56378	185.91008	559.0207	51.97405	289.5625	67.578285	37.14311	134.79436	-34.400684	70000	-8.106232e-10	1096.024	-0.08401967	-610.4667	0.77400106	0.023827286	0.39	79.0	99.40627861022949	7.100448642458234
14	344.602	170.05801	727.5554	73.97623	274.3889	82.9193	34.170853	146.10114	-30.431446	75000	2.2113322e-09	1003.6079	-0.085285574	-516.07166	0.76352495	0.030899365	0.4026	79.0	106.33059811592102	7.088706652323405
15	324.2291	131.74623	538.6432	86.1042	256.05264	91.8609	37.002777	146.76314	-25.028452	80000	1.2676418e-08	715.40594	-0.08214181	-259.40814	0.7528203	0.021032877	0.3928	79.0	113.5369246006012	7.096057906746864
16	314.9321	131.07741	642.6249	62.18358	257.6842	84.45931	41.779034	148.83954	-24.270971	85000	2.5987624e-08	723.05566	-0.08433505	-288.07108	0.7427137	0.019166607	0.4032	79.0	120.54474401473999	7.0908673791324395
17	305.7938	154.21457	678.4679	30.845335	225.5238	95.24146	38.63014	153.60866	-17.044966	90000	7.894635e-09	616.1897	-0.08655077	-280.09393	0.7372799	0.028907198	0.4216	79.0	127.56707096099854	7.087059603797065
18	315.51752	137.04034	523.64557	43.85542	232.33333	90.16001	43.44582	145.01308	-19.259695	95000	2.1150708e-08	476.15366	-0.0794044	-211.35925	0.72585595	0.024458524	0.4082	79.0	134.51595544815063	7.079787229236803
19	393.7505	133.94838	726.2736	193.5913	272.22223	92.70465	38.236626	146.04854	-9.976648	100000	5.6400897e-09	779.21265	-0.08217407	-465.42322	0.71584445	0.0326238	0.3988	79.0	141.93351125717163	7.096675646305084
20	320.84787	126.04417	726.19965	68.18976	214.60869	103.19024	35.386295	154.40878	-8.876923	105000	-8.2850455e-09	617.1987	-0.08928055	-306.18848	0.70403725	0.025926154	0.415	79.0	149.0152187347412	7.095962865012033
21	332.35416	104.98761	650.35846	57.40316	207.75	101.642914	36.107594	154.79271	-10.458437	110000	-1.0430813e-10	421.9096	-0.086233124	-217.91095	0.6983237	0.03470383	0.423	79.0	156.10803484916687	7.095819874243303
22	307.94376	105.57291	510.68716	72.98211	198.36	98.88925	41.56597	148.90349	-18.256767	115000	5.415082e-09	571.74664	-0.07807654	-249.42981	0.68960285	0.022264615	0.4092	79.0	163.516832113266	7.10942756611368
23	377.6795	74.93242	551.77374	241.5337	220.90909	110.77657	33.58773	152.1891	1.3060768	120000	2.7424097e-08	306.8684	-0.08624917	-158.1274	0.68321806	0.0211195	0.4218	79.0	170.7831633090973	7.115965207417806
24	393.39917	151.43648	725.18854	46.30371	260.89474	115.83927	31.796785	158.75414	-4.9536514	125000	8.723885e-09	573.0309	-0.07939265	-231.67392	0.67150015	0.0151499845	0.3994	79.0	177.67678570747375	7.107071495056152
25	413.0629	147.00087	778.0706	238.73195	257.78946	108.79503	28.837053	161.11493	8.866918	130000	5.2690505e-09	265.70972	-0.08742418	-133.47452	0.6617506	0.031074304	0.41	79.0	184.7651331424713	7.106351338900053
26	364.37244	35.250095	446.3634	313.76514	203.70833	114.47782	32.61937	154.85532	7.325145	135000	-1.8566848e-08	190.96043	-0.090393476	-105.8674	0.65137815	0.027555704	0.411	79.0	192.03508687019348	7.112410695464523
27	384.97418	152.98022	892.91077	118.37724	249.76471	117.446434	32.02729	159.12675	-3.5245242	140000	-7.152558e-11	822.6744	-0.08008721	-617.7434	0.640104	0.016025996	0.3754	79.0	199.34600186347961	7.119500134672437
28	396.68503	71.009186	571.76447	246.46684	224.0	114.3752	33.814636	161.15532	4.9045024	145000	-3.1471252e-09	215.2695	-0.08650944	-159.89029	0.63021463	0.037400886	0.4328	79.0	206.48158144950867	7.120054606733651
29	402.49194	98.4048	605.79175	282.3094	247.63158	117.14793	32.486164	154.3424	-4.4286284	150000	3.0508265e-09	271.35468	-0.07735537	-142.04869	0.62497663	0.019672617	0.4084	79.0	213.48484826087952	7.116161680221557
30	368.55215	61.16382	526.2079	261.30676	206.41667	115.88217	34.351437	155.10324	3.536771	155000	1.424551e-09	198.06425	-0.0869112	-88.07307	0.6208308	0.018317016	0.4272	79.0	220.50650262832642	7.113113049537905
31	361.83875	64.97539	537.82336	234.28044	199.0	117.14468	35.143177	165.2511	1.2214314	160000	-9.918213e-09	222.3378	-0.08648071	-96.419426	0.6113731	0.025309294	0.4146	79.0	227.4782955646515	7.108696818351746
32	361.2689	90.22245	543.3261	89.08363	214.78261	115.83263	36.8472	162.44838	-5.690086	165000	-7.1004034e-09	711.9869	-0.075600356	-499.8612	0.605027	0.014276131	0.3946	79.0	234.3827850818634	7.102508696642789
33	377.1519	78.77355	579.80176	181.91203	216.17392	118.491325	34.74957	163.68266	5.764558	170000	-1.553297e-08	350.8178	-0.07802097	-194.59769	0.6010863	0.022169704	0.3908	79.0	241.77286219596863	7.110966591274037
34	371.64548	39.294674	439.6398	241.89217	198.44	118.35072	37.13012	159.84586	4.1230283	175000	5.6385994e-09	123.11226	-0.082768336	-56.469887	0.59429306	0.02859598	0.4168	79.0	249.0122058391571	7.114634500231062
35	370.93808	65.81302	622.6219	319.34705	202.91667	121.3288	36.826996	161.85527	3.033523	180000	5.5193903e-09	102.360886	-0.08669679	-45.013905	0.5895158	0.030414285	0.429	79.0	256.17758417129517	7.116044057740106
36	378.95316	108.134544	712.8292	101.20898	218.5	117.61627	37.647312	156.06369	-18.373205	185000	1.2382865e-09	272.78568	-0.07566291	-163.51826	0.5851101	0.0127521735	0.385	79.0	263.37450647354126	7.118229956240268
37	358.27527	44.131645	437.75787	230.26929	187.96153	118.93938	38.610676	161.47273	4.0353184	190000	1.7446279e-08	63.790607	-0.08898908	-33.79571	0.5792281	0.029656574	0.4136	79.0	270.309228181839	7.113400791820727
38	394.74817	89.13348	730.71136	304.0541	221.09091	122.6584	36.798958	162.61746	3.09727	195000	-4.887581e-10	84.6732	-0.08434728	-39.001698	0.5692691	0.029254459	0.4246	79.0	277.5511837005615	7.116697054642898
39	362.47604	77.00396	524.17773	80.104195	201.08333	117.59557	39.053383	159.78017	-19.421194	200000	-1.2677908e-08	208.85817	-0.074739814	-153.12758	0.5578799	0.017715933	0.4134	79.0	284.51725029945374	7.11293130517006
40	345.86172	37.601654	411.31866	246.51013	184.7037	113.64085	42.720165	156.02852	-22.251842	205000	-1.0989607e-08	187.21156	-0.07762863	-94.86264	0.5510691	0.023441378	0.4078	79.0	291.67677450180054	7.114067705666146
41	367.4732	46.587654	491.48004	286.28375	190.15384	120.21301	38.589497	158.9544	2.380077	210000	3.7550926e-10	139.50378	-0.07888974	-84.066956	0.54514724	0.03982406	0.425	79.0	298.9730775356293	7.118406664757502
42	369.9154	53.054764	484.99304	283.22095	194.76	123.49189	38.138824	159.10258	3.0488093	215000	-1.3029576e-08	72.787	-0.08542739	-30.949093	0.53606015	0.030374093	0.4358	79.0	305.97413539886475	7.115677606227786
43	369.41995	28.589481	445.0994	310.27393	187.03847	119.65919	38.97043	159.31676	2.8079817	220000	8.6471434e-09	90.245186	-0.08682026	-46.95357	0.5305953	0.03331408	0.4242	79.0	312.7591395378113	7.108162321827629
44	373.27347	41.825695	492.19604	297.40765	192.1923	124.61566	39.71389	162.77953	2.9144456	225000	-2.6822091e-09	56.807495	-0.08567673	-23.481087	0.5279406	0.024280583	0.424	79.0	319.9578022956848	7.110173421435886
45	377.89438	57.032673	537.24274	276.96356	191.26923	122.72415	39.293583	161.31094	3.0959306	230000	3.2508375e-08	135.21129	-0.08496154	-52.31176	0.5194996	0.036377273	0.432	79.0	327.14529728889465	7.111854330353115
46	381.65918	45.34282	457.64496	265.2821	196.04	127.039665	39.333332	165.50854	2.3297558	235000	5.748868e-09	70.215866	-0.08807606	-31.682507	0.5100843	0.02407519	0.4406	79.0	334.2521550655365	7.111748020699683
47	374.1962	52.87407	558.19574	281.8895	191.08	124.478226	39.099823	167.07616	3.731626	240000	6.198883e-10	152.35097	-0.084846854	-58.246216	0.49728423	0.029419802	0.4218	79.0	341.47930455207825	7.114152227838834
48	377.78314	36.89596	430.83038	285.7035	186.07692	124.89711	39.20525	166.84404	4.095934	245000	-2.2760034e-08	137.32628	-0.08599839	-51.676773	0.49032962	0.040250942	0.432	79.0	349.0154731273651	7.1227648014924965
49	374.24506	34.35484	432.237	294.68173	186.57692	127.51453	40.132374	167.33249	2.7026756	250000	1.9025803e-08	139.3608	-0.08479062	-65.44137	0.48063388	0.025081437	0.4394	79.0	356.15200567245483	7.123040146827698
50	391.5591	51.889153	552.706	296.1721	198.76	126.701965	39.63647	166.44824	1.2475458	255000	1.9171834e-08	104.402954	-0.091041364	-41.527355	0.4655745	0.03878064	0.4556	79.0	363.2167503833771	7.121897099064846
51	362.03848	46.38974	498.56158	280.5513	179.18518	127.03779	39.670612	165.72139	2.2730613	260000	1.9574165e-08	85.07206	-0.08560104	-43.611984	0.45815066	0.025768768	0.421	79.0	370.237961769104	7.1199608353468085
52	377.7866	30.972061	423.96396	295.04013	183.88889	125.30479	41.08755	166.50447	2.440529	265000	-1.8179417e-08	102.96887	-0.08817371	-49.212734	0.45056713	0.04363449	0.4284	79.0	377.63546776771545	7.125197545537409
53	390.45575	39.42765	471.84793	308.26486	190.38461	127.09602	41.479397	170.03452	1.0540247	270000	-5.1808357e-08	195.00305	-0.088583186	-80.986755	0.4443528	0.0494926	0.4546	79.0	384.3948302268982	7.118422817300867
54	393.87125	50.727013	518.5386	324.41617	195.28	133.00603	39.412716	171.92079	3.9988701	275000	7.915497e-09	168.75397	-0.09125672	-71.17391	0.43480295	0.02483197	0.4402	79.0	391.5421462059021	7.11894814751365
55	397.599	35.672367	455.37653	326.37436	189.23077	129.76514	40.988865	172.13493	-1.8790356	280000	-4.2277573e-08	142.14441	-0.09289679	-73.37509	0.42854196	0.03915353	0.4602	79.0	398.6246771812439	7.118297836610249
56	385.74213	43.07885	477.79016	283.94415	184.38461	133.46574	41.848186	175.1622	-0.29087105	285000	2.2947788e-10	196.79552	-0.09082222	-76.68889	0.41900802	0.034624208	0.463	79.0	406.0764265060425	7.1241478752671625
57	416.3444	62.477524	688.9778	358.6954	206.82608	133.23318	39.399227	175.55815	0.50371873	290000	-1.5890599e-08	153.96089	-0.09211532	-83.32541	0.40789092	0.036883287	0.47	79.0	412.88413095474243	7.118691945898122
58	391.04736	49.83565	500.97684	253.40346	187.53847	133.86392	41.718945	175.89893	0.48646268	295000	-3.5524368e-09	202.19745	-0.090615205	-76.833374	0.40172958	0.026519842	0.467	79.0	420.19459223747253	7.1219422817230225
59	416.97696	41.4959	513.84766	332.8376	201.20833	133.33922	40.08766	174.16551	-1.3329525	300000	1.4847517e-08	182.9476	-0.09113833	-83.53212	0.3879254	0.04038294	0.4668	79.0	427.3287253379822	7.1221454501152035
60	413.77307	48.60921	528.48175	331.14172	193.68	134.63611	43.041702	177.38388	-2.7179685	305000	-1.4951825e-08	213.82968	-0.08762536	-107.59529	0.38065436	0.03819936	0.475	79.0	434.4360022544861	7.121901719296565
61	422.31836	66.15903	580.0419	297.92496	194.2	138.72356	39.69316	183.38887	0.14227319	310000	1.180172e-09	380.43027	-0.086111374	-153.13684	0.37171263	0.04782	0.4662	79.0	441.4153561592102	7.119602557151548
62	426.73148	51.41156	534.0838	342.3184	195.92	141.84406	44.076893	189.18863	-0.6765296	315000	7.855892e-09	264.0095	-0.0903196	-101.09735	0.36375305	0.03715207	0.4518	79.0	448.6882438659668	7.122035650979905
63	434.8239	47.509792	542.2397	360.65973	197.44	140.05121	43.53463	186.45682	-0.3602031	320000	-3.8194656e-08	238.9757	-0.09098606	-114.43146	0.35412866	0.038458027	0.4562	79.0	455.92420649528503	7.123815756291151
64	417.65546	54.671356	524.0422	312.6682	191.0	145.5259	42.36575	191.05965	1.3000777	325000	1.3810396e-08	294.0033	-0.08655041	-154.78813	0.349413	0.033212315	0.4656	79.0	462.79202604293823	7.119877360417292
65	399.36996	58.405884	503.42886	239.35884	185.18518	140.9568	43.018078	184.7519	-7.1132755	330000	3.119707e-08	348.73264	-0.09042241	-156.20158	0.33579853	0.023188857	0.4558	79.0	470.08503580093384	7.122500571337613
66	418.41086	54.603256	517.88184	311.0866	192.07692	135.1375	44.138123	182.68076	-7.63727	335000	4.529953e-10	322.4222	-0.08570132	-168.88919	0.32459062	0.042309836	0.4744	79.0	477.30275559425354	7.123921746638284
67	431.71545	31.560272	494.53857	371.548	193.0	140.15933	43.79914	186.57338	-0.75084704	340000	4.9209596e-08	231.78877	-0.0912811	-108.28646	0.31836846	0.041278694	0.4696	79.0	484.89228224754333	7.130768881124609
68	422.87762	61.962894	575.2008	292.67007	192.56	144.69994	43.46012	188.17825	1.1945851	345000	-3.541708e-08	374.36627	-0.088039346	-142.26183	0.31081644	0.039096344	0.491	79.0	491.7925922870636	7.127428908278977
69	446.60608	55.97526	528.984	343.74512	198.16	144.88562	43.965595	194.22609	-1.6820636	350000	-7.05719e-09	377.95462	-0.09404593	-155.28377	0.30035108	0.030070331	0.4782	79.0	498.9609582424164	7.128013716425214
70	415.86377	82.82749	551.39856	219.46245	186.03847	150.60147	44.17506	198.4306	2.2045999	355000	-3.7288665e-08	856.8359	-0.07960675	-461.29416	0.2956351	0.011078543	0.4084	79.0	505.7787780761719	7.123644795216305
71	447.92868	46.813343	517.7335	302.23108	195.72	141.58217	43.4667	199.37427	-9.140624	360000	4.768372e-10	483.9335	-0.09586003	-285.90387	0.28718683	0.05133227	0.5078	79.0	512.936096906662	7.1241124835279255
72	437.33215	69.76133	557.14795	262.52914	194.24	150.19832	45.577557	203.23378	0.15489766	365000	-1.01774935e-08	427.1933	-0.0887266	-170.28293	0.2807784	0.024217438	0.4762	79.0	520.0622935295105	7.124141030115624
73	456.78394	54.50056	534.8464	354.87735	201.375	149.09697	43.549183	205.81715	-3.1518784	370000	2.9075146e-08	397.6164	-0.09129614	-198.09154	0.27035227	0.037471004	0.4852	79.0	527.3323590755463	7.1261129830334635
74	450.92493	63.44897	583.4499	246.14732	192.23077	149.7172	46.644123	201.52109	-5.288602	375000	-1.1348725e-08	479.18576	-0.08812203	-210.84967	0.26653215	0.037814498	0.4652	79.0	534.4412136077881	7.125882873535156
75	458.81985	57.21004	527.6054	326.74246	201.83333	155.1085	47.016094	206.53513	-5.219925	380000	-2.7909875e-08	477.41974	-0.088621594	-232.24887	0.25136673	0.027017068	0.4694	79.0	541.4658007621765	7.124550031988244
76	473.20044	51.396507	601.3877	348.58185	199.56	150.00935	46.279903	208.37743	-3.3604567	385000	-2.0092726e-08	383.98764	-0.088669084	-231.27911	0.2464516	0.050534323	0.476	79.0	548.3541204929352	7.12148210599825
77	443.74384	62.16414	543.7596	339.4945	192.0	155.90692	48.771435	213.70195	-2.370762	390000	1.502037e-08	483.52164	-0.0858222	-216.05585	0.24173984	0.025429495	0.4722	79.0	555.8766162395477	7.126623306518946
78	452.43427	64.84201	557.2101	274.66287	188.65384	151.82123	44.72634	202.74156	0.7560679	395000	-5.1259996e-09	468.2622	-0.08714244	-218.47636	0.23232722	0.035022777	0.4812	79.0	562.7663235664368	7.1236243730858915
79	464.81403	67.10235	672.70703	356.3269	199.0	153.68716	47.33091	207.46156	-4.0398026	400000	7.152557e-09	384.85547	-0.08830634	-155.11	0.22374187	0.024778103	0.4676	79.0	570.0320358276367	7.125400471687317
80	473.87943	45.989098	573.50836	380.9211	199.4	155.03226	47.48615	214.19562	-12.537649	405000	1.4987588e-08	274.14987	-0.09541701	-131.4221	0.21628858	0.03399158	0.4732	79.0	577.3903558254242	7.128276018448818
81	461.1699	74.31104	640.4407	332.50357	191.5	157.0812	49.058033	216.01093	2.1093013	410000	9.691715e-09	480.0219	-0.09133629	-182.69855	0.2120065	0.032901656	0.4644	79.0	584.6301047801971	7.129635447409095
82	466.84464	55.076904	543.8143	311.82562	193.6	154.85817	50.455376	222.74323	-0.59051377	415000	1.462698e-08	343.42355	-0.090614274	-165.35925	0.20474888	0.0399787	0.4942	79.0	591.4715042114258	7.126162724322583
83	476.75827	48.951622	545.10974	356.62524	196.96	159.62721	48.5939	219.19702	0.89788437	420000	3.8933752e-08	288.5952	-0.089471154	-126.04039	0.19046575	0.037348498	0.494	79.0	598.4857685565948	7.124830600761232
84	474.0377	74.61069	582.2108	251.9967	196.28	160.68906	49.696148	216.55592	-3.3041906	425000	-9.530782e-09	560.533	-0.088250965	-236.25156	0.1775642	0.025646493	0.4742	79.0	605.2861955165863	7.121014084535487
85	471.62848	71.87279	546.69165	299.58487	194.84	158.36543	48.432335	219.9709	-2.4927824	430000	-4.915893e-09	464.6196	-0.09100883	-202.29541	0.17182226	0.018380202	0.4732	79.0	612.2815885543823	7.119553377461988
86	496.9562	66.96255	620.8639	335.50592	202.83333	160.06496	49.2145	227.14888	-4.6005216	435000	8.404255e-09	373.1922	-0.09293844	-203.84749	0.15944418	0.03494578	0.5088	79.0	619.9460601806641	7.125816808349785
87	501.18958	77.95986	629.9615	202.47406	202.95833	163.55707	51.15533	228.74867	0.48073757	440000	-8.33869e-09	360.6117	-0.0920073	-233.76665	0.14773314	0.040778402	0.5132	79.0	626.9135653972626	7.124017810279673
88	482.45203	78.40755	601.2581	269.05508	196.72	167.27057	51.594913	234.8126	-1.9879789	445000	-2.7656555e-09	572.757	-0.08511642	-261.48306	0.13787167	0.022119524	0.443	79.0	634.0467009544373	7.124120259552859
89	478.09058	62.23529	583.26843	346.91016	192.8	165.62248	48.99598	227.57234	-2.7696059	450000	-5.1665307e-08	484.75015	-0.08637037	-276.3514	0.1304757	0.021859556	0.464	79.0	641.6231136322021	7.129145730866326
90	508.99258	67.55825	654.40045	366.9272	201.875	161.04433	49.60236	221.69852	3.705754	455000	1.4674663e-08	600.0499	-0.084716745	-322.65265	0.12481509	0.056730554	0.4946	79.0	648.5561566352844	7.126990753215748
91	496.8289	53.59591	623.2457	356.12268	205.66667	167.73203	52.051125	232.1679	-2.5474277	460000	9.1195105e-09	352.14923	-0.092497714	-191.11751	0.12173067	0.03692567	0.4982	79.0	655.7871255874634	7.128120948439059
92	499.22855	55.882145	575.35767	290.02713	194.04	164.41191	49.63432	223.4001	4.136403	465000	3.7550926e-10	359.21722	-0.09099656	-197.79617	0.11022134	0.03974334	0.4968	79.0	662.7526714801788	7.126372832123951
93	469.66583	74.19309	593.1915	306.0062	191.34616	169.5789	51.443127	230.73444	-0.8867387	470000	1.693964e-08	657.4238	-0.088045046	-384.1411	0.09932756	0.027811075	0.4842	79.0	669.5266492366791	7.1226239483407205
94	471.51892	66.53229	556.2974	260.212	189.65384	162.65834	50.8748	220.16098	-4.5590982	475000	-2.193451e-08	495.55966	-0.09128242	-261.88428	0.09269825	0.025319954	0.4938	79.0	676.9351131916046	7.125632795534636
95	500.5112	86.09689	622.73315	248.7123	197.8	161.89676	47.944416	225.62488	-0.2749012	480000	-2.7421116e-08	965.9966	-0.08431959	-447.29437	0.08494388	0.04008872	0.4856	79.0	684.3063771724701	7.128191453715165
96	476.54086	101.88546	667.09344	202.15643	190.5	166.34814	51.226013	232.54457	0.8242542	485000	8.116663e-09	942.5367	-0.08686563	-401.06885	0.07534995	0.033213735	0.5076	79.0	691.4468567371368	7.128318127897597
97	498.94867	47.579422	584.5643	371.85812	194.88	164.82555	50.083233	229.10094	0.20993531	490000	-3.335476e-08	366.33588	-0.091028385	-230.7802	0.06404265	0.046969246	0.4994	79.0	698.317300081253	7.125686759851416
98	487.49973	50.01522	580.98706	385.19693	197.8	168.43178	50.308094	233.03275	-4.2520413	495000	5.713962e-08	361.43784	-0.091119014	-188.31752	0.05383623	0.053468194	0.543	79.0	705.4573726654053	7.125832071207991
99	486.89258	74.14643	604.6025	266.88074	190.07692	163.08469	50.860023	229.68651	-0.80752146	500000	-5.0497054e-08	629.1808	-0.08408528	-285.02805	0.0450415	0.033261243	0.5018	79.0	712.6098747253418	7.126098766326904
100	530.571	48.52744	668.4197	454.15533	202.20833	166.4751	50.677567	235.12347	-0.4097042	505000	1.886487e-08	375.5833	-0.09442702	-264.7828	0.036890756	0.05790921	0.5346	79.0	719.5731143951416	7.124486297664076
101	472.34933	67.87935	612.6594	327.985	189.03847	177.94618	53.975082	239.51898	-2.0832057	510000	2.1493435e-08	908.9974	-0.09029204	-576.81836	0.034884345	0.016064355	0.4904	79.0	726.6525840759277	7.124044967632668
102	500.8839	61.79905	583.3839	346.7872	195.72	162.3265	49.702404	230.14944	-7.4249635	515000	-8.735061e-09	452.77325	-0.091720104	-256.94876	0.02552575	0.040729042	0.5168	79.0	733.8754768371582	7.1250046526344075
103	498.05145	71.734184	610.3328	340.20438	193.0	168.12993	53.38641	235.34418	0.8666416	520000	-7.152558e-11	455.76904	-0.09017355	-211.2614	0.016032875	0.032838274	0.5042	79.0	741.3570384979248	7.128433083112423
104	487.95764	75.71142	597.81903	279.21555	192.03847	168.34116	52.944008	230.51485	-1.5396864	525000	-1.732409e-08	466.0649	-0.091033325	-234.31079	0.009818847	0.034821853	0.523	79.0	748.3746223449707	7.127377373831613
105	490.17563	103.89201	625.1754	200.53352	191.57692	167.72083	50.63295	238.07254	-2.126648	530000	1.3911724e-08	829.85126	-0.08448535	-419.4888	0.0038755191	0.027467106	0.5016	79.0	755.399436712265	7.126409798298242
106	484.05408	75.17261	600.16327	294.67194	185.73077	166.79909	52.637074	233.01187	-4.031644	535000	2.8175116e-08	475.33655	-0.090728834	-253.38762	-0.005588249	0.041869484	0.5052	79.0	762.62681889534	7.127353460989266
107	498.56125	89.17121	626.4952	299.6472	194.68	169.79854	54.161858	237.91682	-1.0738248	540000	1.5461445e-08	630.0179	-0.08877947	-287.14944	-0.014027186	0.033771273	0.493	79.0	769.8667895793915	7.128396217469816
108	488.72638	74.3484	623.2811	327.76523	195.08	169.22408	53.730198	238.45346	-4.6982512	545000	3.7696957e-08	498.6443	-0.08855371	-280.01303	-0.015967445	0.030762354	0.5128	79.0	777.1259038448334	7.129595465616348
109	485.16553	91.48814	635.6901	215.1399	189.57692	165.69269	51.672794	241.9689	-5.090074	550000	8.970499e-10	748.31445	-0.08433334	-390.08463	-0.025117893	0.029997703	0.4716	79.0	784.1863896846771	7.128967198458585
110	520.82776	50.39515	601.59686	389.8849	196.44	167.4895	52.04313	241.63426	0.2110239	555000	-7.772446e-09	470.72806	-0.09157232	-306.87802	-0.030885067	0.049420226	0.504	79.0	791.4398710727692	7.130088947914742
111	487.68036	82.68798	660.0339	321.56894	192.0	173.73268	55.691185	247.0417	-0.030806959	560000	2.5135279e-08	761.5086	-0.08770233	-398.76727	-0.04257228	0.039915837	0.5318	79.0	798.2295553684235	7.12704961853368
112	512.7695	64.37418	630.0506	355.4613	193.92	167.8771	51.260273	232.41377	-0.13757017	565000	-5.4442882e-08	411.3361	-0.08825214	-264.2166	-0.057490513	0.05355929	0.5382	79.0	805.6110377311707	7.129301231519311
113	496.65167	66.23291	588.1958	368.77722	192.8	175.3622	54.329403	249.13858	1.3168948	570000	-1.17182735e-08	377.8284	-0.09444246	-205.83635	-0.06401003	0.039907176	0.518	79.0	812.5129277706146	7.127306400683889
114	540.7529	63.330173	699.9088	401.85953	204.375	168.3697	53.83383	244.08841	-4.0181875	575000	-3.2114983e-08	500.88394	-0.09220012	-306.9843	-0.07469881	0.054952227	0.533	79.0	819.7040703296661	7.127861497713172
115	512.6399	67.79683	623.9893	335.5689	196.44	176.71228	55.287754	245.63702	2.5503578	580000	1.936555e-08	457.39984	-0.08947184	-236.95886	-0.080596045	0.040122263	0.512	79.0	826.6813237667084	7.126563158528558
116	497.26575	86.16117	634.756	295.1611	195.0	174.26974	54.16032	242.16354	-11.738757	585000	1.37239695e-08	591.8889	-0.09020311	-325.8563	-0.08863565	0.023508964	0.515	79.0	834.0009968280792	7.1282136623676005
117	509.58734	90.62869	660.79065	321.28864	197.56	169.79622	53.384182	240.06924	-1.1541797	590000	-2.7763843e-08	752.47766	-0.0902764	-345.55746	-0.10129032	0.03835525	0.5202	79.0	841.0448777675629	7.127498984336853
118	513.8497	65.42313	622.53723	329.37137	192.64	170.95752	50.892395	241.42752	3.0243294	595000	-1.1539459e-08	483.46906	-0.08748393	-277.48358	-0.109116055	0.041185845	0.531	79.0	848.2209784984589	7.12790739836813
119	505.61948	86.36068	619.00385	335.8956	187.53847	172.85097	56.970116	246.20752	0.0031899214	600000	-1.4474988e-08	513.93835	-0.09204028	-262.6281	-0.1127513	0.047745448	0.527	79.0	855.3093445301056	7.127577884991964
120	528.1679	79.77984	682.07874	320.91238	198.84	175.76039	54.783337	250.54256	-0.9789639	605000	4.5251845e-08	490.73105	-0.095007345	-272.3999	-0.117399864	0.04400813	0.5336	79.0	862.251035451889	7.126041635008883
121	506.15353	91.76494	696.0134	306.62143	188.38461	176.11427	55.558186	258.86838	-9.116274	610000	-1.5121698e-08	667.8397	-0.0954436	-383.23602	-0.1256106	0.04273885	0.5334	79.0	869.1845226287842	7.124463315869941
122	514.9662	90.6898	652.42487	261.30148	188.84616	175.69023	54.24627	243.15404	-5.822918	615000	-2.2608042e-08	767.6996	-0.08999471	-361.07953	-0.13448757	0.02626519	0.5236	79.0	876.117511510849	7.122906613156078
123	510.10675	85.72106	758.3354	335.16495	190.92308	176.97319	54.568	254.58769	-3.180062	620000	-7.152558e-11	769.2092	-0.09165928	-380.55792	-0.14046784	0.038633037	0.5338	79.0	883.7470812797546	7.126992604424877
124	517.3529	63.426937	632.6459	395.01675	193.4	175.55298	52.630867	256.19632	-2.8374124	625000	-2.7942658e-08	544.0355	-0.08450829	-314.5774	-0.1516676	0.043362346	0.5102	79.0	890.6004819869995	7.124803871154785
125	493.78967	96.31462	631.5006	200.4461	184.34616	173.50317	55.458008	243.3342	0.54253024	630000	1.6713143e-08	810.07837	-0.08593903	-367.0057	-0.16214868	0.032357983	0.5156	79.0	897.5470368862152	7.123389196774316
126	543.92816	56.388638	632.0674	436.09888	196.84	174.44525	53.628063	237.36081	-2.66105	635000	2.384186e-10	371.12497	-0.102351025	-231.99033	-0.17357299	0.04088838	0.5596	79.0	904.6750178337097	7.123425354169109
127	529.848	73.442825	717.40515	428.68973	196.44	182.02972	57.136505	252.32272	-9.291402	640000	-9.449572e-09	460.505	-0.09396235	-245.75313	-0.186454	0.043364752	0.5474	79.0	911.6411879062653	7.122196791693568
128	511.5871	86.244354	644.2081	284.25116	188.38461	177.69098	56.795788	254.43968	-4.927101	645000	9.399653e-09	555.72015	-0.092530236	-261.55594	-0.18951899	0.04070517	0.541	79.0	918.5221974849701	7.120327127072239
129	531.0227	81.68917	799.72253	315.8315	191.92308	175.98312	55.07383	253.49458	6.1321793	650000	2.5570392e-08	494.7123	-0.090411544	-288.53616	-0.19805253	0.064337455	0.5324	79.0	925.2215259075165	7.117088675498962
130	506.56644	72.4186	632.52057	306.80884	189.11539	182.64313	57.533997	255.65446	-2.2499752	655000	2.8657913e-08	527.6236	-0.09114488	-330.91937	-0.2109981	0.027555007	0.5334	79.0	932.4964034557343	7.118293168890567
131	532.117	114.52679	685.00616	202.26112	193.64	175.46123	54.59138	249.52228	-3.4932852	660000	-1.9931793e-08	1031.4911	-0.08069226	-536.36584	-0.2198166	0.029139536	0.5084	79.0	939.4337058067322	7.116922024524573
132	520.9084	102.162735	706.1411	186.4831	188.96153	180.2014	56.182663	254.31358	-6.095284	665000	-9.6976756e-09	555.6166	-0.0889135	-293.23322	-0.22935179	0.051016062	0.5432	79.0	946.5456655025482	7.116884717367645
133	530.3388	121.19305	864.77386	323.8149	193.08	181.19914	57.39521	259.29947	-2.025131	670000	-3.1745433e-08	678.1987	-0.092136875	-350.9676	-0.23424315	0.03660644	0.559	79.0	953.4963064193726	7.115644100886672
134	546.51965	74.16793	659.2897	373.14612	195.56	180.62778	57.950867	258.34622	-3.67091	675000	1.1920929e-08	532.57104	-0.09745832	-279.651	-0.24361917	0.04657643	0.5504	79.0	960.8676159381866	7.117537911732992
135	546.07635	78.02533	672.3659	259.1626	199.875	184.05367	56.695892	267.25397	2.2688448	680000	7.483363e-09	469.63885	-0.0929013	-241.56383	-0.2522951	0.029575562	0.5416	79.0	968.219899892807	7.119263985577752
136	568.00104	93.37677	722.7353	315.16452	203.66667	181.87852	57.79666	265.69073	-7.1508203	685000	6.529689e-09	518.9225	-0.089231886	-297.6081	-0.26485908	0.062048595	0.5712	79.0	975.5563154220581	7.120849035082072
137	565.60187	103.51866	822.50006	318.5604	202.125	187.9645	57.809288	262.76807	1.6433681	690000	-2.49058e-08	473.64856	-0.08751485	-258.27045	-0.27746323	0.047648236	0.583	79.0	982.6643416881561	7.120756113010904
138	524.1774	119.056366	701.6014	275.5938	188.07692	186.59422	60.02933	268.27283	-16.635597	695000	1.3121962e-08	783.0435	-0.08634452	-416.3513	-0.28317097	0.029847262	0.5224	79.0	990.1593914031982	7.123448874452989
139	543.8316	85.101074	708.641	342.07846	195.28	183.71057	59.207134	276.81686	-3.233002	700000	5.248189e-09	565.3558	-0.09618765	-336.872	-0.28626043	0.049471136	0.5342	79.0	997.1828038692474	7.122734332084656
140	568.44714	86.37302	773.6604	355.82712	201.70833	182.8739	57.129597	260.2181	-5.691232	705000	3.589839e-08	501.84506	-0.09867584	-281.23218	-0.29567227	0.06243907	0.554	79.0	1004.9026205539703	7.126968958699111
141	607.279	73.41957	771.2103	416.4348	211.0	189.49911	58.710625	266.525	-5.2006555	710000	8.401871e-08	318.9167	-0.09618654	-209.05746	-0.3000532	0.058103267	0.5744	79.0	1012.0742716789246	7.127283616804741
142	590.2026	87.1785	798.3081	409.94614	213.04347	196.28764	62.241188	272.48605	-7.552374	715000	5.1760672e-08	468.988	-0.094644494	-289.9904	-0.3069685	0.043894008	0.5352	79.0	1019.2160575389862	7.127385036095039
143	575.56934	104.141846	866.3255	323.67786	202.95833	189.94635	58.763016	275.88995	-1.6492542	720000	3.004074e-08	500.86404	-0.09247322	-285.21674	-0.31232175	0.046348706	0.5484	79.0	1026.4394879341125	7.128052012787925
144	621.5623	80.95192	800.5844	495.10938	212.60869	192.1585	59.45727	266.89685	0.6614851	725000	-5.891919e-08	522.34235	-0.09152294	-346.73822	-0.32234168	0.06696454	0.563	79.0	1033.6336934566498	7.1285082422453785
145	604.99744	100.2995	878.8612	441.327	214.91304	198.31096	61.28089	275.7757	-13.4040165	730000	3.6025046e-08	613.38416	-0.085090384	-339.0711	-0.32460377	0.04736105	0.5458	79.0	1040.6174900531769	7.127517068222778
146	585.11475	124.08237	850.5977	325.4958	206.66667	193.07108	59.488373	274.58987	-2.3733127	735000	-2.3031236e-08	847.7776	-0.08771686	-395.896	-0.33616674	0.036703505	0.5426	79.0	1047.6647474765778	7.126971085866292
147	574.46436	125.181885	859.8704	313.37946	203.125	184.25713	60.874653	273.47992	-5.532379	740000	-1.2993812e-08	770.48724	-0.087518066	-476.27838	-0.34552994	0.06647713	0.5454	79.0	1054.7947645187378	7.126991666652061
148	615.8844	99.22043	921.63385	398.91092	212.69565	194.74768	58.055126	273.92953	-6.9958253	745000	1.385808e-09	568.0061	-0.09493058	-375.49683	-0.35087007	0.04407841	0.5636	79.0	1062.0536427497864	7.12787680977943
149	607.6265	101.04508	820.1054	447.31058	210.91304	196.31969	62.50166	284.5959	-5.5448165	750000	8.5061785e-08	484.11914	-0.09355391	-298.63232	-0.35410994	0.070635684	0.5708	79.0	1068.9499201774597	7.126332812309265
150	650.17633	89.502975	798.4014	499.61374	224.95238	201.2085	60.645264	288.6434	-8.431162	755000	1.602769e-08	480.1421	-0.09327856	-308.5019	-0.36272827	0.04602505	0.552	79.0	1075.8201253414154	7.124636602717519
151	629.2958	119.788864	1009.06934	357.55115	218.31818	203.0042	61.60929	295.5405	-1.3202717	760000	-5.941391e-08	670.8394	-0.084768206	-380.8893	-0.3701182	0.06557498	0.569	79.0	1083.0443694591522	7.125291915316331
152	622.47943	95.96004	823.2736	414.9349	213.04347	199.7842	62.958214	278.35623	-0.1465582	765000	2.9683114e-09	575.05225	-0.093211755	-298.84256	-0.37245598	0.03189533	0.5416	79.0	1090.0928208827972	7.124789696113736
153	637.21204	89.93397	847.4798	449.4287	217.04347	199.00151	61.829075	292.56622	-1.5678521	770000	-2.6237965e-08	484.1457	-0.09527244	-293.7354	-0.38234454	0.059422594	0.568	79.0	1098.0786533355713	7.130380876652606
154	665.7159	121.92064	886.0591	299.16492	222.86363	203.46721	61.042206	285.95792	-2.233068	775000	4.4608115e-08	660.307	-0.080169685	-401.21085	-0.3930978	0.06240734	0.563	79.0	1105.2434961795807	7.130603215002244
155	635.12933	123.08564	951.78094	369.07144	219.09091	208.842	63.212704	292.15314	0.3881524	780000	1.1530519e-08	711.0148	-0.09369859	-464.25964	-0.40424073	0.03237855	0.543	79.0	1112.2909359931946	7.130070114747072
156	642.00665	95.86139	867.5823	410.5891	217.39131	200.6067	63.041878	283.03864	-0.32248107	785000	-2.0116568e-08	588.98834	-0.088688545	-354.12665	-0.41594985	0.05273014	0.585	79.0	1119.2256281375885	7.1288256705946225
157	695.5455	116.849464	996.5821	510.80826	232.80952	208.26147	60.244446	280.5752	-1.637675	790000	3.0446053e-08	616.7952	-0.09251168	-394.99677	-0.42587745	0.054867394	0.5538	79.0	1126.5752627849579	7.130223192746127
158	715.69904	106.836334	934.76666	537.53015	232.90475	209.93878	62.18577	288.4057	-4.3649516	795000	-5.0282477e-08	483.5325	-0.08692878	-347.12366	-0.4341909	0.074658066	0.5616	79.0	1133.570039510727	7.129371331172919
159	669.21655	91.95837	854.81354	455.3103	224.95454	217.41444	65.61426	306.68713	5.3256464	800000	-2.1350385e-08	545.8974	-0.086120084	-375.6068	-0.44558164	0.04250674	0.5712	79.0	1140.4624698162079	7.127890448272228
160	654.85406	123.560425	949.4956	330.76944	216.86363	208.01324	63.071537	285.5596	5.214702	805000	3.7151576e-08	437.6211	-0.08789162	-246.61203	-0.4562127	0.048419427	0.5442	79.0	1147.500334739685	7.127331283521948
161	710.1305	87.498764	909.31036	584.7181	236.71428	209.61307	63.792583	290.25055	-16.440447	810000	2.9101967e-08	343.86737	-0.09417787	-215.67853	-0.4581306	0.0705718	0.5742	79.0	1154.7201836109161	7.127902382685814
162	726.2151	95.20971	927.75073	543.3359	237.09525	213.6606	63.335567	291.11224	-1.8817554	815000	-3.9325656e-08	381.5209	-0.07877905	-214.30324	-0.4656664	0.07419524	0.57	79.0	1161.8632764816284	7.1279955744012
163	648.79236	124.57708	854.8344	397.62924	216.17392	216.12794	66.528786	297.832	-8.120719	820000	-6.440878e-08	615.76086	-0.0839604	-400.0671	-0.4736325	0.042962074	0.5214	79.0	1169.249972820282	7.1295730151781225
164	683.63666	107.713905	937.6707	530.79517	228.33333	210.4206	62.588573	296.01218	0.7330998	825000	4.617721e-08	563.3309	-0.09122686	-311.0215	-0.48086965	0.045282558	0.5404	79.0	1176.4570021629333	7.1300424489108
165	672.8587	120.51801	853.9889	318.60208	223.40909	210.99582	62.565376	295.29822	6.1966963	830000	3.9851667e-08	582.8581	-0.09003855	-341.2191	-0.49348044	0.038334936	0.5378	79.0	1183.873984336853	7.1317710000348375
166	705.02783	112.13005	872.2276	535.6207	231.28572	212.75195	64.21222	288.26392	-10.89761	835000	5.946383e-08	451.498	-0.08688054	-237.19441	-0.5028152	0.045375634	0.56	79.0	1190.7762804031372	7.130396898635134
167	722.3992	111.57125	970.91754	577.9483	236.66667	215.80286	65.45489	297.01273	-5.523343	840000	-4.1031836e-08	400.2839	-0.08535848	-213.95204	-0.5128051	0.07397034	0.596	79.0	1197.6303641796112	7.128752177669888
168	682.81665	117.31953	961.51337	464.797	224.68182	215.62505	67.18589	297.25778	1.0799776	845000	1.0665059e-07	498.84686	-0.08959668	-284.78113	-0.52350837	0.043926265	0.5578	79.0	1204.9126887321472	7.1296608899472025
169	722.1548	110.36274	961.5063	535.40314	233.42857	216.1436	65.37191	314.68103	-11.74012	850000	2.7537346e-09	435.04025	-0.07789826	-248.28911	-0.52987635	0.06736338	0.5842	79.0	1212.1334433555603	7.130196734035716
170	680.53217	152.23341	943.398	333.18164	226.09091	219.92015	67.27059	309.8236	-2.0640779	855000	-2.3436547e-08	868.7959	-0.092663005	-564.6958	-0.5372207	0.041054573	0.562	79.0	1219.3529136180878	7.1307188084251
171	723.95026	131.57487	966.0143	402.52585	232.4762	215.1691	63.44214	306.30154	5.0741754	860000	-2.0754337e-08	677.52936	-0.092797846	-446.10437	-0.5483968	0.057716332	0.5548	79.0	1226.3572309017181	7.129983910294467
172	708.5836	127.48082	933.3974	462.435	228.09525	220.0964	69.256195	302.17346	-6.399674	865000	-1.01089475e-08	600.14703	-0.08758883	-381.34528	-0.5578431	0.040977705	0.5326	79.0	1233.3228187561035	7.129033644075339
173	695.1443	112.237625	878.08026	495.29068	226.54546	216.6263	66.441315	303.90366	-1.2128206	870000	-2.4986267e-08	407.28253	-0.095260054	-264.05798	-0.56951344	0.045789488	0.5702	79.0	1240.515718460083	7.1294006903966265
174	691.71436	194.89671	1113.7213	297.58496	220.18182	218.85515	64.53643	318.83264	5.163859	875000	-3.783703e-08	1125.6757	-0.079599	-671.5873	-0.57782114	0.048751928	0.5674	79.0	1247.6153798103333	7.129230751310076
175	737.9315	120.32874	1037.9113	537.00903	235.09525	222.13486	66.750496	310.44827	-11.142211	880000	-5.1379203e-08	492.4381	-0.09127853	-337.1527	-0.58423007	0.0712061	0.5666	79.0	1254.6788589954376	7.1288571655750275
176	781.1221	160.13223	1082.6635	485.21927	244.9	225.59845	68.04469	322.4822	-3.1540375	885000	6.5004826e-08	523.4969	-0.08580292	-304.7965	-0.5944402	0.052413948	0.5592	79.0	1262.001499414444	7.129951983521887
177	721.35614	148.65703	945.9717	382.70154	231.71428	227.3539	70.3387	331.6205	-3.668776	890000	2.1198392e-08	713.5311	-0.087083176	-462.78482	-0.5985369	0.048363097	0.5672	79.0	1269.085958480835	7.129696403996328
178	735.41254	147.92964	977.6194	357.05115	233.42857	220.22882	68.259445	303.0308	-15.832322	895000	-3.9499998e-08	596.9905	-0.08806801	-386.63647	-0.6063756	0.04466055	0.5264	79.0	1276.4293148517609	7.13089004175623
179	703.5622	120.91901	856.95667	414.33405	224.77272	226.24745	69.133804	318.9785	-4.012337	900000	-4.0876866e-08	581.3611	-0.08964171	-355.89685	-0.6171474	0.036085784	0.5882	79.0	1283.492109298706	7.130511728922526
180	747.81525	167.37013	1074.8608	409.87323	240.05	221.13017	68.889694	304.419	-9.689011	905000	1.205504e-08	751.3127	-0.07780387	-484.75385	-0.6286164	0.064101584	0.5714	79.0	1290.5161979198456	7.129923754634119
181	767.43274	124.45946	1150.0847	572.8808	244.75	222.46878	64.75892	322.61728	-19.996279	910000	8.44121e-08	560.3523	-0.08818093	-387.2605	-0.636303	0.07757218	0.5778	79.0	1297.6701283454895	7.130055662039872
182	782.8741	103.61858	908.9035	543.1825	245.1	225.80772	67.65849	315.88412	0.95073056	915000	3.5822392e-09	480.0232	-0.0896551	-322.3555	-0.6400273	0.08085229	0.5644	79.0	1304.9886140823364	7.1310853332769675
183	735.30164	135.33466	1062.8375	482.39972	232.66667	229.03532	70.1158	329.07086	0.47527206	920000	-6.7743656e-08	381.70145	-0.09781072	-268.97214	-0.6494695	0.043033265	0.5506	79.0	1312.1327252388	7.131156125794286
184	793.2749	126.66976	1144.0547	591.7697	246.55	227.89273	66.84007	317.9525	0.72603226	925000	-6.133318e-09	455.85086	-0.08424866	-250.63898	-0.66046196	0.060244694	0.5792	79.0	1319.1884682178497	7.130748487163235
185	816.052	194.72227	1126.4867	501.31604	256.8421	234.20555	68.88432	329.4703	-4.0944753	930000	-3.170967e-09	706.6481	-0.08993054	-411.7158	-0.6627869	0.044613473	0.5274	79.0	1326.5646929740906	7.1320682533325686
186	816.99036	145.55548	1129.6818	615.91724	255.52632	235.35945	69.75118	332.37207	-0.39071813	935000	-3.8397314e-08	443.7146	-0.08710012	-284.088	-0.66812116	0.046770595	0.5514	79.0	1333.88738155365	7.13308760954097
187	779.66174	190.75432	1126.2942	384.54633	247.25	234.5852	70.07705	340.89206	-9.125318	940000	-2.7692318e-08	558.5159	-0.0806739	-333.64886	-0.6762677	0.050503846	0.5924	79.0	1340.6906547546387	7.131333277580586
188	839.4928	194.1451	1272.3683	583.944	260.83334	233.94408	67.208466	317.6645	-11.141404	945000	-2.4306773e-08	520.1308	-0.09388868	-321.1286	-0.6838977	0.056459565	0.5552	79.0	1347.7417542934418	7.130908762967145
189	886.3858	172.768	1208.3049	663.5813	270.77777	240.40973	69.66816	326.81616	-5.8111043	950000	7.276535e-08	346.43332	-0.084394194	-235.95303	-0.6879763	0.07334676	0.5914	79.0	1355.1102950572968	7.1321594564538255
190	827.8025	160.87283	1054.9689	463.79993	257.44446	245.90685	70.00071	348.91943	2.4220943	955000	-1.211524e-07	684.50793	-0.086548105	-432.54718	-0.69420767	0.04991612	0.5542	79.0	1362.400173664093	7.13298521366419
191	771.4454	190.08185	1082.8888	381.51932	241.6	235.64755	72.545944	328.74573	-5.177641	960000	-4.0578843e-08	922.337	-0.08301697	-547.56934	-0.69789976	0.038042992	0.5668	79.0	1369.202327489853	7.131262132277091
192	896.7948	165.10426	1139.2738	608.654	273.8889	240.88538	69.30708	329.38538	-6.009768	965000	-5.7816507e-09	573.5325	-0.08991483	-349.85522	-0.70597726	0.05261962	0.5488	79.0	1376.4517138004303	7.131874173416375
193	887.5223	258.01578	1473.1069	505.39633	274.5	245.16486	73.65226	338.24332	-3.2230406	970000	-1.2362003e-08	625.4899	-0.07921331	-366.21442	-0.71201193	0.061260127	0.5884	79.0	1383.3971214294434	7.130913008119642
194	855.6062	169.41019	1208.46	570.5199	263.66666	242.70415	71.21271	347.68488	-4.304142	975000	1.167655e-07	462.3143	-0.084734276	-278.83762	-0.71768475	0.07605745	0.5734	79.0	1390.516337633133	7.130853023284521
195	836.12506	165.03012	1163.0297	551.6461	259.89474	239.0923	72.17557	326.46588	-4.9731855	980000	4.222393e-08	479.1828	-0.08858023	-294.53107	-0.73129934	0.064666115	0.5626	79.0	1397.5170509815216	7.130189044134958
196	938.946	169.81955	1369.3699	648.8914	292.05884	243.62422	68.558624	328.3244	2.9813051	985000	8.440018e-09	374.0192	-0.088682085	-262.26108	-0.7382862	0.07324897	0.5848	79.0	1404.6310544013977	7.130106883605725
197	997.8917	259.82068	1784.579	547.2465	308.5625	245.72917	69.063675	335.74878	-0.30087468	990000	5.3751467e-08	538.5903	-0.08610494	-334.98474	-0.7445967	0.07892808	0.5918	79.0	1411.5584201812744	7.12908293984153
198	973.0389	326.62003	1890.856	662.4178	303.1875	252.046	68.39967	342.65833	4.8265905	995000	-2.836585e-08	522.6543	-0.08282158	-419.63898	-0.7458185	0.061524663	0.5796	79.0	1418.7866189479828	7.12958100812519
199	865.5648	152.6273	1125.7919	516.8593	266.44446	241.70724	70.60645	338.63782	-5.7515984	1000000	1.212664e-07	614.1177	-0.07918364	-378.59314	-0.7501857	0.057306714	0.5568	79.0	1426.0672452449799	7.130336235761643
