Epoch	AverageEpRet	StdEpRet	MaxEpRet	MinEpRet	AverageTestEpRet	StdTestEpRet	MaxTestEpRet	MinTestEpRet	EpLen	TestEpLen	Time Steps	AverageQ1Vals	StdQ1Vals	MaxQ1Vals	MinQ1Vals	AverageQ2Vals	StdQ2Vals	MaxQ2Vals	MinQ2Vals	LossPi	LossQ	Time	AVG Time Per Epoch
1	55.404865	17.45159	137.53261	26.89771	268.37665	114.7996	493.0269	129.25325	6.100122	28.9	4999	29.444862	19.639177	88.706245	-0.15309289	29.445028	19.641771	88.65241	-0.5354673	-32.50969	3.7751153	18.051352500915527	18.051355123519897
2	55.28303	17.230616	129.46492	26.792522	323.04938	127.12104	614.8473	184.66318	6.0863748	34.8	9999	60.86392	50.376915	193.3663	4.335777	60.863712	50.3816	193.34056	4.560026	-78.543175	20.625772	40.676138401031494	20.338070511817932
3	573.20715	395.16367	1977.9285	192.38458	436.79315	121.75111	624.9199	250.1645	61.555557	46.9	14999	107.27102	92.264145	276.89697	0.3251464	107.27425	92.26292	281.07574	0.45971557	-133.81657	95.68951	66.52996397018433	22.176655610402424
4	2579.4346	2926.0305	9347.132	222.47351	9359.524	0.08991537	9359.625	9359.301	276.22223	1000.0	19999	158.97339	122.05853	342.46243	-0.87140954	158.97757	122.05687	344.49377	-2.6134202	-184.74437	179.93231	96.07308149337769	24.018270909786224
5	9340.18	3.1113827	9343.521	9335.626	9316.076	0.8436383	9317.262	9314.857	1000.0	1000.0	24999	208.99725	143.65225	393.74078	-0.5442114	209.00035	143.65195	390.27676	-3.7468503	-234.74605	461.0596	125.75572967529297	25.15114631652832
6	9328.439	1.8866642	9331.72	9326.484	9311.019	0.32334572	9311.569	9310.616	1000.0	1000.0	29999	250.9077	152.07916	413.01794	3.1464934	250.90828	152.07712	414.46765	-0.18473548	-276.10184	917.9643	155.022855758667	25.837142944335938
7	9322.834	2.6678703	9326.165	9318.823	9310.948	0.31467488	9311.479	9310.461	1000.0	1000.0	34999	274.86276	148.44992	421.02792	1.055433	274.8623	148.45125	421.8274	-2.7607741	-299.12064	1531.994	184.37272095680237	26.33896040916443
8	9319.228	1.9312449	9322.096	9316.535	9310.742	0.47675568	9311.299	9309.867	1000.0	1000.0	39999	295.4201	146.03812	444.32776	1.3842778	295.41913	146.04231	443.34326	0.27252507	-315.86176	1237.5936	211.6890320777893	26.461129277944565
9	8620.782	1391.3348	9317.562	5838.113	9317.425	0.3087235	9318.081	9316.937	925.4	1000.0	44999	317.88596	148.45085	465.8819	1.0093889	317.88614	148.45764	462.58237	1.2343694	-334.77652	1074.2875	240.0912275314331	26.6768032974667
10	8864.478	906.0767	9318.623	7052.326	9314.964	0.13896316	9315.145	9314.744	951.4	1000.0	49999	308.72394	137.36044	462.47488	0.28328246	308.72205	137.35	465.30493	0.055163756	-328.05743	2417.5	266.51360630989075	26.651360845565797
11	7508.721	3230.1152	9318.019	473.89444	5819.5913	4273.8896	9310.108	547.9595	806.0	625.2	54999	323.16516	135.439	485.7957	-8.219584	323.16016	135.42201	470.27957	-49.624287	-342.8902	2059.6155	292.05963253974915	26.550875880501486
12	971.2746	1219.1624	8196.152	305.5391	749.9138	288.59866	1073.201	276.9845	104.4	80.5	59999	327.11908	131.94965	472.69608	-8.7173195	327.12344	131.9325	472.87424	-49.55699	-343.06165	1985.8784	315.31253361701965	26.276044646898907
13	6850.6284	3012.4084	9322.703	1145.8007	9311.471	0.20077589	9311.696	9311.05	735.1429	1000.0	64999	325.83066	130.93265	476.66525	-9.240259	325.83313	130.92374	478.98746	-20.872234	-340.7479	1841.6407	341.04810643196106	26.234469890594482
14	5856.2734	3952.1467	9316.512	323.29904	9345.244	0.31113273	9345.854	9344.669	628.75	1000.0	69999	320.8743	127.873604	473.37457	-8.309796	320.87393	127.86763	479.55527	-12.072995	-335.9907	2287.2617	366.9376153945923	26.209829841341293
15	3876.0388	3416.9722	9317.873	315.02478	9331.861	0.35864925	9332.724	9331.427	416.15384	1000.0	74999	314.0959	120.80682	469.8206	-8.7330885	314.0964	120.79326	468.99396	-14.417622	-331.60156	2902.7783	392.49680352211	26.166453711191814
16	6635.015	1918.4974	9320.705	3978.6929	9333.291	1.8477675	9338.775	9332.083	712.0	1000.0	79999	318.6266	115.72188	455.81757	-8.330501	318.62842	115.69384	453.9436	-16.734531	-335.42154	2434.7007	417.99561166763306	26.12472589313984
17	7823.9272	2373.8093	9322.001	3194.0745	9321.788	0.09332382	9321.919	9321.614	839.6	1000.0	84999	344.25616	119.650085	498.731	-5.6646895	344.25308	119.65201	465.11053	-16.520102	-357.3691	1297.1736	443.57271552085876	26.092512789894553
18	6622.8516	3467.3315	9333.796	501.11148	9339.942	0.4763293	9340.574	9338.785	710.25	1000.0	89999	371.42575	123.88014	527.2275	-19.332417	371.42303	123.88323	484.82736	-24.36365	-382.00375	604.9567	471.16247034072876	26.175692915916443
19	9333.7705	2.5121794	9336.532	9330.175	9337.883	0.19134022	9338.126	9337.396	1000.0	1000.0	94999	398.52313	129.17586	535.9079	-8.760123	398.52118	129.18663	501.04846	-20.2258	-408.01086	504.5689	499.04384183883667	26.265465460325544
20	4774.9985	3779.5725	9327.183	557.52496	5088.741	3870.7815	9308.971	810.02496	512.3333	546.6	99999	418.19635	132.01894	603.01324	-7.4809895	418.19568	132.0215	524.98376	-20.74842	-428.4956	920.3018	524.0649936199188	26.20324977636337
21	1097.0295	1341.226	9031.889	156.49782	617.9204	50.481228	725.63666	530.4619	117.914894	66.4	104999	396.36655	123.349976	511.9761	-14.183946	396.3734	123.331635	503.88	-17.992111	-409.97684	2556.928	547.1135764122009	26.053027550379436
22	571.7377	160.63809	1069.9502	100.807556	557.9435	70.37421	651.1657	417.61755	61.5625	60.0	109999	329.15228	103.65311	490.2013	-5.3532434	329.15378	103.65527	468.07727	-15.836901	-346.19604	4110.367	571.5995333194733	25.98179705576463
23	652.3385	508.719	3868.3503	90.79128	7488.716	2880.636	9295.354	1291.0148	70.166664	806.2	114999	280.9614	86.97858	407.3958	-11.211744	280.96103	86.99614	404.00317	-8.349753	-294.5031	2519.1807	599.450850725174	26.06308055960614
24	1675.3961	1810.2235	9309.421	285.88544	9349.891	0.22593316	9350.486	9349.677	180.07408	1000.0	119999	267.1543	81.231636	364.94458	-4.2224007	267.1576	81.216736	353.28613	-4.1384993	-276.28033	1457.6562	629.5914790630341	26.232978373765945
25	1052.659	854.6209	5321.9004	304.64352	9318.562	11.142528	9349.283	9302.149	113.13333	1000.0	124999	254.87845	76.385086	350.58994	-7.7515016	254.87646	76.38494	345.6106	-6.653469	-264.5001	1723.7	660.4762263298035	26.419049129486083
26	1000.04645	684.9691	3322.8457	210.98071	769.64935	93.04935	893.6322	548.67523	107.53191	82.7	129999	246.68587	72.890175	359.59952	-12.920358	246.68063	72.90016	334.25763	-5.739907	-256.41016	1635.5717	687.8279061317444	26.454919539965115
27	1108.4178	918.42444	5532.8467	137.32758	9340.492	0.14464898	9340.722	9340.284	119.14634	1000.0	134999	246.47305	73.30865	347.62808	-11.195936	246.47133	73.32292	333.86313	-10.293903	-256.26126	1500.6216	719.3793852329254	26.643681014025653
28	1109.0901	922.4032	4590.953	109.452675	9330.427	0.8528006	9331.79	9329.439	119.23256	1000.0	139999	239.79196	72.000374	359.14896	-19.17229	239.79005	72.01197	331.273	-15.184668	-250.49146	1832.874	752.249219417572	26.866043618747167
29	1706.2296	1248.31	5336.577	219.13905	9340.133	5.5984535	9351.448	9336.883	183.3077	1000.0	144999	230.13176	69.597984	344.2882	-21.190113	230.13266	69.62843	353.7472	-21.363188	-241.9445	1828.4816	784.537440776825	27.05301525675017
30	1607.4905	1433.8425	5556.384	63.47055	9346.584	0.49067247	9347.36	9345.877	172.66667	1000.0	149999	231.50237	71.16386	340.9435	-17.586214	231.50494	71.181274	342.1024	-12.882446	-243.16393	1757.8022	818.5123338699341	27.283744525909423
31	1507.176	1363.0577	5837.9185	220.85886	9329.732	0.22563583	9330.215	9329.399	161.82759	1000.0	154999	238.24785	73.4195	350.51346	-26.221176	238.25352	73.40614	338.47385	-14.261089	-251.0871	1720.5336	850.5791790485382	27.43803809535119
32	3072.1677	1896.1464	7180.1265	389.37695	9324.411	0.18491979	9324.697	9324.172	329.6	1000.0	159999	252.62157	77.81819	361.5874	-37.647755	252.62502	77.794876	351.00064	-33.757076	-264.1913	1721.8864	880.4781432151794	27.514942042529583
33	2153.3423	2459.8916	9320.3545	128.27734	9315.395	0.14301257	9315.548	9315.12	231.17392	1000.0	164999	257.3883	79.01644	373.56555	-56.850105	257.39355	78.996216	360.11346	-46.697796	-269.6425	2003.9636	910.561322927475	27.592767426461883
34	2622.9941	2732.996	9323.608	417.65503	9313.088	0.20962614	9313.433	9312.712	281.52942	1000.0	169999	261.8013	80.53535	372.3263	-28.333529	261.8006	80.53033	368.0494	-22.469404	-273.54895	1988.8896	940.6191713809967	27.66526980259839
35	1449.9741	1171.6891	4611.945	118.697136	9323.823	0.22886133	9324.076	9323.432	155.80646	1000.0	174999	261.92603	80.76147	368.65747	-26.932203	261.93097	80.75652	362.41934	-22.894499	-273.4398	1994.3232	971.6509027481079	27.761454425539288
36	2578.814	2715.9224	9316.67	154.01665	9323.281	1.841669	9325.326	9321.226	277.0	1000.0	179999	258.4894	79.75582	360.22327	-31.942696	258.48712	79.752205	359.434	-23.851126	-270.34274	2004.8898	1001.7549510002136	27.826526469654507
37	4383.6294	3074.9595	9319.752	350.83643	9313.009	1.1913227	9314.692	9310.68	470.63635	1000.0	184999	263.4601	80.34881	372.8641	-24.759481	263.46796	80.300705	365.11462	-21.35574	-275.9596	1896.4912	1033.446011543274	27.93097334294706
38	6422.3794	4092.5376	9317.336	519.2798	9320.333	13.519209	9345.666	9308.811	689.5	1000.0	189999	270.6209	81.54003	371.75272	-42.39497	270.62146	81.51991	368.16437	-41.852547	-283.0342	1932.3536	1065.5672018527985	28.0412422042144
39	4354.7554	3793.574	9312.982	350.86145	9320.368	0.1956847	9320.619	9319.998	467.81818	1000.0	194999	279.89377	82.55545	375.64102	-46.856495	279.89902	82.52617	371.5555	-45.430153	-292.0612	1946.8903	1095.5098712444305	28.089996747481518
40	7925.4375	3108.3977	9317.794	974.84875	9304.303	0.36299446	9305.164	9303.759	850.8333	1000.0	199999	294.82553	85.13378	391.21017	-55.446716	294.82022	85.12758	395.00116	-65.14591	-306.36926	1671.0638	1124.8594415187836	28.121486085653306
41	8454.813	1233.735	9315.789	6380.15	9307.528	0.5231358	9308.295	9306.851	907.6667	1000.0	204999	315.20624	90.54216	407.60733	-56.37255	315.20435	90.52541	409.1651	-49.397316	-324.74695	1198.304	1153.9119193553925	28.144193195715182
42	9336.595	11.655713	9345.5205	9314.225	9356.92	0.11934217	9357.097	9356.72	1000.0	1000.0	209999	324.48822	93.711365	430.53232	-56.094093	324.48685	93.69043	429.163	-58.97477	-333.67023	1523.7676	1183.0513529777527	28.167889402026223
43	9344.353	2.6894019	9348.386	9341.027	9356.782	3.4007237	9359.546	9351.341	1000.0	1000.0	214999	324.6919	97.245674	462.03128	-58.08148	324.6942	97.21514	460.72055	-47.713238	-336.72375	1963.2844	1214.7360229492188	28.249675002208974
44	9339.005	1.722397	9341.939	9337.317	9358.365	0.09458904	9358.492	9358.248	1000.0	1000.0	219999	335.71512	104.379684	489.5342	-102.892914	335.71597	104.36824	493.0669	-65.20791	-352.2277	2803.3506	1248.9653544425964	28.385576286099173
45	9340.529	1.4811043	9342.97	9338.328	9356.654	0.15498973	9356.875	9356.364	1000.0	1000.0	224999	355.37637	109.93075	502.10516	-126.413124	355.372	109.84614	503.18903	-120.904755	-372.46753	2812.487	1282.1834514141083	28.49296565055847
46	9335.46	1.6097711	9338.658	9334.349	9353.232	0.63043416	9354.068	9352.184	1000.0	1000.0	229999	368.78256	113.62122	511.71207	-139.70207	368.77942	113.54635	510.79712	-155.3176	-384.53375	2492.8872	1312.49050116539	28.53240224071171
47	9328.064	1.6202712	9329.395	9325.466	9314.381	0.12209921	9314.531	9314.049	1000.0	1000.0	234999	381.55115	114.12742	527.75073	-137.06783	381.54388	114.105255	507.85272	-142.24448	-397.4025	2640.8677	1342.3117549419403	28.559824618887394
48	9323.057	1.4270602	9325.407	9321.251	9316.747	0.1074911	9316.901	9316.464	1000.0	1000.0	239999	385.50668	110.94535	520.2365	-122.39114	385.49622	110.94051	501.0894	-113.461716	-400.64124	2768.1377	1374.3046226501465	28.631346339980762
49	9317.756	1.7191868	9319.596	9314.549	9311.058	0.62828785	9311.959	9310.077	1000.0	1000.0	244999	385.3137	108.022865	522.6251	-80.84044	385.3038	108.05709	518.31885	-84.3969	-398.83582	2561.5537	1407.8078591823578	28.730772680165817
50	9314.345	1.555204	9316.053	9312.115	9325.817	0.7546823	9327.01	9324.669	1000.0	1000.0	249999	376.69388	104.1431	489.7176	-59.561428	376.68805	104.1443	477.26733	-73.805084	-389.76337	2649.6255	1438.258335351944	28.76516674518585
51	9315.589	1.3249613	9317.167	9313.95	9315.528	0.23826845	9316.125	9315.357	1000.0	1000.0	254999	371.03906	100.60593	499.15137	-80.34003	371.03574	100.60842	475.0807	-95.143524	-383.75186	2283.0376	1468.3729140758514	28.791625803592158
52	9313.605	0.8363481	9314.74	9312.702	9314.018	0.1602646	9314.246	9313.672	1000.0	1000.0	259999	366.18863	98.88616	513.5806	-76.03171	366.18414	98.88991	468.7282	-74.43935	-378.84174	2297.3137	1499.604427576065	28.838546720834877
53	9315.688	0.42016345	9316.407	9315.158	9310.658	1.5678905	9315.089	9309.277	1000.0	1000.0	264999	364.06583	97.51267	467.27625	-75.30302	364.06467	97.49565	463.35513	-79.644165	-376.8894	2242.454	1530.3651444911957	28.874814082991403
54	7782.3696	3423.1235	9313.901	128.03252	9315.478	0.07296105	9315.573	9315.341	835.6667	1000.0	269999	366.5879	96.4215	477.63187	-67.62129	366.58374	96.41973	464.4135	-69.197334	-378.84286	2180.608	1560.874757528305	28.90508814211245
55	9314.577	1.3978856	9316.492	9312.201	9316.04	0.0636491	9316.128	9315.929	1000.0	1000.0	274999	367.69028	95.36673	520.40704	-78.099236	367.6891	95.37157	496.26285	-79.55605	-379.8669	2095.1965	1591.9858462810516	28.94519724845886
56	9313.7	1.5204775	9315.541	9311.367	9314.209	0.0861813	9314.354	9314.002	1000.0	1000.0	279999	369.6163	96.346	513.4963	-40.41225	369.61612	96.3337	497.35706	-49.686005	-381.38904	2196.822	1623.8060324192047	28.996536327259882
57	9315.093	1.9689244	9318.167	9312.606	9316.115	0.23102795	9316.544	9315.727	1000.0	1000.0	284999	373.75235	97.15103	495.5287	-36.384758	373.74957	97.1449	490.94803	-40.639874	-385.93787	2234.838	1656.3677189350128	29.05908281761303
58	7542.699	3297.9006	9315.966	284.42014	9311.653	0.07365703	9311.778	9311.543	810.0	1000.0	289999	375.4852	96.4228	490.80573	-60.714497	375.4865	96.40835	471.7285	-69.90641	-387.48376	2335.0144	1686.8720128536224	29.084000250388836
59	7779.184	3426.7097	9313.681	116.82947	9313.824	0.22405098	9314.136	9313.553	835.5	1000.0	294999	375.11917	95.54088	492.3145	-54.95558	375.11932	95.53273	475.36804	-45.649975	-386.3321	2207.3977	1717.5303535461426	29.11068399477813
60	9311.76	1.5286105	9314.211	9309.583	9311.725	0.1389762	9311.985	9311.553	1000.0	1000.0	299999	374.07236	96.28661	497.7597	-100.40409	374.07068	96.28786	484.247	-48.419186	-385.5053	2280.4175	1748.0555591583252	29.134259355068206
61	9310.463	1.3363239	9312.635	9308.777	9312.346	0.17957363	9312.592	9312.008	1000.0	1000.0	304999	372.8423	95.37649	510.95743	-67.21954	372.84073	95.35783	548.8507	-78.34388	-384.7211	2442.5007	1779.2155520915985	29.167468102251895
62	9310.653	1.6763326	9312.165	9308.041	9312.842	0.15254612	9313.122	9312.617	1000.0	1000.0	309999	369.20755	94.129234	501.9788	-129.27339	369.215	94.06568	471.8918	-72.81421	-380.97845	2364.3933	1810.6422367095947	29.20390707831229
63	8833.405	954.2318	9315.039	6924.95	8422.856	2670.9272	9315.091	410.07513	948.8	904.4	314999	371.1796	92.4792	501.55457	-91.17688	371.18066	92.46054	476.7269	-121.119545	-382.2506	1998.6168	1840.2057769298553	29.209615537098475
64	5884.823	3796.001	9341.0205	604.5962	9342.611	20.105968	9355.862	9311.568	631.25	1000.0	319999	370.48392	93.34181	480.424	-127.72868	370.4895	93.29752	504.2209	-58.39162	-381.09134	1877.1407	1870.28049659729	29.22313278913498
65	8173.8267	2603.3445	9347.904	2352.636	9346.436	16.826612	9357.501	9320.406	875.5	1000.0	324999	365.3477	95.36106	582.5137	-29.117155	365.3428	95.35435	535.3798	-59.548775	-376.75644	2107.2688	1900.495287179947	29.23838906654945
66	9342.964	2.5571346	9346.526	9338.951	9343.594	15.020209	9354.074	9320.073	1000.0	1000.0	329999	355.76773	94.651085	476.52444	-96.56141	355.76727	94.643394	474.617	-64.68101	-368.22885	2860.9463	1931.2230577468872	29.260955449306604
67	2033.7202	1890.939	9338.011	549.1156	721.0629	223.64828	1014.8581	380.47205	218.16667	77.5	334999	323.21558	85.70695	458.54282	-56.297466	323.19818	85.7823	459.37546	-46.598816	-338.22385	3966.6057	1957.1748988628387	29.211565683137124
68	1012.7226	895.6111	5677.6836	278.51816	9313.545	0.41228706	9314.109	9312.699	108.76087	1000.0	339999	285.67065	79.36415	449.4449	-45.238976	285.6634	79.394264	446.43625	-69.82073	-301.57446	4370.8745	1986.894058227539	29.219030303113602
69	4307.9517	3520.822	9322.583	436.9897	9316.374	0.24805687	9316.957	9316.004	462.3	1000.0	344999	257.20764	71.673195	425.45032	-64.06735	257.2058	71.65796	423.80066	-42.085064	-273.50732	3750.3528	2018.25022482872	29.250003289485324
70	9318.924	2.263437	9321.543	9314.697	9310.698	0.050982736	9310.774	9310.609	1000.0	1000.0	349999	249.77448	73.32792	416.44748	-88.060875	249.77145	73.31362	416.9886	-104.42891	-267.89084	3583.656	2049.7089450359344	29.281556391716002
71	9318.553	1.3240933	9319.87	9316.027	9314.889	3.9959683	9321.222	9311.717	1000.0	1000.0	354999	262.8246	80.45877	416.23672	-66.85871	262.83237	80.43174	418.82294	-55.706	-279.62814	3198.7554	2082.5378799438477	29.331519466050914
72	8324.744	1988.6321	9319.531	4347.4795	9308.135	0.1527495	9308.32	9307.895	893.4	1000.0	359999	292.0879	89.31857	403.04492	-45.577076	292.09198	89.32032	405.94794	-56.88702	-300.9918	1310.0226	2113.632748603821	29.356010423766243
73	8617.763	1551.8497	9313.734	5147.722	9318.216	0.27444744	9318.492	9317.722	925.5	1000.0	364999	298.68634	84.39351	410.7516	-82.17916	298.69226	84.35083	386.62558	-113.83488	-305.56335	1145.3579	2145.911185979843	29.396043669687558
74	5376.9395	3098.6523	9310.336	1421.7748	9304.697	3.4689586	9313.512	9302.403	577.6667	1000.0	369999	298.6934	75.94841	414.2968	-60.287018	298.69867	75.92125	392.1974	-74.35143	-306.0251	1262.9384	2176.972577571869	29.418548371340776
75	6763.5	4034.9321	9317.17	258.85254	9319.752	0.12749022	9320.06	9319.637	726.1429	1000.0	374999	289.8451	66.08744	381.39224	-90.55243	289.84998	66.01002	380.62982	-72.486984	-299.6519	1718.798	2207.8711659908295	29.438282241821287
76	7822.137	1533.1302	9315.834	5697.974	9320.472	0.81119764	9321.924	9318.697	839.8333	1000.0	379999	286.4882	66.58414	404.05746	-40.579056	286.4902	66.55033	408.07526	-58.37394	-296.4286	1556.8909	2237.8723521232605	29.44568887196089
77	6448.9907	3010.282	9315.417	501.60703	9312.77	0.38940164	9313.39	9312.211	692.5	1000.0	384999	283.86047	67.01759	428.19614	-34.363358	283.8561	67.024734	426.42004	-38.272385	-293.06534	1525.9974	2267.917216539383	29.453470369438072
78	7127.279	2581.9587	9313.716	3333.945	9315.709	11.474006	9350.065	9311.263	765.2857	1000.0	389999	284.4174	67.24835	435.67816	-59.25279	284.41876	67.23845	435.67627	-90.37688	-292.53104	1233.3339	2299.5496275424957	29.48140551188053
79	3835.7341	2845.2036	9313.743	602.0493	9329.664	10.31199	9353.508	9314.057	412.07693	1000.0	394999	290.87848	68.23767	444.86038	-33.02554	290.87973	68.22811	446.48083	-18.807138	-298.50778	1088.5924	2329.5654640197754	29.48817045779168
80	7308.951	2989.5383	9346.508	1834.0243	9349.284	12.172878	9353.704	9312.776	782.6667	1000.0	399999	302.65173	71.900986	455.83484	-42.042706	302.64902	71.896385	460.90637	-27.123146	-309.4421	863.7302	2361.976558446884	29.52470700442791
81	6340.413	3473.052	9341.032	576.9058	9349.521	11.233742	9353.4	9315.822	679.125	1000.0	404999	315.24362	77.309875	462.3314	-108.57412	315.24817	77.26002	462.78833	-57.438095	-322.19476	873.0216	2393.3593866825104	29.54764677271431
82	7364.945	1918.8793	9339.3	3612.0203	9348.217	10.447099	9352.246	9316.917	789.0	1000.0	409999	330.5114	79.19423	463.6692	-56.88915	330.51172	79.18233	462.78317	-41.689255	-336.98965	814.6064	2423.667801141739	29.556924427427898
83	1989.9384	1523.7039	6810.68	558.615	9344.487	0.44312486	9344.936	9343.414	213.40909	1000.0	414999	341.9692	80.16657	471.0601	-89.5765	341.96756	80.15424	471.91595	-41.032375	-348.3055	922.683	2451.017408132553	29.530330244317113
84	2175.7832	2393.8765	9334.306	454.21988	9325.33	0.66818297	9326.338	9323.934	233.33333	1000.0	419999	351.86948	84.43142	485.7663	-61.35909	351.86865	84.423386	483.79047	-57.422695	-359.2749	1063.2769	2476.8547184467316	29.486365721339272
85	2217.496	1734.4601	9325.209	642.0407	9316.549	0.91388285	9317.983	9315.168	237.90475	1000.0	424999	373.7249	91.4114	494.8923	-94.41811	373.72464	91.375916	492.8753	-65.00212	-384.02628	1633.1328	2504.0594017505646	29.459522393170523
86	869.8318	449.78513	3604.102	361.3481	5849.295	4250.253	9319.794	511.5532	93.44444	627.7	429999	381.4231	95.79786	522.48364	-91.754425	381.4243	95.783936	495.5627	-91.91603	-389.44754	1536.0989	2532.6130628585815	29.448989125185236
87	1902.1842	2916.962	9307.05	417.69522	9304.877	0.21121965	9305.277	9304.682	204.45833	1000.0	434999	360.62067	93.873276	485.869	-109.720764	360.6281	93.84161	484.16943	-110.60814	-368.6765	1815.3594	2562.533431529999	29.454407283629493
88	3638.055	2256.5881	7022.3994	651.55786	9318.104	1.3992802	9322.102	9316.871	391.08334	1000.0	439999	325.8918	79.24887	441.76862	-74.143	325.89966	79.234604	445.32217	-86.811455	-333.6008	1646.2499	2591.9124615192413	29.453550723466005
89	3303.9773	1970.6174	7259.5615	725.74023	9309.83	2.3359149	9313.983	9307.23	354.8	1000.0	444999	306.51532	78.38221	444.8292	-118.46293	306.52573	78.33428	444.0762	-99.436455	-314.64502	1528.7792	2622.5914549827576	29.467319740338272
90	6462.04	2544.7473	9331.729	2381.9236	9320.906	2.3664405	9324.168	9316.856	693.8571	1000.0	449999	285.9022	80.39878	458.1817	-73.05725	285.9077	80.37279	457.3219	-54.71097	-293.80695	1445.3934	2656.0258405208588	29.5113982518514
91	7982.3047	1926.2902	9325.552	4685.697	9317.599	0.48083183	9318.299	9316.892	856.5	1000.0	454999	283.34305	85.34456	474.63577	-57.93794	283.34094	85.32816	485.43265	-55.4047	-291.5363	1279.4567	2687.756458759308	29.535785289911125
92	9325.619	5.444431	9332.197	9317.748	9322.979	0.39385965	9323.507	9322.547	1000.0	1000.0	459999	315.77167	91.75918	480.98914	-114.467255	315.77286	91.76266	486.74738	-71.02955	-327.77405	1702.5876	2717.4113869667053	29.537080313848413
93	9328.833	1.8333154	9331.233	9326.291	9316.614	0.300941	9317.095	9316.189	1000.0	1000.0	464999	327.66064	108.387085	483.9155	-63.859444	327.6811	108.359245	484.73373	-105.30137	-338.6826	1731.3176	2747.211398601532	29.539907534917194
94	9318.275	1.9371257	9321.298	9315.6045	9319.178	0.26482892	9319.704	9318.863	1000.0	1000.0	469999	335.3694	110.27529	483.78262	-64.704384	335.36722	110.24935	480.86362	-51.635643	-344.87845	1460.4423	2777.8924820423126	29.552047699055773
95	9019.17	586.74506	9315.074	7845.684	9315.545	0.2606608	9315.942	9315.113	968.6	1000.0	474999	325.8021	98.78485	466.51968	-93.77073	325.79776	98.76679	460.8987	-39.011932	-334.85504	1770.5144	2808.3287284374237	29.56135505877043
96	4872.7373	3623.7937	9306.321	378.9116	9320.357	0.27841845	9320.76	9319.876	523.8	1000.0	479999	306.7786	80.29708	440.9821	-46.382267	306.77112	80.316185	422.85266	-82.48136	-317.61432	2033.7034	2842.774959087372	29.612239179511864
97	4198.7373	2970.8044	9306.673	825.91284	9314.275	0.376929	9314.92	9313.764	451.36365	1000.0	484999	289.09378	71.504234	417.21982	-66.337975	289.08658	71.48698	417.81192	-96.76992	-299.19754	1827.6644	2875.6754217147827	29.646138387857025
98	5855.097	3142.2434	9309.337	1942.1029	9321.402	0.36008614	9321.859	9320.931	629.125	1000.0	489999	277.07516	65.85662	401.40747	-82.43258	277.07507	65.859245	398.00525	-73.7154	-286.40402	1575.5444	2906.289142847061	29.656011681167445
99	3166.2126	3149.8125	9305.884	388.61954	9329.811	0.10246556	9329.982	9329.636	340.15384	1000.0	494999	271.45108	62.07885	363.6176	-78.76716	271.45618	62.031322	368.45984	-53.57104	-280.50015	1476.8632	2938.4433450698853	29.681245929062968
100	2453.436	2460.9612	9318.437	380.0124	9320.031	0.14005554	9320.238	9319.798	263.5	1000.0	499999	264.8936	58.37522	354.678	-56.326736	264.89084	58.34858	383.57916	-70.56759	-273.75998	1498.9865	2968.7356853485107	29.68735687494278
101	2052.5164	1792.9121	6595.6313	352.31543	9345.166	0.24436454	9345.582	9344.813	220.41667	1000.0	504999	257.3751	55.837803	352.2473	-64.80423	257.37274	55.802135	368.19388	-68.068924	-266.417	1486.551	3001.33882856369	29.71622604426771
102	1172.3998	1511.0306	8741.095	380.82233	9344.948	0.18940605	9345.211	9344.641	125.97436	1000.0	509999	253.40137	55.182964	347.59015	-100.67159	253.40141	55.142426	364.7779	-64.53194	-262.0538	1387.205	3033.3904275894165	29.73912186014886
103	1386.8458	1437.537	7474.766	82.35193	8450.159	2615.3667	9323.545	604.05994	148.9697	906.5	514999	254.05865	56.11844	351.22	-64.86161	254.05763	56.081337	339.43747	-65.87693	-263.07303	1257.5201	3064.3385751247406	29.750859980444307
104	1654.9803	1640.4077	8307.59	247.96964	9328.146	0.20641515	9328.432	9327.719	177.72414	1000.0	519999	253.98752	55.90673	348.07596	-266.01187	253.98473	55.879196	362.66495	-51.944893	-262.8576	1376.9636	3097.7556602954865	29.786112136565723
105	2211.1094	2053.726	9325.867	313.9893	9350.074	0.14730856	9350.326	9349.772	237.33333	1000.0	524999	257.54233	56.419197	360.24005	-43.643707	257.53995	56.403847	346.1335	-56.423836	-266.06946	1185.1632	3129.008065700531	29.800076836631412
106	1667.8463	1716.0695	6663.883	399.06067	9350.0205	0.16462132	9350.226	9349.671	179.03572	1000.0	529999	261.72162	56.91208	355.8173	-121.3857	261.72375	56.864494	357.16217	-112.37806	-270.83282	1379.0552	3160.4511246681213	29.815576668055552
107	1305.8468	730.2583	3933.1387	351.98892	9349.85	0.27101818	9350.333	9349.474	140.25	1000.0	534999	263.21823	56.70688	351.63086	-71.70441	263.2169	56.69982	350.41165	-74.22861	-271.7856	1272.9882	3189.969971895218	29.812803495710142
108	1247.9695	1177.9581	6172.8354	352.95868	9349.723	0.4357962	9350.296	9348.854	134.0	1000.0	539999	262.1192	56.587914	367.71667	-80.25187	262.11707	56.56807	363.40558	-77.56565	-270.80225	1354.1056	3219.3512687683105	29.80880806401924
109	1234.8556	1092.002	5245.9673	109.09911	9335.53	9.497233	9339.485	9307.057	132.72974	1000.0	544999	254.84671	55.459652	360.08652	-95.44558	254.84494	55.433453	351.12402	-78.284256	-263.4247	1420.1221	3248.695872068405	29.804549300342526
110	1745.7826	1827.2637	7021.0493	193.22844	9349.386	0.3192671	9349.876	9348.851	187.46153	1000.0	549999	247.008	54.421337	342.61884	-88.38094	247.00359	54.40585	355.16656	-69.26758	-255.3884	1357.5413	3277.870412826538	29.7988219499588
111	1243.0602	1172.4323	5460.788	287.43198	9350.056	0.21518794	9350.338	9349.73	133.5641	1000.0	554999	242.40962	53.80113	357.6941	-76.91321	242.4084	53.77928	359.3253	-84.949585	-250.86975	1372.7142	3306.9204053878784	29.792075741398442
112	1130.4304	839.56134	3525.109	323.5397	9349.379	0.29842892	9349.7295	9348.632	121.447365	1000.0	559999	236.24973	53.455067	344.06635	-86.51128	236.25072	53.420456	347.5697	-78.24013	-245.0754	1353.3134	3337.1000673770905	29.795536332896777
113	2332.9387	1910.3959	7134.8247	305.11877	9326.893	1.4615097	9328.342	9323.134	250.28572	1000.0	564999	238.73903	54.54917	337.2004	-111.75171	238.7419	54.508984	380.96637	-89.357185	-247.3106	1195.3232	3367.588921070099	29.80167188686607
114	2563.8662	2156.2793	6417.6523	295.15417	9349.637	0.55875194	9350.049	9348.19	275.05884	1000.0	569999	247.96283	55.430317	343.9383	-94.211555	247.9629	55.416595	353.2281	-86.396194	-256.362	1157.3718	3398.510449886322	29.81149519535533
115	2854.2483	2818.5254	9330.227	473.28104	9349.947	0.42844892	9350.34	9348.937	306.11765	1000.0	574999	258.37646	57.553852	358.5418	-82.27948	258.37787	57.52479	361.44415	-88.32393	-266.4369	1169.0254	3428.4012417793274	29.812184729783432
116	2106.0132	2039.5823	9329.946	341.92468	9350.193	0.20947163	9350.476	9349.745	225.95653	1000.0	579999	264.22723	59.254932	362.22473	-73.31712	264.22906	59.228737	365.65338	-63.874664	-272.36685	1258.7332	3460.7824046611786	29.834331093163325
117	2040.8181	2199.324	7907.734	370.92566	9349.826	0.34679273	9350.335	9349.325	219.0	1000.0	584999	265.84955	59.73282	362.44794	-80.69651	265.8501	59.68544	364.33304	-56.032986	-274.0385	1387.9714	3490.525373697281	29.833550218842987
118	1756.7886	1493.8058	5820.0903	324.71085	9349.906	0.21715663	9350.177	9349.538	188.5	1000.0	589999	258.04343	58.423847	367.9071	-103.73208	258.04144	58.410892	362.9314	-67.60548	-267.21356	1411.855	3519.965092897415	29.830212665816486
119	2190.1577	2095.7268	9330.564	371.4462	9350.031	0.20406792	9350.253	9349.504	234.90475	1000.0	594999	256.29105	58.06987	374.42273	-79.36186	256.29446	58.029846	359.41382	-59.377636	-265.09045	1364.9172	3549.489233970642	29.827640635626658
120	2135.2085	1770.8014	6744.269	381.13864	9349.983	0.431798	9350.421	9349.053	229.05263	1000.0	599999	258.8269	58.510105	346.94788	-89.10304	258.8258	58.483482	355.0445	-56.312176	-267.398	1315.268	3579.0479311943054	29.825399442513785
121	3021.869	3550.478	9332.751	426.91956	9350.767	0.31017336	9351.154	9350.105	324.1111	1000.0	604999	266.58792	60.495434	358.50754	-66.48357	266.58832	60.44731	398.98438	-65.397934	-275.276	1363.6005	3609.7981326580048	29.833042446246818
122	3072.1409	3295.733	9319.944	342.22867	9347.909	0.41014346	9348.347	9347.116	329.7857	1000.0	609999	270.93146	60.64985	368.43533	-83.1116	270.9298	60.643246	375.47177	-61.528923	-279.04468	1276.812	3644.9296247959137	29.87647235198099
123	7142.7446	3491.7644	9323.937	601.04626	9321.533	0.10102538	9321.715	9321.383	766.5714	1000.0	614999	271.37473	60.927353	367.66107	-86.188965	271.378	60.925095	367.72305	-80.788574	-280.25916	1321.309	3675.3309535980225	29.880739475653424
124	6369.6187	3634.1802	9317.13	500.41437	9316.847	1.2552294	9319.676	9315.913	684.1667	1000.0	619999	276.9856	64.80795	387.35074	-95.95758	276.98898	64.78694	398.11954	-57.90693	-285.9685	1306.8947	3705.191501379013	29.880576641328872
125	7543.0454	3161.891	9321.522	380.8572	9321.778	1.1276466	9323.074	9319.302	809.5714	1000.0	624999	279.76062	66.212715	405.67654	-120.67807	279.76434	66.12534	393.06567	-59.766563	-289.6884	1487.4679	3735.3413050174713	29.882730457305907
126	6808.6333	2563.009	9318.365	3054.335	9350.165	0.29650807	9350.691	9349.755	730.6667	1000.0	629999	276.7846	63.46917	392.86456	-106.47098	276.78223	63.401886	403.27133	-80.61141	-286.96835	1654.1274	3766.707846403122	29.894506732622784
127	2673.889	2981.433	9324.664	427.05035	9345.366	0.27544603	9345.74	9344.723	287.0	1000.0	634999	271.1306	61.069202	383.64377	-105.88077	271.12393	61.027287	395.7947	-68.04226	-279.6047	1453.1382	3796.194988012314	29.89129913698031
128	2079.6663	1819.7552	8126.0166	390.3173	9349.336	0.34607023	9349.538	9348.353	223.2381	1000.0	639999	268.43317	60.304	387.022	-129.80608	268.42902	60.28372	398.02603	-93.434654	-275.55038	1170.616	3825.808651447296	29.889130104333162
129	7584.194	2786.3635	9345.949	1050.7166	9358.748	0.2704239	9358.977	9358.238	812.8571	1000.0	644999	280.0509	65.5239	390.1782	-66.67678	280.04816	65.532875	392.45245	-73.55687	-286.61044	898.6384	3855.551328420639	29.88799480874409
130	9344.817	2.3315072	9346.539	9340.217	9358.475	0.40575615	9358.831	9357.775	1000.0	1000.0	649999	301.52896	73.314156	412.32355	-78.47727	301.53247	73.30674	409.51318	-85.723656	-310.1117	1257.617	3885.3129601478577	29.887022786874038
131	9343.433	2.3133726	9345.538	9339.057	9352.036	12.620492	9356.439	9314.181	1000.0	1000.0	654999	321.64963	79.15156	440.70456	-70.98355	321.65393	79.12017	452.41562	-84.25767	-331.2581	1542.6182	3916.3950350284576	29.896145321940647
132	4760.729	3441.6968	9332.153	548.1951	9353.76	3.6592333	9356.604	9343.174	510.875	1000.0	659999	324.5829	80.64802	440.73596	-81.16337	324.58282	80.63883	446.95496	-84.82003	-334.36206	1840.9032	3947.475175857544	29.90511498487357
133	8338.073	2192.7607	9323.899	3434.9136	9314.6045	1.7452515	9316.902	9312.702	894.8333	1000.0	664999	317.78574	77.63596	441.72223	-128.80322	317.78033	77.59498	449.01135	-104.114105	-326.87924	1700.7328	3980.4619765281677	29.92828555214674
134	8136.5396	2237.7402	9318.663	3192.2446	9321.213	0.25411254	9321.627	9320.861	873.6667	1000.0	669999	309.72372	73.494484	426.54956	-104.01855	309.7273	73.43569	425.79077	-96.94112	-318.5171	1532.26	4011.7809541225433	29.938663850969345
135	5501.5435	3345.0942	9327.144	1049.4729	9348.356	5.203222	9351.607	9337.371	590.625	1000.0	674999	308.5243	73.57275	445.39856	-143.49303	308.52762	73.526695	445.8343	-103.62677	-316.7527	1439.7074	4042.764949798584	29.946407049673574
136	8256.869	1512.2662	9329.002	6064.83	9358.854	0.5581116	9359.489	9357.789	885.5	1000.0	679999	310.043	73.43096	433.7352	-103.92068	310.0447	73.43175	446.14545	-89.49579	-318.38535	1543.611	4073.8094124794006	29.95448098989094
137	9333.185	6.5008316	9338.583	9320.811	9319.549	2.672778	9325.88	9316.826	1000.0	1000.0	684999	307.0273	74.88427	424.14493	-107.536194	307.02966	74.86497	444.5966	-103.67994	-316.36685	1706.9706	4105.031748533249	29.963735406416177
138	8905.888	817.24176	9319.364	7271.4165	9321.718	19.128698	9359.979	9311.972	956.2	1000.0	689999	298.8079	72.49408	420.65436	-111.89235	298.8066	72.48108	447.463	-125.60155	-307.93607	1838.0251	4136.238232135773	29.97274082639943
139	6050.9795	3893.6877	9309.275	566.97015	9324.166	0.30321455	9324.783	9323.676	650.25	1000.0	694999	285.8721	67.65078	393.6528	-97.145676	285.86392	67.64535	408.53262	-102.142334	-294.29797	1827.0524	4168.041231393814	29.985908154961017
140	6963.875	3027.9426	9318.449	753.3136	9329.42	0.59826815	9330.6	9328.798	747.8333	1000.0	699999	277.24838	64.96456	392.52817	-155.18004	277.2457	64.97625	398.34912	-142.41347	-286.5023	1706.4392	4200.294395685196	30.002102839946748
141	4763.765	3531.1414	9314.558	501.7837	7625.04	3435.2546	9342.854	642.78864	511.6	816.2	704999	271.5483	60.80647	410.6414	-92.00483	271.55072	60.767044	437.5631	-143.92416	-281.25684	1778.9426	4232.256464719772	30.016003309412206
142	5739.9785	3274.984	9318.132	436.0609	9350.955	1.9424175	9353.793	9348.035	616.2222	1000.0	709999	268.03714	58.987793	367.5009	-129.71437	268.0373	58.964527	371.13623	-104.710266	-276.99866	1622.5212	4263.618150234222	30.025479942979945
143	1818.6865	1744.3862	7221.8047	528.9456	1619.1532	2570.0732	9324.287	587.7102	195.24	173.6	714999	271.11478	59.65443	395.705	-97.47041	271.11673	59.614326	383.2469	-102.0838	-279.05197	1317.7346	4292.212229967117	30.015470152968295
144	1554.9045	2200.9521	9322.4375	303.39612	9328.689	0.8292158	9331.012	9327.888	167.0	1000.0	719999	282.8263	63.531105	419.85043	-126.07902	282.83005	63.499474	415.38138	-94.49462	-290.61026	1248.1486	4323.547675848007	30.024636652734543
145	7885.439	3199.0276	9319.562	732.1977	9341.976	0.6504183	9343.236	9341.341	846.5	1000.0	724999	294.9918	65.59654	415.3842	-105.10215	294.9957	65.526085	404.6722	-102.36353	-303.4958	1582.3938	4355.5611453056335	30.038352739399876
146	7843.5327	2340.3079	9325.412	3065.632	9355.658	0.8437573	9356.792	9353.795	841.3333	1000.0	729999	295.82416	64.72013	427.5023	-143.60191	295.82297	64.70377	441.6968	-83.49519	-304.64355	1785.1556	4387.443507432938	30.050982942319894
147	9318.258	3.8119009	9324.351	9312.439	9313.855	0.3104423	9314.06	9313.058	1000.0	1000.0	734999	287.24985	62.79031	389.14786	-100.43203	287.2479	62.745174	405.89938	-112.90553	-296.3406	2131.9016	4419.452092885971	30.064299966202302
148	7054.693	3436.5522	9332.086	397.10773	9351.451	0.26172733	9351.8955	9350.91	756.5	1000.0	739999	273.58835	62.334557	373.47925	-140.71791	273.5846	62.2873	377.76523	-91.0097	-284.44397	2177.691	4450.90616774559	30.073690337103766
149	7226.09	3136.7725	9338.159	1312.1187	9342.98	0.2218545	9343.213	9342.514	774.3333	1000.0	744999	275.69086	65.45833	370.8496	-99.88815	275.68518	65.44277	374.6915	-88.844406	-287.47696	2186.983	4480.990225076675	30.073759915844708
150	9337.264	1.2386669	9338.547	9335.595	9358.824	0.5743948	9359.4	9357.386	1000.0	1000.0	749999	285.2808	66.91545	379.23935	-90.03383	285.2788	66.887726	376.74445	-80.71613	-297.6511	2184.8408	4511.108801364899	30.07405868689219
151	9334.395	2.9722478	9336.874	9330.147	9358.144	0.18052016	9358.4375	9357.868	1000.0	1000.0	754999	294.1207	66.82853	380.80716	-95.27215	294.11978	66.791504	383.8117	-79.7849	-306.5127	2445.5393	4541.042497873306	30.07312913762023
152	9016.39	692.62274	9337.428	7467.7554	9322.116	18.812136	9359.78	9312.549	966.8333	1000.0	759999	301.0615	67.033134	394.61026	-167.28764	301.0639	66.99499	387.25488	-120.60229	-311.4904	2241.67	4571.165565729141	30.07345768181901
153	8456.186	1711.0216	9313.724	5034.144	9320.856	0.294059	9321.35	9320.412	908.2	1000.0	764999	293.06537	66.697914	387.3408	-137.6708	293.066	66.66435	387.47223	-101.47244	-302.7871	2281.074	4601.262250900269	30.073609497032912
154	9327.661	8.576187	9337.691	9315.716	9343.612	4.1185822	9345.653	9331.344	1000.0	1000.0	769999	293.382	69.4605	401.34073	-165.43602	293.3888	69.430695	394.47647	-148.78981	-303.33795	2101.186	4632.073091268539	30.07839671048251
155	7811.842	3382.6438	9335.584	248.03722	9310.202	0.19818757	9310.518	9309.84	837.8333	1000.0	774999	299.56793	71.86077	391.39496	-164.3787	299.55923	71.87179	431.03674	-169.15926	-310.79306	2367.8604	4663.316786289215	30.08591476409666
156	7798.9004	2636.5037	9309.985	2096.9912	9306.518	0.07846605	9306.634	9306.383	838.1667	1000.0	779999	288.99536	65.591515	388.79504	-148.5757	288.993	65.55128	390.1617	-153.04803	-299.27448	2308.4712	4694.899254798889	30.09550805733754
157	9311.639	3.7416198	9314.081	9304.217	9310.848	0.2588519	9311.151	9310.285	1000.0	1000.0	784999	281.45865	60.964325	380.59787	-132.89548	281.45236	60.957756	378.17026	-138.97922	-291.1781	2101.034	4727.541070461273	30.111726575596318
158	8501.37	1617.5826	9315.149	5266.2104	9326.912	0.7388475	9327.764	9325.301	913.2	1000.0	789999	280.71304	59.016834	371.4002	-157.30437	280.71497	58.999172	370.6715	-130.52104	-291.45596	2314.0369	4759.867289066315	30.125742350952535
159	9318.346	2.0717828	9322.077	9316.053	9312.959	1.4301089	9316.268	9311.2295	1000.0	1000.0	794999	282.93964	60.956562	394.94693	-215.0671	282.9434	60.93028	378.40598	-132.13159	-293.89993	2114.9268	4790.487100362778	30.128849701311605
160	9314.046	1.7937294	9315.907	9311.7	9318.269	0.5174228	9319.148	9317.611	1000.0	1000.0	799999	283.78738	64.3548	396.83438	-99.60781	283.7934	64.33485	395.57202	-92.70757	-293.71716	2030.8196	4822.53860783577	30.140866312384606
161	8294.592	2053.5103	9312.677	3721.3345	9316.843	0.8973037	9318.331	9315.5625	890.5	1000.0	804999	283.1443	68.1784	412.42462	-103.54324	283.13797	68.17484	410.73914	-113.50349	-292.71774	1793.054	4854.14830493927	30.14998948351937
162	4929.2563	3694.8296	9310.504	649.4457	9299.047	0.77798074	9300.699	9298.254	529.7	1000.0	809999	283.9611	69.92387	429.53418	-226.01083	283.9576	69.90068	429.511	-111.49919	-293.23285	1776.1667	4885.859265327454	30.15962510638767
163	6646.6587	2979.727	9316.759	528.4355	9325.116	0.51842093	9326.173	9324.43	714.2857	1000.0	814999	278.56833	68.2581	431.5799	-162.86415	278.5608	68.256714	430.93503	-121.29569	-288.07693	1921.1946	4917.711029291153	30.170006327833867
164	8043.611	2856.6172	9324.906	1656.0217	9328.515	0.93820035	9329.644	9325.873	863.0	1000.0	819999	272.95044	65.00891	430.07117	-115.728065	272.9512	64.98665	426.2307	-107.27099	-282.3412	1878.2068	4950.660171031952	30.186952274020125
165	5849.4805	3894.5784	9324.637	576.1822	8944.271	1159.4325	9339.163	5465.9844	627.625	958.7	824999	271.31952	62.85628	416.56577	-121.28367	271.3248	62.814404	414.99365	-108.45751	-281.0736	1804.6912	4982.326395511627	30.195917563004926
166	5485.6914	3853.5483	9320.909	744.23706	9338.69	5.528208	9340.864	9322.132	588.75	1000.0	829999	264.64337	56.74888	383.462	-103.1504	264.64194	56.71985	381.0272	-101.78523	-274.36386	1928.3872	5014.0365998744965	30.205039769770153
167	8081.1724	2764.761	9318.879	1898.9797	9337.619	12.139735	9357.092	9325.926	867.3333	1000.0	834999	257.40793	54.675076	347.2427	-104.15068	257.40836	54.663807	378.86884	-110.4512	-267.84717	1897.2172	5044.644040107727	30.207449353383687
168	6651.5503	3419.4468	9328.506	407.78708	9320.343	11.8057375	9355.74	9315.82	713.5714	1000.0	839999	256.32138	55.040157	346.52148	-152.73749	256.3149	55.03888	358.6941	-120.29703	-266.7954	1826.6672	5075.043519973755	30.208592393568583
169	7853.0454	2935.238	9323.565	1982.5692	9317.154	4.975205	9331.588	9313.613	842.6	1000.0	844999	251.98193	55.168255	366.3493	-94.02905	251.98122	55.15526	390.11353	-79.301796	-262.31186	1776.2988	5106.377131700516	30.21524931128914
170	7968.8687	3018.681	9320.6875	1218.8932	9320.905	11.086687	9332.182	9309.136	855.1667	1000.0	849999	254.64915	55.965763	351.29684	-165.62067	254.6457	55.94237	347.3141	-112.31535	-263.93774	1540.8969	5137.239647865295	30.219056768978344
171	1987.7069	2544.3113	9321.659	297.11392	9322.3125	0.3463746	9322.689	9321.503	213.51852	1000.0	854999	253.67784	55.42445	351.44873	-88.447174	253.67442	55.42245	348.0201	-122.49206	-262.09622	1365.607	5167.65788936615	30.22022158639473
172	4619.4814	3013.7415	9313.861	473.14725	9334.461	8.431978	9340.46	9320.067	496.1111	1000.0	859999	246.94131	55.018852	342.4701	-173.72246	246.93756	55.009445	343.58002	-113.69491	-255.3733	1372.805	5198.422095775604	30.223384291626687
173	7794.1196	1921.8892	9329.924	3944.191	9333.277	0.2742783	9333.759	9332.941	835.8333	1000.0	864999	246.38954	55.371475	344.66492	-143.24129	246.3878	55.33509	341.7389	-102.4573	-253.93954	1317.9512	5229.332713365555	30.227356737059665
174	9323.9375	2.678052	9327.879	9319.901	9341.888	0.16021578	9342.108	9341.497	1000.0	1000.0	869999	246.24513	57.09087	344.897	-105.811844	246.2334	57.129456	337.40903	-119.11866	-255.13435	1548.412	5259.983845949173	30.229792227690247
175	9330.012	1.2008033	9331.316	9328.013	9342.93	0.4120279	9343.326	9342.224	1000.0	1000.0	874999	262.63492	57.071545	356.15982	-115.17712	262.62802	57.08894	356.84662	-75.59269	-272.6551	1710.0942	5290.92037320137	30.233830716269356
176	7326.3555	3200.6382	9330.85	1402.547	9335.461	0.61955243	9336.7295	9334.334	785.7143	1000.0	879999	271.28027	59.727715	366.49292	-106.59172	271.2855	59.651886	365.9183	-89.55185	-279.9093	1504.3328	5322.091124534607	30.23915412751111
177	9025.723	543.67957	9329.127	7942.8364	9333.881	0.10087517	9334.077	9333.71	967.8	1000.0	884999	292.5	63.159653	405.3729	-109.75989	292.50665	63.092236	397.34262	-83.28268	-303.50824	1753.0116	5352.862740278244	30.24216238522934
178	9323.576	3.0796876	9327.993	9319.361	9329.191	0.22847556	9329.544	9328.809	1000.0	1000.0	889999	315.67233	65.91467	421.7637	-194.70746	315.68472	65.81251	436.7735	-99.73826	-325.36722	1675.815	5382.842546701431	30.240688473990794
179	6785.085	3010.6907	9325.586	947.9192	9312.174	0.6890252	9313.169	9311.3125	728.0	1000.0	894999	330.35324	68.37921	515.69147	-185.26515	330.364	68.31705	459.41287	-99.01534	-338.57025	1466.4211	5411.8942811489105	30.23404627538926
180	2757.287	2438.314	9312.881	323.8455	9335.611	10.239826	9356.164	9328.605	296.125	1000.0	899999	317.17868	66.46582	440.2921	-187.05673	317.1807	66.419426	435.53003	-133.43008	-326.36224	2060.3467	5441.199420452118	30.228885679774812
181	1919.173	1698.9457	6608.982	548.0933	9315.042	0.077419914	9315.155	9314.877	206.03847	1000.0	904999	295.5212	65.961	436.96045	-191.95944	295.51642	65.9088	433.30646	-131.38834	-303.8317	1628.2018	5470.165328979492	30.22190790545216
182	2319.2727	1753.7954	7128.963	558.3059	9320.019	0.18366879	9320.327	9319.747	249.0	1000.0	909999	280.89423	63.581547	394.53168	-129.63866	280.86954	63.601376	401.86	-97.20839	-288.44183	1572.0248	5499.040395975113	30.21450768198286
183	5792.3345	3268.8696	9317.71	771.80286	5790.8916	3268.4194	9327.6455	1265.731	621.875	621.6	914999	280.28146	61.151222	416.04126	-173.54071	280.27533	61.130936	436.84253	-113.70128	-288.16483	1461.2861	5526.678300142288	30.200427881355495
184	1411.3011	1381.4813	5454.3613	464.78818	9320.126	4.9207454	9326.163	9315.131	151.65517	1000.0	919999	280.25128	57.4228	396.60455	-118.803635	280.2549	57.364388	382.0358	-72.94803	-288.0407	1438.0867	5555.693783044815	30.19398796040079
185	1114.0176	1316.2576	9251.935	323.9037	708.1449	201.47119	1284.118	549.1124	119.74468	76.1	924999	266.0094	55.210278	359.3375	-103.37142	266.01437	55.16158	366.19922	-69.04661	-272.42386	1360.0605	5580.83064866066	30.16665216394373
186	849.0016	423.40536	2160.1912	277.58005	779.4171	227.38791	1070.523	464.33673	91.30909	83.8	929999	256.23538	56.38489	355.36917	-107.63383	256.23154	56.36453	382.88947	-82.60424	-261.6416	1200.9521	5606.049827575684	30.140052845401147
187	3774.9634	3737.7478	9348.059	651.2119	9356.131	0.6883774	9356.6875	9354.457	404.45456	1000.0	934999	269.38672	61.45434	401.5638	-110.13084	269.38217	61.47882	389.2025	-72.503365	-275.61346	1075.0934	5635.356304645538	30.13559522220795
188	3607.3655	3468.217	9336.958	547.78394	4407.253	2803.507	9306.566	1108.4287	386.85715	473.5	939999	287.38605	65.85273	397.57376	-107.93448	287.3925	65.876144	402.16345	-38.947727	-297.50455	2069.3489	5662.224453210831	30.11821518553064
189	1918.8024	2502.8142	9311.382	110.00333	9313.252	0.14166418	9313.4	9312.929	206.25	1000.0	944999	283.09283	65.325836	376.2399	-140.22462	283.1303	65.10086	392.36902	-92.57584	-291.18704	2059.6042	5691.486639499664	30.113685932108964
190	2175.008	1971.6356	9312.205	650.03424	9320.205	1.3695803	9320.847	9316.134	233.72728	1000.0	949999	267.60202	61.731014	362.00406	-157.03522	267.66165	61.40282	359.55713	-52.091534	-276.50754	2406.0227	5720.333611965179	30.107019020381728
191	1041.5557	504.70624	2913.4514	371.806	807.2003	173.65845	1192.1738	567.4459	111.933334	86.7	954999	256.42102	58.554966	352.95178	-179.74907	256.47214	58.273693	353.13913	-73.83329	-266.23315	2429.692	5745.457740783691	30.08093058875718
192	988.5204	1284.5444	9330.737	455.52847	9325.736	7.097031	9334.77	9319.776	106.17778	1000.0	959999	255.77385	58.01412	360.26102	-134.10889	255.81506	57.851345	357.0812	-63.248573	-267.78052	2530.145	5774.471568107605	30.075372761736315
193	8059.1226	2534.5156	9329.176	2990.092	8678.498	1967.9221	9335.181	2774.7317	864.2	929.8	964999	270.95398	60.828465	378.73425	-109.98412	270.98663	60.68568	376.5768	-58.05159	-278.28766	1516.5981	5803.16942358017	30.068235365220303
194	9324.295	3.2269373	9327.203	9318.131	9307.994	0.39661628	9308.469	9307.36	1000.0	1000.0	969999	279.3824	68.5758	392.24695	-134.96326	279.3965	68.494255	392.5252	-36.6555	-286.99567	1588.5123	5832.06411075592	30.06218614774881
195	7252.572	3252.8188	9312.663	2109.1494	9323.619	0.25682887	9324.1	9323.282	779.1429	1000.0	974999	281.56738	70.856865	392.06192	-142.08656	281.57968	70.7783	392.27432	-74.68046	-288.71793	1622.04	5861.329274654388	30.058098854162754
196	9313.506	1.7908385	9316.988	9312.191	9317.646	0.102948405	9317.783	9317.396	1000.0	1000.0	979999	271.17166	74.69132	388.85394	-129.12885	271.18762	74.59967	389.536	-39.557346	-283.41516	2518.388	5890.377525806427	30.05294656875182
197	9314.959	1.5932299	9316.161	9311.868	9312.331	0.34020543	9313.158	9311.824	1000.0	1000.0	984999	269.8696	76.62076	387.8043	-137.95882	269.89017	76.53143	392.16986	-44.613297	-281.7261	2456.5383	5919.252844810486	30.04696876506515
198	7803.895	3279.6602	9313.651	472.1478	9307.788	1.0515778	9309.888	9306.22	838.3333	1000.0	989999	269.51315	70.83092	394.35596	-129.96638	269.5297	70.75305	384.1388	-68.65398	-277.02316	1682.4095	5948.284190893173	30.041839357578393
199	9309.137	1.1647766	9310.359	9307.268	9309.396	3.3010328	9315.466	9305.063	1000.0	1000.0	994999	266.43143	68.970184	390.03326	-120.71024	266.4356	68.92868	390.3575	-99.124146	-276.60736	2197.557	5977.249457359314	30.036429443551068
200	9309.003	2.46358	9312.153	9306.471	9310.475	0.7994286	9312.099	9309.728	1000.0	1000.0	999999	262.2659	68.67766	384.3002	-167.26083	262.2785	68.65827	380.1054	-55.0605	-273.858	2336.6577	6006.314234018326	30.031571180820464
