Epoch	AverageEpRet	StdEpRet	MaxEpRet	MinEpRet	AverageTestEpRet	StdTestEpRet	MaxTestEpRet	MinTestEpRet	EpLen	TestEpLen	Time Steps	AverageQ1Vals	StdQ1Vals	MaxQ1Vals	MinQ1Vals	AverageQ2Vals	StdQ2Vals	MaxQ2Vals	MinQ2Vals	LossPi	LossQ	Time	AVG Time Per Epoch
1	17.766567	15.533637	146.61852	4.694126	38.912853	0.5056746	40.231194	38.347412	21.704348	22.1	4999	6.7264233	4.968942	29.93518	-9.694702	6.726717	4.967303	30.23221	-10.913238	-8.023168	0.54889244	16.951908826828003	16.951911449432373
2	22.18275	25.996729	195.49721	3.5513508	7.367315	0.085078135	7.528438	7.2560797	24.302439	8.0	9999	31.242107	15.819473	93.36713	-105.43401	31.24326	15.812985	94.883934	-106.04838	-36.14785	9.74161	37.88242554664612	18.941213965415955
3	131.19589	68.38337	219.94348	7.449476	162.88101	0.8513345	164.79079	161.681	70.57143	88.9	14999	73.453445	24.151865	122.71953	-186.29897	73.456184	24.13623	122.82308	-161.73073	-79.94999	35.410927	60.20854735374451	20.06951649983724
4	159.60071	21.377779	182.7314	65.458824	170.18968	4.4577403	178.46011	163.53598	86.31035	88.5	19999	91.60992	27.555151	143.54411	-268.38446	91.6129	27.53027	137.42757	-235.63892	-96.109215	33.34053	82.8062036037445	20.70155155658722
5	158.18892	55.669533	205.79996	7.9965944	183.60657	3.6731465	190.97224	179.64731	84.13333	100.0	24999	95.30045	34.04572	148.81644	-367.11215	95.30046	34.03342	145.81755	-340.6475	-99.3039	28.295591	105.20474147796631	21.04094877243042
6	208.56342	9.462475	224.20636	165.34589	220.5269	1.6553352	224.21042	218.60933	101.79592	100.7	29999	97.519356	38.833317	155.34305	-367.01993	97.52012	38.82252	150.16263	-349.2225	-101.54925	25.17047	127.86358833312988	21.310598492622375
7	197.19102	43.308865	291.67343	71.991135	196.1831	65.46074	300.7606	139.75491	93.86793	99.5	34999	98.65157	41.962032	154.73203	-356.3346	98.652054	41.96129	153.87184	-361.32956	-102.332664	24.129421	150.34063625335693	21.47723412513733
8	315.93625	130.71507	706.0774	108.687546	383.19745	74.45394	604.951	335.3803	171.24138	197.2	39999	102.74287	42.20593	167.63562	-326.45068	102.74049	42.213547	167.99686	-316.9134	-106.656784	31.092438	173.18563151359558	21.64820423722267
9	367.47156	47.201283	467.48587	230.35672	485.2876	37.227943	532.088	429.76193	196.68	281.7	44999	106.202354	41.278065	166.82755	-316.74988	106.20103	41.28554	166.44629	-319.43207	-109.49068	27.25512	196.4568588733673	21.828540113237167
10	455.28577	166.40938	960.4327	268.02524	330.36383	45.194397	458.13647	302.93854	269.4737	175.4	49999	108.52859	41.525448	160.70195	-317.80753	108.5273	41.527145	161.72136	-320.36023	-112.20099	26.590425	219.02471685409546	21.90247187614441
11	321.35168	56.525963	435.08835	230.52882	389.8764	39.036087	446.0067	342.22385	168.46666	218.5	54999	112.4646	39.66004	169.46713	-381.2241	112.46444	39.658257	165.05472	-369.34125	-115.921776	25.450253	241.9638707637787	21.996715740724042
12	382.82144	43.09787	535.349	321.9765	347.78937	12.002134	380.50653	335.19614	204.83333	167.8	59999	113.16271	38.240932	169.77538	-300.89862	113.16177	38.242104	164.97653	-276.50217	-116.25944	23.486103	264.687215089798	22.057268063227337
13	400.57236	43.783276	552.3812	362.57953	387.10706	33.875587	444.95142	347.05316	206.125	259.5	64999	114.5342	37.143314	168.4976	-259.13968	114.53438	37.14586	168.3805	-246.0969	-117.637634	22.549704	287.88921546936035	22.14532445027278
14	348.17862	76.744865	448.55466	11.501079	357.58264	3.441729	362.4072	351.57465	183.82143	174.3	69999	116.23326	36.675926	167.66104	-316.97458	116.233406	36.673717	167.44878	-304.4536	-119.235085	23.352493	310.71026372909546	22.193590453692845
15	379.09348	69.39931	562.29266	309.98065	482.0583	63.382786	536.3459	357.53632	164.4	185.0	74999	116.26789	37.7313	173.77925	-383.10498	116.268326	37.730614	178.23677	-326.71246	-118.86574	20.408592	333.41930413246155	22.22795378367106
16	389.0049	121.859215	622.4879	19.913311	597.10114	67.47316	694.3039	468.82715	165.5	257.2	79999	116.87826	38.35739	174.639	-356.58652	116.87864	38.35691	176.25142	-404.56458	-119.46718	19.999153	356.2194242477417	22.26371419429779
17	573.7871	178.47562	1078.5447	395.74728	553.0926	60.42945	725.00665	505.94754	251.3158	215.1	84999	119.13636	37.78863	183.5029	-355.33405	119.13518	37.790432	187.68288	-391.89893	-121.68875	20.638134	379.0090641975403	22.29465096137103
18	630.9483	177.70117	1151.2188	399.9846	565.3028	45.702286	647.0766	497.75922	246.7619	215.9	89999	123.377625	37.089348	190.98753	-281.28058	123.377075	37.097446	196.75954	-259.66043	-125.81065	21.191206	401.9113004207611	22.328405684894985
19	499.43948	90.915184	736.80005	363.41965	384.49066	6.9139404	395.57272	370.87323	193.34616	151.8	94999	126.924805	38.355125	201.23068	-295.22626	126.92437	38.358723	202.98859	-266.7266	-129.2217	20.212612	424.63934540748596	22.349439344908063
20	432.0871	153.90497	704.70184	16.309698	520.2263	274.12308	1166.1133	260.23932	169.56667	207.5	99999	130.09741	39.692158	216.5683	-210.23915	130.09702	39.695694	217.77275	-216.89047	-132.42723	21.930336	447.3345181941986	22.366726016998292
21	444.41544	121.82969	800.2268	262.09567	435.237	7.686053	448.54745	424.95923	173.31035	156.7	104999	133.0994	41.769005	231.03084	-163.60222	133.09917	41.767765	231.30597	-171.27455	-135.50645	21.304737	469.9292802810669	22.37758487746829
22	458.05072	63.052856	576.5536	351.65506	468.92987	14.867678	493.70947	446.58194	162.9	167.6	109999	136.2701	44.338135	237.18103	-247.48822	136.26964	44.3327	236.67378	-220.87979	-138.71913	21.538807	492.6777422428131	22.39444292675365
23	512.62463	105.6653	853.6552	411.30182	476.02777	29.668463	536.31995	438.31992	184.55556	174.3	114999	139.40297	46.802525	241.40994	-296.5578	139.4023	46.806767	239.38249	-259.7174	-141.80037	22.936666	515.5002405643463	22.413054041240525
24	639.80255	169.38606	1234.8898	384.82773	1006.00476	369.06827	1589.1488	585.0529	218.13043	349.0	119999	142.05226	48.60306	244.9929	-265.75082	142.0519	48.599937	246.64359	-251.45761	-144.3816	22.771547	539.1309270858765	22.463788708051045
25	679.2288	249.0297	1156.2922	11.865265	732.6173	226.72643	903.74457	170.30045	238.80952	239.5	124999	144.7011	49.521503	251.17845	-268.82028	144.69974	49.52125	252.51419	-293.75378	-147.18015	23.706993	562.1018757820129	22.48407509803772
26	799.2377	269.70264	1542.6373	348.30588	800.71423	33.53664	887.33636	767.62177	271.0	275.7	129999	147.90825	49.981037	287.22256	-174.06065	147.90778	49.98214	289.58023	-194.82825	-150.21227	28.863243	585.1756174564362	22.506754618424637
27	887.90234	177.59793	1186.0405	597.392	1172.8438	174.08284	1480.1112	806.64764	284.83334	370.2	134999	151.17924	50.44817	301.22238	-81.96029	151.17853	50.455105	296.676	-139.14612	-153.6457	27.220453	608.6355257034302	22.542056578176993
28	931.91315	343.2753	1907.2861	575.38153	1769.0515	430.28366	2789.0251	1323.7609	304.0	601.6	139999	155.5263	51.195683	297.04337	-84.70819	155.52574	51.202145	295.76584	-68.46197	-158.00446	27.499237	632.9692802429199	22.60604579108102
29	762.6369	261.48346	1799.8079	540.25806	583.049	5.1430635	591.7931	576.5526	248.2381	189.5	144999	159.79721	51.672188	282.37607	-89.17845	159.7969	51.671024	280.75543	-82.27022	-162.16588	27.217112	655.814563035965	22.614295351094214
30	803.5794	196.46896	1143.96	506.32526	712.0216	377.94858	1533.7333	487.36472	262.89474	288.6	149999	163.32634	52.290447	273.6454	-88.139465	163.32597	52.28966	274.15198	-116.67197	-165.73085	27.731243	679.0173058509827	22.633910258611042
31	1472.0923	633.61127	2396.9937	688.15967	891.72314	194.42934	1169.9518	607.46954	479.9	307.6	154999	165.80124	53.286804	276.27673	-63.09127	165.80115	53.28274	278.78604	-65.28328	-168.18338	30.018663	702.2557721138	22.653412072889267
32	1483.2644	829.7626	2815.5933	827.2225	1110.5994	819.8842	2813.6523	649.2137	505.4	376.4	159999	168.99298	54.603752	275.0269	-87.124084	168.99289	54.60687	277.57437	-89.84875	-171.24678	27.722494	725.8935649394989	22.684173956513405
33	2414.9695	874.6676	2965.6228	670.44183	2608.7886	418.76062	2910.306	1367.1715	843.8	940.0	164999	172.83553	55.769753	276.0172	-135.42715	172.8352	55.768154	276.2211	-79.55184	-175.22957	25.701582	751.7518532276154	22.780359253738865
34	1153.6871	850.50604	2988.0254	415.9489	768.59143	52.846817	857.7898	690.3065	378.42856	236.3	169999	176.65985	57.098175	281.47516	-102.53512	176.65982	57.099068	284.9301	-68.942085	-179.17657	29.127207	774.9118137359619	22.791524003533755
35	1204.883	878.2598	3133.5342	415.0229	3004.841	358.2068	3318.6204	1986.2186	386.42856	943.0	174999	180.4163	58.618126	286.33124	-102.73567	180.41577	58.6221	282.917	-103.53259	-182.88011	31.731237	800.7307031154633	22.87802013669695
36	1696.3977	875.9645	3126.0513	696.9813	2257.9146	782.0453	3048.7063	619.2305	535.0	735.4	179999	184.3915	59.693596	286.4167	-95.00156	184.39142	59.698822	285.4351	-98.348404	-186.92401	32.06021	825.4943149089813	22.9303976893425
37	2402.318	840.3534	3070.9646	715.1237	2724.2446	383.08548	3347.1997	2191.3215	767.1429	850.4	184999	188.0437	60.62995	288.45184	-83.4444	188.04333	60.629772	287.38	-78.64104	-190.47398	34.382294	850.636661529541	22.99018009288891
38	2073.1067	1035.0371	3091.2146	751.18976	2701.7397	447.24408	2971.0117	1375.7874	654.4286	929.0	189999	191.3256	61.689346	292.13477	-128.37991	191.32552	61.693497	292.37784	-121.9266	-193.80548	34.03402	876.253087759018	23.059291833325435
39	1928.4338	771.4415	3132.0635	801.7387	3354.8606	38.5911	3432.0112	3309.106	599.44446	1000.0	194999	194.1234	62.74784	293.00058	-100.73129	194.1232	62.748703	297.37018	-78.988884	-196.64163	34.69587	902.1266503334045	23.13145262767107
40	2456.3794	493.53268	3109.0227	1835.6703	2918.087	37.82225	2983.3516	2860.486	743.6667	1000.0	199999	196.41104	63.100307	302.31046	-97.045906	196.41136	63.09971	294.6234	-103.31896	-198.95848	35.880516	928.0351049900055	23.200877678394317
41	1124.2664	945.6736	3118.4102	244.9251	2682.7915	652.649	3643.2964	1822.8256	344.875	735.3	204999	198.83286	63.15061	300.49133	-123.802505	198.83261	63.152725	300.40805	-78.89211	-201.37431	35.462624	952.894125699997	23.241320185545014
42	2579.485	1074.5486	3450.7383	1033.7493	3382.4863	9.865634	3399.0088	3371.2869	810.6667	1000.0	209999	200.7164	64.03228	298.21347	-74.785095	200.71628	64.03934	300.62634	-85.629776	-203.15825	35.993595	978.8808264732361	23.306686395690555
43	2514.9749	886.85925	3404.916	1190.1415	3265.5076	711.6837	3587.3271	1155.4607	729.0	923.6	214999	203.66019	64.998215	304.6677	-95.428635	203.6601	65.00379	304.92914	-77.612686	-206.1555	36.41428	1004.4551599025726	23.359422373217207
44	1782.7375	690.87537	3356.9346	1204.4417	3481.7104	42.171314	3545.5254	3413.269	599.625	1000.0	219999	206.22116	65.686775	306.08252	-102.428	206.22125	65.6925	307.00644	-193.73827	-208.81068	36.27345	1030.4572224617004	23.419482372023843
45	2320.4495	914.02277	3552.103	1412.2816	1739.5657	427.3117	2833.8286	1375.2656	663.4286	493.0	224999	208.20749	66.08172	308.29224	-105.73372	208.20807	66.08693	307.80112	-103.3392	-210.59195	36.97998	1054.4181327819824	23.431514104207356
46	2751.496	1045.4823	3527.7217	654.695	3392.914	15.421903	3420.074	3371.052	791.8571	1000.0	229999	211.0917	66.438705	310.28876	-74.70692	211.091	66.441536	311.01822	-86.355606	-213.52605	36.54542	1080.5005278587341	23.489141951436583
47	3342.7273	335.5822	3576.4465	2689.6458	2398.3726	732.75397	3297.366	1516.5614	951.4	721.3	234999	214.29713	66.977005	313.3302	-154.3941	214.29732	66.97852	312.57544	-156.21063	-216.76703	35.35446	1105.3465864658356	23.518012518578388
48	1776.7617	630.2792	2948.2268	1137.8774	3428.0503	31.123112	3472.59	3367.5264	495.0	1000.0	239999	216.06403	68.078224	318.02448	-137.87653	216.06415	68.08337	317.47327	-130.81348	-218.32635	32.76095	1131.5239565372467	23.573415795962017
49	3311.5608	556.38666	3666.9587	2077.5103	3580.8042	8.495793	3600.7146	3564.5386	929.3333	1000.0	244999	217.56534	68.71459	321.50455	-123.27465	217.56532	68.72147	321.84543	-88.01853	-219.81477	34.388226	1157.636214017868	23.625228896432994
50	2313.3965	1005.2595	3490.6323	1307.9021	3559.6245	23.747055	3599.4927	3517.262	662.5714	1000.0	249999	220.43184	69.70781	325.38196	-95.51365	220.43245	69.7084	326.63486	-131.79294	-222.6588	32.181374	1183.5393035411835	23.670786108970642
51	3324.1072	452.26318	3556.032	2314.0647	3542.1675	26.414274	3582.058	3505.0903	936.6667	1000.0	254999	223.85085	70.625404	332.02655	-67.45858	223.85085	70.62681	331.95694	-91.55409	-226.36755	31.640066	1209.4457128047943	23.714621861775715
52	2881.0332	559.7393	3472.4177	2152.8716	3487.3933	29.268393	3544.8657	3450.8657	825.2	1000.0	259999	226.57031	71.37291	336.65454	-166.1573	226.56982	71.37859	335.6799	-83.2553	-229.12912	33.900845	1235.4091391563416	23.75786810196363
53	3416.4238	212.18196	3535.18	2948.6787	3565.3308	12.560376	3588.7515	3548.6338	969.8333	1000.0	264999	229.82924	72.10293	338.78857	-127.58839	229.82925	72.10944	340.34872	-81.07415	-232.25415	31.874054	1261.6361696720123	23.804456067535114
54	3429.8152	186.7002	3551.8933	3059.1523	3533.2524	213.50769	3647.2053	2900.056	969.6	979.9	269999	232.50153	72.974625	343.06155	-99.69054	232.50122	72.97946	343.13525	-68.09002	-234.81793	32.79195	1287.750663280487	23.847234544930636
55	2662.9963	837.876	3569.0894	1352.5369	3639.855	35.63047	3678.7317	3567.381	749.2857	1000.0	274999	235.20923	74.1414	343.991	-107.5147	235.21019	74.1443	346.44904	-79.41485	-237.5975	31.996222	1313.9278042316437	23.889596475254404
56	3256.4253	577.31396	3648.9475	2106.9363	3605.4004	16.347776	3636.4246	3585.9695	916.4	1000.0	279999	237.90565	75.16261	346.54803	-116.3062	237.90582	75.16944	347.3883	-82.61233	-240.28427	33.335014	1339.85204911232	23.925929486751556
57	3575.48	84.71582	3691.5125	3435.9133	3705.2937	11.793934	3727.1453	3683.2068	1000.0	1000.0	284999	240.86002	75.42694	351.8419	-101.2413	240.86	75.43034	350.82355	-123.44179	-243.2303	29.326445	1365.7424702644348	23.960394252810563
58	3025.012	816.9444	3643.3208	1323.5433	3033.0593	754.6678	3776.7136	1932.5674	852.0	811.8	289999	243.96486	75.64665	351.49667	-111.907295	243.96512	75.649704	349.82098	-100.8849	-246.17944	32.148876	1391.0509042739868	23.9836363134713
59	3097.9495	765.4501	3597.9197	1463.519	3730.6047	6.242011	3739.698	3722.2668	864.0	1000.0	294999	246.22556	75.952	351.16943	-100.43885	246.22548	75.95428	351.6125	-79.31721	-248.4233	31.576485	1417.1535995006561	24.01955256623737
60	2649.5806	1079.7404	3612.7847	1079.2772	3731.0398	8.181147	3749.4636	3722.099	737.7143	1000.0	299999	248.7185	76.48333	354.17267	-92.61305	248.7184	76.483635	354.96072	-75.45464	-251.0132	31.229263	1443.2206056118011	24.053676799933115
61	2513.5933	933.8313	3590.6755	1421.4934	7.895218	0.66950166	9.255543	7.4521694	692.7143	8.2	304999	250.67656	77.23885	353.84128	-98.86107	250.676	77.243706	353.49368	-92.20242	-252.6022	30.54455	1465.4593181610107	24.02392327980917
62	1981.4966	686.9141	3316.8047	1413.5391	2804.471	912.319	3739.623	1793.3514	536.3333	747.3	309999	252.37256	77.38876	355.05743	-149.02895	252.37332	77.39239	355.214	-85.96827	-254.65945	32.025738	1490.3736052513123	24.038283997966396
63	1673.9196	515.42975	3084.5288	1273.6758	3737.3286	13.228281	3761.052	3718.686	442.6	1000.0	314999	253.90587	77.8638	357.47617	-98.14862	253.90565	77.8628	356.79938	-108.363434	-256.12497	29.826843	1516.4204804897308	24.07016638725523
64	2504.0637	1079.1917	3653.2195	1078.53	1813.0336	923.094	3780.7102	891.7436	675.25	506.2	319999	255.2832	78.520744	357.98737	-82.750206	255.28368	78.52313	358.8644	-55.748722	-257.22684	29.479082	1540.7505679130554	24.074227653443813
65	2574.9077	1169.2695	3665.027	1071.6847	3761.8933	13.133911	3777.8274	3743.005	695.0	1000.0	324999	256.52722	79.47026	359.7923	-116.17951	256.52716	79.47015	360.19128	-105.345055	-258.4981	31.57131	1566.7393600940704	24.103682495997504
66	2833.0762	980.7431	3775.0217	1401.3389	3750.3035	6.7609315	3760.032	3738.6443	775.0	1000.0	329999	258.65115	79.73719	361.28104	-92.26294	258.65158	79.74101	361.85385	-101.64385	-260.7696	32.844013	1592.897807598114	24.13481529553731
67	2878.6357	865.9543	3642.0793	1415.373	3684.6987	19.823746	3705.622	3651.0063	796.6667	1000.0	334999	260.0917	80.1568	363.65845	-80.44376	260.09192	80.160194	364.99432	-132.0152	-262.13974	31.382275	1618.7852759361267	24.160974296171275
68	2327.9158	930.0896	3627.4707	1427.924	3443.4028	661.7395	3798.1055	1507.1759	630.25	920.9	339999	260.99414	80.60108	365.17346	-110.130684	260.99478	80.602974	365.6045	-114.266106	-263.0278	31.636757	1644.5659997463226	24.18479414547191
69	2188.2188	688.42303	3635.4346	1426.327	3285.689	842.61945	3717.3982	1552.7625	590.625	887.2	344999	261.65182	80.69466	366.2855	-127.08574	261.65128	80.69709	365.9845	-104.978294	-263.6013	30.986706	1670.1167035102844	24.204589933588885
70	3025.9092	901.2195	3658.2263	1329.351	3719.882	6.3952737	3730.8167	3710.9736	830.6667	1000.0	349999	262.99466	80.67068	367.53784	-85.635666	262.99527	80.672554	368.09946	-75.37091	-264.9695	27.951313	1696.2979261875153	24.23282754761832
71	2519.3835	946.399	3664.5508	1401.9565	2495.9368	910.5105	3703.6453	1428.5609	691.0	700.7	354999	264.42273	81.08727	369.11426	-102.185814	264.4228	81.08721	368.0602	-106.94602	-266.5688	30.021069	1721.1780915260315	24.24194497793493
72	3614.9043	32.23336	3652.3242	3560.724	3701.516	11.69988	3719.8513	3682.4885	1000.0	1000.0	359999	266.1575	80.812965	369.3792	-99.05526	266.15848	80.8145	370.1038	-97.89157	-268.2636	30.318863	1747.2438957691193	24.267276359928978
73	2289.3887	869.45135	3722.816	1450.6821	3596.5942	175.39899	3736.5461	3191.125	618.5	973.4	364999	268.06122	80.89884	370.43628	-114.48789	268.06046	80.90162	368.95074	-74.59478	-270.1161	30.775738	1773.3435499668121	24.292377422933708
74	2313.716	934.69543	3624.5674	1403.1453	3739.2708	10.681779	3763.7812	3724.6113	629.5714	1000.0	369999	269.54245	81.17617	369.17426	-66.12581	269.54282	81.17807	370.20782	-93.56885	-271.5612	29.755096	1799.3757138252258	24.315888050440197
75	1944.3195	1741.1284	3621.4321	8.125137	3697.8079	6.757045	3708.6687	3684.4287	540.7778	1000.0	374999	270.85876	81.58452	370.92944	-86.76321	270.8589	81.587425	369.9577	-165.04248	-272.83496	31.264212	1825.2915630340576	24.337220865885417
76	3533.3655	213.78513	3656.6292	3057.4753	3714.3445	7.6289005	3728.634	3704.3103	973.5	1000.0	379999	271.88718	81.811005	371.34598	-105.62754	271.888	81.815506	370.90887	-83.64619	-273.9436	30.401844	1851.3515932559967	24.359889428866538
77	3623.2102	27.129463	3672.6345	3592.5308	3716.1746	17.142797	3741.7903	3680.7698	1000.0	1000.0	384999	273.43912	81.65658	373.15283	-109.368546	273.4395	81.65533	372.399	-80.42108	-275.53958	31.966919	1877.5459153652191	24.383713214428393
78	3318.9055	526.81604	3649.4993	2269.595	3763.6711	17.353231	3778.854	3716.5935	905.4	1000.0	389999	274.9525	81.748856	373.06192	-80.108116	274.95264	81.74836	373.59592	-104.91732	-277.11432	28.100193	1903.6389746665955	24.40562791090745
79	3198.869	940.6963	3657.183	1097.0566	3731.2388	5.150265	3737.5046	3721.463	882.6667	1000.0	394999	276.7488	81.31584	378.20514	-103.51941	276.74954	81.315956	375.34122	-142.77802	-278.6509	30.618113	1929.3670451641083	24.422367681430863
80	3277.0684	676.1732	3635.3074	1925.061	3740.9966	6.652459	3749.7834	3729.688	902.4	1000.0	399999	277.79858	81.81032	375.10117	-101.09616	277.7986	81.80796	375.85757	-145.21025	-279.7784	27.73138	1955.3144545555115	24.44143070280552
81	3625.3098	25.754017	3661.7878	3590.1577	3688.996	6.6982903	3702.2014	3679.5933	1000.0	1000.0	404999	279.22165	82.01158	376.74384	-99.35696	279.22208	82.014984	376.65012	-121.054184	-281.023	27.454088	1981.2903416156769	24.460374611395377
82	2232.3926	1519.999	3637.4363	32.5138	3602.4023	373.1139	3743.0356	2483.7795	616.75	965.5	409999	280.42825	81.96686	376.82297	-162.4929	280.4282	81.96608	377.47916	-105.696205	-282.3496	30.908031	2007.2665467262268	24.478860349189944
83	2583.9219	908.74744	3633.4646	1387.0006	3744.743	24.462004	3769.4685	3696.0886	711.2857	1000.0	414999	281.6485	82.049416	379.63943	-119.89256	281.649	82.05183	379.32486	-69.752144	-283.7111	29.378387	2033.3613154888153	24.4983291281275
84	2827.7534	762.2858	3675.3018	1739.3564	2882.6443	403.1867	3682.9802	2562.129	768.8571	776.0	419999	282.45343	81.93188	379.53802	-138.01949	282.45352	81.9335	379.6279	-88.34806	-284.21796	27.517641	2058.514729499817	24.506127752008894
85	3619.0046	30.818192	3658.9734	3571.618	3725.763	7.6337504	3738.99	3708.3335	1000.0	1000.0	424999	282.7101	82.445274	380.02393	-107.124176	282.7109	82.444565	378.85104	-127.00402	-284.3496	29.202925	2084.41845202446	24.522570043451644
86	3090.8674	857.6729	3705.5137	1410.2946	3743.688	5.2540517	3753.0544	3735.214	842.3333	1000.0	429999	283.3352	82.65514	378.21518	-88.48026	283.33545	82.6589	380.2042	-107.76874	-284.9681	26.808853	2110.416422843933	24.53972587197326
87	3095.1575	782.1732	3659.6926	1444.4536	3688.336	5.9032545	3695.887	3679.7053	845.1667	1000.0	434999	283.6627	82.66209	379.7998	-111.659515	283.66293	82.66217	379.67056	-101.85071	-285.39423	27.784824	2136.502956867218	24.55750527327088
88	3601.5786	73.736885	3746.8127	3551.3323	3705.7622	7.745659	3719.761	3691.8887	999.8	1000.0	439999	285.0573	82.19318	380.1109	-136.97655	285.05798	82.19103	378.90622	-62.504566	-286.7067	27.2091	2162.501613855362	24.573881994594228
89	3313.8586	623.94354	3652.4116	2066.6575	3714.2349	7.9294457	3725.5837	3700.6362	909.8	1000.0	444999	285.61456	82.39897	379.8483	-129.74448	285.6149	82.39878	379.05887	-167.43011	-287.5028	26.80545	2188.510779619217	24.590008783876225
90	3622.8757	20.61602	3647.9954	3590.8928	3716.9797	8.493933	3725.063	3699.8516	1000.0	1000.0	449999	286.63776	82.33554	379.95618	-121.7397	286.63815	82.336975	379.97653	-187.86165	-288.49826	26.388216	2214.541398525238	24.606015560362074
91	2808.5923	952.69366	3656.6516	1656.7568	3492.2632	599.27954	3706.938	1694.7557	766.1429	947.9	454999	287.91202	81.996735	380.4601	-136.77283	287.9126	81.994514	379.50488	-119.27715	-289.63818	28.991924	2240.3059606552124	24.618746843966807
92	2891.6682	1004.1035	3636.0752	1264.1338	2820.8726	1259.0743	3668.6367	853.6722	801.8333	775.9	459999	289.28757	81.23448	381.19797	-161.46892	289.2877	81.236084	380.62476	-181.2025	-290.76498	25.617598	2265.415568590164	24.62408229060795
93	2884.2683	853.50494	3624.2288	1406.7367	3465.8325	487.6955	3707.1995	2099.1182	788.2857	933.6	464999	290.51123	80.678764	381.75708	-105.930084	290.51147	80.68096	382.21432	-128.42468	-292.36197	27.029942	2291.2018694877625	24.636579264876662
94	3224.0474	745.4479	3625.872	1734.0776	3727.0757	22.88991	3761.0637	3686.705	892.0	1000.0	469999	290.8216	80.74325	380.2327	-139.15102	290.8223	80.74426	380.22192	-130.63005	-292.45416	26.141766	2317.347925424576	24.652637527344076
95	2983.8586	938.48694	3655.834	1476.8495	3467.3228	712.6309	3714.1836	1329.4943	814.1667	934.4	474999	290.92624	81.047424	381.22653	-147.68391	290.92685	81.05155	379.70105	-119.21434	-292.72934	26.538387	2343.1854412555695	24.665109928030716
96	2232.6829	1008.27795	3635.4548	1011.10065	3709.9172	8.922462	3722.0542	3690.6726	604.125	1000.0	479999	291.16074	81.079895	382.07745	-109.28924	291.16068	81.078575	380.8151	-59.05516	-292.7861	24.977362	2369.429017305374	24.681552288432915
97	2579.3435	933.07983	3659.051	1417.0571	2571.125	857.01294	3721.1956	1297.5258	698.125	689.1	484999	291.7287	81.03773	381.9497	-121.60083	291.72894	81.03827	381.6217	-123.128716	-293.33115	24.94912	2394.2109093666077	24.682586714164497
98	2114.5452	939.5985	3643.3755	672.0078	2151.782	1239.7632	3693.7473	1101.3844	584.2222	582.3	489999	291.7609	81.45063	384.2595	-135.31847	291.76135	81.45051	382.728	-85.89282	-293.5652	26.461805	2418.641409635544	24.68001440836459
99	1624.1179	1134.9254	3629.7302	118.98361	3742.3	26.010628	3763.0972	3678.105	448.3	1000.0	494999	292.67017	80.504745	383.80695	-81.75837	292.67032	80.50758	382.45544	-82.360565	-293.96964	27.375238	2444.5575292110443	24.69250031673547
100	3466.1106	348.77893	3721.181	2774.2961	3672.7676	12.598238	3691.983	3659.433	946.6	1000.0	499999	292.84137	80.73454	383.83502	-227.35925	292.84106	80.73805	382.45068	-152.24329	-294.3279	24.964779	2470.4987864494324	24.70498788833618
101	1321.4863	1702.9275	3671.9016	6.934729	7.6495423	0.83850014	9.373388	6.9463086	367.6875	11.2	504999	293.6916	80.36199	383.4769	-140.68977	293.6921	80.360245	383.13272	-133.3374	-295.24408	27.721857	2492.614861726761	24.67935508784681
102	1347.7662	1699.4828	3636.0132	7.056458	3701.6394	15.597603	3730.6362	3674.4128	378.23077	1000.0	509999	294.59952	80.28485	385.1616	-131.55237	294.5997	80.29008	383.8355	-145.05023	-296.21136	30.955505	2518.618533372879	24.69233858351614
103	3400.8176	499.75897	3684.0144	2402.251	2793.763	808.78503	3703.564	1867.2192	935.2	757.2	514999	295.0317	80.0827	387.26117	-141.16513	295.03177	80.08986	385.1795	-144.51791	-296.725	27.377237	2543.8568823337555	24.697639657455742
104	2832.9734	1168.2015	3644.5474	737.3597	3733.821	5.833844	3745.7893	3727.2874	779.8333	1000.0	519999	294.9473	80.233505	382.2943	-133.92117	294.9475	80.237	383.5199	-121.03552	-296.471	27.655056	2569.9059445858	24.710634098603176
105	2738.1184	607.3601	3669.8599	1910.8405	3746.884	6.478224	3756.4902	3737.9573	729.1429	1000.0	524999	295.65067	79.8502	381.954	-124.60121	295.65054	79.85207	381.09705	-135.33133	-297.19666	27.322231	2595.9078278541565	24.722931712014333
106	3314.4104	697.8368	3712.597	1771.0022	3698.4368	30.778664	3777.9746	3650.5994	894.6667	1000.0	529999	296.3245	79.526726	382.9428	-128.37405	296.32523	79.52287	382.17255	-149.04272	-297.6466	29.264194	2621.9487602710724	24.735365683177733
107	2725.4707	810.60626	3672.685	1681.6932	3690.9187	22.027172	3712.1462	3632.7036	738.1429	1000.0	534999	296.84277	79.175804	384.01846	-103.476494	296.84296	79.17806	382.70853	-132.67235	-298.2975	25.547884	2647.8825726509094	24.74656611959511
108	2556.1328	954.03217	3649.8567	1409.5304	3698.882	11.42768	3710.951	3668.3782	699.0	1000.0	539999	297.20346	79.00867	383.39233	-111.91855	297.20352	79.00863	383.28098	-83.55342	-298.66974	26.0512	2673.944850921631	24.758748637305366
109	2405.593	910.53424	3710.5405	1436.9431	3781.278	12.72	3799.5605	3748.4595	648.75	1000.0	544999	297.81973	78.944565	382.78238	-158.65451	297.82	78.9441	383.9805	-117.77035	-299.28	29.570396	2699.9636726379395	24.77030894078246
110	3027.1704	738.98724	3653.5127	1707.9806	3717.5933	31.805534	3744.6223	3624.8503	817.4	1000.0	549999	297.873	79.15812	383.23465	-127.992966	297.87314	79.1576	382.60883	-114.09189	-299.355	28.89995	2725.963795900345	24.78148907097903
111	3058.3013	891.5362	3648.1648	1632.6104	3112.616	929.7229	3726.0164	1559.3403	840.2857	834.8	554999	298.16812	79.41648	382.62564	-120.01311	298.16785	79.41687	382.39786	-124.797775	-299.50986	27.661854	2751.1944704055786	24.78553578660295
112	2535.189	828.28357	3599.2244	1412.2009	219.65805	2.8827	223.69743	215.13292	679.5714	97.4	559999	298.7501	79.469955	383.11685	-190.8684	298.75003	79.46925	384.0869	-211.97363	-300.31046	27.005697	2773.7263691425323	24.76541402723108
113	2289.8582	1343.5278	3652.6484	219.61852	3297.8403	816.2153	3729.9126	1511.3687	632.5	890.6	564999	298.91907	79.62309	383.36682	-266.3514	298.91943	79.6191	383.21106	-245.4132	-300.52295	28.527563	2799.280487060547	24.77239370979039
114	2922.827	967.6641	3627.941	1353.061	3733.3306	5.4693274	3740.2864	3724.6648	800.8333	1000.0	569999	299.1641	79.262596	382.6835	-268.5384	299.1629	79.2696	382.99384	-386.2259	-300.8133	32.79616	2825.281854867935	24.783174186422112
115	3277.2932	796.1315	3660.1353	1497.6381	3755.4019	18.838692	3776.0762	3717.3083	900.3333	1000.0	574999	299.16434	78.876724	383.09885	-160.6386	299.16428	78.87876	380.9751	-156.86545	-300.6271	30.072105	2851.098507165909	24.792160950536314
116	2990.7395	793.1866	3634.1626	1744.1608	3723.5579	27.786808	3761.969	3672.4004	810.0	1000.0	579999	299.02493	78.959045	382.20682	-143.03362	299.025	78.95746	381.15393	-106.980804	-300.58737	25.689966	2876.856412410736	24.800486330328315
117	3471.5984	346.03125	3662.5876	2699.5105	2364.7803	1105.9108	3706.4893	1119.5192	951.6667	631.6	584999	299.3853	79.20381	382.94543	-130.09938	299.38556	79.20229	384.16757	-175.49467	-300.6938	29.80569	2901.4454703330994	24.798679251956123
118	3074.952	802.73486	3654.1802	1631.0077	3676.4668	10.033079	3688.7124	3657.5208	841.0	1000.0	589999	300.13364	78.66351	383.79877	-130.93015	300.13345	78.663345	383.09128	-92.15489	-301.64456	24.732666	2927.4946167469025	24.80927643129381
119	3615.7708	9.363483	3631.963	3602.9905	3302.315	749.2485	3685.245	1794.4257	1000.0	902.1	594999	300.86783	78.14552	384.18552	-141.25816	300.86743	78.149124	383.7465	-117.33552	-302.2467	28.84701	2953.280707836151	24.81748495582773
120	3452.1086	264.48267	3626.3154	2925.0679	3674.925	5.564194	3683.8474	3666.8079	951.8	1000.0	599999	301.3626	77.97849	383.2244	-152.24283	301.36246	77.980545	382.2803	-80.89665	-303.11047	26.367838	2979.2974519729614	24.82747878432274
121	3294.1924	517.28577	3639.929	2258.5105	3689.963	5.873042	3698.2375	3678.1157	895.5	1000.0	604999	301.83734	77.6296	383.00583	-67.69281	301.83752	77.6306	384.27365	-85.366035	-303.27246	24.87819	3005.340287923813	24.83752305842628
122	3249.524	785.7577	3662.2385	1678.6554	3713.3484	14.849559	3729.5105	3680.4436	890.2	1000.0	609999	302.25998	77.55811	384.0825	-145.7081	302.26007	77.55583	384.47495	-110.32126	-303.5991	27.723703	3031.4746544361115	24.848152922802285
123	3665.5435	72.38832	3795.5657	3578.17	3783.2097	4.621456	3791.6306	3774.4626	1000.0	1000.0	614999	303.0868	77.2889	384.2153	-182.69887	303.08655	77.29062	384.38852	-178.66032	-304.33295	23.474949	3057.2616016864777	24.85578539701012
124	3245.8894	890.1403	3789.3684	1279.0972	2216.027	826.2866	3728.5864	1434.1384	871.8333	607.6	619999	304.36673	76.44223	383.93408	-105.340485	304.367	76.442696	383.73654	-108.54095	-305.66174	24.80429	3081.820660829544	24.853392443349286
125	2776.9153	811.3869	3637.439	1442.0146	3701.6074	5.3181434	3708.7307	3694.2854	765.0	1000.0	624999	305.04208	76.20968	384.1777	-138.00299	305.04178	76.20804	383.5016	-142.26353	-306.4382	26.39038	3107.8065416812897	24.862452350616454
126	2551.25	1065.8007	3711.2205	1002.7945	3759.425	16.398863	3783.7788	3729.3882	683.4286	1000.0	629999	305.50095	76.19105	385.1001	-127.32696	305.50027	76.1929	386.1819	-173.956	-306.82376	24.167152	3133.954543352127	24.87265512110695
127	3088.5364	841.89874	3693.0095	1515.8931	3794.5774	4.943766	3803.0107	3785.8447	833.0	1000.0	634999	305.6695	76.206856	383.58115	-141.66724	305.66977	76.205376	383.51523	-160.8059	-307.1679	24.233093	3160.067976474762	24.88242502475348
128	2832.253	1147.8774	3657.7368	1064.8374	979.5296	215.2977	1088.4733	341.88235	784.6667	283.0	639999	305.8821	76.35294	381.92233	-184.05618	305.88248	76.349365	382.84302	-173.55742	-307.19565	23.17796	3183.1448979377747	24.86831953190267
129	2424.782	1094.1055	3673.7715	969.3393	3515.3062	554.7481	3711.106	1851.3734	660.1429	950.0	644999	306.19122	76.23385	383.72653	-134.42882	306.1916	76.23365	383.59048	-101.46978	-307.47034	25.598625	3208.892717599869	24.875137362369273
130	3641.2625	12.207438	3662.7646	3625.847	3709.4214	4.9042883	3715.0884	3700.3054	1000.0	1000.0	649999	306.36224	76.34404	384.46582	-87.608475	306.36172	76.34448	384.5574	-154.00708	-307.59366	25.740282	3235.026376724243	24.884818297166092
131	2677.4148	992.62134	3651.4136	1060.5908	3001.438	736.17957	3700.3557	1798.6084	737.75	820.8	654999	306.94864	76.17678	387.85776	-195.2592	306.94907	76.17614	386.74002	-149.87173	-308.4311	28.418528	3260.3230969905853	24.88796258882712
132	2878.2102	757.6893	3639.485	1501.6862	3671.7827	14.645141	3695.1091	3641.777	776.5	1000.0	659999	307.34842	75.7931	387.7643	-90.548935	307.34857	75.78918	385.9328	-92.28161	-308.6358	30.892069	3286.138962984085	24.894992158268437
133	2538.8176	1114.4531	3784.7734	600.5232	3660.7273	9.494689	3678.0156	3645.7087	685.1429	1000.0	664999	307.22415	76.06719	386.3242	-98.38878	307.22437	76.06544	386.90665	-90.935036	-308.6151	28.331644	3312.3375697135925	24.904793773378646
134	1780.768	1100.1134	3636.5852	19.714056	3358.584	664.9572	3707.4487	1972.7185	481.0	909.8	669999	307.3407	76.184814	384.95566	-124.84119	307.34036	76.183365	384.4428	-110.11323	-308.6881	27.610956	3338.0848121643066	24.911080705585764
135	2587.6519	887.21124	3615.547	1653.8837	3271.0806	823.37317	3712.3762	1528.5889	708.2857	887.2	674999	307.52032	76.11077	385.8462	-121.654594	307.52023	76.10988	386.4606	-149.60844	-308.95074	30.196428	3363.7153146266937	24.91640975387008
136	2696.0845	884.3452	3666.77	1315.9226	3151.9329	972.2771	3655.3142	1138.4226	733.4286	868.4	679999	307.95047	75.62715	390.0833	-136.82867	307.9505	75.625916	388.71347	-83.64695	-309.4836	27.265038	3389.1082985401154	24.919913973878412
137	2990.0935	695.88043	3774.7607	1867.3861	3663.7563	5.800798	3675.5393	3651.216	809.1429	1000.0	684999	308.28833	75.6813	389.51288	-132.87103	308.2888	75.678	390.54788	-111.65072	-309.4905	29.39349	3415.367381811142	24.929688930511475
138	1949.8623	562.8922	3087.654	1410.8934	3826.0366	13.093951	3845.5076	3798.7402	526.875	1000.0	689999	308.32275	75.56548	389.0134	-156.80603	308.3228	75.56251	388.3664	-98.549095	-309.74814	26.7353	3441.4878075122833	24.93831745956255
139	3357.752	401.50253	3687.6428	2579.49	3696.8738	13.049507	3715.2407	3679.812	910.6667	1000.0	694999	308.29633	76.07249	392.1901	-117.620865	308.29608	76.073006	390.63928	-131.27087	-309.60724	26.616693	3467.6544659137726	24.947154446471508
140	2251.9214	1016.6509	3663.558	589.663	3536.138	376.8318	3737.145	2439.5625	610.125	955.3	699999	308.8143	75.90206	391.24445	-180.47923	308.81458	75.90028	390.84088	-153.10184	-309.99115	28.469358	3493.5606338977814	24.954004541465213
141	2137.997	512.4966	3389.5508	1611.9825	3170.077	642.23236	3711.1692	1967.0454	563.0	855.8	704999	309.45676	75.87276	389.6511	-107.895004	309.4564	75.86759	390.06967	-74.37388	-310.7911	24.971874	3518.9649295806885	24.957198095659837
142	2573.2708	967.5213	3743.8892	1593.2555	3531.8835	423.9491	3722.892	2263.6123	692.2857	960.2	709999	309.2406	76.734436	390.28668	-169.52104	309.24097	76.7332	389.83884	-116.79229	-310.51538	28.710415	3544.782315015793	24.96325575297987
143	3396.366	537.0008	3751.7378	2328.1033	3671.1653	21.984104	3700.8752	3624.9622	920.0	1000.0	714999	310.21402	76.38697	393.39954	-155.79291	310.2142	76.383934	392.519	-111.20544	-311.5249	28.338743	3571.02449965477	24.97219931329047
144	3334.2344	547.27246	3646.882	2112.9573	3131.1555	833.92395	3691.962	1398.3868	926.1667	852.4	719999	311.0656	75.87884	390.90366	-107.54259	311.06534	75.880226	391.14636	-151.69055	-312.19376	26.7758	3596.4259469509125	24.975180202060276
145	3079.914	703.7468	3663.0046	1789.8104	1506.5619	585.04047	2863.224	927.2801	828.6667	398.1	724999	310.98297	76.22599	390.78067	-122.08885	310.98367	76.2234	389.9716	-111.80582	-312.36804	23.340195	3619.994457244873	24.965479030280278
146	2361.5542	868.2424	3653.3171	1417.782	2826.6294	732.3437	3729.821	1499.6617	634.0	746.2	729999	311.22028	76.33232	390.3214	-136.0499	311.2203	76.33126	390.00928	-188.51514	-312.43835	26.730482	3645.08388876915	24.966328019965186
147	3391.5906	592.22235	3753.072	2071.4915	3703.5059	8.620519	3714.0652	3681.3057	924.0	1000.0	734999	311.69922	75.99316	390.6734	-119.72196	311.69913	75.98925	389.87738	-132.50278	-312.82233	24.39732	3671.122435092926	24.973622020410033
148	3529.0032	150.4171	3666.1416	3236.3828	2354.0984	1069.1011	3674.0632	760.7891	967.2	656.0	739999	312.0201	75.777695	392.64774	-69.56741	312.02026	75.77779	391.59064	-89.81688	-313.26675	24.022078	3695.904407262802	24.972327092209376
149	2888.4465	838.5031	3604.5146	1701.2578	1448.1951	806.866	3679.0269	1038.2069	792.0	398.2	744999	312.4244	75.18199	393.13428	-88.23115	312.4239	75.18495	392.38727	-138.8386	-313.55185	30.04362	3719.5833308696747	24.963646528704853
150	2924.9714	762.62115	3631.3364	1614.6953	3716.162	7.8061137	3727.4277	3701.9993	801.1667	1000.0	749999	312.95325	75.34854	399.94556	-148.78474	312.95334	75.34477	393.4301	-99.32634	-314.25568	24.897194	3745.5894520282745	24.97059635957082
151	3129.138	680.2323	3656.3428	2059.7075	3111.0742	900.74475	3748.3196	1480.9558	852.6667	845.0	754999	313.08936	75.725555	394.29437	-207.36348	313.0895	75.72202	393.68674	-86.2377	-314.29184	24.040516	3771.136211156845	24.974412008626572
152	2874.039	839.9024	3657.8083	1455.8829	3520.0808	488.14044	3703.9429	2056.1113	773.5	956.4	759999	313.65958	75.37243	391.83792	-122.64559	313.66006	75.3692	392.68054	-73.88344	-314.9549	26.222881	3797.028038263321	24.980447634270316
153	2832.6355	1235.4576	3624.6821	20.120972	3709.8933	6.5109177	3717.9714	3697.3613	775.8571	1000.0	764999	313.84265	75.274864	393.29553	-135.24197	313.8426	75.272354	394.44925	-117.29014	-315.07495	26.048765	3823.2262263298035	24.988406722062553
154	2575.95	745.94165	3640.2544	1418.5256	3479.5286	671.48175	3716.9668	1465.4211	694.1429	939.5	769999	314.1041	75.200584	392.50052	-88.00129	314.10455	75.19695	393.58685	-125.317215	-315.32578	26.174936	3848.912665128708	24.99293939633803
155	2389.9712	893.8301	3762.2747	1416.7789	3688.2007	23.220694	3716.294	3637.5261	638.125	1000.0	774999	314.17587	75.19821	392.7302	-92.52039	314.17578	75.197174	392.79852	-112.86773	-315.42688	27.716595	3875.093942642212	25.000606095406315
156	3450.6938	325.88272	3651.6794	2800.2761	3501.9402	315.626	3632.1404	2556.216	943.4	969.6	779999	313.92584	75.61923	393.91003	-116.03139	313.9255	75.61893	394.09918	-118.59923	-315.2006	26.23985	3900.9178421497345	25.00588361422221
157	3025.5159	831.0499	3613.2283	1424.8479	3128.0493	1051.6688	3676.646	911.4739	829.3333	859.8	784999	313.61768	76.14035	393.286	-127.77183	313.6176	76.14089	393.2933	-137.80244	-314.82437	30.362543	3926.561398267746	25.00994522404519
158	3222.634	668.1963	3666.7676	1801.0548	1394.6389	766.7485	3694.8425	1132.4998	869.0	386.2	789999	313.99182	75.4491	395.17795	-61.15221	313.99246	75.44572	394.39297	-103.30536	-315.01443	23.816618	3950.2818031311035	25.001783577701712
159	2242.7131	889.75244	3644.6743	1129.3163	3726.7617	40.736652	3840.1216	3677.1143	606.125	997.2	794999	314.0382	75.452965	393.37738	-93.90542	314.03806	75.45178	393.05026	-77.52548	-315.22696	23.701511	3976.2648594379425	25.007955102800572
160	2980.1985	632.9237	3649.5254	2008.9631	3703.9507	4.427548	3713.8433	3698.119	794.3333	1000.0	799999	314.78455	75.0009	394.5816	-90.70148	314.78452	74.99964	394.6938	-74.43267	-315.93484	26.594479	4002.369972705841	25.01481234282255
161	2126.8433	638.33496	3676.2761	1302.9692	3700.032	20.403168	3725.9507	3653.983	572.0	996.6	804999	315.07062	75.08497	392.66556	-117.555374	315.0709	75.08494	392.91864	-111.66992	-316.1451	24.831606	4028.381104707718	25.02100066072452
162	2983.302	640.8163	3787.4648	2000.1149	3737.0542	16.227854	3752.5615	3696.8079	792.1667	1000.0	809999	315.41922	75.18188	392.92188	-145.90257	315.4195	75.18202	392.86926	-89.72598	-316.6755	30.539162	4054.624136686325	25.02854406539305
163	3155.0544	277.02975	3468.179	2784.1624	3489.3867	407.2854	3723.0996	2472.6494	832.6667	935.8	814999	315.142	75.63878	394.20877	-170.26196	315.1418	75.63987	394.51535	-78.817924	-316.42834	23.63063	4080.4884600639343	25.033671547298784
164	3033.3623	686.1042	3731.0503	2007.5071	3034.0986	898.3082	3748.4968	1465.174	820.6667	813.1	819999	315.22375	75.653076	393.80173	-111.72846	315.22424	75.64669	392.94327	-107.10882	-316.4114	26.204046	4105.86301112175	25.035750079445723
165	3449.594	333.14838	3707.5881	2804.0056	3713.3977	5.5191684	3719.8745	3705.5342	927.3333	1000.0	824999	315.39468	75.80406	394.54938	-84.579895	315.3934	75.80585	395.31747	-161.15024	-316.5805	23.462177	4132.049386978149	25.042723571892942
166	2876.3684	869.4493	3734.71	1477.564	3194.691	1006.9647	3714.6338	1148.254	773.8333	865.5	829999	315.37628	75.954315	394.39386	-116.074036	315.37668	75.948746	394.0583	-149.69212	-316.73236	24.902288	4157.480394124985	25.045062626700805
167	631.65326	1236.4471	3654.007	18.819609	3449.9321	470.65344	3707.753	2504.8193	177.31035	933.8	834999	315.619	75.72893	394.04105	-124.22568	315.61908	75.7265	393.7089	-77.78674	-316.9167	25.968184	4183.445228099823	25.050570240991558
168	3265.9148	429.71075	3679.789	2469.7937	3703.069	6.1804547	3713.7754	3695.3757	882.1667	1000.0	839999	315.4618	75.58783	394.4644	-182.14952	315.4618	75.58895	395.70514	-75.97636	-316.5803	27.077568	4209.489061355591	25.056482519422257
169	2878.7732	780.11725	3686.4143	1654.7739	3759.899	16.143875	3785.5085	3732.6548	790.8333	1000.0	844999	316.0762	74.82965	397.1791	-190.44421	316.07584	74.830444	396.97665	-72.13861	-317.4157	26.362206	4235.367805242538	25.061347971301107
170	2933.9436	1025.018	3650.1475	1027.4855	1892.2305	1116.3264	3653.2932	749.46765	807.3333	537.6	849999	316.11346	74.84996	398.15808	-63.98294	316.11322	74.84953	398.03024	-90.12424	-317.287	27.066788	4259.605810642242	25.05650478110594
171	2166.8335	1061.4513	3671.4927	600.38214	3164.7417	863.8355	3753.6853	1784.8712	590.6667	849.3	854999	316.3077	74.57427	398.22302	-142.23227	316.3079	74.57198	396.5256	-109.83513	-317.6089	26.524881	4285.00839972496	25.058528664516427
172	3107.7307	627.7134	3668.6807	1952.9425	3657.3684	18.35511	3674.582	3604.6294	844.5	1000.0	859999	316.13547	74.6915	397.2061	-122.58419	316.13385	74.699844	395.26035	-146.8328	-317.47882	29.4361	4311.162991523743	25.06490112598552
173	3199.8774	540.2353	3661.1875	2457.2256	3731.2156	5.8117366	3737.409	3716.2632	865.8	1000.0	864999	316.21533	74.487686	395.72708	-139.98746	316.2157	74.48598	393.10098	-120.162766	-317.23425	31.160704	4337.110284328461	25.07000165316411
174	3039.8777	902.9484	3752.945	1596.5376	3285.1191	786.7718	3741.5725	1570.3616	824.6667	887.2	869999	316.44604	74.344124	395.72247	-189.45389	316.44638	74.34208	394.97937	-125.17403	-317.54062	31.963993	4362.685421228409	25.07290473066527
175	2352.9128	896.0854	3672.3977	736.4528	3724.2395	15.700849	3755.7676	3698.247	637.0	1000.0	874999	316.34738	74.32616	393.38885	-109.28025	316.3472	74.33005	393.03983	-121.171745	-317.56448	28.54313	4388.794719457626	25.078826977866036
176	2516.4788	827.65	3654.9514	1437.5743	2652.3164	1347.6777	3719.452	10.211318	674.5714	715.7	879999	316.24777	74.19184	393.7269	-138.45917	316.24713	74.19153	393.2815	-71.14754	-317.33386	27.202005	4413.7147126197815	25.077924514358696
177	2587.5999	754.5881	3675.934	1636.594	3631.9878	21.296192	3669.165	3593.8652	684.8571	1000.0	884999	316.46396	73.97308	393.12814	-121.72045	316.46362	73.97263	393.89957	-110.29422	-317.5828	28.10384	4439.7799553871155	25.08350258493154
178	2584.73	812.9016	3690.9214	1641.4725	3736.4128	22.522638	3757.4397	3680.25	688.125	1000.0	889999	316.39508	73.934135	392.81256	-87.0214	316.3942	73.93672	393.1517	-125.14549	-317.65628	29.567415	4465.7007348537445	25.088206387637705
179	3404.7524	332.02234	3731.716	2867.0066	3732.0417	4.9641223	3740.235	3722.1833	914.2	1000.0	894999	315.952	74.172745	392.4934	-90.27035	315.95187	74.171524	392.58533	-82.84005	-317.16635	28.558987	4491.741178035736	25.093526144933435
180	3235.1545	630.2388	3689.6729	2088.6687	3705.75	8.26845	3722.1643	3688.9888	878.8333	1000.0	899999	315.8531	74.23566	392.1392	-178.82678	315.85306	74.23476	392.50467	-104.351456	-317.05405	25.049118	4517.8055691719055	25.09891984065374
181	3012.8281	548.86444	3657.4487	2117.0337	2823.1714	925.7901	3803.4485	1428.3599	810.0	762.0	904999	315.88052	74.41083	391.1841	-143.04237	315.88074	74.41202	391.33057	-98.89265	-316.80798	26.858456	4542.881422281265	25.09879240146658
182	2648.305	852.76385	3706.9387	1671.5779	3590.2957	178.21031	3742.9695	3064.7104	705.4286	981.0	909999	316.17493	74.02453	394.05887	-100.89593	316.17523	74.023636	393.9546	-89.91541	-317.32996	31.776253	4568.8693788051605	25.1036779160028
183	2529.8127	816.00214	3772.3633	1559.8234	3696.3667	10.164465	3710.8362	3674.5168	673.5714	1000.0	914999	316.67963	73.75178	393.6631	-149.29787	316.6799	73.7522	393.08228	-194.73717	-317.7513	28.14668	4595.003876447678	25.10931081328887
184	2560.981	930.237	3678.3325	1467.0972	2749.9387	859.9845	3693.7954	1500.0001	686.625	734.6	919999	316.45123	73.87761	393.45956	-133.42136	316.4503	73.879196	392.06848	-201.71263	-317.5977	28.831944	4619.952594995499	25.108438025350157
185	3203.5352	708.38605	3711.7446	1802.7423	2374.351	1567.9891	3666.0828	452.07877	855.8	664.8	924999	316.5755	73.77974	394.01642	-102.61422	316.57556	73.78167	392.88046	-125.31993	-317.68924	28.457071	4644.696526527405	25.106467722557685
186	3383.7607	524.7882	3723.8518	2224.7817	1594.8983	115.92304	1785.3801	1414.2715	914.1667	406.7	929999	316.17307	74.0157	393.33362	-118.36543	316.17282	74.01505	392.83514	-65.34419	-317.23575	27.146694	4668.55946969986	25.099782106696917
187	2876.557	1210.9731	3737.813	423.68518	3703.4688	169.14568	3769.8696	3196.4133	777.7143	985.6	934999	316.28848	73.83255	393.0806	-128.10521	316.2886	73.83312	393.61374	-95.066925	-317.4573	28.10954	4694.624143838882	25.104941957137164
188	2642.4329	930.9005	3735.3713	1378.1699	2676.4072	1081.7931	3689.7761	1316.0374	701.4286	728.1	939999	316.33856	73.711174	393.41553	-151.83794	316.3384	73.709366	392.55957	-175.87692	-317.4878	25.582417	4719.784972906113	25.10523922773118
189	3025.3254	540.3683	3698.4453	2132.908	3791.3757	4.449178	3799.3613	3785.8896	811.0	1000.0	944999	316.40662	73.554955	394.94632	-155.18066	316.40616	73.554405	393.87888	-108.519295	-317.47705	24.019041	4745.701891422272	25.109533828402324
190	2439.7847	905.89026	3872.26	1391.7972	3693.7434	19.183498	3719.2285	3645.9768	638.375	1000.0	949999	316.39542	73.37989	392.97128	-115.10767	316.39584	73.3753	393.25058	-156.8671	-317.53162	29.64689	4771.596287488937	25.113664681033086
191	2513.4202	971.75244	3418.7444	420.4143	3701.2593	10.539143	3722.3938	3683.6995	659.5714	1000.0	954999	316.2255	73.329735	390.42078	-117.930466	316.2252	73.33055	391.07062	-72.4745	-317.3694	24.451763	4797.501944303513	25.11781123670608
192	3066.259	646.258	3694.654	1973.8359	2987.1187	850.502	3702.9622	1783.3356	825.1667	806.1	959999	316.22495	73.16659	391.88617	-81.35776	316.2249	73.16823	391.80576	-173.11407	-317.16595	28.59161	4822.754123687744	25.11851107204954
193	2872.1802	878.71436	3608.325	1242.9015	3125.6008	1000.8258	3697.0857	1137.226	792.7143	855.4	964999	316.1452	73.36575	395.19412	-160.30528	316.14545	73.3623	395.6612	-81.470566	-317.22565	24.52078	4848.10745882988	25.11972777707589
194	2383.2437	847.3331	3618.7322	1466.2692	3523.1848	598.5242	3768.7937	1730.0319	645.2857	943.8	969999	315.64838	73.15929	393.62607	-170.49178	315.64844	73.162735	394.1016	-190.88335	-316.62103	27.482906	4874.0226447582245	25.12382807559574
195	2820.692	714.9549	3666.6626	1651.8752	3667.681	21.618279	3695.8335	3615.7986	748.7143	1000.0	974999	315.47238	72.79763	390.52036	-82.27379	315.47168	72.800674	389.96814	-66.31734	-316.7012	27.333963	4900.16917181015	25.129072685730762
196	3061.3015	862.18756	3668.969	1444.8733	2782.565	921.4615	3833.9036	1293.7839	829.6667	737.4	979999	315.9334	72.292854	390.75662	-80.29179	315.93338	72.29404	389.79776	-103.08643	-316.96915	28.29339	4925.114610910416	25.12813578089889
197	2560.841	693.0225	3670.3208	1540.478	2835.1296	1047.4073	3715.9795	1375.6975	673.2857	762.5	984999	316.07178	72.60071	391.92108	-139.5499	316.07193	72.600204	390.84283	-107.02392	-317.36713	27.5176	4950.250907421112	25.128177204712998
198	3649.5989	26.431002	3685.4285	3622.2944	952.4626	514.9016	1550.4479	437.0468	1000.0	269.4	989999	316.7958	72.19875	392.69855	-119.15864	316.79553	72.20085	391.7376	-139.73503	-317.81955	22.625185	4973.346407651901	25.117911161798418
199	2441.112	1238.197	3797.286	443.7971	3744.8984	8.133862	3757.3196	3733.9607	668.2857	1000.0	994999	316.8426	72.17933	391.78555	-158.70326	316.84253	72.18113	392.0266	-156.2601	-317.9467	22.290493	4999.246094703674	25.12183968266051
200	3233.7344	618.9911	3651.1704	1965.4749	3678.5906	17.156233	3714.4358	3654.7139	884.5	1000.0	999999	317.29062	71.86349	392.37506	-104.29997	317.2907	71.864006	392.58252	-171.07155	-318.54688	24.501328	5025.2988357543945	25.126494188308715
