Epoch	AverageEpRet	StdEpRet	MaxEpRet	MinEpRet	EpLen	AverageVVals	StdVVals	MaxVVals	MinVVals	Time Steps	LossPi	LossV	DeltaLossPi	DeltaLossV	Entropy	KL	ClipFrac	StopIter	Time	AVG Time Per Epoch
0	-132.35847	206.73042	-5.476997	-621.5522	232.21053	0.049418647	0.19358507	0.59760094	-0.53040934	5000	-4.2414666e-08	2310.1084	-0.07845269	-1643.648	0.91894025	0.022785747	0.3602	79.0	6.136298656463623	6.136300086975098
1	-80.95382	134.74788	19.220232	-577.8279	147.41936	-28.808182	0.38688028	-14.131338	-28.915281	10000	-2.0503998e-09	554.5974	-0.08359827	-102.89755	0.90306544	0.030069906	0.3488	79.0	12.401181697845459	6.200591802597046
2	-99.220245	154.52803	-3.6341453	-523.6634	202.45454	-35.944126	3.622896	35.220528	-36.567623	15000	1.359582e-08	292.92365	-0.07927312	-22.832214	0.8920392	0.032948572	0.358	79.0	18.614636659622192	6.204879522323608
3	-60.41177	102.18647	8.358969	-465.92126	130.02632	-37.466667	6.443708	38.16974	-39.09029	20000	-4.816055e-09	567.3519	-0.08988947	-210.81665	0.87869513	0.03558127	0.4014	79.0	24.526816844940186	6.131704688072205
4	-94.031624	162.58318	2.8831465	-488.9865	208.39131	-29.43515	7.5211916	13.153324	-36.078655	25000	9.512902e-09	294.36722	-0.0875798	-127.41232	0.86638194	0.033573072	0.402	79.0	30.377243518829346	6.075449132919312
5	-86.07961	133.90485	24.398613	-431.12137	231.61905	-35.61621	8.545744	13.80176	-41.683796	30000	-1.8748642e-08	276.14993	-0.08845283	-86.159485	0.85101384	0.035408057	0.417	79.0	36.12367224693298	6.020612398783366
6	-103.39152	139.60207	4.535694	-423.49252	275.3889	-29.116	8.547788	24.649364	-40.330803	35000	7.0810318e-09	266.86722	-0.09298905	-67.03679	0.83866286	0.032057945	0.43	79.0	41.927706718444824	5.989672728947231
7	-68.642166	112.08337	24.286718	-360.88214	212.60869	-31.511806	6.9066453	0.6336511	-40.601208	40000	-1.2087077e-08	208.39676	-0.09516868	-64.15959	0.82414275	0.034680616	0.4174	79.0	48.01698350906372	6.002123147249222
8	-57.09706	91.933334	7.2680974	-346.50372	160.51613	-26.684225	8.788439	10.840815	-38.776077	45000	1.0039657e-08	115.87508	-0.098767534	-20.845375	0.8117064	0.030215329	0.4616	79.0	53.783286809921265	5.975920995076497
9	-36.66568	68.74063	9.221968	-352.2817	115.30232	-21.739054	7.7594576	3.5152633	-36.53279	50000	-1.7809867e-08	180.24934	-0.10265993	-46.17688	0.8007461	0.031689696	0.4626	79.0	59.51730799674988	5.951730990409851
10	-37.238747	71.65754	18.404152	-290.61322	143.39394	-18.902094	8.940038	12.773679	-35.792545	55000	-5.853176e-09	174.79166	-0.105134614	-43.443314	0.7888814	0.03422413	0.4832	79.0	65.84034991264343	5.9854865290901875
11	-40.602795	73.98549	13.919761	-258.92493	194.16	-20.563248	8.814082	11.342138	-33.710876	60000	2.1272898e-08	208.32045	-0.096866	-58.024673	0.7757492	0.019866923	0.4476	79.0	71.65638375282288	5.971365471680959
12	-75.22373	95.1812	13.469622	-320.84363	295.4	-18.361103	7.068847	9.344225	-29.932583	65000	-1.5234948e-08	188.56558	-0.10336786	-48.723328	0.7637254	0.031218674	0.4798	79.0	77.91578316688538	5.993521947127122
13	-28.104483	50.406723	19.251692	-196.65367	166.0	-15.91884	8.409351	17.8406	-29.620733	70000	4.041195e-09	217.59088	-0.10644664	-70.43933	0.75199765	0.027687656	0.4722	79.0	83.7116117477417	5.979400975363595
14	-23.690031	39.24756	17.678198	-161.1698	158.76666	-14.224881	6.5153456	14.566494	-28.855534	75000	-2.0897389e-08	198.27586	-0.10912007	-72.3731	0.7427891	0.03168402	0.5002	79.0	89.42636799812317	5.96175799369812
15	-19.328005	36.025116	15.5209255	-177.81828	130.73685	-10.096565	6.356547	20.257153	-25.130816	80000	-1.718998e-08	142.39368	-0.11274706	-47.357445	0.7296696	0.03108074	0.509	79.0	95.32136631011963	5.9575855284929276
16	-25.688635	54.888435	27.885794	-217.95511	207.75	-11.4100685	5.8047075	13.393828	-25.843494	85000	-1.7523766e-09	168.70235	-0.1071419	-50.20848	0.7180993	0.024729358	0.4992	79.0	101.17266416549683	5.9513333124272965
17	-18.93188	37.305813	40.580997	-113.995636	167.10715	-10.960917	5.940364	17.37407	-25.770649	90000	-5.6795777e-09	151.59079	-0.111476704	-53.631813	0.7038044	0.03594943	0.511	79.0	107.37535619735718	5.965297685729133
18	-7.648093	24.873575	39.327847	-58.481155	212.17392	-10.259038	6.2226033	21.930473	-21.65435	95000	3.5065785e-08	130.57007	-0.10865394	-54.24362	0.6908843	0.031820253	0.5082	79.0	113.2106523513794	5.9584554873014755
19	-8.622363	37.57365	47.728867	-120.881584	189.76923	-6.0899634	5.0679235	20.364328	-20.177977	100000	-1.258254e-08	120.62032	-0.10990732	-38.18032	0.6743736	0.035236415	0.511	79.0	119.2310254573822	5.961551368236542
20	-6.462224	33.456104	50.95468	-124.01964	176.53572	-3.9826007	6.420135	20.704737	-19.497042	105000	-1.5950203e-08	174.33203	-0.110072955	-62.499054	0.66354114	0.03299247	0.5248	79.0	125.08811712265015	5.956577108019874
21	-4.975571	22.604492	45.743744	-67.33841	157.70967	-3.3014612	6.218358	20.208498	-24.367603	110000	-7.748604e-10	105.55937	-0.11235823	-37.936386	0.65212166	0.031220611	0.5262	79.0	131.06813645362854	5.9576426636088975
22	4.2677155	25.562387	76.0973	-48.97449	177.6923	-3.2144725	4.541522	17.913261	-19.553234	115000	9.775162e-09	189.58005	-0.11433513	-69.227875	0.6381816	0.04520519	0.534	79.0	137.29545617103577	5.9693677529044775
23	-0.49244404	25.892467	63.799698	-62.334694	223.54546	-1.5658063	6.491591	26.204653	-20.481686	120000	4.5132637e-08	106.22022	-0.11168727	-50.543568	0.62706167	0.021274084	0.5308	79.0	143.0794973373413	5.961645811796188
24	1.7547021	40.197784	82.042015	-92.21708	177.5	-0.7551655	3.5165086	14.048374	-17.479757	125000	-6.762892e-09	190.87178	-0.11409245	-81.44967	0.6133268	0.033858202	0.547	79.0	148.77206683158875	5.950882759094238
25	22.363386	41.25017	133.06564	-44.032696	243.35	0.7005211	7.0355177	25.784369	-26.905521	130000	-2.6226044e-10	174.3812	-0.1107193	-106.284676	0.59637976	0.029696528	0.5312	79.0	154.61593103408813	5.946766651593721
26	28.353203	27.20848	84.64736	-25.780287	215.21739	4.1040764	7.6481614	26.486341	-27.575974	135000	1.6057491e-08	188.31046	-0.119415954	-92.849754	0.5832858	0.034342326	0.5462	79.0	160.34749388694763	5.938796149359809
27	39.73199	37.84674	117.150856	-18.973946	251.57895	8.334449	6.387475	27.536827	-17.531939	140000	-2.014041e-08	203.47087	-0.11772555	-88.25876	0.56925744	0.023377053	0.5478	79.0	166.1498544216156	5.933923440320151
28	25.851826	39.885082	141.2646	-21.21019	214.63637	9.418927	5.6332006	29.423306	-16.767282	145000	-2.7894973e-09	157.29655	-0.11819862	-80.99371	0.5593691	0.031118186	0.5544	79.0	171.7580533027649	5.922691550748102
29	34.344494	55.871746	150.58714	-56.979702	241.83333	6.81175	5.592781	29.393742	-20.802809	150000	2.4527311e-09	184.87341	-0.1119749	-79.14599	0.54938436	0.035415336	0.552	79.0	177.53210711479187	5.917736967404683
30	21.274776	38.296177	93.81832	-48.0671	252.0	9.319145	6.8353157	31.936249	-30.269112	155000	3.0755995e-08	248.09912	-0.12302191	-129.026	0.5372567	0.035789248	0.5842	79.0	183.32117295265198	5.91358627811555
31	36.12904	56.54887	223.95207	-8.974123	177.35715	8.095476	7.6284704	32.307106	-19.689167	160000	4.720688e-09	252.24315	-0.12287001	-124.65594	0.52740085	0.031563196	0.5492	79.0	189.10541701316833	5.909544341266155
32	69.90992	87.508934	274.5249	-27.757145	338.5	12.239178	6.5687823	35.47811	-15.714285	165000	8.547306e-09	223.06767	-0.1174175	-94.79683	0.5173177	0.03349946	0.5566	79.0	194.82797479629517	5.9038780819286
33	70.79965	51.05858	183.97673	7.029944	347.83334	16.421026	5.8974204	37.500626	-11.312266	170000	3.027916e-09	95.763306	-0.11620285	-40.484524	0.5100615	0.042144615	0.5692	79.0	200.8466432094574	5.907254268141354
34	117.04271	84.844894	225.86736	-1.5821458	555.2222	15.041758	4.075064	33.42696	-16.272991	175000	1.1610985e-08	104.01391	-0.11613412	-45.190903	0.49800625	0.04072712	0.5744	79.0	207.10947155952454	5.917413527624948
35	82.004776	92.450676	275.1813	-59.05771	356.14285	18.41602	5.003693	37.740067	-9.5012865	180000	2.298951e-08	160.5734	-0.10693719	-61.824944	0.4858696	0.01174651	0.535	79.0	213.29263854026794	5.924795574612087
36	47.183647	64.85266	260.83768	-26.405388	164.38461	17.720224	6.4652257	37.17971	-21.72651	185000	-8.5830687e-10	272.52164	-0.123238966	-92.97249	0.47424218	0.025444297	0.5776	79.0	219.2394504547119	5.92539061082376
37	137.5125	94.73706	262.47598	10.331892	606.875	15.536387	9.304667	39.652294	-25.622332	190000	-1.4054775e-08	132.76205	-0.11737124	-85.55316	0.4648004	0.041285682	0.5522	79.0	225.65598511695862	5.938315441733913
38	90.23661	84.66941	253.11243	1.7657387	369.76923	22.166971	5.211408	38.84924	-15.883687	195000	-1.0669231e-09	178.36784	-0.11740336	-80.43959	0.45396307	0.026851587	0.5884	79.0	231.71492099761963	5.941408285727868
39	101.187454	97.54238	298.0172	0.16341443	346.35715	20.626759	5.7505116	38.21918	-9.891034	200000	-1.5103817e-08	171.1476	-0.121134214	-85.682945	0.44308007	0.042163357	0.5884	79.0	237.58131790161133	5.939533001184463
40	120.19588	89.63901	293.30524	18.723948	460.4	20.558395	9.524897	45.886925	-15.530718	205000	-2.336502e-09	241.15587	-0.118192606	-102.92284	0.43095058	0.029847702	0.5626	79.0	243.79962038993835	5.946332251153341
41	157.08418	137.35999	339.68567	-5.434774	595.25	23.154213	5.5782256	39.14317	-7.482265	210000	-1.462698e-08	156.45926	-0.11664377	-74.215004	0.42233008	0.036946636	0.5764	79.0	249.8154604434967	5.947987204506283
42	72.03351	85.27014	327.6287	-1.0006932	190.6	26.829891	7.005713	44.921932	-19.211771	215000	2.4819373e-08	204.19582	-0.122253805	-88.6491	0.4116272	0.026325397	0.5884	79.0	255.90887641906738	5.951369285583496
43	99.97505	100.98185	343.29956	2.5168126	273.77777	25.38807	5.485116	41.99902	-3.053802	220000	-4.8279762e-09	305.96933	-0.12527247	-162.07439	0.4041939	0.031179309	0.6038	79.0	261.9479124546051	5.953361695463007
44	120.80947	105.200806	306.4934	17.487196	383.66666	26.19814	9.171276	49.997013	-15.64973	225000	-1.4066697e-09	148.5659	-0.11447889	-92.58505	0.39255634	0.024508173	0.5662	79.0	267.7511148452759	5.95002482202318
45	109.5873	114.984924	382.50854	8.110168	320.2143	22.858171	7.6109986	38.810505	-7.0792217	230000	-3.399849e-08	250.54027	-0.12332783	-143.34074	0.38608631	0.03976748	0.593	79.0	273.7054605484009	5.950118749038033
46	128.67514	131.441	399.34225	0.8200213	377.92307	27.306128	7.6730747	52.040516	-15.270362	235000	4.4584274e-09	174.78514	-0.11981036	-93.4729	0.37645167	0.030149296	0.597	79.0	279.69234442710876	5.950900990912255
47	149.44914	122.19256	339.4799	-2.2749329	384.25	32.16428	11.690071	55.687836	-10.467861	240000	-1.1578202e-08	399.2678	-0.12774599	-246.52846	0.36839944	0.026496504	0.6088	79.0	285.5858042240143	5.949704294403394
48	153.1871	102.266266	298.12323	22.259184	456.8	27.762674	8.971153	49.62787	-2.964433	245000	1.373291e-08	198.62766	-0.1274226	-97.618004	0.35528597	0.028303089	0.603	79.0	291.80886459350586	5.955282989813357
49	129.09076	92.62011	299.88736	19.453753	393.72726	29.640816	9.277771	50.83558	-10.230274	250000	1.9520521e-10	165.85532	-0.1251885	-86.67256	0.34749734	0.030789675	0.6068	79.0	297.8346803188324	5.956693649291992
50	138.63194	98.1656	331.71295	15.29853	395.83334	28.8813	9.051557	50.624683	0.047835898	255000	1.7154218e-08	181.18164	-0.12470868	-94.21893	0.33756563	0.035615932	0.5968	79.0	304.01765751838684	5.961130595674701
51	127.79779	89.04132	349.88214	48.349476	357.91666	24.018507	10.209146	50.588505	-7.7793417	260000	-3.285557e-08	159.91153	-0.12846242	-90.59579	0.3265762	0.04714748	0.6226	79.0	309.89440631866455	5.959507850500254
52	269.34213	129.12076	408.73596	43.188885	758.1667	28.924215	8.332901	52.71102	-0.55479103	265000	-8.9347365e-09	137.37347	-0.12507941	-82.74069	0.31602928	0.04362984	0.6068	79.0	315.562611579895	5.954011579729476
53	175.22133	147.1425	497.24057	18.558792	380.25	35.137016	6.5934443	56.931717	9.724876	270000	-2.4184585e-08	272.6067	-0.12414374	-126.93126	0.30587965	0.017594025	0.6032	79.0	321.45754837989807	5.952917602327135
54	170.22563	136.91534	445.56357	2.527637	394.0	35.651295	8.278335	58.307568	5.1173444	275000	1.6891956e-08	224.63	-0.12207356	-104.28902	0.29711592	0.029354526	0.636	79.0	327.0796277523041	5.946902353113348
55	237.0706	102.06716	399.52106	99.76693	547.25	32.25443	9.946717	60.627163	-2.348419	280000	-2.1231175e-08	347.3756	-0.12948838	-210.60733	0.2848877	0.028601285	0.6232	79.0	332.9638080596924	5.945782320840018
56	208.59798	127.067024	417.79163	43.179554	488.1	41.05461	13.291555	74.065254	-3.2249093	285000	1.553297e-08	237.16106	-0.1263883	-158.57755	0.27494213	0.03934117	0.6244	79.0	338.8275697231293	5.9443433744865555
57	250.209	141.54646	413.83643	36.366623	671.2857	33.50933	8.897579	58.339676	-1.0531505	290000	-2.1827221e-08	118.437965	-0.121024944	-67.66689	0.27040106	0.03232715	0.6214	79.0	344.7221245765686	5.943484943488548
58	214.86855	150.32773	385.59976	3.1220417	503.375	32.289566	12.227657	64.208275	-11.07763	295000	-4.401207e-08	240.0432	-0.12942499	-135.28146	0.25885448	0.027511725	0.6324	79.0	351.09706926345825	5.950797828577333
59	237.10173	182.70946	531.0358	43.44892	496.0	39.32001	11.635681	68.3973	1.4257176	300000	-1.3482571e-08	307.66913	-0.118284106	-171.93579	0.24842642	0.022416145	0.61	79.0	357.0024416446686	5.950040725866954
60	278.4032	148.66893	448.69135	82.19673	672.3333	38.186245	8.483923	66.70708	-7.3567414	305000	-1.513958e-08	157.75017	-0.12483956	-95.05056	0.23498882	0.030501995	0.6088	79.0	363.7442889213562	5.963021168943311
61	193.57872	151.55717	472.87515	16.409986	433.27274	36.511982	8.911325	61.081604	1.8491038	310000	-1.7279387e-08	263.1117	-0.12960675	-144.76859	0.23018667	0.042201776	0.6456	79.0	369.8962152004242	5.966068017867304
62	170.63538	151.21434	460.12775	8.28304	370.58334	36.787777	11.0495205	66.86266	3.9737265	315000	2.9397011e-08	270.78418	-0.12428724	-154.41061	0.21814309	0.03279076	0.6288	79.0	375.72971868515015	5.9639638151441305
63	310.2861	199.27127	485.66306	9.589991	692.0	41.700768	9.339897	71.16646	-8.949677	320000	1.643896e-08	180.61252	-0.12203155	-117.40432	0.20660622	0.04597874	0.626	79.0	381.732328414917	5.96456765756011
64	392.74374	137.1039	579.315	172.01321	866.8	41.72903	8.201147	75.11623	8.396783	325000	-2.4658442e-08	177.92969	-0.12780835	-107.182434	0.20067668	0.04115825	0.6386	79.0	387.69788789749146	5.964582916406485
65	399.8409	193.20126	585.4507	28.32903	806.4	45.783222	8.4551115	77.338486	1.912329	330000	2.8172135e-08	200.73857	-0.12393046	-131.97798	0.18781345	0.040873975	0.6394	79.0	393.46252822875977	5.961553490523136
66	248.26468	207.7533	594.3181	9.468059	498.33334	42.461308	12.575861	74.34979	7.882072	335000	3.1292437e-08	442.7265	-0.1266512	-306.18475	0.17594804	0.033432398	0.6418	79.0	399.5336949825287	5.963189509377551
67	270.36993	172.35056	524.8212	59.797295	536.75	45.011337	14.131608	78.92026	-6.2591	340000	1.1467933e-08	203.7956	-0.120090775	-125.45709	0.1667003	0.0252101	0.6266	79.0	405.3680782318115	5.961295292657964
68	248.47656	155.40108	507.65652	13.970766	414.0	47.118595	7.633506	69.24967	8.049598	345000	1.4492869e-08	256.23706	-0.115940765	-150.76807	0.15833016	0.01787564	0.6192	79.0	411.29641008377075	5.9608175650886865
69	319.32782	151.39774	500.97458	104.60044	607.0	40.31029	12.820351	70.94178	-6.0946684	350000	1.2654066e-08	301.87262	-0.12806469	-178.82202	0.14631632	0.024379423	0.6332	79.0	417.05146884918213	5.957878157070705
70	333.98688	188.19878	565.8765	57.41031	623.0	44.07332	11.111809	75.98973	11.303704	355000	1.835823e-08	345.77536	-0.125809	-200.15811	0.13803816	0.0348901	0.6322	79.0	422.69416642189026	5.9534389871946525
71	308.82144	143.75603	502.13794	41.911865	584.0	47.61598	11.866944	77.58567	-1.8806312	360000	3.85046e-09	282.0327	-0.12582421	-153.28973	0.12516227	0.020972826	0.6412	79.0	429.8298981189728	5.969859729210536
72	307.38055	194.26257	521.27374	86.24701	579.75	47.48139	10.784895	84.02045	3.8073187	365000	1.9550324e-09	247.89638	-0.12518288	-155.09503	0.11461747	0.039275352	0.6462	79.0	435.91258454322815	5.971405300375533
73	420.6378	149.50677	623.56946	142.6061	751.6667	49.027157	7.9659343	83.11918	7.796636	370000	3.4748016e-08	210.33873	-0.12619607	-120.97563	0.10458699	0.04079167	0.6572	79.0	441.8389847278595	5.970797116692002
74	402.07938	200.60149	623.9607	106.89119	689.5714	51.950817	8.661922	79.22013	18.561932	375000	5.287528e-08	203.43282	-0.12124955	-127.69327	0.09601441	0.030836228	0.6278	79.0	447.8343665599823	5.9711249128977455
75	508.20917	66.30887	599.23755	424.0847	1000.0	52.355995	8.706341	83.638275	20.56177	380000	-7.2717665e-10	138.08734	-0.13122705	-84.06268	0.089767404	0.040716674	0.652	79.0	453.7462742328644	5.970345738687013
76	421.51978	191.5915	587.6405	22.75884	753.0	50.042324	7.656155	77.270454	21.744606	385000	3.2158194e-08	224.42378	-0.12395468	-137.15979	0.07635716	0.042456526	0.6526	79.0	459.95696210861206	5.9734670682386914
77	361.85547	183.94128	584.8173	110.272575	607.125	55.09557	9.519691	88.23767	20.268013	390000	-2.2912026e-08	249.09618	-0.11734724	-148.33777	0.06791918	0.031547256	0.6338	79.0	465.86544585227966	5.97263394563626
78	535.69556	132.48503	705.62335	309.75327	877.4	51.397186	9.701451	84.71021	-0.4805439	395000	-3.963709e-08	165.34402	-0.12699693	-106.54158	0.056372862	0.04760529	0.6638	79.0	471.9453315734863	5.973991572102414
79	428.50845	117.545876	541.87714	204.23944	880.2	49.866642	9.5848675	86.8143	22.537323	400000	-5.4466724e-08	119.66605	-0.12815584	-76.415825	0.045810733	0.04401718	0.6396	79.0	478.0237545967102	5.9752969622612
80	502.0236	146.62843	678.1944	293.86752	821.3333	51.3878	10.365437	86.04279	22.114399	405000	-4.9173834e-09	168.63182	-0.13089661	-108.17022	0.036734164	0.04256083	0.6624	79.0	484.5666229724884	5.982304013805625
81	624.889	36.786743	685.58344	573.8046	977.2	58.33225	9.607972	84.226425	29.256506	410000	-5.8973672e-08	180.06224	-0.125442	-115.76686	0.027323246	0.044158913	0.656	79.0	490.4836881160736	5.98150841201224
82	333.49457	205.0161	556.06445	54.834534	628.0	55.757263	8.792182	87.51283	29.274757	415000	3.349781e-08	247.1435	-0.117640644	-175.41298	0.018398613	0.028515946	0.651	79.0	496.2581911087036	5.979014376559889
83	453.51767	173.81564	630.0794	175.57834	782.0	47.896633	5.685941	69.85382	16.613033	420000	-3.8576125e-08	224.05632	-0.12166389	-137.85208	0.009149946	0.031120505	0.6416	79.0	502.0490765571594	5.9767747436250955
84	449.35318	239.17712	744.8343	134.95638	668.8571	58.070408	8.977884	87.509346	22.644428	425000	3.168583e-08	245.46725	-0.11627607	-129.43326	0.0029024398	0.029149167	0.6378	79.0	507.9129412174225	5.975446392508114
85	383.78003	225.76715	619.28766	43.637814	618.5	57.30824	10.526423	85.664734	19.298296	430000	5.00679e-09	250.50223	-0.1176171	-135.55458	-0.0061748927	0.02408948	0.638	79.0	514.0033230781555	5.976782848668653
86	532.77686	244.56155	769.05054	115.02513	767.6667	58.80692	7.9572883	82.034904	31.751429	435000	1.2234598e-08	250.50302	-0.12797695	-145.1124	-0.017059665	0.03581757	0.6736	79.0	520.0690999031067	5.977805773417155
87	565.2644	58.316467	678.43994	520.20105	939.0	57.906414	10.231666	89.481026	29.549261	440000	5.722046e-10	148.84793	-0.1266328	-85.79825	-0.025030833	0.033767115	0.6554	79.0	526.0787274837494	5.9781673794442955
88	420.8538	256.84595	651.4883	31.614676	681.1667	59.08636	9.321992	85.75991	21.004486	445000	-7.688999e-09	161.98412	-0.11730115	-85.64994	-0.03384708	0.024373233	0.6498	79.0	531.8250062465668	5.975561889369836
89	405.2702	209.24385	757.85944	133.61342	696.1429	57.10821	8.993188	86.47392	30.11687	450000	6.290674e-08	225.89142	-0.11934393	-136.91992	-0.045540083	0.03453428	0.6568	79.0	538.1504728794098	5.979449719852871
90	677.9111	110.4632	843.0722	545.1058	977.4	59.175793	9.616135	90.83594	20.287094	455000	1.4841557e-09	229.96342	-0.13110279	-166.3954	-0.059080042	0.051287	0.6648	79.0	544.324077129364	5.981583286117721
91	525.11066	198.16748	714.6798	141.32388	832.8	59.72308	12.063123	91.50658	27.60918	460000	-3.6045908e-08	150.01617	-0.12428197	-83.308846	-0.061476454	0.04286676	0.666	79.0	550.5903971195221	5.9846782477005664
92	657.0223	65.39634	781.55975	596.73987	1000.0	62.208324	11.368861	93.655205	32.260105	465000	-4.275143e-08	81.340675	-0.13061504	-48.125893	-0.069745585	0.047205836	0.6524	79.0	556.6426606178284	5.985404981079922
93	588.81555	243.86502	847.02765	138.93266	845.6	63.927532	9.487152	91.929085	35.865204	470000	1.2266636e-08	182.73465	-0.12998646	-105.82447	-0.080259986	0.041551225	0.681	79.0	562.3266406059265	5.982198322072942
94	457.0274	173.64264	663.12006	194.93484	709.8571	62.552525	12.605173	98.907745	26.233042	475000	8.845329e-09	222.81627	-0.11147646	-132.79825	-0.09298163	0.01816068	0.6446	79.0	568.4618730545044	5.983809210124769
95	421.7186	263.04977	772.2045	42.546856	586.2857	59.626236	10.965504	90.10733	26.88025	480000	2.683699e-09	337.32364	-0.113819174	-177.87407	-0.10293015	0.023103787	0.652	79.0	574.9027049541473	5.988569863140583
96	592.2571	260.7218	812.858	90.34318	822.2	64.61499	8.218216	92.31832	25.687994	485000	-4.92692e-08	223.23572	-0.12929636	-151.86835	-0.1101531	0.05118635	0.6822	79.0	580.7610313892365	5.987227144929552
97	496.55264	248.74875	746.2347	85.09298	696.2857	72.2421	8.6209135	96.34173	38.685383	490000	-2.515316e-09	291.34384	-0.11725693	-179.30612	-0.12127351	0.027078714	0.6686	79.0	586.5436401367188	5.9851392045313
98	525.8262	241.1964	720.112	50.64123	811.2	60.02476	8.370818	90.9693	23.66326	495000	-2.8270483e-08	143.67111	-0.1245958	-82.68794	-0.1324073	0.054031737	0.677	79.0	592.5951299667358	5.98580941286954
99	702.5119	43.646645	764.5014	648.42755	1000.0	67.48724	11.658406	101.3357	36.97846	500000	-4.5347214e-08	125.16056	-0.13335334	-84.48164	-0.13854796	0.048284784	0.6904	79.0	598.636378288269	5.986363801956177
100	407.6739	237.58543	712.1527	73.65146	666.5714	60.27649	9.333633	95.396614	37.114777	505000	-4.23193e-09	226.12975	-0.112975165	-146.18555	-0.14837758	0.015577008	0.6454	79.0	604.4390442371368	5.984545011331539
101	520.188	263.3917	794.64197	19.064247	807.4	53.510563	9.979372	83.65719	14.861318	510000	1.4865399e-08	233.70868	-0.122984745	-177.26567	-0.16053444	0.047068264	0.6518	79.0	610.5435490608215	5.985721090260674
102	560.8544	246.22694	759.4598	78.92121	821.0	65.128265	8.344887	92.61053	26.956417	515000	4.3952465e-08	198.38445	-0.12586585	-124.99056	-0.16562784	0.056835454	0.6766	79.0	616.5578141212463	5.985998213869854
103	605.48267	148.81839	742.7119	324.05954	882.0	66.14907	12.791978	105.56137	31.955385	520000	6.473064e-08	155.17282	-0.12273162	-95.71271	-0.17414218	0.042820193	0.6574	79.0	622.3733584880829	5.984359232278971
104	710.7248	107.189156	916.99023	624.1151	994.8	64.57031	11.44527	96.28659	36.186836	525000	4.880428e-08	150.06212	-0.12481844	-88.569595	-0.18317352	0.051846154	0.668	79.0	628.3411407470703	5.984201358613514
105	515.4211	231.10945	769.7384	154.77286	741.6667	65.6541	9.460392	105.267075	35.57214	530000	-7.2062014e-09	154.69641	-0.113787286	-84.000114	-0.18960027	0.028951224	0.6668	79.0	634.211133480072	5.983123918749252
106	741.66296	82.671326	874.7496	658.6656	1000.0	68.5414	9.124129	98.63658	38.644657	535000	2.0921231e-09	150.22975	-0.13028182	-98.88387	-0.2026672	0.07009235	0.708	79.0	640.4546298980713	5.9855573065927095
107	780.22314	70.48993	861.8827	691.0229	1000.0	71.956665	10.817569	103.70903	45.697105	540000	-2.1147727e-08	112.30666	-0.13414487	-70.46507	-0.20906062	0.06366279	0.699	79.0	646.602041721344	5.987055957317352
108	699.4315	69.283066	768.24243	574.1796	1000.0	73.546036	13.288523	109.91797	39.46599	545000	1.7273425e-08	166.22652	-0.13761514	-107.54976	-0.2170938	0.054107253	0.708	79.0	652.5656924247742	5.986841232404796
109	650.92706	76.94595	787.74414	568.95856	1000.0	65.463425	10.776169	100.98955	36.63955	550000	-1.2443066e-07	75.23861	-0.13233063	-47.43679	-0.22656743	0.054394215	0.6746	79.0	658.6925323009491	5.988113949515602
110	596.87103	246.31152	775.3352	107.7779	823.6	67.48395	13.206384	101.507416	34.932102	555000	-2.4354458e-08	223.33487	-0.12229589	-134.39243	-0.2337734	0.036575027	0.659	79.0	664.7207551002502	5.988475286208831
111	698.6969	79.05077	819.72235	623.6895	1000.0	73.00006	11.915726	110.61343	43.402306	560000	9.131432e-09	140.82495	-0.13233027	-95.389175	-0.2429029	0.048966225	0.6854	79.0	670.8266973495483	5.989524098379271
112	452.92657	270.45547	701.4757	46.965355	632.0	67.75637	10.050158	98.66945	37.073982	565000	1.8543005e-08	298.47354	-0.116160125	-190.23361	-0.25479358	0.019821772	0.6766	79.0	677.0588176250458	5.991670969313225
113	698.56104	166.36453	849.8554	410.8031	891.8	66.62241	10.179819	100.40636	25.73349	570000	1.6996264e-08	287.20795	-0.13068093	-198.4378	-0.2648196	0.06129073	0.701	79.0	683.2535529136658	5.993452237363448
114	623.8203	278.12808	899.923	27.17386	812.3333	73.05124	12.280012	104.514465	32.874546	575000	5.1295757e-08	193.05405	-0.1186901	-108.496605	-0.2775181	0.031196868	0.6758	79.0	689.1718723773956	5.992798908897068
115	551.55963	254.29654	791.86975	73.399826	818.0	68.38452	11.933428	104.18925	36.14914	580000	-4.9769877e-09	193.49199	-0.11864555	-116.57479	-0.28546104	0.028036261	0.6842	79.0	695.7488951683044	5.997835317562366
116	659.429	163.73941	844.00854	354.81735	873.0	69.62808	12.358344	107.541954	35.859234	585000	8.254051e-08	196.44934	-0.12516652	-123.64955	-0.29668373	0.054774787	0.7018	79.0	701.8926420211792	5.999082426739554
117	674.7636	246.23999	914.69305	210.02698	845.2	72.88209	12.449577	106.33147	46.738323	590000	2.9936433e-09	187.92168	-0.12207513	-100.60403	-0.3047808	0.044776186	0.703	79.0	707.9266781806946	5.999378642793429
118	656.52356	240.9029	912.186	225.6236	845.2	74.44764	11.5349655	106.17852	43.50628	595000	-2.9277802e-08	167.01097	-0.12548003	-94.184265	-0.3195043	0.057861377	0.7078	79.0	714.4325966835022	6.00363528828661
119	612.18085	245.90555	835.1076	133.89685	826.4	75.922	11.538154	111.49971	42.77205	600000	1.7809867e-08	224.68532	-0.124647975	-133.13103	-0.3299558	0.05601166	0.6952	79.0	720.3756892681122	6.003130759795507
120	671.67126	228.62428	860.8923	230.51057	812.4	73.07588	14.982646	103.00466	33.35337	605000	-1.7690658e-08	234.24808	-0.11650512	-136.94595	-0.33648574	0.033646416	0.6904	79.0	726.2929735183716	6.002421284510085
121	813.277	61.5519	895.0635	723.3653	1000.0	75.09146	13.050787	109.05032	39.865776	610000	-8.454323e-08	137.48195	-0.1338766	-92.78395	-0.34556052	0.054569792	0.6934	79.0	732.2597515583038	6.002129128721894
122	807.1964	174.49721	989.8715	547.0816	918.0	84.500435	15.279309	115.34256	36.239655	615000	-9.059906e-10	204.05775	-0.1277778	-112.83984	-0.3570877	0.048071362	0.724	79.0	738.3458116054535	6.002811491974001
123	601.01166	356.12637	963.29736	45.761555	672.8571	86.04096	11.307297	113.30798	52.32182	620000	2.7418137e-09	285.1129	-0.10938811	-157.75415	-0.36639506	0.025921335	0.6586	79.0	744.1787066459656	6.001441196087868
124	609.0247	247.49516	903.13513	220.22188	736.6667	81.050476	13.392523	115.584305	39.484863	625000	-1.0809302e-08	339.60446	-0.112579934	-222.10667	-0.37771216	0.0320528	0.682	79.0	750.1150596141815	6.000920492172241
125	748.43	183.43797	991.5056	555.7529	953.4	78.29924	16.156109	116.7773	42.00582	630000	2.2679567e-08	333.6719	-0.130851	-245.9812	-0.38707078	0.039871644	0.7274	79.0	756.0163376331329	6.000129680784922
126	731.7982	196.75674	928.40106	355.87802	867.4	82.00374	13.319039	117.440926	38.866844	635000	8.452032e-09	254.88644	-0.12276605	-158.71057	-0.39258388	0.04604899	0.6964	79.0	761.8972189426422	5.999190717231571
127	647.37024	305.82672	1031.4142	91.954185	814.8	75.51538	13.585765	112.900375	40.225796	640000	5.0890446e-08	208.66309	-0.11681612	-132.30585	-0.39925966	0.05274737	0.6848	79.0	768.0971772670746	6.000759210437536
128	805.3205	156.96977	929.66473	498.26355	928.2	88.89987	9.740955	124.9242	34.9129	645000	-4.1352212e-08	192.49278	-0.13116662	-118.067955	-0.41014674	0.05403894	0.724	79.0	774.0276930332184	6.000214687613553
129	569.6755	287.4744	846.35187	58.575653	752.3333	76.60511	12.868445	109.05083	45.144512	650000	4.566908e-08	181.0729	-0.11476672	-114.34569	-0.42084536	0.05042396	0.6894	79.0	780.136180639267	6.001047558050889
130	579.8413	334.56506	938.10925	63.06805	667.4286	79.00852	13.440371	110.85179	37.057434	655000	1.3114512e-08	334.1944	-0.11570885	-188.57524	-0.43127203	0.028805908	0.6832	79.0	786.0333642959595	6.000254703842047
131	812.9107	215.01892	999.2543	393.20038	872.4	86.29173	12.203759	122.22724	42.901886	660000	-3.7786737e-08	213.59915	-0.12813763	-126.94342	-0.4399196	0.059253454	0.7334	79.0	792.3291862010956	6.002493849306395
132	868.4715	68.089966	974.79236	765.4549	957.8	88.23841	11.998574	118.16112	39.647053	665000	2.2649764e-09	224.11052	-0.13110246	-141.84169	-0.4477575	0.058616392	0.728	79.0	798.0250129699707	6.000188083576977
133	608.7149	307.91016	913.38684	66.91926	734.3333	80.79373	12.273248	109.423325	49.11741	670000	1.4036893e-08	211.26315	-0.11243897	-129.92325	-0.45911676	0.033540655	0.6872	79.0	803.9861216545105	5.999896444491486
134	537.2691	404.38074	967.9198	62.184483	615.7143	80.63065	8.494309	109.87923	45.34128	675000	8.159875e-09	326.45963	-0.1209539	-191.23985	-0.47102886	0.029400757	0.705	79.0	809.8085091114044	5.998581566634002
135	866.0664	33.597145	926.12427	837.7264	1000.0	82.10307	11.220153	112.31619	46.879	680000	-1.5133619e-08	122.473465	-0.13719085	-89.287476	-0.481675	0.06291618	0.7326	79.0	815.8160605430603	5.998647519770791
136	714.0488	109.27494	845.3371	529.47437	819.5	84.2887	13.340608	117.83142	38.98172	685000	-6.138087e-08	370.78348	-0.11553603	-230.02768	-0.49303418	0.02047866	0.6828	79.0	821.8124403953552	5.998630965713167
137	781.1033	264.3668	1001.58466	277.32364	854.0	82.704315	11.418629	114.08762	-0.97176933	690000	2.0697712e-09	189.58183	-0.12975807	-124.20658	-0.50861615	0.06549979	0.7268	79.0	827.7002511024475	5.997827920360842
138	895.119	83.91193	989.05804	781.1018	1000.0	86.624466	9.608476	114.019005	49.6301	695000	2.2244453e-08	127.524124	-0.13913299	-81.10913	-0.51915276	0.064868	0.7434	79.0	833.8226046562195	5.9987237882271085
139	752.9967	312.97742	982.0156	135.40674	826.4	89.04476	12.139638	122.724625	45.33368	700000	-8.147955e-09	178.60635	-0.12472906	-103.04171	-0.52530235	0.05843988	0.7274	79.0	840.1009650230408	6.000721192359924
140	675.821	211.78056	1001.2886	330.03134	774.3333	84.44512	16.407112	119.18191	33.372856	705000	5.4836274e-08	381.53796	-0.10925526	-233.10191	-0.5352805	0.014511749	0.6818	79.0	845.9474442005157	5.999627275669829
141	943.3695	53.769104	1031.599	865.2338	966.0	88.14616	9.219266	119.22576	43.698784	710000	-3.2114983e-08	236.0256	-0.12898265	-150.49245	-0.54427195	0.06496585	0.7398	79.0	851.7670185565948	5.998359299041856
142	798.60614	380.0081	1049.5118	42.184128	807.6	92.05939	8.271918	112.9756	59.152676	715000	-4.7552586e-08	172.088	-0.12674247	-100.066185	-0.55131406	0.06203802	0.7336	79.0	857.7368664741516	5.99815991875175
143	647.40656	298.0142	896.1465	33.82808	767.1667	90.052376	14.061163	121.06791	58.6886	720000	2.0980835e-09	309.0701	-0.11225742	-196.11755	-0.5602496	0.028787756	0.6864	79.0	863.9667222499847	5.999768917759259
144	671.9445	433.5695	1134.3403	58.60221	688.3333	88.62962	10.498415	118.0473	33.42618	725000	-1.0333061e-07	364.27393	-0.12452517	-221.71423	-0.56941575	0.042238645	0.7414	79.0	870.0986318588257	6.000680232870168
145	803.03754	303.0868	1013.1986	205.1436	836.8	95.00226	13.153769	128.35544	39.83052	730000	-1.2516975e-08	271.13208	-0.13379976	-155.8359	-0.57896805	0.05630124	0.7664	79.0	876.1777677536011	6.001217600417464
146	758.1643	268.37296	979.73944	186.04126	830.1667	91.704124	14.374819	124.904205	54.94942	735000	1.12766024e-07	304.47076	-0.11647769	-165.70862	-0.58915657	0.037904967	0.7114	79.0	882.4959614276886	6.003373900238349
147	753.90814	298.64767	1132.728	194.35645	795.0	88.0238	12.678439	121.016	47.546276	740000	-4.7159194e-08	290.29123	-0.124458216	-154.26952	-0.6007608	0.049501766	0.7352	79.0	888.3905816078186	6.002639077805184
148	792.51483	191.61021	1039.2245	482.72543	832.8333	89.88878	12.460136	120.87594	54.803505	745000	2.1387637e-08	251.89563	-0.11713335	-127.98537	-0.61091655	0.046235204	0.7236	79.0	894.1236484050751	6.000829866268491
149	938.80304	76.47726	1074.8207	842.0373	1000.0	89.61078	11.764658	122.49349	49.81863	750000	4.645884e-08	148.45161	-0.13526255	-92.172806	-0.6179383	0.06985283	0.7206	79.0	900.1858077049255	6.0012387307484945
150	822.2687	144.33723	1033.9956	608.64825	1000.0	84.98014	16.587616	125.094864	47.250916	755000	-7.224083e-09	147.87462	-0.13374038	-106.44591	-0.62466455	0.061171565	0.7324	79.0	905.9697885513306	5.999799938391376
151	947.95154	75.74484	1025.3331	811.7169	1000.0	91.58815	11.431983	125.97217	60.260727	760000	2.9715617e-08	90.72674	-0.1324623	-57.725433	-0.63313556	0.071316175	0.6938	79.0	911.9614925384521	5.999746673985531
152	716.3663	351.778	1143.6847	35.009842	753.0	92.54026	12.791732	125.1198	59.231384	765000	-5.3046644e-08	221.82005	-0.11206271	-128.52252	-0.64163005	0.043059956	0.695	79.0	917.8566973209381	5.999063393648933
153	962.79364	83.21018	1094.2709	853.0645	1000.0	93.49982	13.960194	126.19095	37.467438	770000	1.6462803e-08	247.97438	-0.13746828	-171.71027	-0.64965165	0.077030495	0.7496	79.0	923.9564850330353	5.999717446116658
154	859.7064	261.105	1078.6245	367.79712	865.4	95.304855	16.06581	125.15474	27.786072	775000	2.4846196e-08	255.43712	-0.12462086	-139.79143	-0.6577005	0.044697423	0.741	79.0	930.0690290927887	6.000445359753024
155	843.4551	150.84679	1046.7467	597.0998	967.6	87.455284	20.108593	125.08329	33.253155	780000	-4.5108795e-08	283.57123	-0.125011	-178.20218	-0.67042273	0.054504614	0.7472	79.0	935.8936560153961	5.999318323074243
156	969.70264	163.36838	1152.1603	742.4597	943.4	92.19184	13.937334	121.386185	16.598495	785000	-6.327629e-08	280.9413	-0.1285137	-192.06934	-0.68208647	0.059757147	0.7392	79.0	942.1664490699768	6.001060195789216
157	779.8531	334.29376	1043.6108	164.56505	762.1667	100.31189	13.268071	126.19816	42.849976	790000	-1.987219e-08	387.35596	-0.112475246	-228.06256	-0.69066155	0.034364495	0.7284	79.0	948.3492548465729	6.002210485784313
158	862.6042	388.76807	1169.7866	99.84424	819.0	95.597046	11.822928	119.05068	44.71416	795000	-2.4348497e-08	290.88446	-0.12683879	-178.52164	-0.6976991	0.07811989	0.7396	79.0	954.2205481529236	6.001387108796798
159	868.4564	245.17485	1131.9276	553.95135	907.6	94.72132	18.072824	133.0216	39.5899	800000	-2.7656555e-09	358.1888	-0.12516598	-202.87793	-0.70291054	0.030477917	0.7316	79.0	960.411833524704	6.002573971450329
160	881.24347	318.0775	1083.3146	248.84601	846.2	102.41465	11.248408	133.07463	48.528584	805000	1.2130738e-07	268.00064	-0.13112079	-151.91174	-0.7074637	0.051907502	0.7546	79.0	966.2040238380432	6.0012672421354685
161	890.0077	260.3678	1233.9247	456.55502	881.2	93.51869	17.760586	123.45309	36.764202	810000	-5.134344e-08	320.41214	-0.1300143	-187.39783	-0.7152364	0.05666322	0.7702	79.0	972.3787980079651	6.002338271082183
162	779.0222	329.5973	1119.5609	140.22865	782.0	98.43324	17.344229	136.07735	32.82165	815000	-3.812313e-08	291.43393	-0.119182326	-171.29868	-0.72518474	0.039599314	0.7302	79.0	978.5591881275177	6.003430612248145
163	1100.9993	27.831282	1135.603	1052.1942	1000.0	101.96515	8.625453	130.9674	57.113945	820000	2.131164e-08	207.77893	-0.14214729	-149.3144	-0.73529416	0.08060037	0.7832	79.0	984.5094356536865	6.003106328045449
164	902.95624	314.8298	1133.7059	288.21185	853.2	108.793335	7.758367	132.45038	69.49408	825000	-4.3034554e-08	267.9474	-0.124083646	-146.76811	-0.7444182	0.050924536	0.7552	79.0	990.6834342479706	6.004142038749926
165	1021.0597	92.92244	1154.0302	888.0194	933.6	102.78469	8.845163	128.77068	64.93444	830000	1.2439489e-08	267.99472	-0.11788372	-131.65283	-0.75201416	0.050848905	0.7494	79.0	997.9153175354004	6.011538068932223
166	781.5614	368.77722	1132.3639	294.01276	710.4286	105.26605	8.555775	131.72124	67.71193	835000	8.456707e-08	389.91428	-0.11618184	-211.78679	-0.7643683	0.03459953	0.751	79.0	1003.9709877967834	6.011802334985333
167	1053.8801	149.61949	1173.914	765.9188	916.0	104.93294	7.9091587	130.00821	45.14145	840000	-7.4440244e-08	288.54407	-0.13073803	-183.66418	-0.7728168	0.07760321	0.784	79.0	1010.0179762840271	6.012011777786982
168	982.292	125.97805	1133.7831	791.23724	1000.0	102.6806	18.466803	139.83871	35.247902	845000	7.454157e-08	265.12225	-0.1353564	-165.25381	-0.781167	0.08095034	0.7686	79.0	1016.2047774791718	6.013046031872902
169	800.8657	314.95285	1133.9496	214.36324	787.1667	97.05025	18.710905	129.26881	24.611053	850000	1.2530089e-07	409.84393	-0.11865016	-220.83429	-0.78821427	0.034451604	0.7448	79.0	1022.1538944244385	6.012669978422277
170	927.6947	198.67433	1158.048	633.45056	913.4	93.464584	17.314713	128.1811	40.372826	855000	5.402565e-08	363.04294	-0.11902454	-189.19553	-0.79808396	0.036242317	0.7466	79.0	1028.2572979927063	6.013200585605108
171	1117.5305	38.964596	1178.5789	1057.417	1000.0	105.08276	8.794927	129.06352	56.946884	860000	1.9192695e-08	179.2073	-0.14178951	-119.928955	-0.8076846	0.088958055	0.7846	79.0	1034.6242096424103	6.015257043893947
172	769.76263	384.77325	1160.0214	172.3238	685.0	109.62885	8.05752	131.46419	71.13868	865000	3.5876035e-08	465.72754	-0.11429676	-228.292	-0.8159071	0.04398655	0.7566	79.0	1040.7784523963928	6.016060428123254
173	855.597	257.73343	1156.2714	391.73355	811.0	101.34642	11.295724	126.609436	46.158775	870000	-4.4986606e-08	493.8947	-0.12089765	-270.20868	-0.82899743	0.045211248	0.7572	79.0	1046.6635200977325	6.015307597730351
174	880.6175	405.4383	1176.8096	53.34184	783.3333	103.11517	9.021091	128.52002	6.0836215	875000	4.441738e-08	335.24072	-0.12361715	-179.4135	-0.83826494	0.043797255	0.7594	79.0	1052.5611231327057	6.014635002953666
175	1090.746	125.37023	1184.8595	851.05133	1000.0	102.7253	18.420622	133.9962	15.652629	880000	1.528263e-08	157.88914	-0.14014147	-110.59952	-0.8496252	0.07538722	0.7908	79.0	1058.6436369419098	6.015020675279877
176	995.6367	310.65085	1188.2858	379.59564	862.4	114.281364	8.661473	139.12976	59.99209	885000	8.845329e-09	277.90692	-0.13041146	-149.13857	-0.8601961	0.063858785	0.7954	79.0	1064.4379436969757	6.0137737026322355
177	1026.1354	229.34828	1160.4911	569.2091	899.0	112.171326	7.9544134	140.40944	35.64963	890000	1.2155772e-07	265.95212	-0.12566857	-133.92928	-0.8713091	0.08252093	0.7946	79.0	1070.6655812263489	6.014975184804938
178	958.4966	371.52374	1228.1185	223.71863	848.0	111.041885	7.053684	132.59233	71.885826	895000	4.155636e-08	290.222	-0.12676351	-147.03648	-0.87979805	0.07436981	0.7776	79.0	1076.5005419254303	6.013969518618877
179	948.4186	374.97397	1167.284	200.16554	837.2	112.22257	9.564173	139.04597	44.70577	900000	-5.7494642e-08	278.19046	-0.1309281	-159.46655	-0.8893167	0.07223222	0.7824	79.0	1082.6713645458221	6.01484092341529
180	884.21124	321.13968	1172.2421	340.34036	792.5	111.240875	8.746164	134.99437	47.798603	905000	7.309467e-08	341.81638	-0.121478066	-176.75171	-0.895642	0.05846292	0.7734	79.0	1088.7453875541687	6.015167900211903
181	950.8488	351.10416	1193.7352	254.76414	842.8	107.18765	7.975888	132.17032	61.15811	910000	-3.0577183e-08	260.47415	-0.12722148	-140.34784	-0.90395683	0.0703683	0.788	79.0	1095.1375241279602	6.017239154040158
182	1052.7201	242.20543	1233.0101	575.6618	895.8	112.5385	7.2015643	135.12506	70.4867	915000	-3.5762787e-10	256.71924	-0.1186516	-124.75716	-0.91344637	0.06687826	0.7532	79.0	1101.1869974136353	6.0174152955331435
183	1118.5125	64.40605	1221.6525	1032.8707	963.8	114.321266	7.369441	140.05716	61.457745	920000	-2.501011e-08	364.92105	-0.11407696	-168.88239	-0.9248527	0.037649974	0.7654	79.0	1107.0364198684692	6.016502292259879
184	811.912	270.94427	1179.5997	337.78238	859.6	94.70688	27.500921	137.3097	20.677433	925000	1.7434358e-08	352.84244	-0.120780885	-209.17937	-0.9380172	0.054831304	0.7512	79.0	1112.9456984996796	6.015922704902855
185	902.06525	246.51868	1138.9875	592.7809	900.2	99.07801	20.78765	132.03836	29.774607	930000	-1.9414425e-07	392.6668	-0.12572733	-261.79855	-0.9482566	0.0662474	0.7808	79.0	1118.7227103710175	6.014638238055731
186	997.4754	169.46689	1162.1849	680.024	915.8	105.69547	11.491217	138.40161	64.910934	935000	-2.7614831e-08	257.52435	-0.12444124	-134.84059	-0.95407957	0.07823509	0.759	79.0	1124.7465085983276	6.014687223230454
187	977.3796	254.89467	1196.8635	485.4699	883.6	107.88362	9.50453	133.62549	31.480581	940000	-6.985385e-08	265.10098	-0.12544984	-132.46486	-0.9624251	0.08190712	0.7768	79.0	1131.587565422058	6.019082804943653
188	1131.6897	71.60479	1235.6161	1055.4154	1000.0	109.40875	9.052287	136.33301	62.853214	945000	1.2369156e-07	183.67357	-0.13944343	-113.08411	-0.9721885	0.07082728	0.7846	79.0	1137.3480310440063	6.017714461321553
189	974.52716	418.21747	1251.7992	147.74904	1000.0	98.103294	37.47984	139.17926	16.426567	950000	2.1982194e-08	251.4083	-0.13141672	-148.3027	-0.9813941	0.04253091	0.733	79.0	1143.6650657653809	6.019289829856471
190	855.99084	425.62228	1234.0928	58.14728	809.0	103.23912	32.253326	144.56348	3.5542321	955000	-1.1628866e-08	279.5729	-0.121007495	-164.37268	-0.98892677	0.108200476	0.7736	79.0	1149.5266449451447	6.018464120894826
191	906.7038	390.4551	1217.1932	114.7082	779.5	117.6858	8.778558	141.68362	61.223476	960000	-2.617836e-08	381.04926	-0.12277368	-208.39136	-1.0045346	0.04195641	0.786	79.0	1155.697781085968	6.019259288907051
192	1107.2844	71.48066	1205.4896	982.2844	1000.0	106.2348	17.050001	140.06992	41.62943	965000	1.1456013e-07	200.5201	-0.14084268	-118.50767	-1.0145905	0.078588456	0.7962	79.0	1161.6907951831818	6.019123299751874
193	1044.5709	205.48097	1199.0148	653.97174	1000.0	103.1899	29.554676	140.73787	17.381645	970000	-9.8133086e-08	256.5382	-0.13871408	-158.06711	-1.0232866	0.062420893	0.7826	79.0	1167.8578996658325	6.019886095499255
194	861.3973	353.02658	1245.1818	262.864	735.1667	111.154015	14.045032	140.77127	42.817024	975000	-7.152558e-08	486.2273	-0.12261965	-261.51318	-1.031757	0.049824923	0.7886	79.0	1173.770673751831	6.019336798252204
195	688.0872	469.51437	1176.3337	50.32897	619.5	108.44187	11.765772	137.56638	8.973138	980000	-5.722046e-09	556.6799	-0.11853017	-288.21945	-1.0449216	0.01580783	0.7712	79.0	1179.8200018405914	6.019489815040511
196	963.8006	261.47473	1160.727	452.4441	841.8	108.35117	9.028672	138.10474	22.669706	985000	-1.6977788e-07	398.16528	-0.12639575	-191.7993	-1.0545863	0.07599682	0.7918	79.0	1185.5728845596313	6.018136479527817
197	915.8074	324.00607	1218.6943	393.26492	814.5	103.8325	17.408527	140.31589	9.658287	990000	2.2101402e-08	455.65656	-0.11358503	-234.98973	-1.0646482	0.031833265	0.7472	79.0	1191.6619250774384	6.0184945807312475
198	1056.013	189.17924	1169.9459	679.07684	924.2	112.30312	11.094562	144.60219	55.34649	995000	4.315376e-08	335.94266	-0.1316246	-182.69806	-1.0749084	0.0915789	0.8204	79.0	1197.4646067619324	6.017410093815482
199	1182.9626	59.48325	1250.1488	1083.4679	1000.0	112.37522	7.5545573	138.08667	75.18634	1000000	1.9001961e-08	163.89883	-0.14590107	-108.08922	-1.0857617	0.11933799	0.833	79.0	1203.8666672706604	6.019333347082138
