Epoch	AverageEpRet	StdEpRet	MaxEpRet	MinEpRet	AverageTestEpRet	StdTestEpRet	MaxTestEpRet	MinTestEpRet	EpLen	TestEpLen	Time Steps	AverageQ1Vals	StdQ1Vals	MaxQ1Vals	MinQ1Vals	AverageQ2Vals	StdQ2Vals	MaxQ2Vals	MinQ2Vals	LossPi	LossQ	Time	AVG Time Per Epoch
1	-272.04855	50.281094	-227.0598	-361.6073	-142.14558	74.27414	18.782072	-230.4466	1000.0	1000.0	4999	-0.07170443	1.7086195	7.743803	-6.35799	-0.07155882	1.7073534	7.6461124	-6.408594	-0.4422644	0.24520431	19.323741912841797	19.323744535446167
2	-220.65828	51.98156	-149.03136	-293.26318	35.9953	212.3259	302.8902	-364.6901	1000.0	1000.0	9999	2.947539	3.976797	23.229248	-7.550316	2.9468467	3.9765306	23.357208	-8.157294	-4.302682	0.8703979	42.305259704589844	21.152630925178528
3	-33.99179	234.81227	304.05038	-413.69968	359.67093	59.804623	429.8222	205.9985	1000.0	1000.0	14999	6.8643084	6.2063684	35.57574	-13.71932	6.864249	6.205721	35.895905	-13.4051485	-8.336842	1.8833586	66.75958299636841	22.25319496790568
4	507.50372	94.409744	645.1325	367.5557	-161.82095	348.54443	561.5879	-512.5713	1000.0	1000.0	19999	8.837794	8.483571	53.69491	-15.682419	8.837977	8.484511	52.677273	-15.79127	-10.173862	2.1209376	90.9141628742218	22.728541254997253
5	436.44086	608.56885	1244.7849	-327.97052	777.2233	219.09386	1200.818	410.6361	1000.0	1000.0	24999	14.079121	11.314189	75.13876	-16.018557	14.077703	11.316595	73.09216	-16.512989	-15.235462	3.420607	115.13287258148193	23.026574897766114
6	771.16876	78.87778	897.30176	678.5601	920.1838	299.65884	1277.8344	168.39778	1000.0	1000.0	29999	17.969833	11.549013	63.16242	-16.00805	17.968884	11.5509205	63.83588	-16.801655	-19.08577	3.219441	139.13413000106812	23.189021984736126
7	769.506	336.86316	1266.0956	271.68997	1011.0363	451.32083	1878.2623	250.50044	1000.0	1000.0	34999	21.839336	12.856652	80.35897	-17.3886	21.83861	12.8589735	79.99777	-16.886845	-23.000355	3.9123876	163.67160987854004	23.381658826555526
8	1189.4253	360.5772	1614.1876	788.83514	1376.7596	347.26712	1916.4086	851.80664	1000.0	1000.0	39999	26.253082	14.702381	85.70584	-17.07552	26.25254	14.705334	86.10999	-18.172138	-27.456062	4.727801	187.8160855770111	23.47701096534729
9	1150.2539	175.11397	1387.9388	931.56793	1182.3064	414.05084	2342.13	831.602	1000.0	1000.0	44999	31.065752	17.156826	101.47293	-12.925589	31.064575	17.160639	102.62217	-11.484508	-32.40555	5.4146705	211.90470147132874	23.544967042075264
10	1795.4062	525.6667	2659.7422	1155.5381	1008.243	547.7373	1863.9182	-326.7881	1000.0	1000.0	49999	36.820133	20.742332	114.51433	-6.144635	36.81916	20.74587	115.64805	-5.739382	-38.240932	6.44823	236.11923670768738	23.61192388534546
11	1845.0432	597.9051	2873.3765	1176.302	2261.011	832.7287	3287.6519	970.3924	1000.0	1000.0	54999	43.620472	25.007174	131.92336	-2.5166187	43.619953	25.010647	131.48843	-7.7873516	-45.065353	7.8568187	260.2927505970001	23.662977500395343
12	2693.961	674.41943	3064.333	1346.4409	3081.6187	547.85333	3525.102	1556.585	1000.0	1000.0	59999	52.019093	30.419882	142.81685	0.16290987	52.01814	30.422424	142.43123	0.35803366	-53.50539	9.161018	284.72153067588806	23.726794401804607
13	3516.9614	153.71127	3623.5144	3219.5964	3976.5718	80.551926	4086.5398	3858.8162	1000.0	1000.0	64999	62.799404	37.464867	163.65787	3.2532156	62.799046	37.46728	164.20227	2.6479352	-64.453995	10.034938	308.9077067375183	23.762131452560425
14	3809.2407	93.13959	3908.674	3634.5068	3655.2017	906.5348	4261.2344	1393.3976	1000.0	1000.0	69999	74.81521	45.19716	180.90279	5.187791	74.81468	45.199184	180.22032	3.6305451	-76.557274	10.895791	333.41352009773254	23.815251571791514
15	4088.2292	182.86516	4236.9385	3739.4749	4163.2007	116.70802	4333.8506	3984.7454	1000.0	1000.0	74999	87.570946	53.077824	200.68896	3.0593748	87.57058	53.080223	202.97858	1.817575	-89.500465	11.9555235	357.62184977531433	23.841456794738768
16	4168.578	83.27689	4264.0034	4051.9314	4566.1465	79.28848	4699.099	4457.2524	1000.0	1000.0	79999	100.61806	60.647266	218.93431	-2.6846404	100.61757	60.649204	219.16914	-1.8652508	-102.31507	13.05003	381.9144034385681	23.869650349020958
17	4327.7983	99.21292	4456.7153	4161.202	4542.3447	96.748245	4681.4443	4355.877	1000.0	1000.0	84999	113.75482	67.73317	230.985	-9.384323	113.754715	67.73418	231.7777	-6.935952	-115.45511	13.642206	406.1113510131836	23.888903112972486
18	4225.639	110.69652	4410.366	4113.1016	4609.678	97.08647	4737.2944	4436.9966	1000.0	1000.0	89999	126.4847	74.09021	244.61876	-18.157635	126.484634	74.09114	245.29308	-16.819668	-128.25078	14.278401	430.54116344451904	23.918953643904793
19	4386.146	73.14998	4510.662	4299.915	4489.1885	101.368706	4652.086	4311.901	1000.0	1000.0	94999	139.1645	79.50492	257.38242	-28.68853	139.16418	79.50652	258.65396	-27.940765	-141.15605	14.769058	455.0180733203888	23.948319748828286
20	4084.8196	595.58307	4460.622	2899.8396	4716.593	73.85213	4847.933	4613.647	1000.0	1000.0	99999	151.17422	84.47657	273.8794	-41.293983	151.17389	84.4779	275.09058	-31.567009	-152.82411	15.808202	479.29440355300903	23.964720273017882
21	4449.441	60.3226	4533.816	4358.7812	4679.944	110.646835	4871.193	4555.915	1000.0	1000.0	104999	162.48602	89.041916	284.80493	-43.176537	162.48555	89.04332	281.7723	-40.57238	-164.28418	16.084116	503.7707271575928	23.989082325072516
22	4470.697	48.716835	4532.3594	4398.245	4652.6577	70.658676	4809.506	4580.3745	1000.0	1000.0	109999	173.8928	92.70551	292.76187	-43.62153	173.89293	92.706665	292.3279	-44.71638	-175.9651	16.150948	527.9896364212036	23.999529025771402
23	4482.3447	61.447998	4574.753	4389.4536	4644.8936	143.91846	4865.1733	4339.033	1000.0	1000.0	114999	184.77235	95.91074	300.2475	-52.134853	184.77213	95.911644	300.1664	-51.69672	-186.88525	16.37825	552.8331880569458	24.036225650621496
24	4509.4985	100.51302	4639.905	4352.6147	4734.394	89.199135	4813.8374	4488.0513	1000.0	1000.0	119999	194.66187	99.17239	311.74866	-56.097065	194.6616	99.173485	311.77185	-57.399364	-196.32486	16.58774	577.5077333450317	24.062822312116623
25	4580.5146	47.02015	4631.1665	4509.9595	4714.4604	75.62989	4848.2188	4595.1157	1000.0	1000.0	124999	204.28633	101.957184	319.62802	-63.03498	204.28635	101.95764	320.87134	-63.09958	-206.3011	16.448908	601.9636092185974	24.078544454574583
26	4586.208	84.58642	4738.0205	4495.175	4762.974	74.35284	4899.2866	4638.0425	1000.0	1000.0	129999	213.70782	104.31812	331.28903	-68.63823	213.70807	104.31861	332.16702	-63.44423	-215.71883	17.050718	626.3764884471893	24.091403475174538
27	4609.2827	112.115234	4768.1777	4417.96	4600.5093	81.29777	4712.834	4449.82	1000.0	1000.0	134999	222.60092	106.37657	335.6054	-73.36759	222.60123	106.37698	337.61887	-71.975006	-224.28915	17.29918	650.5460042953491	24.09429653485616
28	4624.2983	39.03377	4670.747	4558.1255	4864.55	163.3602	4989.3247	4421.246	1000.0	1000.0	139999	231.07672	108.36112	342.83926	-75.44546	231.07628	108.36185	343.49344	-74.71687	-232.69215	17.3238	674.8038699626923	24.10013828958784
29	4589.318	140.0407	4711.8657	4322.959	4752.001	94.74808	4913.8237	4587.929	1000.0	1000.0	144999	238.85052	110.23028	351.4716	-81.62785	238.85078	110.2307	350.03397	-79.0814	-240.50258	17.40342	699.6696946620941	24.12654125279394
30	4661.876	44.273327	4726.085	4590.5522	4806.329	53.82772	4934.9287	4740.775	1000.0	1000.0	149999	246.73586	111.99419	355.68286	-84.11775	246.73552	111.995094	357.2998	-86.1365	-248.37836	17.38646	724.1562759876251	24.138542596499125
31	4711.604	150.65073	4848.8223	4430.619	4765.314	109.65759	4918.3765	4551.786	1000.0	1000.0	154999	254.0229	113.72716	366.9864	-90.658295	254.02263	113.72848	368.02078	-91.81786	-255.47345	17.324518	748.5321202278137	24.14619750361289
32	4760.7207	52.479507	4836.707	4671.906	4861.1025	76.02692	4986.963	4750.2515	1000.0	1000.0	159999	261.38168	114.98363	374.2548	-84.67116	261.38174	114.984276	371.65967	-85.09872	-263.37518	17.458221	772.923261642456	24.153851978480816
33	4739.9795	115.865074	4884.095	4572.796	4909.496	86.89225	5008.3184	4715.135	1000.0	1000.0	164999	268.16232	116.293846	378.9025	-78.86203	268.16208	116.29448	377.70535	-80.598694	-269.77414	17.661938	797.8678381443024	24.177813334898516
34	4798.025	67.15431	4863.1665	4680.0757	4924.3	61.553143	5018.8213	4826.343	1000.0	1000.0	169999	274.66724	117.272804	386.09363	-76.41792	274.66702	117.2734	384.28467	-72.84843	-276.4734	17.982275	822.9369878768921	24.204029111301196
35	4891.2437	54.59278	4971.4766	4817.773	5060.3774	93.71098	5220.2637	4922.296	1000.0	1000.0	174999	280.92313	118.31702	392.50586	-74.6756	280.92313	118.31718	389.11853	-75.9026	-282.61694	17.956429	846.7478926181793	24.192796986443657
36	4869.6006	73.47747	5002.112	4781.7944	5032.1445	93.613556	5227.185	4914.6074	1000.0	1000.0	179999	287.03976	119.10605	395.14825	-78.89235	287.03943	119.10662	394.37683	-83.18064	-288.39145	18.047056	870.3634753227234	24.176763263013626
37	4954.605	77.96501	5066.748	4834.9546	5152.47	48.64442	5227.772	5070.5874	1000.0	1000.0	184999	293.18173	119.82092	398.9628	-73.555664	293.18167	119.82077	398.8013	-77.927795	-294.89896	17.994072	894.0698993206024	24.164051390982962
38	4949.4834	79.0421	5047.002	4867.594	5039.85	55.42996	5145.229	4923.9136	1000.0	1000.0	189999	298.60773	120.91947	406.42764	-73.06572	298.6074	120.9205	405.9412	-78.651375	-300.78928	17.903109	918.0536344051361	24.159306256394636
39	4941.706	39.68374	4995.584	4884.6597	5058.964	38.030796	5129.286	5009.826	1000.0	1000.0	194999	304.42554	121.442604	408.07565	-70.44246	304.42532	121.44324	408.06528	-68.84949	-305.7026	17.96222	942.1122500896454	24.156724404066036
40	5019.5312	31.090704	5055.51	4974.3423	5178.698	173.99745	5373.3794	4747.696	1000.0	1000.0	199999	309.7681	121.9097	414.6409	-61.175053	309.76794	121.91006	416.62137	-58.549587	-311.715	17.558594	966.0500962734222	24.151252460479736
41	5004.208	49.836376	5060.52	4917.6133	5191.327	73.83519	5271.2617	5056.1167	1000.0	1000.0	204999	315.2366	121.84479	418.21323	-52.543373	315.23654	121.8454	419.36057	-50.887375	-316.43176	17.21484	989.7196052074432	24.139502612555898
42	4990.8936	81.119415	5103.534	4883.774	5289.023	76.851006	5363.508	5113.763	1000.0	1000.0	209999	320.10748	122.01904	423.48068	-44.703575	320.1071	122.01951	423.57788	-40.526115	-321.38342	17.2984	1013.8626549243927	24.13958706742241
43	5053.7075	74.34889	5186.969	4962.031	5113.6704	55.122673	5184.212	5017.473	1000.0	1000.0	214999	325.18845	122.13323	426.20718	-43.030903	325.18793	122.13392	426.7024	-46.269135	-326.67004	16.855165	1038.1541512012482	24.14311983973481
44	5139.045	40.5592	5182.181	5065.87	5346.2847	55.25149	5427.239	5206.685	1000.0	1000.0	219999	329.8646	122.49027	431.73947	-42.589264	329.86484	122.49061	430.68576	-37.013264	-331.36453	16.886503	1062.4650886058807	24.14693388071927
45	5115.254	63.54219	5183.166	5016.5366	5127.735	124.69726	5297.9307	4885.071	1000.0	1000.0	224999	334.04587	123.022545	434.55936	-43.224632	334.0454	123.02332	435.09024	-43.94218	-335.74878	16.542694	1086.6843612194061	24.14854140281677
46	5085.795	68.36653	5178.996	4990.6665	5254.579	72.39157	5383.594	5159.987	1000.0	1000.0	229999	338.09222	123.43414	437.24496	-45.67488	338.09235	123.4342	436.78983	-36.69999	-339.38638	15.958975	1111.096804857254	24.15427840274313
47	5167.716	46.443172	5256.14	5119.8145	5290.034	103.579056	5400.11	5043.697	1000.0	1000.0	234999	342.4112	123.260216	439.99628	-39.237316	342.41083	123.26133	440.98083	-34.246452	-343.737	16.121628	1135.3919310569763	24.157275174526458
48	5121.501	53.639156	5179.3364	5031.4067	5254.2695	42.870712	5315.4453	5186.892	1000.0	1000.0	239999	346.68195	123.084045	445.26767	-41.15772	346.68192	123.08463	442.75992	-34.37128	-348.4286	16.793344	1159.7259185314178	24.16095668077469
49	5097.96	71.86522	5224.157	5015.5977	5371.6274	90.03896	5456.7812	5151.271	1000.0	1000.0	244999	350.55905	123.02674	445.67047	-31.084406	350.5589	123.027466	445.487	-32.59992	-352.12442	16.801826	1183.9579195976257	24.162406571057378
50	5121.7847	32.791595	5179.286	5080.5293	5315.4443	61.742706	5412.856	5198.3237	1000.0	1000.0	249999	354.2683	123.07224	448.84058	-28.305363	354.26804	123.0725	449.54343	-24.976038	-355.64728	16.189363	1208.1397001743317	24.162794041633607
51	5208.323	47.89155	5257.549	5129.405	5421.929	68.7594	5519.6826	5299.79	1000.0	1000.0	254999	357.93625	123.029724	451.5625	-13.9001465	357.9362	123.03005	452.89087	-17.12203	-359.2281	16.501657	1232.4630918502808	24.16594301485548
52	5276.184	78.063934	5354.0977	5174.457	5411.3765	115.77267	5549.599	5197.6763	1000.0	1000.0	259999	361.41766	123.299736	454.62943	-12.047291	361.4176	123.29983	455.9496	-6.815377	-362.50473	16.39476	1256.6341452598572	24.166041287092064
53	5302.1475	80.29529	5375.7446	5154.434	5374.1514	81.75439	5503.522	5250.8237	1000.0	1000.0	264999	365.0749	123.159096	457.45575	-2.785658	365.0748	123.159584	459.45398	-0.14901066	-366.73163	16.067701	1280.7729053497314	24.16552655651884
54	5286.2896	31.810339	5322.909	5242.0713	5420.391	58.726345	5537.457	5310.0215	1000.0	1000.0	269999	368.51132	122.92275	460.12515	-4.035439	368.51123	122.92312	461.75055	-2.1084309	-369.83676	16.091171	1304.8620173931122	24.164111468527054
55	5348.3193	112.56096	5466.14	5176.7227	5456.071	89.470276	5601.763	5352.5044	1000.0	1000.0	274999	371.9498	122.6402	464.58154	-4.7970133	371.94965	122.64057	463.699	-3.3860683	-373.2078	15.72272	1328.8185725212097	24.16033771688288
56	5313.913	95.28666	5429.1987	5168.0283	5342.32	89.30506	5441.5664	5176.368	1000.0	1000.0	279999	375.57224	122.29163	464.67627	-4.8473144	375.57202	122.29166	463.83978	-0.27532196	-376.488	15.8060875	1353.177595615387	24.16388567004885
57	5364.464	57.73816	5444.8496	5273.5713	5601.743	66.97162	5717.4956	5502.5264	1000.0	1000.0	284999	378.7492	122.19669	467.61575	-1.6340828	378.74915	122.19737	468.2856	3.8436203	-379.79993	15.6849785	1377.6921288967133	24.170037386710185
58	5367.1187	99.42392	5478.2456	5230.5073	5450.083	38.988636	5499.606	5381.8105	1000.0	1000.0	289999	382.02084	122.05738	472.34235	5.3729773	382.02078	122.05761	473.22473	4.8959355	-383.1405	15.410908	1402.0442986488342	24.17317759990692
59	5462.661	39.829746	5508.4688	5394.5864	5553.5215	85.38601	5727.774	5444.6064	1000.0	1000.0	294999	385.47934	121.74391	472.85007	0.21353436	385.4792	121.74406	473.98752	3.4167523	-387.29742	15.41826	1426.0143377780914	24.16973456689867
60	5348.7476	113.98048	5469.5	5162.257	5559.6836	79.19521	5631.8354	5353.423	1000.0	1000.0	299999	388.5407	121.702484	476.07773	-3.337016	388.54068	121.70327	476.15668	-4.7755017	-389.40845	15.568022	1450.0620167255402	24.167700310548145
61	5440.1753	51.124245	5491.839	5352.849	5477.724	75.37419	5584.323	5337.218	1000.0	1000.0	304999	391.4625	121.57288	479.21667	-12.109322	391.4625	121.572754	478.43677	-12.185869	-392.7994	15.768425	1474.4253034591675	24.170906645352723
62	5392.247	107.26009	5499.144	5251.182	5574.7036	108.39052	5769.9077	5349.157	1000.0	1000.0	309999	394.45956	121.36079	483.58823	-20.317623	394.45963	121.36105	485.16208	-16.189627	-395.8811	15.476095	1498.6163012981415	24.171230696862743
63	5402.148	37.40407	5435.1577	5332.3877	5630.1826	62.544014	5733.544	5546.28	1000.0	1000.0	314999	397.17773	121.408714	486.66568	-25.309034	397.178	121.40858	485.5054	-19.814777	-398.9955	15.749667	1522.6917824745178	24.169710866988652
64	5504.148	50.95736	5557.4663	5425.6694	5607.9033	63.476288	5726.55	5466.582	1000.0	1000.0	319999	399.98688	121.58205	490.4588	-31.392876	399.98672	121.5817	490.5055	-34.36475	-401.2917	16.214924	1546.9323999881744	24.17081878334284
65	5469.2314	73.65527	5565.7476	5382.3154	5587.1904	103.72983	5743.907	5354.351	1000.0	1000.0	324999	402.49222	121.89998	490.65976	-38.82142	402.49255	121.90009	491.1005	-34.62126	-404.57288	16.222902	1571.1060948371887	24.170863026839037
66	5476.33	38.007847	5520.376	5424.183	5776.496	125.55079	5941.079	5475.686	1000.0	1000.0	329999	405.42923	121.38774	492.9159	-38.98422	405.42868	121.388954	492.89856	-31.407713	-406.54492	16.321531	1595.1971335411072	24.169653567400847
67	5483.593	40.587975	5521.0747	5434.1436	5662.51	69.77313	5799.6304	5533.688	1000.0	1000.0	334999	408.0793	121.31109	496.56772	-36.380844	408.07944	121.31201	495.15182	-31.959637	-409.34918	16.586798	1619.2600421905518	24.168060359670154
68	5443.0654	125.274376	5639.096	5246.546	5748.108	46.254665	5801.4106	5639.391	1000.0	1000.0	339999	410.2907	121.27351	498.61346	-36.5525	410.2904	121.273766	497.33514	-35.152817	-411.9734	16.586447	1643.3245956897736	24.166538199957678
69	5621.8057	29.809591	5655.977	5568.939	5774.6807	65.97284	5880.9097	5638.7017	1000.0	1000.0	344999	412.98987	120.84267	500.82822	-26.84246	412.99	120.84294	500.00528	-27.493864	-414.1161	16.726501	1667.5582747459412	24.16751125930012
70	5538.389	26.621426	5560.7207	5493.3174	5716.144	92.58514	5834.816	5518.3896	1000.0	1000.0	349999	415.6257	120.579895	502.3288	-42.295864	415.6254	120.58024	502.6776	-39.360886	-417.17145	16.691269	1691.4187161922455	24.163124544279917
71	5595.762	31.458239	5626.76	5545.6255	5836.957	93.045845	6020.554	5681.076	1000.0	1000.0	354999	418.13904	120.25348	503.7499	-32.27878	418.1393	120.253876	503.55722	-36.63438	-419.57904	16.740515	1715.2713506221771	24.158751447435836
72	5561.9546	58.17249	5632.869	5469.7627	5806.5674	70.50519	5928.9414	5660.986	1000.0	1000.0	359999	419.94754	120.601105	508.84097	-48.075592	419.94724	120.60146	506.6588	-49.721222	-421.60995	16.997242	1739.1902549266815	24.155420237117344
73	5659.692	49.9474	5743.0034	5594.3105	5835.544	72.527145	5939.9653	5696.8647	1000.0	1000.0	364999	422.62778	120.05306	510.60236	-51.178555	422.62787	120.05318	510.8475	-46.240543	-424.0372	16.709507	1763.169288635254	24.153003976769643
74	5661.976	62.34054	5747.7085	5572.828	5932.2153	71.97801	6027.487	5793.382	1000.0	1000.0	369999	425.0398	119.61215	511.91162	-58.122902	425.0398	119.61172	514.4709	-61.434708	-426.60095	16.716494	1787.2730238437653	24.15233819226961
75	5694.955	72.601616	5790.269	5597.5083	5737.0513	92.36192	5893.6113	5573.8853	1000.0	1000.0	374999	427.52878	119.12629	513.496	-52.090225	427.5294	119.12596	515.6816	-57.625492	-429.36426	16.995512	1811.250648021698	24.150008665720623
76	5632.1797	82.10327	5778.2456	5558.8057	5803.2886	80.628105	5949.838	5663.15	1000.0	1000.0	379999	429.59195	119.334724	517.0994	-69.14691	429.59174	119.3348	518.2224	-65.27757	-431.00433	17.098463	1835.2494859695435	24.148019577327528
77	5683.0615	19.814598	5712.983	5657.363	5840.4473	85.15722	5954.689	5687.0674	1000.0	1000.0	384999	431.63324	119.10463	518.5398	-69.61098	431.6337	119.10419	518.65076	-72.2195	-432.9988	17.1826	1859.0008647441864	24.142868394975537
78	5744.152	92.90055	5837.498	5570.046	5884.9805	70.12632	5988.6616	5753.2207	1000.0	1000.0	389999	433.67474	118.8854	519.9946	-61.06903	433.67477	118.88477	519.5981	-59.08634	-435.06006	17.523468	1883.0800404548645	24.142051825156578
79	5704.722	55.561512	5794.786	5620.6714	5897.7646	61.128544	5984.1445	5741.4585	1000.0	1000.0	394999	436.06946	118.28054	521.9372	-51.298462	436.06943	118.28049	522.01025	-47.59887	-437.50397	16.665752	1906.9196772575378	24.138223789915255
80	5727.47	72.268486	5831.762	5607.583	5886.1387	64.739716	5991.585	5792.4106	1000.0	1000.0	399999	438.3048	117.837845	524.11926	-42.25691	438.3045	117.83862	523.6389	-42.401306	-439.4846	16.541496	1931.0338518619537	24.13792317509651
81	5706.33	56.90361	5763.9966	5599.86	5855.245	48.67931	5942.0527	5768.5044	1000.0	1000.0	404999	440.13687	117.886734	524.26056	-34.915745	440.13678	117.887405	526.4077	-35.105927	-441.65463	16.42327	1955.018566608429	24.13603171007133
82	5732.332	65.74656	5811.171	5641.57	5942.4116	98.02259	6088.943	5735.904	1000.0	1000.0	409999	442.2975	117.456924	526.24316	-27.679153	442.29758	117.457184	527.5445	-29.53987	-443.64236	16.54644	1978.7583241462708	24.131199101122416
83	5759.5967	34.998314	5820.565	5722.6987	5922.3726	75.934906	6095.4375	5817.6567	1000.0	1000.0	414999	444.2272	117.20297	526.86096	-29.35456	444.227	117.203	527.91254	-28.306366	-445.66455	16.408743	2002.637876033783	24.128167206982532
84	5689.121	30.776695	5726.2275	5639.7817	5981.284	94.23293	6161.678	5840.8916	1000.0	1000.0	419999	446.04343	117.194275	530.64703	-36.750053	446.04364	117.194664	531.6501	-32.71495	-447.82626	16.381544	2026.645035982132	24.126726641541435
85	5781.5615	88.92504	5904.0513	5673.687	5913.8223	86.41213	6119.6235	5818.057	1000.0	1000.0	424999	448.1904	116.457405	528.89856	-34.545345	448.19043	116.457375	529.6019	-35.20714	-449.14325	16.08397	2050.5189893245697	24.12375283802257
86	5733.8604	67.688805	5805.7056	5615.495	5954.9834	100.72783	6109.664	5758.4746	1000.0	1000.0	429999	449.91885	116.40664	532.3244	-36.752445	449.91858	116.40715	532.02124	-35.030865	-451.5567	16.00282	2074.561598300934	24.122809310292087
87	5732.556	68.649635	5825.288	5672.256	5943.395	78.15433	6080.8047	5834.4697	1000.0	1000.0	434999	451.7213	116.216576	532.57043	-48.40945	451.72144	116.216156	532.50323	-43.867256	-453.08624	15.840023	2098.417339324951	24.119739551653808
88	5745.3213	93.22401	5874.0137	5611.28	5914.2256	80.73056	6071.7505	5776.5845	1000.0	1000.0	439999	453.5329	115.865395	534.79816	-43.095474	453.53296	115.86537	534.4743	-35.220234	-455.00983	15.794494	2122.527057170868	24.119625668634068
89	5759.0366	28.904884	5795.159	5715.75	6013.9697	88.79822	6217.6177	5869.755	1000.0	1000.0	444999	455.599	115.07993	537.0491	-34.672523	455.59894	115.07974	537.3621	-35.754913	-456.49268	16.134815	2146.4316873550415	24.117209989033388
90	5764.0674	113.45184	5928.2905	5609.144	5965.7495	103.81665	6074.684	5783.031	1000.0	1000.0	449999	456.68625	115.57552	537.4131	-31.953857	456.6859	115.57556	537.9049	-23.136353	-457.9205	16.268198	2170.1494324207306	24.11277149518331
91	5878.9844	84.284065	6022.452	5780.124	6149.4155	69.07964	6261.2246	6017.5713	1000.0	1000.0	454999	458.63495	114.82176	538.9511	-19.712646	458.6351	114.82181	540.2001	-23.129976	-460.17026	15.998522	2194.170820951462	24.111767286782737
92	5894.635	55.587044	5957.8027	5812.937	5947.376	61.934612	6044.397	5860.119	1000.0	1000.0	459999	460.048	114.99703	542.07764	-17.124668	460.04797	114.99697	543.38934	-16.89111	-461.28674	16.030539	2218.3457312583923	24.112453623958256
93	5838.713	72.74297	5966.826	5741.402	6046.618	128.51443	6224.2065	5791.112	1000.0	1000.0	464999	461.42728	115.099236	542.91455	-12.645821	461.42706	115.099625	545.779	-16.962503	-462.94366	15.920987	2242.248684644699	24.11020093066718
94	5831.788	64.30478	5921.1562	5727.54	6044.6914	74.98745	6157.4937	5902.043	1000.0	1000.0	469999	462.70047	115.09428	544.5171	-25.237677	462.7011	115.093056	545.17523	-20.896814	-464.3931	15.758142	2266.4349613189697	24.111010247088494
95	5893.34	72.17265	6029.613	5830.79	6144.618	104.01317	6300.191	5934.219	1000.0	1000.0	474999	464.32864	114.71747	546.2057	-15.899891	464.32834	114.71758	546.5308	-20.947014	-465.9657	16.209423	2290.4502699375153	24.110002859015214
96	5868.471	48.648205	5950.784	5810.6865	6138.379	96.82655	6250.847	5969.8843	1000.0	1000.0	479999	465.33923	115.08095	547.8091	-19.443048	465.33948	115.08	546.78754	-17.127857	-466.79004	16.563992	2314.456478357315	24.10892166942358
97	5936.969	53.371147	6033.959	5876.8613	6100.112	100.613014	6227.0786	5891.004	1000.0	1000.0	484999	467.03503	114.668396	546.07104	-20.130978	467.03558	114.66773	548.70966	-20.773031	-468.27435	16.1241	2338.579781770706	24.10906993728323
98	5875.9937	101.0634	6028.2285	5712.0107	5927.807	56.849922	6044.3237	5812.0293	1000.0	1000.0	489999	468.47873	114.25928	550.5537	-28.743353	468.47845	114.25886	549.83655	-29.467808	-469.94745	16.352734	2362.7890746593475	24.11009261802751
99	5885.045	55.06091	5978.3027	5830.0137	6189.302	100.39866	6395.3604	6024.981	1000.0	1000.0	494999	469.76752	114.178055	549.80194	-37.201958	469.76785	114.17728	552.5138	-34.4759	-471.44894	16.260962	2386.8966567516327	24.11006725918163
100	5941.0703	38.824593	5991.4507	5883.4053	6258.645	69.015015	6400.1533	6146.088	1000.0	1000.0	499999	471.3482	113.65753	551.1928	-27.919495	471.34805	113.658035	553.28424	-24.023714	-472.54825	16.389372	2411.1182885169983	24.11118290424347
101	5921.4004	48.0827	5975.5586	5854.878	6131.659	143.55617	6323.0386	5897.315	1000.0	1000.0	504999	472.47153	113.59926	552.8428	-24.955486	472.4715	113.5992	551.9404	-28.578444	-474.27518	16.574678	2435.0798852443695	24.10970185534789
102	5874.6045	89.7162	6035.5884	5760.455	6256.4146	89.45957	6367.73	6101.731	1000.0	1000.0	509999	473.46634	113.764175	553.27356	-31.606419	473.4661	113.76464	552.91833	-23.987822	-475.09628	16.75345	2459.1461725234985	24.109276219910267
103	5954.7188	72.553185	6067.99	5841.1323	6117.0586	63.977783	6217.6035	5958.618	1000.0	1000.0	514999	475.0022	112.86776	555.278	-36.1698	475.00266	112.86738	554.84064	-27.488676	-476.26404	16.858	2483.2398824691772	24.109125091034233
104	5889.025	76.45205	5975.892	5765.9355	6285.2144	134.73077	6477.6675	6052.0386	1000.0	1000.0	519999	476.18494	112.70125	554.2592	-21.184149	476.18466	112.701416	555.40106	-21.308804	-477.38538	17.162857	2507.355272769928	24.109185335727837
105	5954.647	87.49244	6050.495	5837.8574	6213.9956	80.240425	6310.194	6068.4	1000.0	1000.0	524999	477.43814	112.67218	557.3309	-26.998108	477.43826	112.67176	555.774	-24.260105	-479.18546	17.13019	2531.651599884033	24.1109676361084
106	5965.707	142.4512	6109.665	5729.503	6271.1064	77.06628	6399.4365	6118.6475	1000.0	1000.0	529999	478.8895	111.927345	560.84784	-21.354048	478.88986	111.92708	562.1476	-28.628258	-480.08722	16.924427	2556.016981601715	24.113367771202665
107	5934.2373	76.20738	6058.8535	5867.698	6273.1694	60.021828	6382.8413	6183.9766	1000.0	1000.0	534999	479.71188	112.15082	560.038	-18.056643	479.71198	112.15076	560.7941	-16.1669	-481.03793	17.025005	2580.034536600113	24.11247232249964
108	6049.284	52.093273	6143.0474	5997.753	6102.784	122.18958	6287.3086	5917.876	1000.0	1000.0	539999	480.86752	112.01208	561.53357	-17.445118	480.86752	112.01245	561.9114	-13.922836	-482.4449	16.941591	2603.907305955887	24.110252848377936
109	6013.2534	50.115963	6071.553	5934.1313	6293.0205	69.146805	6450.9316	6196.3564	1000.0	1000.0	544999	481.91327	111.91357	562.5867	-15.158436	481.9133	111.913155	562.81854	-14.617754	-483.6247	16.969326	2628.0146992206573	24.11022661366594
110	6031.8154	83.27101	6116.834	5923.089	6278.543	93.95216	6437.5815	6152.7505	1000.0	1000.0	549999	482.85815	112.07846	562.14264	-22.26875	482.8581	112.07861	563.6498	-29.384125	-483.9404	17.125301	2652.084806203842	24.109861891919916
111	5965.6416	116.09822	6136.875	5801.48	6317.6504	95.48614	6442.6504	6136.8213	1000.0	1000.0	554999	483.898	112.087234	562.77014	-42.560894	483.89816	112.08712	563.5951	-24.095657	-485.30963	17.34115	2676.060184240341	24.108650327802778
112	5366.9966	1508.0619	6219.562	2353.9429	6164.7188	108.4744	6301.609	5997.6094	1000.0	1000.0	559999	485.19995	111.1039	563.7213	-19.91797	485.19998	111.103325	563.55237	-16.815058	-486.46115	17.510752	2700.1223697662354	24.108235461371287
113	6103.0654	16.93812	6133.4	6086.658	6186.7393	104.83642	6331.688	5989.4443	1000.0	1000.0	564999	485.66757	111.890976	567.3585	-24.99433	485.66782	111.890274	565.61755	-27.488432	-487.23508	17.640215	2723.947710752487	24.105731968331128
114	6104.5127	77.34408	6209.211	6001.325	6410.655	143.34213	6669.8584	6179.838	1000.0	1000.0	569999	486.3507	112.44653	566.87726	-25.376377	486.35074	112.44652	565.9946	-19.122606	-487.6877	18.548143	2747.773247241974	24.103274115344934
115	6020.4307	77.517	6128.3555	5895.953	6317.6685	104.97088	6474.22	6126.343	1000.0	1000.0	574999	487.47833	111.88635	568.46606	-31.730171	487.4785	111.88608	568.4597	-22.21782	-488.78772	18.62942	2771.7865228652954	24.102491519762122
116	5985.455	141.23665	6206.7446	5760.847	6150.039	122.38902	6320.497	5871.5513	1000.0	1000.0	579999	488.81644	111.030304	568.06445	-23.308851	488.81674	111.02956	568.4831	-16.051554	-490.1	18.077803	2796.00599193573	24.10349994692309
117	5983.9707	41.048492	6041.7715	5941.7173	6245.0166	73.93271	6358.048	6076.623	1000.0	1000.0	584999	489.50745	111.26449	569.90985	-25.174343	489.50763	111.26288	568.9346	-26.728281	-490.9975	18.472418	2820.156158685684	24.10389880848746
118	6033.3813	100.99139	6148.6875	5884.32	6216.935	82.681946	6333.9355	6025.957	1000.0	1000.0	589999	490.90375	110.30934	570.34674	-16.086914	490.9038	110.31024	569.6181	-15.157913	-492.7673	18.392633	2844.310174226761	24.104323528580746
119	6126.141	73.54741	6176.1016	5980.092	6376.3013	134.18204	6651.8467	6239.2324	1000.0	1000.0	594999	491.5899	110.34634	571.2598	-22.52548	491.59018	110.34582	570.76776	-7.57022	-493.13638	18.25383	2868.0585658550262	24.101332500201313
120	6042.7466	115.0084	6137.8325	5821.196	6380.595	52.248505	6462.2544	6299.2876	1000.0	1000.0	599999	492.07092	111.03751	571.35156	-10.327522	492.07056	111.036835	570.52344	-5.0511365	-493.55338	18.177687	2891.7349903583527	24.097791600227357
121	6123.3916	86.14326	6268.908	6019.934	6247.548	82.16917	6362.319	6114.1914	1000.0	1000.0	604999	492.96555	110.72314	573.18536	-5.030689	492.9659	110.72261	573.04846	-3.3558564	-494.29855	18.741001	2915.739503622055	24.097020706854575
122	6092.2837	108.32196	6203.98	5885.186	6077.818	105.3428	6216.281	5878.4653	1000.0	1000.0	609999	494.1517	110.21132	571.93164	-8.598404	494.15167	110.211754	572.2639	0.6196914	-495.42044	18.687962	2939.6032836437225	24.09510889991385
123	5996.6855	42.71151	6077.371	5959.8525	6331.8066	108.746254	6506.395	6155.0024	1000.0	1000.0	614999	494.69907	110.38203	574.1091	-6.551291	494.699	110.38209	574.44214	-1.0052428	-495.80573	18.840113	2963.5853695869446	24.094190012148726
124	6106.88	78.86464	6233.211	5989.922	6188.2656	154.35483	6525.1616	5935.9287	1000.0	1000.0	619999	495.73035	109.88754	574.0769	6.3554096	495.7305	109.886604	574.7424	9.179407	-496.8881	19.11051	2987.600245475769	24.093550380199186
125	6163.345	109.387596	6336.124	6002.6724	6329.0894	89.135666	6456.885	6153.7764	1000.0	1000.0	624999	496.17627	110.23811	573.9778	-5.956901	496.17633	110.23766	574.7788	11.080055	-497.4169	19.216042	3011.6035640239716	24.09282852745056
126	6155.57	82.22123	6293.9106	6045.198	6431.863	71.58817	6573.533	6315.5527	1000.0	1000.0	629999	496.9439	110.24824	575.63495	0.24692011	496.9441	110.24821	575.5264	11.543243	-498.2929	19.08578	3035.588547706604	24.091972619768175
127	6189.7163	54.400433	6273.265	6123.3516	6266.9067	107.25491	6406.1675	6070.952	1000.0	1000.0	634999	498.0291	109.764725	576.1403	12.760437	498.02927	109.763374	578.6115	12.753821	-499.36832	19.206423	3059.399531364441	24.089760106379593
128	6047.2124	26.119955	6088.0977	6007.7393	6308.741	112.49465	6470.8794	6082.55	1000.0	1000.0	639999	499.05096	109.19083	577.0326	10.192755	499.0511	109.19092	578.0644	13.093177	-500.47888	18.769796	3083.3381419181824	24.08857924863696
129	6144.4106	47.356403	6220.1177	6083.7124	6334.077	105.972885	6580.0845	6204.999	1000.0	1000.0	644999	500.03168	108.990524	577.99255	7.9728575	500.03168	108.98965	577.00397	14.69397	-500.9452	18.629456	3107.4670929908752	24.088892208513364
130	6222.9937	106.91642	6408.753	6113.5483	6291.0264	92.31854	6456.035	6153.5933	1000.0	1000.0	649999	500.76904	109.0487	579.5283	6.157827	500.76913	109.0478	578.0847	2.4226575	-502.0271	19.034288	3131.557839870453	24.088906475213857
131	6090.3877	102.77917	6257.0293	5942.782	6271.9907	116.6261	6481.755	6043.449	1000.0	1000.0	654999	501.77982	108.750275	582.57043	7.163021	501.77997	108.74917	579.1413	4.16897	-503.08322	18.605318	3155.5141088962555	24.087893975600032
132	6085.9775	76.683	6182.918	5990.9253	6436.2227	109.013855	6646.827	6292.4976	1000.0	1000.0	659999	502.68753	108.18649	580.17413	4.655036	502.68747	108.18623	579.3895	-3.6160302	-504.28207	18.7843	3179.437844991684	24.086650355295703
133	6057.083	52.92822	6120.287	5981.575	6383.546	124.24582	6510.9966	6083.0034	1000.0	1000.0	664999	503.79523	107.394005	582.8962	-14.070913	503.7955	107.39389	580.9066	-6.227645	-505.12543	18.398373	3203.1163759231567	24.08358178999191
134	6084.2173	95.36739	6254.792	5973.384	6389.325	57.78461	6494.9565	6278.4644	1000.0	1000.0	669999	504.30066	107.958885	582.1114	-4.1511874	504.3006	107.95803	580.9402	-4.486933	-505.43747	18.283173	3226.8914320468903	24.081279359646697
135	6094.798	68.982315	6189.812	5990.107	6362.548	72.16233	6489.187	6243.0747	1000.0	1000.0	674999	505.37595	107.34973	581.00446	-10.445229	505.37604	107.34873	582.1274	-5.2832	-506.5544	18.48911	3250.9840466976166	24.081363324765807
136	6105.079	126.202126	6247.381	5925.38	6389.2173	82.62517	6570.083	6311.4136	1000.0	1000.0	679999	505.7483	107.93364	582.8469	-0.72816896	505.74835	107.93434	583.70605	-1.8133216	-506.90643	18.510508	3275.053313970566	24.081274379702176
137	6186.032	71.27256	6285.0215	6086.736	6368.5933	94.60995	6520.0312	6182.126	1000.0	1000.0	684999	506.59735	107.525826	583.02905	-14.466273	506.59738	107.52503	582.99927	-2.6466808	-507.55222	19.194445	3299.09041762352	24.080951967378603
138	6113.573	77.99257	6241.4536	6001.977	6374.1904	83.16343	6521.6875	6241.2144	1000.0	1000.0	689999	507.3273	107.20649	583.7318	-6.0830016	507.32745	107.20629	583.267	-2.3198552	-508.41965	19.087528	3323.3844277858734	24.08249586561452
139	6279.6826	58.291737	6388.086	6215.944	6468.032	112.161194	6617.6587	6225.697	1000.0	1000.0	694999	507.9721	107.33542	587.2648	-8.187132	507.97226	107.3346	586.4098	-4.791078	-509.2876	19.4422	3347.2310976982117	24.080799279453085
140	6225.786	109.416016	6443.337	6157.1973	6358.0796	117.02396	6583.1865	6167.616	1000.0	1000.0	699999	508.65695	107.17959	585.3047	-15.935332	508.65692	107.17918	587.1493	-2.8489823	-509.88037	19.36249	3371.354305267334	24.081102192401886
141	6198.751	78.30593	6268.4976	6053.6704	6393.1655	93.12808	6517.123	6200.807	1000.0	1000.0	704999	509.06097	107.25929	586.59814	-11.397046	509.0614	107.25798	585.73376	-8.785564	-510.64954	20.122458	3395.3298540115356	24.080353589768105
142	6178.0923	30.010223	6219.0815	6137.874	6520.1646	119.32105	6734.4453	6338.203	1000.0	1000.0	709999	510.1408	106.15243	586.7822	-15.01413	510.14096	106.152245	586.4849	-17.509682	-511.5022	19.82803	3419.3457827568054	24.079899890322082
143	6283.043	89.662285	6407.857	6133.9966	6404.176	144.40506	6661.151	6219.789	1000.0	1000.0	714999	510.6453	106.399086	585.5597	-24.817406	510.6454	106.39878	588.8723	-24.858114	-512.0377	19.539846	3443.216866493225	24.078439640832116
144	6186.6006	69.42675	6300.7573	6102.5845	6494.432	68.372696	6599.73	6372.7935	1000.0	1000.0	719999	511.4141	106.147385	587.6475	-27.876324	511.41425	106.14689	586.8256	-27.488108	-512.7198	19.612778	3467.212998151779	24.077868055966164
145	6197.952	69.048584	6328.558	6138.2783	6450.842	86.80853	6642.326	6268.949	1000.0	1000.0	724999	512.0166	106.26965	588.17053	-44.04123	512.01666	106.26964	588.7644	-47.667427	-513.5053	19.853603	3491.099177122116	24.076546063916435
146	6211.888	37.29654	6254.2285	6149.063	6407.4683	78.57554	6562.6353	6274.0586	1000.0	1000.0	729999	512.7675	105.89901	590.0299	-51.966534	512.76733	105.89895	588.5952	-52.043415	-514.00104	19.920048	3515.1892602443695	24.07663878022808
147	6250.021	56.985798	6302.887	6158.075	6504.801	69.49063	6650.5747	6421.342	1000.0	1000.0	734999	513.49133	105.452515	590.9823	-59.618477	513.4913	105.45174	590.09705	-54.341007	-514.7337	20.190897	3539.165871620178	24.075958321694614
148	6206.427	56.11721	6287.1704	6130.476	6489.892	58.23562	6560.506	6346.964	1000.0	1000.0	739999	514.44165	104.86532	591.4968	-55.04443	514.4416	104.86471	591.96027	-62.86407	-515.6394	20.112274	3563.179260492325	24.075535558365488
149	6199.3086	47.293602	6252.0713	6118.4443	6533.2583	127.71384	6835.1147	6395.371	1000.0	1000.0	744999	514.9841	104.67817	593.0602	-57.500435	514.9843	104.678055	592.9042	-61.8143	-516.4656	19.952269	3587.1099622249603	24.074563516066377
150	6223.617	124.6802	6420.782	6077.8926	6483.54	117.428535	6659.253	6297.2803	1000.0	1000.0	749999	515.6168	104.55455	594.2964	-67.93148	515.617	104.553696	593.6292	-63.0505	-516.6656	20.348558	3611.21387386322	24.07475917180379
151	6211.3896	64.589	6324.8916	6139.2935	6476.503	89.31521	6600.385	6308.003	1000.0	1000.0	754999	516.0617	104.498474	595.96497	-80.59566	516.0621	104.49744	594.8953	-80.45467	-517.48456	20.562647	3635.22145485878	24.074314283219394
152	6167.6396	82.17136	6285.101	6067.83	6507.1343	59.49351	6561.633	6385.1543	1000.0	1000.0	759999	516.514	104.8005	592.88184	-87.184586	516.514	104.7994	594.3377	-91.82165	-518.09546	19.93308	3659.2446143627167	24.07397773861885
153	6196.78	41.346504	6232.3765	6125.9033	6530.084	121.93963	6771.637	6271.567	1000.0	1000.0	764999	516.8677	105.11705	595.09937	-98.222244	516.868	105.115776	594.94055	-93.15693	-518.08527	20.366674	3683.2650258541107	24.07362763398613
154	6292.8677	69.652245	6399.8696	6189.547	6456.565	77.95973	6646.0854	6383.0337	1000.0	1000.0	769999	517.546	104.746925	593.98145	-97.704636	517.546	104.74633	594.8071	-99.87474	-518.4066	19.971987	3707.134266614914	24.072300444949757
155	6279.813	87.65303	6434.5063	6161.958	6534.8555	101.23982	6680.8228	6330.2427	1000.0	1000.0	774999	518.1105	104.709076	595.6539	-108.23249	518.11096	104.70783	593.82367	-106.686	-519.3586	20.033241	3731.2618622779846	24.07265718829247
156	6216.475	64.42306	6270.0195	6090.9033	6530.253	77.835495	6641.585	6388.5596	1000.0	1000.0	779999	518.8135	104.215836	593.015	-96.45132	518.8137	104.21526	595.488	-89.54829	-520.0539	19.232157	3755.438412427902	24.073323170344036
157	6255.759	62.36586	6339.6455	6191.6904	6550.8354	76.29922	6691.83	6468.042	1000.0	1000.0	784999	519.0427	104.521904	594.14484	-91.31197	519.0428	104.52157	593.94476	-96.26717	-520.6541	19.462692	3779.524419784546	24.073403959820983
158	6176.544	86.82213	6274.675	6032.21	6388.3184	120.47799	6583.743	6208.8164	1000.0	1000.0	789999	519.337	104.76271	596.8066	-91.637924	519.3369	104.76328	595.86316	-94.06888	-520.7852	19.627363	3803.3701605796814	24.07196305371538
159	6218.1357	140.23326	6449.8345	6026.984	6459.1235	83.63619	6551.5806	6229.303	1000.0	1000.0	794999	520.0156	104.493034	596.7127	-91.69302	520.01605	104.49151	597.42975	-94.444695	-521.5999	19.720068	3827.236922979355	24.07067248506366
160	6322.837	85.538	6437.714	6193.3403	6586.508	70.71461	6708.722	6442.4463	1000.0	1000.0	799999	520.70496	104.272064	594.8622	-87.938866	520.70514	104.270966	595.79987	-92.168396	-521.876	19.992504	3851.254950284958	24.070343452692033
161	6295.2725	42.178226	6354.4966	6231.048	6486.087	74.59179	6612.412	6361.6284	1000.0	1000.0	804999	521.1363	104.79138	595.3334	-95.2114	521.1365	104.79013	595.99475	-95.72577	-522.54266	20.25892	3875.2465023994446	24.06985406253649
162	6249.2217	98.586914	6391.5527	6094.8154	6502.206	89.2522	6691.005	6322.856	1000.0	1000.0	809999	521.8703	104.28063	598.59985	-98.83294	521.87085	104.27896	599.60333	-99.50142	-523.23376	20.076382	3899.0461106300354	24.068185881332116
163	6245.4326	50.26627	6302.618	6182.046	6512.828	78.055145	6667.729	6398.1006	1000.0	1000.0	814999	522.1444	104.865486	600.5421	-97.5226	522.1446	104.86473	599.6044	-105.67023	-523.7089	20.139206	3922.9469640254974	24.0671593016642
164	6211.1343	109.90832	6361.891	6019.0264	6473.445	90.78191	6595.8794	6296.5034	1000.0	1000.0	819999	522.9416	104.24892	599.0677	-91.79502	522.9415	104.247795	599.4286	-91.04558	-524.2966	20.195448	3946.7616250514984	24.065619676578336
165	6248.697	76.7615	6338.312	6137.7666	6138.534	1239.6754	6657.101	2431.2478	1000.0	1000.0	824999	523.31085	104.120384	597.243	-91.59471	523.31134	104.11823	598.6199	-87.18352	-524.4489	20.171432	3970.9042217731476	24.06608620556918
166	6258.3564	131.49892	6454.8315	6089.738	6565.0835	66.74675	6677.6714	6472.4595	1000.0	1000.0	829999	523.59717	104.478485	599.59595	-93.65739	523.5971	104.47853	598.3107	-86.86171	-525.0719	20.463497	3994.8863797187805	24.065580612205597
167	6311.337	91.992226	6474.3315	6210.387	6539.5435	74.52381	6699.223	6442.767	1000.0	1000.0	834999	524.1736	103.954185	601.0435	-84.13491	524.1738	103.95281	599.2156	-86.30674	-525.4734	20.081987	4018.8273680210114	24.06483455046922
168	6244.879	137.57062	6415.7295	6026.2744	6549.16	92.373215	6729.6206	6429.491	1000.0	1000.0	839999	524.4405	104.18314	600.28375	-83.80568	524.44086	104.18123	601.00433	-87.325485	-525.96313	19.871592	4042.855537414551	24.064616305487498
169	6324.074	76.64193	6407.746	6183.0405	6541.253	82.54695	6698.8374	6459.4463	1000.0	1000.0	844999	525.0701	103.758995	600.9807	-84.71041	525.0707	103.75697	602.48096	-88.96002	-526.1733	20.152693	4066.8905172348022	24.06444094166953
170	6330.9517	97.25878	6423.029	6185.11	6562.6475	108.06827	6817.939	6409.406	1000.0	1000.0	849999	525.2281	104.218315	600.49896	-94.349846	525.22845	104.21743	599.95416	-90.91052	-526.803	19.852512	4090.696449279785	24.062920301100785
171	6190.874	39.7507	6234.591	6121.174	6565.7007	91.43296	6721.8584	6443.1865	1000.0	1000.0	854999	525.4448	104.852615	599.06683	-101.77984	525.4449	104.851524	599.99243	-100.45578	-526.5988	19.601559	4114.758298873901	24.06291403826217
172	6272.3477	113.744576	6382.671	6117.1855	6543.658	111.46202	6699.0586	6340.6685	1000.0	1000.0	859999	525.58167	105.386284	599.9981	-104.855316	525.58203	105.38443	600.6901	-103.00529	-527.12177	20.484283	4138.773477554321	24.062636507111925
173	6248.2344	73.644615	6383.772	6183.3496	6517.6523	59.68891	6621.6284	6444.5127	1000.0	1000.0	864999	526.3067	104.507645	600.65515	-115.48462	526.30725	104.50573	600.35297	-105.35431	-527.6092	20.17989	4162.672065258026	24.061688248132693
174	6257.372	74.60712	6357.0522	6131.894	6571.25	73.56832	6653.3306	6377.8096	1000.0	1000.0	869999	526.4603	105.01603	602.3807	-109.170135	526.4607	105.0148	601.4527	-111.90669	-528.1039	20.130575	4186.69625043869	24.06147271463241
175	6317.052	65.69747	6388.3203	6207.679	6632.435	71.52943	6773.3286	6532.4624	1000.0	1000.0	874999	526.7272	105.128334	599.72266	-113.14934	526.72736	105.127335	600.8974	-116.52396	-528.35034	20.051506	4210.611687898636	24.060638227462768
176	6312.915	83.851006	6411.8965	6163.154	6634.5522	45.965523	6710.172	6581.24	1000.0	1000.0	879999	527.00665	105.23322	601.50336	-117.87907	527.00696	105.232635	602.49744	-120.95329	-528.065	20.027113	4234.528337240219	24.059820108792998
177	6311.5967	142.10963	6558.637	6159.893	6567.452	154.41185	6770.2246	6289.6333	1000.0	1000.0	884999	527.61804	104.37199	602.91785	-121.735954	527.618	104.37034	602.0128	-124.4028	-529.08276	20.571285	4258.2802884578705	24.058080736526662
178	6213.9453	71.89901	6292.3403	6127.941	6453.325	84.24092	6555.7334	6326.3975	1000.0	1000.0	889999	527.8556	104.49369	604.74384	-133.85767	527.8561	104.49229	603.2797	-132.34401	-529.06067	21.311241	4282.047077655792	24.056444267208658
179	6317.753	70.77351	6401.4614	6225.3237	6494.497	80.31065	6629.6387	6338.199	1000.0	1000.0	894999	528.10626	104.4198	601.91364	-137.62305	528.10675	104.41775	603.0116	-139.66975	-529.36847	21.279394	4306.199584722519	24.056980930893115
180	6336.43	66.74914	6451.1577	6266.0386	6648.3447	74.85215	6724.452	6489.7817	1000.0	1000.0	899999	528.61566	103.99421	602.48584	-133.94519	528.61554	103.994194	602.3432	-139.66711	-529.87854	21.139147	4330.471228599548	24.05817350414064
181	6348.0913	114.17386	6492.634	6202.2153	6605.091	81.3644	6718.6387	6430.66	1000.0	1000.0	904999	529.43713	103.041016	603.6036	-128.29303	529.4375	103.03981	602.8135	-124.089745	-530.99994	20.321997	4354.53129196167	24.058183945344958
182	6280.33	101.92445	6471.1836	6170.2446	6492.077	99.707756	6662.361	6359.1147	1000.0	1000.0	909999	529.6724	103.63233	604.4414	-110.92067	529.6728	103.632095	602.75183	-117.08081	-530.9735	20.648706	4378.64803814888	24.05850571328467
183	6291.9766	88.71607	6458.2866	6202.3267	6626.372	81.45746	6789.79	6506.298	1000.0	1000.0	914999	530.0528	103.48124	604.67316	-123.85863	530.0532	103.47945	605.65875	-120.78057	-530.93884	21.20357	4402.758213758469	24.058788063747635
184	6314.607	34.35519	6363.768	6279.3833	6595.801	68.09522	6702.2104	6465.2534	1000.0	1000.0	919999	530.1856	103.957756	603.41327	-142.0657	530.18585	103.95736	603.565	-118.22281	-531.52295	22.417116	4426.643582582474	24.05784556917522
185	6303.8857	135.96075	6494.0728	6134.383	6526.9766	50.528778	6629.102	6453.086	1000.0	1000.0	924999	530.7504	103.1284	603.9905	-105.45845	530.7504	103.12881	605.0683	-108.528336	-532.0355	22.873312	4450.500069141388	24.05675714080398
186	6339.827	95.53742	6442.832	6164.065	6506.427	98.098526	6653.151	6327.8496	1000.0	1000.0	929999	530.85846	102.909836	603.2227	-94.30841	530.8584	102.90982	604.6495	-94.16139	-532.4786	22.72882	4474.4941947460175	24.05642041339669
187	6344.204	53.49118	6438.527	6297.8174	6712.6094	39.397568	6789.8564	6659.318	1000.0	1000.0	934999	531.21655	102.30895	603.632	-86.74541	531.217	102.30705	608.1517	-91.76982	-532.3069	22.45982	4498.419112920761	24.05571719159417
188	6257.3345	95.349266	6385.5913	6092.236	6483.8525	126.57763	6646.1865	6172.6035	1000.0	1000.0	939999	531.3561	102.56286	604.1374	-74.30139	531.356	102.56393	606.62146	-74.7227	-532.49786	22.535135	4522.503480434418	24.055869588192472
189	6297.0327	93.29007	6405.8457	6129.0933	6487.6387	105.92569	6667.821	6312.045	1000.0	1000.0	944999	531.1872	103.497406	607.36914	-70.20302	531.18726	103.498184	606.0447	-69.29822	-532.4444	22.94732	4546.3898849487305	24.054972945066986
190	6303.2695	41.30338	6364.781	6249.512	6608.7217	76.03508	6732.6113	6500.045	1000.0	1000.0	949999	531.6827	103.291435	605.1853	-57.15288	531.6827	103.291115	606.82404	-60.93181	-532.9071	22.806765	4570.203120946884	24.053700646601225
191	6259.3696	44.079422	6295.822	6175.3296	6548.2495	79.985146	6721.3267	6414.156	1000.0	1000.0	954999	531.7998	103.304565	603.38617	-52.17642	531.7998	103.30449	604.0871	-47.44151	-533.12726	22.158865	4594.121035575867	24.052989726291276
192	6366.736	108.15708	6512.8857	6225.721	6649.337	69.831894	6761.843	6522.566	1000.0	1000.0	959999	532.42175	102.39209	605.2601	-51.09272	532.42206	102.39176	605.5545	-47.92031	-533.9242	21.496437	4618.166083097458	24.052948359400034
193	6384.023	75.2067	6469.492	6249.153	6772.581	63.73599	6852.569	6604.9033	1000.0	1000.0	964999	532.40015	103.31516	605.82	-60.199455	532.4008	103.31171	606.0214	-68.94074	-533.84924	21.150051	4642.06255197525	24.052137584883933
194	6427.3047	111.374565	6522.8384	6212.077	6577.8174	72.43865	6657.2393	6471.8657	1000.0	1000.0	969999	532.8404	103.37932	606.30273	-76.92794	532.8411	103.37649	606.7975	-82.42854	-533.8365	21.727863	4666.38111281395	24.05351090062525
195	6392.596	110.90458	6493.1304	6184.129	6397.7344	662.18005	6769.987	4433.8047	1000.0	1000.0	974999	532.92896	103.7018	608.5838	-83.092384	532.9295	103.69972	609.09143	-82.64593	-534.48895	22.017338	4690.457949638367	24.05363052074726
196	6321.917	94.31436	6426.748	6165.426	6676.2197	122.08205	6790.4683	6368.3965	1000.0	1000.0	979999	533.3467	103.6376	606.702	-84.948105	533.3472	103.63474	606.2437	-94.5441	-534.6839	21.36985	4714.50427532196	24.053593252386367
197	6365.714	66.24684	6441.7056	6264.8853	6669.3213	85.21119	6844.009	6573.995	1000.0	1000.0	984999	534.1229	103.05629	606.65796	-84.27735	534.12366	103.05376	607.116	-84.95237	-535.6433	21.473831	4738.604852676392	24.053831749156043
198	6304.94	91.03926	6384.865	6128.9624	6717.426	105.18654	6852.89	6535.414	1000.0	1000.0	989999	534.37427	103.29485	609.71906	-96.767296	534.37463	103.29382	609.70233	-87.46205	-535.55225	21.582096	4762.410812139511	24.052579868923534
199	6402.714	67.53113	6493.6924	6323.5674	6545.8574	108.09178	6715.5283	6371.5527	1000.0	1000.0	994999	534.9784	102.44559	609.44006	-86.97502	534.97906	102.44207	609.0821	-89.26224	-536.4372	21.669819	4786.43133687973	24.052418789072853
200	6315.697	80.74376	6392.5327	6182.574	6448.498	54.543385	6572.068	6364.7036	1000.0	1000.0	999999	535.07043	102.82972	607.5864	-86.53473	535.0708	102.82706	607.6989	-83.02373	-536.3568	21.796787	4810.25492978096	24.051274658441542
