Epoch	AverageEpRet	StdEpRet	MaxEpRet	MinEpRet	AverageTestEpRet	StdTestEpRet	MaxTestEpRet	MinTestEpRet	EpLen	TestEpLen	Time Steps	AverageQVals	StdQVals	MaxQVals	MinQVals	LossPi	LossQ	Time	AVG Time Per Epoch
1	-167.25827	142.16647	-24.74785	-377.1085	-502.3294	871.47906	-17.593668	-2714.865	463.2	183.5	4999	8.353125	9.694209	51.573	-13.441053	-10.729344	0.7217802	30.699480056762695	30.69948172569275
2	-66.3977	112.27683	22.692432	-359.9146	-2449.8774	952.137	-62.73029	-3066.514	205.88461	845.2	9999	160.5503	103.27325	470.66913	-106.598595	-178.45084	53.079506	73.15420031547546	36.57710111141205
3	-713.0732	1055.0061	-26.377176	-2651.456	-390.07367	857.12823	-30.15411	-2953.8987	273.8889	130.3	14999	519.5031	71.30382	695.45514	-309.22543	-536.3303	333.3997	112.0813341140747	37.360445419947304
4	-317.21097	709.192	-9.405392	-2650.0063	-356.4594	858.0155	-28.607681	-2928.7554	123.36585	123.3	19999	550.0419	56.190388	781.64185	-526.74994	-558.516	477.0972	151.26086473464966	37.81521666049957
5	-276.0233	649.1136	-19.372711	-2639.3037	-679.44275	1135.8386	-51.64405	-2972.7014	104.88372	234.3	24999	477.9067	64.65017	623.077	-344.62518	-486.4684	466.9321	191.17055678367615	38.234111833572385
6	-386.40277	732.02167	-18.083412	-2582.485	-420.56723	800.5643	-22.879713	-2809.7068	155.51428	150.3	29999	417.2017	58.47053	550.83636	-360.434	-424.4932	268.4514	230.23617267608643	38.37269580364227
7	-334.6646	699.2314	-12.511101	-2572.9	-489.31583	903.8009	-31.090107	-2805.752	132.33333	178.6	34999	344.88492	51.998623	448.85767	-309.8934	-351.4152	213.3162	269.83606791496277	38.548010042735505
8	-322.40033	646.0043	-0.5932443	-2397.245	-301.9061	453.6083	-40.64817	-1489.7959	144.94286	211.0	39999	280.2572	41.582764	372.55026	-200.88353	-286.1991	133.13087	309.6989872455597	38.71237361431122
9	-283.04727	409.026	-10.153739	-1563.9596	-363.88123	470.45886	-13.131927	-1139.3136	375.3846	343.6	44999	239.34879	33.048565	325.21695	-186.67572	-245.61377	88.86909	350.4959282875061	38.94399229685465
10	-280.08804	369.4908	-10.410887	-1187.0317	-220.31665	473.72842	2.0143058	-1637.3033	385.92856	148.5	49999	219.39214	36.791756	357.80478	-217.52213	-225.81648	91.91808	390.12338280677795	39.01233847141266
11	-255.8803	502.55264	-11.865637	-1789.5614	-515.8425	724.0569	-20.194592	-2077.2983	168.46153	331.9	54999	219.47388	53.92187	389.98828	-198.31693	-226.74843	126.497086	431.05230379104614	39.18657328865745
12	-572.72144	637.2748	-27.438812	-1830.08	-160.71793	270.05997	-2.2967222	-914.0391	386.73334	159.9	59999	226.1992	79.23301	466.5615	-184.35165	-234.24075	144.6414	470.6955876350403	39.224632461865745
13	-615.43005	695.4347	-12.571293	-1853.3994	-311.39447	754.996	-5.173093	-2573.8606	385.0	135.8	64999	247.72838	115.170494	542.00433	-184.82903	-257.16385	185.19315	509.9678566455841	39.22829683010395
14	-337.91635	604.70386	-3.5057573	-2091.4832	-757.73755	771.92444	-15.722406	-2122.1104	182.24138	446.6	69999	276.6215	151.30563	628.2851	-519.0202	-287.1534	278.51923	551.45667552948	39.38976270811899
15	-602.0304	827.6985	-22.601614	-2031.3995	-623.173	728.5019	-27.051376	-1772.3595	313.4	400.5	74999	314.56036	189.35805	766.75494	-321.11154	-327.1542	434.2218	592.8221325874329	39.521475648880006
16	-373.70053	665.1596	-15.300456	-2200.9326	-518.66223	528.01495	-24.398197	-1278.5172	190.82759	276.7	79999	377.83987	246.34016	1135.3948	-384.05954	-393.3526	702.4024	633.4870810508728	39.59294269979
17	-399.37793	525.7138	-22.378057	-1742.6692	-221.39278	331.88782	-15.677822	-1187.1178	197.75	107.9	84999	488.66245	325.68933	1455.467	-327.91812	-509.03595	1432.4581	673.0064532756805	39.588615010766425
18	-373.47397	661.16956	2.3947132	-2400.9922	-236.79932	334.40668	-19.382942	-1173.7925	165.03125	106.4	89999	641.2878	408.51456	1757.7539	-580.8653	-668.0249	2809.7974	712.7097735404968	39.594987551371254
19	-335.10495	586.92645	-33.516014	-2428.7588	-149.80344	96.63203	-46.082237	-365.93744	165.6	82.5	94999	830.8246	497.41376	2110.6694	-927.13135	-863.7906	4645.7534	752.058516740799	39.582027297270926
20	-435.28616	559.54144	-45.226906	-2245.9492	-470.97275	533.384	-15.470863	-1871.5573	245.88889	306.9	99999	1077.4917	625.2918	2693.1658	-1144.2726	-1120.1255	7088.976	792.643586397171	39.63217943906784
21	-659.9773	749.6152	-48.581593	-2300.8848	-336.68417	514.2165	-31.539648	-1656.4825	316.1875	185.4	104999	1375.4581	775.8779	3059.2542	-1900.2456	-1427.6805	10175.91	832.7966589927673	39.65698386373974
22	-309.22363	495.42197	-14.280622	-2436.9724	-384.94064	604.0564	-20.37216	-2019.4927	162.17647	193.6	109999	1694.3604	915.58374	3699.6248	-1710.1965	-1756.502	15900.264	872.6107800006866	39.664126472039655
23	-423.81738	506.14523	-50.73238	-2362.0447	-474.34692	609.3724	-79.27443	-2229.6335	259.94736	224.3	114999	2017.673	1011.45557	3949.4534	-2198.3281	-2087.4563	20800.643	913.4918463230133	39.717036900313005
24	-282.29547	297.252	-27.851328	-1200.0693	-359.99377	528.7813	-57.77292	-1921.8756	158.76666	171.5	119999	2335.5383	1065.8591	4215.3438	-2708.5684	-2412.9175	26032.684	953.8606414794922	39.744193494319916
25	-290.4693	292.77457	-12.469653	-1164.5153	-313.9713	385.08102	-23.897957	-1369.3749	183.6207	184.5	124999	2621.5417	1101.5885	4545.052	-3106.36	-2704.715	30148.447	994.2126860618591	39.76850754737854
26	-260.4168	311.74615	-14.064588	-1448.2897	-225.09183	158.0372	-14.941724	-529.8086	140.97058	111.0	129999	2883.251	1131.3027	4885.506	-2703.7202	-2970.926	36615.08	1034.2215716838837	39.77775283960196
27	-418.8698	569.7864	-28.373953	-2120.3896	-731.39685	943.0361	-62.208725	-2891.0518	200.44	296.1	134999	3125.0554	1132.3485	5104.8223	-3304.141	-3216.7307	40190.133	1075.4319417476654	39.8308127367938
28	-395.98203	644.1096	-21.153286	-2527.7998	-611.59796	857.9556	-33.637486	-2552.6782	176.06897	262.2	139999	3307.4243	1150.2306	5476.3003	-3904.5146	-3401.525	43244.855	1116.500765800476	39.875027435166494
29	-301.5409	511.11133	-17.501795	-2557.139	-668.5697	1032.5348	-33.39501	-2775.7615	148.14706	260.9	144999	3518.4124	1231.1022	6104.636	-3595.68	-3619.2913	53368.37	1157.453661441803	39.91219529612311
30	-484.31866	738.06274	-31.35338	-2541.9695	-845.4828	970.06274	-37.057846	-2847.9019	219.65218	310.3	149999	3736.5356	1286.9458	6517.0195	-2179.6653	-3843.0256	61803.812	1198.3891859054565	39.94630627632141
31	-382.8943	580.087	-17.529133	-2456.31	-955.508	1043.0083	-28.111696	-2607.7925	173.58333	414.7	154999	3948.8494	1355.2427	6810.056	-3168.6545	-4061.0913	69877.734	1240.033842086792	40.001091757128314
32	-1047.399	894.28827	-41.77588	-2386.1265	-457.167	644.24976	-56.085472	-2318.4731	458.08334	204.0	159999	4166.028	1459.0724	7317.378	-3619.0225	-4284.8335	71070.695	1280.6807296276093	40.021272867918015
33	-587.80536	709.4235	-39.23229	-2488.8406	-395.59528	311.18204	-42.504097	-1024.3381	252.95238	168.5	164999	4443.172	1599.1255	8049.9746	-4203.289	-4568.942	76085.22	1321.0690388679504	40.03239518223387
34	-809.373	846.9828	-48.718185	-2387.9207	-345.30914	399.69888	-32.27066	-1260.3898	372.25	155.6	169999	4716.7554	1713.1427	8079.2446	-3255.4875	-4848.3447	92784.78	1361.3698709011078	40.040290383731616
35	-475.5925	457.8311	-38.891052	-1379.944	-475.79437	528.62646	-17.736876	-1577.2177	307.33334	226.2	174999	5019.856	1779.2234	8225.536	-4984.744	-5156.143	97439.92	1401.9682834148407	40.056236730303084
36	-481.32022	578.4604	-21.28609	-2339.9832	-213.11865	216.97838	-44.517887	-804.8408	261.05264	95.5	179999	5317.2812	1792.211	8978.19	-3347.5034	-5460.2856	105195.27	1441.821130990982	40.05058703157637
37	-539.2772	369.4223	-42.28166	-1071.9563	-302.68277	208.01549	-103.74034	-901.1204	312.9375	204.8	184999	5559.2114	1793.746	9146.934	-3891.8767	-5703.02	115570.34	1482.1430773735046	40.057921068088426
38	-528.1288	696.60956	-20.361874	-2467.3218	-632.8681	957.3452	-37.88099	-2634.1807	239.7619	247.0	189999	5694.1523	1790.4095	9694.395	-7209.0156	-5842.159	123487.78	1523.0169830322266	40.07939434051514
39	-692.6888	853.1766	-11.621288	-2427.302	-813.9124	1054.1263	-24.795506	-2840.2124	315.0	299.4	194999	5846.898	1800.4869	10484.773	-3709.4954	-5996.204	130049.56	1564.3591623306274	40.11177346033928
40	-556.4998	602.9426	-31.75192	-2499.057	-848.75214	1029.6205	-96.55404	-2744.7415	260.8095	368.5	199999	6017.5596	1849.0847	10692.414	-5067.581	-6169.455	135607.22	1605.8451795578003	40.146129542589186
41	-1115.2173	946.9747	-66.22393	-2646.767	-1224.4713	1235.4697	-76.664055	-2792.1702	466.54544	453.0	204999	6123.8374	1865.8362	10611.25	-3662.5203	-6277.41	136392.12	1647.8847646713257	40.19231138578275
42	-509.25745	637.8845	-4.5263734	-2106.9038	-900.7601	513.5288	-87.26028	-1652.5566	247.73685	441.9	209999	6297.44	1909.8004	11374.106	-3810.6763	-6453.4023	147834.67	1690.1919856071472	40.24266637506939
43	-826.0326	916.2385	-33.399666	-2495.6257	-1134.6719	1122.591	-61.9071	-2904.3635	342.0	416.2	214999	6439.013	1965.9003	11129.096	-3127.7947	-6598.951	159731.0	1732.2197270393372	40.284179759580034
44	-638.20935	849.1391	-11.078018	-2609.6992	-1455.641	1221.2213	-127.519196	-2859.2583	263.75	526.7	219999	6590.852	2061.837	11424.055	-9611.085	-6749.421	162726.05	1774.7696328163147	40.335673521865495
45	-631.5619	832.05994	-55.391552	-2525.6284	-1020.9539	1123.8188	-48.024414	-2969.536	277.8889	370.4	224999	6700.3755	2133.3748	11765.801	-5871.9634	-6860.3223	180063.0	1816.4399330615997	40.36533190409342
46	-451.90417	668.5174	-31.070244	-2567.5645	-1149.5265	1244.183	-34.27537	-2865.0576	208.56	440.1	229999	6776.168	2191.5947	12365.128	-5396.9375	-6938.536	196055.39	1858.7805066108704	40.40827192949212
47	-1181.1782	767.69995	-339.8176	-2400.3489	-609.9841	900.03986	-52.922142	-2927.6147	551.44446	261.7	234999	6901.249	2258.862	12488.48	-5523.7603	-7067.448	198891.47	1900.1297779083252	40.42829320278574
48	-429.17078	569.155	-16.223984	-2497.2283	-585.1579	817.9079	-61.703083	-2955.6252	187.73077	230.2	239999	7022.056	2297.5137	13097.821	-7242.3394	-7189.272	213175.69	1940.847446680069	40.434321850538254
49	-760.61426	1029.5304	-22.11335	-2577.159	-492.58853	835.28516	-63.573303	-2967.5103	316.9375	365.6	244999	7054.5947	2341.7012	12721.724	-6089.4395	-7222.901	221579.36	1982.4229340553284	40.457610938013815
50	-653.87726	816.2531	-65.64423	-2564.1528	-383.87823	366.47153	-66.19546	-1365.3173	363.85715	403.4	249999	7147.492	2408.7195	13360.303	-5961.4443	-7318.1904	222085.78	2024.504583120346	40.490091705322264
51	-623.68036	689.7145	-63.634003	-2459.932	-464.20255	579.3377	-55.47668	-1951.6697	362.92307	213.0	254999	7315.8604	2439.2146	13520.903	-4965.135	-7488.2847	228796.27	2065.5613808631897	40.50120358373604
52	-449.60464	441.5655	-39.763382	-1341.9548	-465.93686	929.69385	52.712463	-2941.7185	230.8421	273.7	259999	7396.5435	2398.3743	12867.801	-6028.122	-7567.4673	237662.97	2106.4551854133606	40.5087536069063
53	-622.22534	916.68414	-31.516262	-2594.0942	-398.7832	433.0416	-46.14388	-1269.9714	291.7647	265.5	264999	7470.77	2404.6814	13068.242	-6538.9062	-7643.2993	240019.77	2147.624873638153	40.52122407139472
54	-1122.151	901.4422	-105.08847	-2644.3079	-924.0028	824.7873	-82.270256	-2865.13	658.1111	629.4	269999	7558.0225	2404.2144	13991.752	-5430.725	-7735.717	238696.7	2191.2782878875732	40.57922759321001
55	-735.2858	732.7439	-23.852943	-2597.299	-987.33044	897.7825	-89.4915	-2827.9211	419.0	566.2	274999	7637.7266	2436.392	14244.189	-5331.926	-7809.262	231416.67	2234.30331492424	40.623696674000136
56	-337.9904	317.35187	-15.585173	-1087.0641	-390.18448	377.2762	-31.461723	-1070.5198	208.72	433.7	279999	7722.8843	2427.7534	14745.542	-4321.113	-7898.224	253405.34	2276.5125114917755	40.65200917209898
57	-651.4199	958.21954	-21.789095	-2697.4272	-557.43787	717.699	-37.57612	-2213.0647	289.1875	263.6	284999	7695.05	2336.811	13845.177	-5815.4585	-7867.2695	257098.86	2317.348923921585	40.65524432115387
58	-759.2697	950.9359	-21.486515	-2656.0679	-638.72815	758.83673	-76.95367	-2682.7805	317.58823	258.7	289999	7614.869	2299.213	13351.053	-7581.1865	-7787.8286	243078.77	2358.4947736263275	40.663703038774685
59	-574.58093	648.2172	-15.8236475	-2548.0273	-994.5418	1171.515	-31.590712	-2908.1892	294.2	366.8	294999	7567.771	2275.9846	15358.471	-4974.123	-7735.301	243344.28	2400.274246931076	40.682614387091945
60	-519.9427	669.3678	-22.985193	-2556.0894	-681.45984	873.26697	-78.346855	-2925.9058	235.78261	297.0	299999	7421.0737	2175.642	13827.448	-5456.703	-7583.485	244771.22	2441.520998477936	40.692016685009
61	-514.0224	702.0437	-31.252554	-2426.0796	-1072.1936	1033.7799	-30.458488	-2958.8984	247.88889	473.8	304999	7258.002	2093.4368	12991.326	-7405.282	-7415.2217	236352.0	2483.625921010971	40.71517907596025
62	-720.1721	831.4136	-41.394707	-2638.4563	-943.38947	1055.4606	-60.459595	-2976.6885	368.0	539.9	309999	7080.3086	2007.6089	12416.199	-10033.835	-7232.861	223450.88	2526.7921850681305	40.75471269699835
63	-1027.9865	1037.4948	-43.89292	-2681.5393	-497.36456	419.89478	-75.31616	-1296.0399	460.36365	304.0	314999	6878.335	1889.0669	11773.858	-5383.8086	-7024.7104	202307.56	2568.1065678596497	40.76359635686118
64	-467.47913	730.577	-36.32411	-2619.3982	-971.13293	1147.3029	-37.672256	-2922.1206	216.57143	462.3	319999	6682.8804	1782.5736	13030.827	-7956.139	-6822.176	194756.4	2610.5774178504944	40.79027219489217
65	-769.3565	984.5617	-29.560936	-2668.4822	-1349.6116	1136.9697	-29.365274	-2934.5884	330.6875	569.3	324999	6477.1675	1680.7686	11772.778	-6302.5513	-6613.4287	181940.47	2653.9211716651917	40.82955652383657
66	-634.1144	875.83154	-38.436726	-2640.4338	-1253.7235	1104.5059	-113.842255	-2941.5261	274.3684	557.9	329999	6275.414	1586.202	12526.065	-7801.7363	-6403.276	171519.95	2697.3524923324585	40.86897718545163
67	-639.77673	903.5644	-27.964094	-2684.2388	-1811.7924	1123.4102	-198.8239	-2987.3875	277.44446	734.1	334999	6032.879	1497.9346	9807.949	-9197.02	-6156.32	156603.05	2742.074866294861	40.92649058085769
68	-561.52924	638.1194	-71.49503	-2557.6042	-1041.201	1156.3003	-33.14324	-2931.4475	261.52942	437.1	339999	5854.217	1440.5522	12549.95	-6092.738	-5976.036	149064.66	2784.0814695358276	40.94237459056518
69	-1445.492	1081.5214	-33.77698	-2565.1023	-1489.0432	1203.4591	-19.241013	-2938.9954	648.125	574.8	344999	5662.29	1356.6881	10190.767	-7767.647	-5776.7134	138731.72	2827.5332057476044	40.9787421433822
70	-823.2549	898.7468	-23.17912	-2529.7363	-729.62366	956.1733	-142.1764	-2870.5193	427.53845	284.0	349999	5466.103	1307.5833	9574.853	-4717.021	-5576.5674	133534.12	2868.9290449619293	40.98470067977905
71	-1076.71	1048.9777	-53.05688	-2616.5366	-1344.1097	725.8441	-141.53526	-2445.4724	487.7	824.6	354999	5260.9443	1232.4082	11665.217	-4806.32	-5368.159	121751.18	2913.6614470481873	41.037485199914855
72	-663.56464	873.4745	-61.24504	-2581.9993	-1598.6895	1232.4335	-89.10566	-2991.0264	284.17648	632.0	359999	5064.5977	1154.3505	10140.45	-6859.196	-5165.5557	115957.76	2957.4633734226227	41.07588021953901
73	-1037.3804	1005.2031	-71.25704	-2623.9404	-1570.9153	982.48444	-128.54367	-2755.9062	468.81818	721.6	364999	4887.5674	1108.39	9773.441	-5847.539	-4984.6724	105276.875	3001.4950308799744	41.116370318687125
74	-941.39044	964.3263	-21.737776	-2651.652	-1758.1677	1107.1135	-133.21872	-2965.2783	410.54544	676.7	369999	4710.5923	1087.0337	11013.544	-5826.1475	-4801.338	100149.44	3045.508288860321	41.15551744602822
75	-2039.5931	872.85236	-219.10097	-2682.4827	-1577.6415	1198.7567	-69.06854	-2969.8455	849.8333	620.8	374999	4468.096	1032.2622	8384.978	-5841.8384	-4556.304	94511.086	3088.9471917152405	41.18596258799235
76	-1744.1295	1042.8835	-156.72539	-2652.4832	-1890.8396	845.3154	-107.48173	-2884.1587	681.7143	795.2	379999	4300.0425	998.55676	7727.9067	-5707.0444	-4385.6504	84934.18	3133.8560543060303	41.23494811120786
77	-787.8236	972.2219	-32.33849	-2701.3596	-1892.5433	1203.3878	-93.72235	-2988.6335	322.9375	718.7	384999	4140.055	967.7364	7371.283	-5124.297	-4220.4243	78145.54	3178.1313195228577	41.27443274584684
78	-1150.3221	1075.2849	-22.732462	-2683.7646	-593.9896	886.7107	-9.163519	-2915.7288	481.72726	218.5	389999	3964.7065	920.9352	8313.116	-6361.0767	-4041.9673	73249.54	3219.0626072883606	41.27003346039699
79	-1675.5682	1083.7069	-49.625744	-2645.5027	-855.53613	1009.8716	-70.737854	-2927.7058	682.8571	356.5	394999	3776.276	877.0152	6684.6055	-5191.667	-3848.8064	66119.17	3260.7832345962524	41.275737173949615
80	-1289.9043	1202.1797	-95.13568	-2664.114	-1301.0837	1096.0303	-73.49911	-2945.3367	502.0909	619.9	399999	3592.205	835.3759	11720.589	-4968.875	-3660.2756	58167.64	3304.438606262207	41.30548260807991
81	-432.74152	577.04205	-42.143482	-2657.6196	-2407.5854	1058.4095	-234.57417	-2984.6934	197.16	820.9	404999	3390.1887	781.9224	7125.7036	-4064.8906	-3454.1565	56802.363	3349.1888229846954	41.348010192682715
82	-979.2944	1089.4036	-13.723541	-2698.7422	-1307.6082	1223.8092	-33.21855	-2922.226	409.81818	532.9	409999	3174.1997	741.19775	7155.104	-4253.4927	-3233.9707	51288.895	3392.672305583954	41.37405253619683
83	-2034.399	486.8737	-1245.2611	-2648.9275	-1135.0422	848.6097	-87.378044	-2416.6504	889.6667	570.7	414999	3008.7207	729.374	6509.144	-3461.3535	-3067.8472	45334.953	3435.964138031006	41.39715831825532
84	-1411.4796	884.49677	-26.583664	-2726.1138	-2374.12	846.52936	-129.8684	-3001.1982	724.3333	905.0	419999	2869.589	712.0564	7404.7812	-3529.1938	-2925.752	40157.34	3481.960298061371	41.45190834147589
85	-2015.8939	902.4883	-64.41099	-2618.9783	-2047.2957	1182.6683	-63.115444	-3001.5757	838.3333	730.5	424999	2724.3257	684.5527	7965.6367	-3612.5872	-2775.308	36015.57	3526.2289357185364	41.48504632781534
86	-1701.7106	904.80963	-254.79291	-2673.1187	-2150.3176	1094.3563	-195.0024	-3011.06	756.0	818.2	429999	2569.0027	647.5643	6455.5938	-2623.7856	-2616.2395	32274.791	3571.309033870697	41.52684925877771
87	-1394.2161	1187.0881	-42.91501	-2699.1113	-2101.817	1160.3239	-173.92043	-2990.5159	546.8	740.1	434999	2425.6985	614.2742	5746.7144	-2981.0889	-2472.093	30259.93	3616.0292665958405	41.56355481586237
88	-1072.4323	969.10284	-37.59028	-2699.3792	-2101.9478	1302.3494	-62.767685	-2972.5833	499.2	714.6	439999	2314.282	594.26135	5870.6406	-3798.8608	-2357.0547	28066.656	3660.579585790634	41.597495320168406
89	-1519.8014	1284.215	-49.645103	-2735.6594	-1756.8171	1290.5029	-92.01406	-3019.4824	571.0	597.1	444999	2173.2183	554.24976	6918.6055	-3491.4385	-2213.5764	24396.19	3703.9022150039673	41.6168788470579
90	-1329.896	1149.3223	-13.748495	-2679.7827	-1420.6768	1210.8162	-16.728794	-3001.187	554.6667	616.3	449999	2055.7104	536.7738	4743.8604	-3956.6765	-2094.4612	22360.404	3747.2943601608276	41.636604030927025
91	-1254.1824	1093.7385	-44.19525	-2654.9724	-1383.1448	1130.8552	-32.220806	-2934.4568	522.875	608.1	454999	1926.4077	508.027	5390.581	-3262.053	-1962.5812	20379.494	3791.026577949524	41.659632748299906
92	-1595.4792	922.2345	-174.20654	-2687.4958	-1425.0902	947.6942	-60.68727	-2945.4546	712.75	727.9	459999	1822.4437	495.45297	4287.817	-2806.9214	-1857.6328	18318.998	3835.509859085083	41.6903245785962
93	-1170.2526	992.0641	-41.355156	-2649.2864	-1300.9348	1193.4719	-165.00948	-2982.98	506.9	478.8	464999	1723.337	481.0813	5567.918	-4341.3486	-1755.0004	17395.916	3878.4982194900513	41.70428195563696
94	-1461.8761	1193.4391	-80.013664	-2683.523	-999.15295	1220.4106	-43.605293	-2959.5688	557.1111	350.1	469999	1610.5491	464.21918	4148.2485	-2247.1443	-1640.2605	15260.88	3920.1884779930115	41.70413276997019
95	-1624.0973	1080.8326	-91.929535	-2681.9998	-1000.3574	1267.6743	-72.03511	-2973.7412	686.0	344.4	474999	1516.3405	463.66873	3851.5142	-2678.3835	-1544.5042	14607.731	3962.1493985652924	41.70683579695852
96	-1357.812	1232.1697	-36.823284	-2661.6235	-1806.2312	1158.1566	-65.0896	-3025.3555	520.5455	714.4	479999	1414.7289	441.4148	3880.485	-2989.9778	-1440.2256	13269.873	4006.5785286426544	41.73519303152958
97	-1184.5001	1099.0804	-60.337383	-2711.357	-2206.9158	1008.1852	-92.01262	-2945.9653	498.33334	818.1	484999	1333.3131	434.02917	3556.178	-3276.1848	-1358.7196	12847.161	4051.7562351226807	41.77068286089553
98	-1604.7689	1009.17944	-230.28572	-2676.572	-2151.0815	948.5069	-130.03674	-2988.8784	741.7143	781.0	489999	1263.9174	423.62085	3221.6704	-2398.301	-1288.3597	11681.075	4096.814678907394	41.804231441750815
99	-1755.3623	987.81024	-38.1137	-2618.1191	-1161.8047	1065.9722	-69.68306	-2987.8853	745.0	446.9	494999	1197.5618	397.7687	2772.0063	-2772.2886	-1220.606	10321.4	4139.641592741013	41.81456156932946
100	-1093.5629	923.54065	-163.09886	-2695.0718	-2113.608	1120.2465	-23.468464	-3007.7422	479.9091	770.3	499999	1140.3955	370.43787	3096.529	-2364.3076	-1163.1782	9594.864	4184.235967159271	41.84235969543457
101	-1153.9688	1051.0382	-30.767693	-2696.6272	-1707.6885	1177.1511	-27.553877	-2990.6348	480.1	614.0	504999	1076.1396	362.68503	2931.697	-2556.0952	-1096.6111	8966.316	4227.68398308754	41.85825727953769
102	-1985.6501	789.11945	-675.17456	-2649.9114	-2155.0747	914.3972	-123.88032	-2775.2808	858.6	884.5	509999	988.30524	340.49414	3201.535	-1677.552	-1007.2707	7881.9634	4273.11717581749	41.893305668643876
103	-1887.9534	936.7585	-159.25003	-2720.3206	-1089.3125	912.8008	-86.432526	-2967.0552	838.1429	627.5	514999	933.70074	334.9888	3402.8306	-2904.183	-952.3419	7529.5527	4317.310982704163	41.91564062961097
104	-975.80493	850.7126	-59.290855	-2589.3958	-1096.963	1226.784	-50.95633	-3032.891	527.8889	535.1	519999	891.8292	335.1067	3594.9915	-2363.2947	-909.4418	7298.063	4360.707901239395	41.929883690980766
105	-733.079	1070.783	-49.516182	-2689.2695	-1433.9781	1333.6912	-75.0657	-3036.8481	276.7647	617.4	524999	867.7599	332.69617	2397.6243	-2348.884	-885.953	7067.1177	4404.461675643921	41.94725407645816
106	-473.14835	814.3984	-28.342333	-2665.8425	-1417.4967	1217.8221	-74.46908	-3078.1409	208.29167	547.8	529999	828.88257	307.13293	2121.5454	-2248.9478	-845.4646	6735.0337	4447.572842597961	41.9582343843748
107	-1139.6093	1163.8322	-33.90348	-2700.2322	-1665.0299	1299.8925	-40.8531	-2997.5654	463.41666	620.7	534999	777.3859	281.383	2053.4163	-1926.4667	-793.0463	5785.152	4491.339966773987	41.9751398964463
108	-1162.1045	1143.6304	-56.083405	-2715.694	-1300.0342	1380.0002	-3.9410887	-3032.1548	491.44446	537.8	539999	723.65027	260.90506	2147.7112	-2246.0442	-737.3986	4879.3755	4534.766565799713	41.9885793350361
109	-1637.9342	1086.8562	-114.05535	-2726.0383	-1926.6973	1177.1735	-73.93723	-2999.8809	693.125	689.9	544999	684.60034	246.41516	1864.5045	-1245.3289	-698.8634	4345.393	4579.918586492538	42.01760173500131
110	-2282.5679	473.89554	-1479.1702	-2712.3718	-2252.2502	1162.3093	-90.7377	-3015.4973	921.6	903.4	549999	672.6384	235.92398	1786.7983	-1265.0123	-687.4461	4099.2354	4626.491791963577	42.05901631225239
111	-1059.0612	1023.2485	-27.87063	-2706.227	-1198.5461	1089.3937	-144.24362	-2993.177	448.0	478.4	554999	653.3386	237.68134	1786.1917	-2359.3848	-666.02893	3986.8047	4669.7945556640625	42.070221239382086
112	-1643.9318	953.4976	-174.65756	-2690.503	-1813.9338	1251.4413	-211.45299	-3002.8306	696.5714	647.4	559999	620.1763	232.11642	2112.5278	-1776.4779	-632.45123	3515.7644	4714.46028137207	42.09339539068086
113	-1174.0322	984.48505	-124.88279	-2580.1428	-1392.7883	1290.3304	-28.736702	-3021.5852	517.9	484.3	564999	604.8441	227.1301	2319.631	-2129.527	-617.0751	3459.236	4757.988894462585	42.10609643016241
114	-2555.025	211.27902	-2137.4292	-2705.513	-1531.6056	1176.5177	-151.54779	-3015.9348	1000.0	659.9	569999	574.06903	223.49602	2097.342	-1635.2164	-585.1766	3330.3716	4802.669327020645	42.12867833020394
115	-1281.836	1061.529	-56.198868	-2640.157	-1520.0728	1281.0543	-53.720863	-2994.4817	592.8571	526.0	574999	552.5168	214.27927	3163.57	-1083.0544	-564.513	3088.1716	4846.329817533493	42.14199843406677
116	-1701.4475	1213.4639	-44.43609	-2685.7122	-1726.7434	1238.6733	-114.34372	-3005.0037	647.625	725.8	579999	534.52325	201.71605	2167.4326	-1670.8102	-545.8665	2944.7793	4891.3340384960175	42.16667276620865
117	-2026.6984	911.3614	-341.99945	-2717.3945	-1053.0399	1057.4359	-42.514503	-2966.5173	853.5	639.9	584999	510.03998	198.86818	1805.307	-1747.2454	-520.9922	2718.7854	4935.892488479614	42.18711530449044
118	-1647.1605	1049.4357	-44.062588	-2675.3562	-992.0631	1210.7772	-105.4808	-2966.8723	726.0	631.7	589999	506.65817	194.17091	2372.847	-1505.7996	-518.2006	2996.5889	4980.393052339554	42.20672080476405
119	-1129.3789	476.56915	-517.45825	-1936.7339	-2008.425	338.94016	-1777.5464	-2665.1064	1000.0	1000.0	594999	514.8384	179.80385	1955.544	-1318.7335	-526.09454	2788.191	5027.079671382904	42.24436700644613
120	-829.92737	930.3137	-28.758848	-2599.3096	-880.1317	1037.7992	230.52652	-2971.0056	541.3	634.1	599999	507.2873	172.50758	2101.3762	-1247.3235	-518.2741	2704.3633	5071.920832633972	42.26600696245829
121	-918.0001	323.5911	-342.23514	-1322.5764	-1911.4719	941.4356	-295.1522	-2970.5527	1000.0	908.6	604999	519.1882	177.80086	2351.9531	-3237.4753	-530.74445	3026.0093	5117.910499334335	42.29678100396779
122	-1903.6617	821.81573	-402.11472	-2699.1404	-2505.561	844.1658	-93.07116	-2999.2107	832.8	905.4	609999	515.5124	168.84868	2216.304	-3555.5884	-526.5644	2870.3103	5163.7237277030945	42.325604344977705
123	-2216.3213	954.06134	-87.59098	-2716.3472	-1378.8826	1322.4824	-54.893158	-3014.6836	840.8333	546.9	614999	500.8642	160.7125	1835.6248	-1025.4268	-511.2223	2416.7185	5207.916618108749	42.34078553246289
124	-2492.4678	373.77835	-1662.165	-2713.8477	-2092.9507	1109.1742	-69.84191	-2996.7627	947.3333	810.0	619999	478.97775	157.31421	1500.888	-1239.1924	-488.6696	2038.864	5252.958171367645	42.36256591735348
125	-1882.8118	1148.7905	-40.33949	-2674.5112	-1012.5544	1194.4277	403.09244	-3002.186	724.5714	621.3	624999	453.76114	160.17213	1991.703	-1140.4945	-463.0494	2018.5555	5297.4862451553345	42.37988997840881
126	-1636.4744	1121.5398	-55.530464	-2688.62	-1781.2347	1301.0214	-60.121998	-3042.0603	641.2857	628.7	629999	434.3766	157.96646	1492.2278	-1995.0233	-443.5741	1779.3408	5341.629172325134	42.39388234274728
127	-1752.1898	1022.9532	-150.64777	-2703.5842	-2295.197	1105.7013	-154.99554	-2981.1216	842.1667	812.6	634999	412.7955	160.58626	1489.9725	-1220.7406	-421.4132	1657.2622	5387.534506320953	42.42153156460739
128	-830.52625	1001.382	-37.502357	-2657.6958	-765.4015	903.9548	-45.75608	-2950.1133	359.30768	380.3	639999	394.6594	155.4588	1461.8291	-780.5067	-403.0121	1641.6783	5430.172594308853	42.42322341166437
129	-710.52045	738.1819	-48.623234	-2664.3079	-751.74036	966.21826	-20.012705	-3003.3267	428.46155	347.1	644999	364.7299	146.74713	1797.6768	-775.1543	-372.1739	1394.4506	5472.538122177124	42.42277615754179
130	-586.35364	835.1676	-30.1527	-2616.2886	-1546.2126	1204.7585	-27.752756	-3003.9563	286.1875	623.4	649999	328.7607	139.10187	1302.5774	-1366.9147	-335.64484	1275.432	5516.920209646225	42.43784778301532
131	-670.5132	891.49005	-21.738811	-2679.0344	-211.46323	171.40434	-33.925423	-578.11865	283.0	239.5	654999	299.24677	130.18098	1379.7026	-772.66486	-306.08	1181.545	5558.675745010376	42.432639291268266
132	-968.5572	1047.2604	-178.10403	-2710.9092	-1656.5248	1339.4153	-50.758327	-2993.1016	442.27274	712.4	659999	271.39877	133.70224	1163.414	-851.26117	-277.42346	1098.4492	5603.680601358414	42.452125784122586
133	-1504.6826	1226.8203	-52.93642	-2712.0916	-1985.5319	1280.62	-28.575207	-2989.999	637.375	712.9	664999	238.04286	128.33096	1020.6166	-2025.5474	-243.47693	894.2433	5648.274554729462	42.46822975094157
134	-964.49554	1076.9409	-43.82896	-2707.3374	-1628.3506	1315.2595	-46.154118	-2974.715	483.77777	612.0	669999	207.07484	125.453926	749.70135	-1145.3651	-212.168	814.2211	5692.601631641388	42.48210175001799
135	-704.641	933.52655	7.384078	-2686.3813	-2307.604	1061.055	-95.98351	-3001.0615	492.54544	814.8	674999	185.15714	125.607	706.51447	-598.6699	-190.05217	717.4854	5738.159564733505	42.50488568235327
136	-1294.5851	973.06976	-66.16534	-2700.7395	-1061.4443	1139.915	-56.054226	-2947.1528	729.5714	446.5	679999	169.22592	120.10878	1270.0952	-652.9734	-173.84067	612.0016	5780.907885313034	42.5066756448325
137	-886.3941	567.58887	-65.30462	-1559.6239	-874.0868	890.45447	-20.223373	-1959.0103	630.1429	439.9	684999	155.30598	112.95356	736.18036	-1507.4365	-159.73177	528.1051	5824.167704820633	42.51217304355037
138	-1211.787	975.58777	-46.63614	-2684.1902	-969.07556	1062.0216	-31.552326	-2981.7507	565.5	437.5	689999	140.06453	105.79717	879.39014	-695.4603	-144.1153	484.93414	5867.454859972	42.51778885765352
139	-1012.08887	1066.7638	-25.173595	-2697.5217	-2246.916	1093.927	-29.593311	-3014.1294	460.0	811.1	694999	127.14976	101.32737	838.64	-619.0441	-131.09637	446.9502	5912.712193489075	42.53749781203785
140	-1511.1586	990.4869	-232.92522	-2683.1743	-2262.353	982.65466	-99.107704	-2992.382	846.6667	905.5	699999	119.48165	96.255226	1557.2433	-538.34	-123.4904	414.5139	5958.910050868988	42.56364323752267
141	-875.8369	499.03232	-76.73174	-1779.4814	-1432.6796	1124.1776	-38.3089	-2809.3708	517.5	565.4	704999	111.88243	88.68025	1133.5471	-542.33514	-115.86721	386.0484	6002.420715093613	42.57035970349684
142	-953.8616	863.7553	-41.25064	-2647.2424	-460.08585	839.0454	-37.616394	-2947.334	517.8889	169.3	709999	104.437096	80.555244	712.80804	-536.5925	-107.99843	321.2354	6043.5992658138275	42.56055822674657
143	-566.4458	717.36005	-25.022047	-2698.141	-2236.1606	1150.5426	-72.428345	-2983.9849	399.16666	810.4	714999	91.732376	75.35463	773.3618	-502.76715	-94.98584	270.60635	6088.980392932892	42.58028248473481
144	-1992.4258	859.78613	-601.4823	-2700.0623	-791.66266	513.9281	-53.14602	-1474.3693	1000.0	710.1	719999	94.580826	106.06117	883.7818	-520.07367	-99.86624	340.1926	6133.770442247391	42.595628087719284
145	-1139.9952	653.2668	-5.5987716	-2088.5415	-1482.276	1126.136	-22.036713	-2939.6433	835.3333	707.1	724999	188.98131	239.65239	959.89813	-715.14655	-197.84918	972.7134	6178.469220399857	42.61013256928016
146	-1219.2538	803.848	-37.53443	-2339.6853	-1957.5668	712.2652	-45.300728	-2659.4614	836.6667	901.3	729999	274.31577	286.61423	1054.2062	-598.43555	-284.7828	1606.5741	6224.56704044342	42.63402084291798
147	-1374.7689	798.3533	-41.369713	-2130.8262	-2116.8032	654.5292	-294.70786	-2994.3394	733.2857	911.9	734999	336.36743	293.39917	1282.3066	-376.3806	-347.8875	1929.7701	6270.883793592453	42.65907344201795
148	-1614.348	715.7623	-48.835957	-2203.7441	-2054.4292	354.88812	-1547.2831	-2524.1216	836.3333	1000.0	739999	386.30493	288.54443	1045.1035	-513.42053	-399.1857	2424.4756	6317.47780919075	42.6856608874089
149	-1915.0068	247.35591	-1515.6407	-2183.2043	-2228.672	847.11316	-541.6441	-2994.5042	1000.0	917.9	744999	437.9856	290.12534	1112.2272	-659.632	-452.63245	2934.6978	6363.8696920871735	42.71053486222389
150	-2396.071	139.61021	-2160.7048	-2535.9045	-1889.7838	769.17004	-291.0018	-3011.1313	1000.0	910.7	749999	492.79016	293.55246	1090.0261	-621.1859	-508.6556	3500.4312	6409.92124581337	42.73280831972758
151	-1385.5771	325.40833	-815.3573	-1773.3046	-2109.3154	854.1706	-488.7715	-2918.7258	845.3333	918.4	754999	538.2689	301.86734	1251.8282	-625.7754	-555.3385	4049.9216	6455.828010320663	42.75382789870761
152	-1857.4653	667.57715	-564.8998	-2555.0552	-1953.708	961.7573	-138.43259	-2987.1582	875.0	817.6	759999	587.89703	301.4603	1396.3741	-553.4725	-606.1741	4313.4497	6500.814274549484	42.76851497825823
153	-2258.9888	311.80048	-1789.6515	-2649.0686	-2388.1755	481.25906	-1126.3025	-2988.0298	1000.0	1000.0	764999	634.0416	310.1477	1515.1436	-1683.5018	-652.6708	4609.124	6547.696743249893	42.79540356623581
154	-1421.714	826.0222	-393.6576	-2716.507	-1272.8542	657.1734	-500.08575	-2822.7083	749.8333	920.5	769999	681.33014	329.0553	1675.3257	-651.82654	-700.3635	5022.556	6593.932076692581	42.81774077322576
155	-1484.5573	277.76004	-1192.3171	-2064.3967	-2397.1758	552.42267	-815.8845	-2724.56	945.8333	944.7	774999	729.54425	333.8965	1942.4302	-640.771	-749.0547	5572.3457	6640.115669250488	42.83945594603016
156	-1592.3252	559.32166	-534.4662	-2037.2798	-1910.8467	672.89105	-530.0117	-3004.57	855.4	924.6	779999	772.3409	326.5948	2050.7424	-928.90094	-793.10504	6028.8384	6686.15468287468	42.85996592961825
157	-1846.0105	446.26364	-1310.1539	-2654.791	-1736.9922	439.30334	-1392.5245	-3010.4456	1000.0	1000.0	784999	816.8427	339.43964	2017.0387	-1162.7543	-838.1238	6531.0654	6733.1347596645355	42.886208673950975
158	-1901.6129	650.61005	-692.2541	-2655.2363	-2591.5728	275.2454	-2034.9165	-2983.0034	895.8333	1000.0	789999	871.5642	353.7105	2256.9558	-1374.0992	-894.0765	7082.416	6779.984655618668	42.91129530381553
159	-2034.0566	525.29474	-945.97217	-2667.7542	-2152.7983	292.87924	-1794.9026	-2705.0857	921.8333	1000.0	794999	947.84595	381.283	2376.1975	-1456.7769	-973.662	8528.954	6826.78035569191	42.935725523990655
160	-1530.441	498.03522	-677.12164	-2051.6995	-2049.736	964.5987	-72.755	-2961.2703	812.6667	814.7	799999	1081.1228	444.6519	2930.6497	-1336.2874	-1111.216	11491.493	6872.516665220261	42.95322918146849
161	-1548.4004	860.8526	-85.77568	-2380.884	-2433.1484	67.549736	-2321.2014	-2493.5403	731.0	1000.0	804999	1244.79	538.5205	3797.6304	-1457.2131	-1279.2684	16950.553	6918.635292291641	42.97289003052327
162	-1934.3789	862.73346	-64.02007	-2690.587	-2922.428	103.17341	-2691.5486	-2995.5144	838.5	1000.0	809999	1440.3507	675.34247	4321.062	-1437.0773	-1479.3448	23737.084	6964.95756816864	42.993565250326085
163	-1879.5168	756.646	-836.26904	-2698.2876	-2697.305	788.56506	-332.6715	-2996.933	737.7143	911.5	814999	1581.952	713.2898	4243.0117	-1516.5848	-1622.9034	26926.332	7011.252802848816	43.01382088953732
164	-1312.1982	1101.0648	-121.58846	-2724.8806	-2201.2668	650.2115	-697.89844	-2997.1223	520.6	927.2	819999	1714.0996	737.5079	4139.932	-1622.58	-1759.1554	29798.482	7057.342858314514	43.03257841889451
165	-1753.9723	800.719	-246.318	-2657.0503	-2246.9565	749.1959	-369.2652	-3004.2532	738.4286	912.8	824999	1845.9146	740.9926	4400.921	-1679.5499	-1893.1216	31138.496	7103.267698287964	43.05010727969083
166	-1908.6152	672.5574	-634.2767	-2489.782	-2294.5308	783.57495	-198.47534	-3022.1567	852.6	907.9	829999	1942.053	716.3712	4100.3154	-2146.9993	-1989.4211	31503.297	7148.94638967514	43.06594212083932
167	-2181.3494	322.06415	-1786.8243	-2637.4595	-2872.802	179.82446	-2478.1414	-3007.865	976.1667	1000.0	834999	2004.1025	666.0755	4585.0576	-2207.1572	-2051.2056	31814.65	7195.655208349228	43.087755752894694
168	-1577.4893	815.2489	-206.98065	-2384.705	-2639.8066	717.02856	-601.52563	-3007.7869	705.2857	922.0	839999	2079.2485	615.08386	5048.6543	-2236.729	-2127.2776	33253.88	7241.307405948639	43.10302028769539
169	-1701.4272	746.9637	-531.4445	-2587.2764	-2473.329	591.15466	-1358.8041	-2983.2322	775.8333	1000.0	844999	2170.082	568.5068	4687.9434	-2262.087	-2217.2568	33275.51	7287.7029531002045	43.12250269517391
170	-1692.801	1001.1807	-213.3662	-2683.532	-2660.6372	416.0251	-1828.9849	-2982.9001	695.8571	1000.0	849999	2206.0679	546.24493	5128.4946	-2504.992	-2253.5066	34428.367	7334.307161092758	43.142983311765335
171	-2013.9642	592.75964	-960.11896	-2673.739	-1693.8508	1068.6874	-154.90718	-2929.421	892.0	719.0	854999	2277.7937	539.96747	5209.5127	-2419.9553	-2327.7024	36418.746	7378.697286367416	43.15027654240703
172	-1917.405	698.8855	-649.8587	-2651.0078	-1685.8014	1117.0961	-37.292755	-2985.655	854.6	714.2	859999	2344.201	536.29315	5384.081	-2791.6956	-2394.3635	37194.805	7423.627687931061	43.16062610509784
173	-1468.1866	1023.72815	-153.79745	-2616.0205	-2835.4636	157.52039	-2453.1472	-2963.5225	664.5	1000.0	864999	2429.3357	538.9809	5643.384	-2134.7454	-2480.3264	37330.695	7470.459090948105	43.181844468750704
174	-2192.3164	732.88	-582.7856	-2603.3665	-2173.7617	1093.7814	-18.300224	-2968.4692	875.3333	803.6	869999	2519.9258	551.5501	5536.5977	-2320.8794	-2573.4124	40697.055	7516.025327205658	43.19554787257622
175	-2449.3257	289.30774	-1913.3246	-2711.2197	-2392.94	832.58887	-100.40921	-2987.06	1000.0	905.4	874999	2636.427	562.87195	5433.348	-2024.2458	-2691.2175	43030.23	7562.24663734436	43.21283793994358
176	-2164.939	290.57544	-1768.114	-2658.9966	-2408.824	805.4926	-139.55237	-3021.8186	1000.0	904.6	879999	2756.8655	576.6158	5023.8677	-1883.5477	-2818.376	46242.945	7608.534786701202	43.230311301621526
177	-1522.0237	989.9988	-56.013515	-2702.7188	-1877.2487	668.8812	-78.146805	-2930.0068	723.2857	902.8	884999	2897.99	596.4624	6123.7065	-2553.2883	-2960.258	50824.54	7654.579289197922	43.24621068825156
178	-1569.7552	1028.1161	-42.520084	-2705.4966	-2451.0925	852.4982	-146.06395	-3008.3865	724.4286	907.5	889999	3022.7454	618.7919	9139.113	-2602.4158	-3087.0264	52346.49	7700.440208435059	43.26090005944284
179	-1771.0266	496.03372	-1219.6302	-2672.8623	-1398.344	1017.4092	-95.976814	-3005.9075	901.6	726.2	894999	3142.027	625.4491	5733.054	-2342.363	-3207.0923	55843.53	7745.109637975693	43.26876894055798
180	-2047.6348	360.73868	-1599.5952	-2550.8936	-2457.3918	834.28	-166.60304	-2985.8816	1000.0	905.7	899999	3259.9116	623.8012	6266.2495	-2589.9065	-3329.1267	60909.312	7790.699857711792	43.281665886773006
181	-2418.5303	202.10973	-2112.6553	-2682.707	-2108.4	940.3512	-103.07176	-3004.1926	985.8	825.4	904999	3429.8586	610.71295	7763.8633	-2774.3672	-3501.2637	62984.914	7835.948477983475	43.29253303807085
182	-2178.308	360.82214	-1594.8226	-2490.963	-2267.822	1023.3538	-310.48254	-3003.6995	1000.0	912.5	909999	3573.7163	624.1902	16396.87	-4734.0674	-3645.9385	68105.55	7882.127416372299	43.308392409439925
183	-1919.6759	880.3356	-283.69684	-2648.035	-2446.1597	841.5387	-119.99564	-2987.6387	800.5714	904.8	914999	3697.444	612.4968	11648.658	-4477.3687	-3771.9065	72630.28	7928.205899715424	43.32352951967
184	-2484.685	307.86533	-1890.4286	-2708.417	-1677.991	1293.2854	-111.291115	-2970.576	976.2	611.6	919999	3795.4739	617.843	10566.121	-4748.7915	-3869.3691	77068.25	7972.583900690079	43.329260341499165
185	-1457.8988	1174.3472	-30.109428	-2680.1985	-2367.0652	783.6866	-313.6499	-2957.294	585.2222	910.8	924999	3873.068	619.1228	10915.355	-5892.641	-3948.404	78110.84	8018.534795999527	43.343431342614664
186	-2079.9185	917.79517	-52.55623	-2641.9434	-1672.3824	1091.5328	-68.232544	-2958.4893	838.5	729.8	929999	3948.022	628.11053	8218.18	-4048.158	-4023.6277	78559.24	8063.571951150894	43.35253738203356
187	-2203.2788	624.1145	-995.232	-2648.5452	-2552.5835	841.3653	-152.10558	-2984.9114	889.6	905.3	934999	3988.823	634.934	10295.178	-4229.948	-4063.993	79447.6	8109.485496044159	43.36623261446621
188	-1954.7567	936.1659	-60.57632	-2667.273	-2279.923	1023.0213	-68.11325	-3008.23	775.0	825.0	939999	4057.1084	651.44006	11782.945	-6066.49	-4133.355	85567.64	8154.871345996857	43.376975256077785
189	-2376.4597	200.21768	-2099.3928	-2680.0093	-2670.8542	395.8494	-1709.8927	-3011.801	1000.0	1000.0	944999	4096.1377	638.3934	11181.639	-3718.814	-4173.7607	85382.8	8201.781888246536	43.395671380260005
190	-1595.1002	1129.1597	-20.531446	-2685.303	-2338.9949	1113.3138	-87.824066	-3002.3247	647.0	811.1	949999	4125.1733	637.9963	12633.335	-4254.0576	-4202.5327	85129.516	8247.320184230804	43.40694834935038
191	-2371.7725	237.9428	-2003.744	-2639.9119	-2109.3198	1286.1753	-81.14712	-2993.4285	1000.0	715.7	954999	4175.4126	652.4094	21913.484	-6327.0884	-4255.97	91421.93	8292.38716173172	43.41563960270108
192	-2218.6018	873.23566	-268.77002	-2662.174	-2563.4321	853.66003	-61.19488	-3014.1504	848.6667	901.6	959999	4226.2075	643.0883	14709.415	-6507.0977	-4307.8184	89066.164	8338.690587997437	43.430680158237614
193	-2485.6877	327.87686	-1831.9833	-2691.8892	-2040.9949	1257.0961	-31.367424	-2988.551	1000.0	716.4	964999	4254.8535	633.41583	12740.407	-6072.5464	-4332.2427	86076.414	8383.704392671585	43.43888287717196
194	-2611.0066	76.26746	-2480.494	-2700.3032	-2551.2358	846.9687	-41.965775	-2962.5762	1000.0	901.4	969999	4249.0347	646.80597	13965.557	-7509.4824	-4325.8696	83471.34	8429.73425078392	43.452238417163336
195	-2473.7039	224.97679	-2061.6956	-2686.956	-2319.0557	965.09705	-374.68295	-3018.9065	958.6	832.1	974999	4272.8125	674.60284	11466.409	-7149.42	-4347.617	84443.34	8475.434193611145	43.463765107668365
196	-1735.99	1183.0967	-86.769104	-2710.026	-2813.1394	318.93668	-2090.3076	-2997.6458	657.5	1000.0	979999	4240.8833	661.55774	14245.702	-7915.4014	-4314.8667	85340.51	8522.274656772614	43.48099315896326
197	-1582.8369	1059.7051	-270.32547	-2723.7666	-1784.514	1337.2283	-91.760216	-2991.2031	635.8571	628.1	984999	4206.5366	644.0379	13667.772	-7452.5674	-4279.213	86359.734	8566.419326543808	43.484362075776616
198	-2226.8271	969.1658	-60.499233	-2702.0845	-788.8568	1098.2404	-117.37109	-3000.5305	837.0	278.6	989999	4173.657	642.63196	10031.295	-6401.215	-4247.773	84269.75	8608.30738902092	43.47629995659144
199	-1551.4758	1168.4688	-37.102158	-2705.8755	-2574.0496	717.9737	-461.69235	-2962.929	600.8889	917.4	994999	4094.3042	667.88324	8767.874	-6349.593	-4163.428	79554.73	8654.733814954758	43.49112470904787
200	-1842.29	941.31555	-362.98572	-2624.722	-2034.0461	1137.3463	-189.63736	-3027.315	728.2857	711.2	999999	4053.5972	705.57513	14689.804	-6599.984	-4121.8013	75764.7	8699.673330307007	43.49836666345596
