Epoch	AverageEpRet	StdEpRet	MaxEpRet	MinEpRet	AverageTestEpRet	StdTestEpRet	MaxTestEpRet	MinTestEpRet	EpLen	TestEpLen	Time Steps	AverageQ1Vals	StdQ1Vals	MaxQ1Vals	MinQ1Vals	AverageQ2Vals	StdQ2Vals	MaxQ2Vals	MinQ2Vals	AverageLogPi	StdLogPi	MaxLogPi	MinLogPi	LossPi	LossQ	Time	AVG Time Per Epoch
1	-252.39554	78.267235	-128.16551	-338.9961	-75.28003	8.277948	-64.13508	-87.25394	1000.0	1000.0	4999	5.4162235	4.024884	28.361555	-3.4895053	5.4166493	4.0247326	27.876724	-3.5790398	-2.8869944	1.7908393	15.938782	-13.044178	-6.345076	0.84268373	29.361952543258667	29.361955165863037
2	-277.2545	64.027016	-194.32068	-383.8449	-261.87656	157.13336	-22.248951	-488.87354	1000.0	1000.0	9999	23.103716	10.890615	66.599045	-0.06091328	23.103848	10.889125	65.71094	0.3591835	-0.82467395	3.2541463	21.422274	-15.277993	-24.525478	2.920906	64.84998559951782	32.424994111061096
3	243.7114	453.24237	779.6876	-359.0118	1019.65155	595.44275	1518.0438	17.041603	1000.0	1000.0	14999	39.220104	13.595938	80.052986	12.767927	39.21991	13.595117	80.07958	13.263427	-1.9220574	2.4461415	22.063997	-17.353447	-39.9986	4.182368	101.54071807861328	33.846906900405884
4	1254.7048	341.76785	1708.3804	767.73096	2438.1787	110.28215	2553.2144	2145.5024	1000.0	1000.0	19999	47.691612	17.68047	104.515724	16.70028	47.691357	17.679735	108.99057	16.368319	-1.8915781	2.3928027	17.455109	-13.373321	-48.312088	4.352997	138.60481667518616	34.65120488405228
5	2369.7583	101.74082	2519.557	2206.0254	2697.014	64.01228	2819.5754	2622.8083	1000.0	1000.0	24999	65.264275	26.657362	140.58142	18.785196	65.263985	26.656923	139.09349	19.428194	-0.78642595	2.9763596	24.977419	-14.699857	-65.93652	6.864018	175.35106992721558	35.070214462280276
6	2055.9368	1027.7065	3128.9045	658.75256	3720.9922	63.888287	3855.9458	3615.5972	1000.0	1000.0	29999	86.459915	35.695835	178.43391	21.787575	86.45924	35.696	179.25095	21.123669	-0.0110848835	3.2830105	33.87023	-14.898266	-87.111984	9.376927	211.96171307563782	35.326952497164406
7	3251.8784	75.877785	3310.2595	3103.0298	3869.8208	128.80173	4090.6519	3706.968	1000.0	1000.0	34999	108.58454	44.779694	205.9835	22.816858	108.584045	44.77943	206.32674	22.788467	0.52675635	3.528413	33.4049	-13.993837	-109.17787	12.54034	248.65217900276184	35.52174013001578
8	3565.989	131.51897	3815.0215	3463.0496	4255.82	114.69054	4432.8213	4064.9214	1000.0	1000.0	39999	133.09709	52.17566	230.14417	22.702646	133.0963	52.174763	231.99301	23.077057	0.9009234	3.5773714	27.149708	-12.731853	-133.60426	14.421444	285.3550868034363	35.66938605904579
9	3347.8345	988.22943	4241.1772	1980.9459	2637.882	1383.1055	4191.2563	674.15137	1000.0	1000.0	44999	155.78123	59.590237	270.08505	13.718485	155.78114	59.58967	267.967	15.641506	1.2579291	3.7257953	35.540344	-14.829187	-156.24876	15.911211	321.9305865764618	35.77006538709005
10	4093.5378	225.50201	4386.687	3785.1167	4801.5635	61.511898	4887.79	4683.485	1000.0	1000.0	49999	177.76286	66.99252	294.40546	4.928344	177.76239	66.99178	292.1254	11.134394	1.5604342	3.8066912	31.684576	-15.464565	-178.19572	20.295582	358.40896821022034	35.840897059440614
11	4307.268	125.41253	4507.282	4118.2173	5182.8403	85.57618	5308.7695	5038.5317	1000.0	1000.0	54999	200.40651	72.405785	315.73822	11.724106	200.40657	72.40591	316.86606	8.957972	1.9487854	3.938452	30.092781	-14.25449	-200.81763	24.591948	395.2055094242096	35.9277737790888
12	4686.7695	186.49562	4920.327	4462.054	3377.2974	1868.2	5380.271	980.5958	1000.0	1000.0	59999	222.60631	76.721375	334.8872	6.9931555	222.60605	76.72241	338.5072	12.081679	2.251711	4.022123	32.697098	-14.003524	-223.02776	24.77403	431.9859311580658	35.9988277554512
13	3942.6184	1921.1603	5080.801	116.02003	5448.6084	107.545006	5646.2764	5308.556	1000.0	1000.0	64999	244.2283	81.668884	354.46594	-39.39604	244.2283	81.66955	357.0876	-33.420048	2.4309726	4.017988	30.896727	-12.970929	-244.6152	25.344948	468.7861177921295	36.0604707461137
14	5287.718	177.08209	5513.1562	4971.359	5589.3823	201.80946	5945.4595	5168.35	1000.0	1000.0	69999	260.8357	89.393585	385.14526	-61.73094	260.83502	89.39404	389.42728	-51.61924	2.4930956	4.0461717	28.333302	-13.1276	-261.2066	26.327307	505.583242893219	36.11308891432626
15	5489.483	293.22293	5938.935	5176.898	5854.661	88.43356	5965.4326	5686.7397	1000.0	1000.0	74999	281.19427	94.12099	409.1127	-50.86238	281.19443	94.12104	409.12546	-45.466835	2.7598968	4.0958457	32.961502	-15.064641	-281.56265	28.120052	542.4010670185089	36.16007127761841
16	5023.036	965.2893	5739.7627	3118.3884	6570.253	118.591995	6835.0415	6434.526	1000.0	1000.0	79999	299.7977	99.12787	430.4827	-34.037148	299.79764	99.12792	431.0682	-42.68866	2.919828	4.1476045	48.254097	-14.35729	-300.15155	32.3662	579.0406792163849	36.19004260003567
17	5711.617	115.972305	5815.36	5492.8	6681.8115	180.52086	6849.9087	6326.687	1000.0	1000.0	84999	317.93347	102.90088	449.20142	-59.30597	317.93362	102.90104	448.43823	-55.925346	3.1230218	4.176733	45.464737	-14.500106	-318.25684	35.714832	615.7130010128021	36.21841195050408
18	6104.6978	160.07806	6264.2676	5800.8345	7063.4795	60.8723	7159.266	6943.0615	1000.0	1000.0	89999	335.79953	106.16551	472.03955	-45.383736	335.7997	106.16532	474.41342	-42.201252	3.3521202	4.205869	47.129784	-17.299038	-336.13864	36.212086	652.3989019393921	36.24438354704115
19	6414.712	88.83226	6550.687	6300.8926	7276.1475	172.6009	7704.7183	7026.617	1000.0	1000.0	94999	353.4312	109.54287	495.26367	-57.189934	353.4315	109.543205	496.0795	-56.19276	3.4653718	4.1965666	44.895966	-14.21801	-353.7412	35.11275	688.9661960601807	36.261378852944624
20	6591.2554	173.57823	6910.5205	6413.013	6471.415	66.22807	6589.5254	6335.2075	1000.0	1000.0	99999	370.3845	112.714584	520.53265	-63.34114	370.3843	112.71455	520.614	-58.774246	3.6312392	4.210444	43.988697	-14.846649	-370.6761	37.58667	725.7290146350861	36.286450839042665
21	6638.677	133.7314	6828.2095	6412.9565	7587.915	130.14148	7858.937	7379.154	1000.0	1000.0	104999	387.58224	115.77427	540.6155	-72.7192	387.5821	115.77422	542.5947	-63.159756	3.819167	4.2447963	41.58253	-14.248446	-387.88553	38.39493	762.5125076770782	36.31011951537359
22	6677.6846	212.97511	6967.4106	6407.8594	7502.5303	213.93692	7765.12	7121.72	1000.0	1000.0	109999	404.1027	118.38144	563.0538	-62.303795	404.10236	118.38037	563.2708	-69.12016	3.9329572	4.244133	40.51092	-12.547668	-404.3944	40.484867	798.9123148918152	36.31419622898102
23	6993.8164	246.7694	7301.1304	6764.9653	7960.654	97.930176	8056.4985	7782.492	1000.0	1000.0	114999	418.99246	120.51284	584.7934	-46.94421	418.99225	120.51345	585.2467	-47.742523	4.103957	4.273402	47.99326	-15.5286045	-419.27484	41.753304	835.5330736637115	36.3275250248287
24	7030.788	209.45212	7316.387	6756.966	8029.8022	601.99615	8483.384	6248.9673	1000.0	1000.0	119999	433.957	122.43915	603.29913	-42.206184	433.95718	122.43755	597.5549	-53.077377	4.2321434	4.293836	69.20637	-15.221018	-434.1928	42.171368	872.4722785949707	36.35301169753075
25	7362.883	129.89264	7610.0312	7224.3936	8119.5757	139.63968	8346.477	7850.812	1000.0	1000.0	124999	447.84628	124.258835	617.7928	-42.232944	447.84656	124.25847	614.1774	-56.162685	4.3579216	4.2894826	49.877304	-13.017559	-448.07376	45.18763	908.8925404548645	36.35570170402527
26	7501.9478	175.68124	7760.644	7331.723	7767.3955	127.719826	7986.3833	7538.5195	1000.0	1000.0	129999	461.50595	125.98112	634.21265	-40.732273	461.50552	125.980446	630.355	-35.19561	4.416016	4.2932463	48.425476	-13.67609	-461.71246	45.31483	945.6436722278595	36.37091054366185
27	7390.0806	239.66017	7708.2354	7036.9834	7802.0166	196.72981	8114.04	7575.464	1000.0	1000.0	134999	474.42587	128.60269	653.44794	-35.174313	474.42584	128.60202	650.20154	-34.83206	4.5414834	4.31748	49.385242	-13.371791	-474.6369	47.027687	982.3370668888092	36.38285441751833
28	7549.9595	164.58514	7806.0864	7309.091	7778.125	1083.6951	8317.753	4540.878	1000.0	1000.0	139999	486.92056	130.05344	665.9334	-40.216755	486.92035	130.05376	668.96277	-16.762238	4.6737833	4.365621	50.39262	-15.698722	-487.0831	51.619656	1019.1735656261444	36.39905598333904
29	7874.2773	214.73459	8082.6987	7466.315	8108.7397	92.921234	8283.06	7969.6636	1000.0	1000.0	144999	498.1472	131.94824	675.4814	-54.76486	498.14752	131.94684	676.90704	-38.089584	4.722295	4.310281	54.01249	-13.204781	-498.29636	52.34865	1055.7885723114014	36.40650255104591
30	6640.5757	2396.4114	7991.9087	1855.3185	8495.342	165.99373	8811.959	8262.901	1000.0	1000.0	149999	507.67502	134.8708	692.4484	-245.6132	507.6746	134.87242	686.7821	-221.46475	4.7899694	4.3390102	77.404594	-13.671133	-507.79565	55.19254	1092.356296300888	36.411876614888506
31	7814.2256	180.38518	8010.9204	7581.9946	8146.272	173.78969	8511.383	7900.1743	1000.0	1000.0	154999	516.01917	137.33502	692.765	-111.73399	516.01904	137.33505	695.8739	-126.11907	4.867574	4.3819056	69.16019	-14.476041	-516.1138	57.083332	1128.750156879425	36.411295452425556
32	7785.382	194.64546	8050.378	7513.267	8485.904	445.207	9021.873	7261.355	1000.0	1000.0	159999	525.14465	138.25749	700.0939	-204.45874	525.1442	138.25917	701.62213	-232.14034	4.922317	4.3678303	68.10306	-12.165294	-525.19183	58.729717	1165.3985133171082	36.418703608214855
33	8103.1484	194.29964	8413.893	7881.92	8537.831	198.50409	8855.117	8048.181	1000.0	1000.0	164999	534.01526	138.25375	710.0396	-122.63701	534.0155	138.25313	712.5482	-146.70375	4.977531	4.36443	70.16464	-13.244771	-534.034	56.6832	1202.2562317848206	36.43200708880569
34	8025.768	88.32037	8126.714	7866.8545	8790.455	172.51512	9171.793	8585.76	1000.0	1000.0	169999	542.0393	138.45802	714.5524	-88.07848	542.03827	138.45726	716.02905	-92.77286	5.0499325	4.3544602	64.03041	-13.175775	-542.0342	58.8643	1238.8270015716553	36.43608833060545
35	8393.871	115.79373	8616.049	8297.022	8674.248	152.34492	8858.953	8368.269	1000.0	1000.0	174999	550.50916	139.22925	723.03723	-72.95496	550.50903	139.22937	724.6039	-95.94547	5.107403	4.350424	84.829765	-12.431368	-550.4726	58.51885	1275.3949217796326	36.439854976109096
36	8329.177	134.69084	8497.268	8174.2026	9100.525	140.19313	9365.876	8926.833	1000.0	1000.0	179999	558.82764	139.71861	732.6397	-124.56223	558.82745	139.7172	732.8296	-173.75362	5.197867	4.33606	76.30214	-12.545851	-558.7651	61.1587	1311.9594585895538	36.44331835375892
37	8517.917	126.82172	8743.229	8389.496	8935.299	89.41185	9096.998	8778.286	1000.0	1000.0	184999	566.32117	140.32237	737.3932	-156.00359	566.32086	140.32124	737.63666	-149.5026	5.1666465	4.3550725	73.99508	-13.505947	-566.2526	60.12997	1349.0283315181732	36.46022523416055
38	8646.503	44.87578	8714.705	8581.982	8890.753	77.48772	9024.323	8758.629	1000.0	1000.0	189999	573.25946	141.08157	744.84436	-51.01685	573.25946	141.08049	746.63824	-68.35266	5.247221	4.386831	76.60773	-12.153322	-573.148	61.195114	1385.9099113941193	36.471313520481715
39	8846.361	122.353714	8973.134	8619.856	8956.825	97.25722	9164.07	8818.699	1000.0	1000.0	194999	580.931	140.9692	758.7709	-64.89598	580.9302	140.96907	755.82324	-69.7129	5.304813	4.3737063	73.85259	-11.677181	-580.8183	59.309925	1422.772564649582	36.48134786654742
40	8865.054	81.31942	9006.535	8765.636	8758.608	1032.3225	9390.52	5710.4814	1000.0	1000.0	199999	587.6728	142.35106	762.11554	-121.07448	587.67285	142.34984	764.28516	-139.03314	5.38296	4.386562	90.81734	-12.805227	-587.56	59.202595	1459.5197682380676	36.48799425363541
41	8757.189	81.20519	8892.364	8665.954	8867.643	109.20491	9123.796	8699.331	1000.0	1000.0	204999	595.63696	142.56583	780.9784	-97.73589	595.63654	142.564	779.6761	-83.786835	5.4077353	4.3559437	66.107796	-14.059208	-595.49756	61.195824	1496.2232341766357	36.493249666400075
42	8913.17	151.73062	9172.986	8772.128	9409.766	78.08196	9511.047	9234.23	1000.0	1000.0	209999	602.5492	143.54573	785.213	-51.264347	602.54944	143.54535	783.9857	-53.350174	5.4446244	4.3888392	61.005898	-13.0208645	-602.42285	62.4644	1532.8033571243286	36.49531807218279
43	9112.552	119.656845	9294.433	8986.973	9454.175	175.63773	9707.738	9185.482	1000.0	1000.0	214999	609.53894	144.52904	791.7299	-96.747955	609.5386	144.5286	793.73254	-122.67952	5.485786	4.3967466	74.05157	-12.865131	-609.4037	63.827637	1569.8389980793	36.50788372061973
44	7864.836	2134.605	9167.984	3605.9592	9665.326	199.13083	10016.112	9410.583	1000.0	1000.0	219999	616.7096	145.07262	797.12225	-70.29283	616.70917	145.0732	798.36334	-102.62677	5.6265316	4.3974423	62.38759	-13.43416	-616.5864	62.321426	1606.3353626728058	36.50762192769484
45	9271.343	83.897125	9394.708	9146.44	9162.875	59.499073	9254.036	9045.586	1000.0	1000.0	224999	622.686	148.32248	803.114	-174.40599	622.6854	148.32211	801.8556	-252.26265	5.57779	4.4071074	62.65106	-12.756802	-622.53217	68.354	1642.6057360172272	36.50234973695543
46	9130.396	134.70453	9344.949	8942.417	9553.514	126.167496	9770.603	9329.806	1000.0	1000.0	229999	629.8732	149.21118	813.552	-242.72342	629.87354	149.2097	815.63367	-271.2346	5.7114453	4.4214387	92.98312	-14.195257	-629.7323	70.058784	1679.1174998283386	36.50255438555842
47	9169.67	237.65218	9477.053	8782.861	9529.825	145.34552	9702.813	9256.501	1000.0	1000.0	234999	636.9687	149.5442	819.6432	-74.77398	636.9675	149.54266	819.79645	-87.48464	5.680781	4.4198	97.02615	-13.442553	-636.8025	67.836624	1715.7682440280914	36.50570736540125
48	9356.613	133.79417	9598.555	9234.43	9985.747	148.83229	10238.377	9722.931	1000.0	1000.0	239999	643.4079	149.98958	821.3185	-188.46458	643.4076	149.98978	825.18915	-163.72328	5.694027	4.3745613	88.24395	-13.24207	-643.21375	69.229935	1752.6664571762085	36.513884569207825
49	9387.88	33.878582	9442.597	9339.286	9525.719	97.68633	9684.054	9411.051	1000.0	1000.0	244999	649.1737	150.46489	827.01526	-159.95113	649.1739	150.46364	828.74097	-141.22632	5.7320933	4.3724546	86.84779	-11.578367	-648.97455	70.25465	1789.5090448856354	36.52059279169355
50	9526.008	208.63844	9761.03	9171.31	9469.966	185.26398	9679.58	9000.935	1000.0	1000.0	249999	655.4153	150.47162	832.6669	-78.304184	655.4151	150.47244	835.7052	-122.49814	5.762097	4.3836074	83.77316	-13.426666	-655.198	70.55649	1826.2511999607086	36.52502403736114
51	9455.979	264.9262	9860.672	9125.482	9175.126	1669.7065	10004.57	4211.2437	1000.0	1000.0	254999	660.71765	151.5021	844.0626	-75.704636	660.7171	151.50099	840.0865	-102.43412	5.8214664	4.371989	60.486206	-14.743981	-660.477	68.5381	1862.7132637500763	36.52378951801973
52	9408.6045	184.37206	9660.26	9148.894	10099.932	156.44173	10294.749	9834.813	1000.0	1000.0	259999	666.4304	151.89328	845.0124	-101.13848	666.4303	151.89207	848.55774	-100.32768	5.8920803	4.365875	63.41494	-17.41117	-666.19086	70.59677	1899.172355890274	36.52254534684695
53	9635.2	135.03854	9811.899	9450.12	10039.738	176.34006	10431.375	9747.317	1000.0	1000.0	264999	672.30115	151.86311	852.43066	-204.71785	672.30115	151.85944	850.7182	-216.42287	5.9288883	4.340936	64.273865	-15.518364	-672.0651	70.3068	1935.9445323944092	36.52725536418411
54	9677.977	142.66365	9807.712	9413.438	9986.23	112.839516	10200.612	9840.131	1000.0	1000.0	269999	677.1789	152.9775	852.71643	-247.54732	677.1784	152.97821	853.3604	-219.08041	5.9851093	4.4113793	74.30652	-11.725264	-676.9081	73.44765	1972.453779220581	36.5269218771546
55	9735.455	211.11688	10063.075	9521.377	9903.71	105.392876	10130.12	9677.431	1000.0	1000.0	274999	682.65344	153.8117	860.77405	-171.99019	682.65314	153.80927	860.67145	-147.10805	5.9765944	4.3484645	75.641815	-11.302341	-682.3834	70.96033	2009.0227420330048	36.52768625346097
56	9669.708	192.73088	9899.842	9416.705	9573.476	1062.1082	10108.612	6408.2065	1000.0	1000.0	279999	687.17804	154.12457	863.2663	-73.71537	687.17834	154.1229	865.2823	-66.39256	5.97903	4.348569	70.484276	-12.361644	-686.8835	72.37854	2045.7035405635834	36.53042040552412
57	9695.127	155.66608	9867.45	9437.279	10357.463	190.9298	10539.368	9834.013	1000.0	1000.0	284999	692.1484	154.80418	868.63947	-138.36555	692.148	154.80177	869.5556	-91.97871	6.057762	4.3815484	63.651604	-12.76043	-691.8871	71.02734	2082.401371717453	36.533357436196845
58	9773.963	169.07797	9941.238	9455.27	10093.725	204.18858	10345.226	9605.041	1000.0	1000.0	289999	698.00934	153.79375	875.1201	-214.38939	698.0096	153.79146	873.5437	-184.56805	6.0400033	4.3332815	62.716854	-12.57796	-697.6843	72.03718	2119.293247938156	36.5395387945504
59	9862.509	177.77548	10022.661	9518.608	10000.213	118.25772	10217.312	9840.721	1000.0	1000.0	294999	702.86896	154.21219	881.9186	-80.71711	702.869	154.20946	874.72815	-104.540184	6.0763497	4.3335705	70.917015	-13.700168	-702.5645	71.15619	2155.9997527599335	36.54236872721527
60	9754.115	53.168316	9796.237	9651.822	9975.906	1151.6205	10523.466	6533.718	1000.0	1000.0	299999	707.3378	154.68277	882.11584	-140.6082	707.33777	154.68062	884.17255	-208.1526	6.146045	4.369537	71.93759	-13.264153	-707.0346	73.15909	2192.758519411087	36.5459753592809
61	9731.116	188.91917	9966.628	9460.798	10048.884	133.18297	10230.385	9790.052	1000.0	1000.0	304999	711.7948	154.55923	885.57764	-154.95642	711.79443	154.55757	883.6841	-161.07072	6.153372	4.3753815	68.78702	-14.83666	-711.4372	73.083916	2229.446013212204	36.54829533373723
62	9820.376	78.63247	9956.722	9723.252	10253.63	88.12308	10361.369	10132.43	1000.0	1000.0	309999	715.32513	154.60649	890.125	-243.57729	715.3255	154.60576	888.5311	-247.83685	6.1191654	4.3952184	94.274734	-12.860952	-714.946	71.22601	2266.2518434524536	36.55244912255195
63	9969.061	102.70755	10139.014	9818.979	10579.856	98.932335	10775.869	10448.279	1000.0	1000.0	314999	718.8918	154.88135	892.25366	-260.22458	718.8921	154.87877	890.41113	-233.7521	6.213406	4.3979053	61.928215	-13.131565	-718.5192	72.87105	2302.726623058319	36.55121627308073
64	8893.302	1830.0592	9918.557	5243.0884	10339.061	240.66092	10664.544	9847.657	1000.0	1000.0	319999	721.375	157.61827	895.8423	-237.22964	721.37463	157.61559	895.69775	-219.9368	6.1775417	4.410979	112.71961	-11.538986	-721.0042	73.79421	2339.43443107605	36.55366301909089
65	10024.727	130.1951	10143.962	9782.905	10256.268	89.14832	10453.344	10135.298	1000.0	1000.0	324999	725.41644	156.71713	902.8643	-242.11926	725.4163	156.71373	906.3492	-234.6017	6.2524776	4.4294124	67.052704	-15.1169615	-725.0204	78.83665	2375.9075400829315	36.552423726595364
66	9878.841	208.19946	10149.853	9563.057	10020.867	130.12856	10178.005	9800.154	1000.0	1000.0	329999	729.40814	156.75212	907.62024	-223.09737	729.4088	156.75064	906.3613	-214.89465	6.2123284	4.3819838	82.264404	-11.066876	-728.9982	77.12079	2412.616958141327	36.55480242497993
67	9932.225	106.60483	10107.691	9800.185	10457.156	152.81259	10706.927	10159.121	1000.0	1000.0	334999	732.9718	156.36777	909.0395	-71.688995	732.97144	156.36499	908.2271	-106.73111	6.248251	4.3742924	81.00321	-11.024057	-732.5531	74.4323	2449.3113129138947	36.55688529939794
68	9358.073	1142.7463	10150.917	7104.401	10465.471	229.1021	10928.154	10120.995	1000.0	1000.0	339999	735.07263	157.97345	907.816	-186.81133	735.0728	157.97044	907.82587	-200.34363	6.202736	4.3883686	67.288445	-12.345692	-734.6442	75.65059	2486.0194776058197	36.55910999985302
69	10121.424	147.57556	10285.94	9843.101	10149.173	200.19106	10500.221	9732.554	1000.0	1000.0	344999	738.2646	158.77834	914.1356	-291.317	738.26544	158.77422	913.9822	-263.98166	6.2796946	4.422951	75.82941	-10.687111	-737.82623	81.610344	2522.871714115143	36.5633582101352
70	9991.392	179.16283	10173.8125	9652.625	10186.673	134.43921	10504.882	9972.705	1000.0	1000.0	349999	741.7886	158.45193	913.97003	-287.50464	741.7884	158.45155	914.37024	-281.48096	6.2570033	4.3579555	70.983795	-10.7714615	-741.3364	81.31501	2559.8491020202637	36.56927292006356
71	10135.865	182.44887	10344.695	9918.15	10707.178	127.360634	10834.925	10451.097	1000.0	1000.0	354999	744.4666	158.85681	916.828	-246.53859	744.46716	158.85359	918.0088	-227.30554	6.2033916	4.3337536	71.24765	-13.728127	-743.9866	78.6549	2596.377158164978	36.56869239874289
72	9834.623	848.8598	10305.631	8138.219	10553.874	121.22724	10745.946	10396.0625	1000.0	1000.0	359999	747.67633	158.01752	918.1409	-312.443	747.67694	158.01305	915.99243	-248.92043	6.2436156	4.352505	63.73268	-13.572281	-747.1688	77.3354	2632.8582015037537	36.56747504737642
73	10053.875	53.938534	10119.664	9990.87	10472.565	117.52197	10651.531	10229.976	1000.0	1000.0	364999	750.07477	158.63976	925.18744	-356.9358	750.0753	158.63612	931.0289	-347.16714	6.291561	4.3409395	84.58559	-12.86938	-749.559	80.99853	2669.5173783302307	36.56873123939723
74	8604.815	2940.7695	10244.015	2734.5283	10274.648	409.54266	10738.695	9173.764	1000.0	1000.0	369999	751.18945	162.0392	927.95557	-320.1604	751.18896	162.03502	929.5224	-328.75885	6.3813076	4.423292	103.46593	-14.377016	-750.6429	88.5712	2706.1958248615265	36.57021387525507
75	10227.518	227.48741	10493.662	9859.9375	10083.554	106.23015	10269.935	9881.726	1000.0	1000.0	374999	753.5936	163.69666	928.57635	-287.48798	753.59344	163.69234	929.7063	-326.56784	6.32216	4.4178624	82.39288	-16.366936	-753.0712	87.40875	2742.583388566971	36.56777854601542
76	10181.619	179.98499	10348.927	9904.433	9634.686	2102.3035	11031.235	5303.8013	1000.0	1000.0	379999	756.12695	164.01065	930.9648	-363.21555	756.1273	164.01141	929.9977	-415.05792	6.381905	4.3371034	81.209724	-12.711425	-755.5494	85.84636	2779.183870077133	36.568208845038164
77	10153.266	220.94762	10541.05	9886.828	10616.446	118.40629	10789.093	10443.415	1000.0	1000.0	384999	758.63513	164.67032	937.0476	-338.8223	758.6351	164.66658	936.68304	-326.3996	6.4155693	4.34837	75.0367	-13.55608	-758.0708	88.66591	2815.8374876976013	36.56931804681753
78	10272.036	137.1226	10404.562	10012.59	10969.212	117.66183	11191.198	10751.604	1000.0	1000.0	389999	761.50555	164.54153	940.7975	-385.30707	761.50574	164.5376	939.19006	-413.04443	6.4347215	4.35523	62.980843	-12.53904	-760.9668	85.76541	2852.655489206314	36.57250629938566
79	10280.468	73.62181	10398.174	10195.326	10728.471	127.587685	10917.191	10521.829	1000.0	1000.0	394999	765.0725	163.67105	942.5633	-300.5125	765.073	163.66644	940.961	-306.9798	6.486756	4.3966527	69.762405	-12.211635	-764.51935	87.77	2889.4668405056	36.57552965079682
80	10215.147	306.1304	10617.82	9758.635	10626.086	189.56519	10979.887	10307.258	1000.0	1000.0	399999	767.66174	162.59698	936.16046	-323.89517	767.662	162.59517	942.98816	-304.88693	6.513871	4.4105735	81.586525	-13.736559	-767.0481	86.217	2926.2040107250214	36.577550154924396
81	10371.059	85.140175	10501.763	10232.873	10914.708	147.35034	11213.707	10651.284	1000.0	1000.0	404999	770.0788	162.05482	942.0935	-196.55225	770.0781	162.05646	940.48145	-184.39073	6.462778	4.4047565	63.42518	-13.520273	-769.4838	84.51765	2962.801386833191	36.57779492566615
82	10420.177	160.62868	10682.293	10201.336	11033.741	199.66464	11288.822	10482.611	1000.0	1000.0	409999	772.539	162.72293	948.9656	-167.85413	772.5394	162.7191	948.2256	-182.12569	6.5543923	4.401766	78.326546	-11.798876	-771.96655	81.299126	2999.5813257694244	36.58026009071164
83	10457.914	92.712204	10626.699	10344.633	10904.201	122.197014	11143.905	10715.482	1000.0	1000.0	414999	775.1849	162.72453	950.95636	-188.88797	775.185	162.72287	948.0974	-193.43619	6.4904947	4.3746862	73.49191	-23.663996	-774.6185	83.7389	3036.189169406891	36.58059242834528
84	10366.486	170.55737	10673.3125	10180.942	11013.148	124.83382	11173.371	10699.949	1000.0	1000.0	419999	778.7862	163.49942	950.44836	-181.01237	778.7862	163.49736	950.21246	-176.68459	6.5116706	4.411803	77.014984	-13.092734	-778.2121	83.71754	3072.7980828285217	36.58092958586557
85	10506.476	201.27707	10783.607	10206.186	10603.834	146.87656	10803.125	10296.845	1000.0	1000.0	424999	781.7118	162.98743	955.13214	-247.8641	781.7125	162.98418	952.09186	-241.13087	6.5920944	4.4620605	78.93954	-14.365641	-781.0956	86.29122	3109.5021340847015	36.58237807329963
86	10501.912	174.83751	10620.12	10157.384	11007.152	58.61401	11097.763	10906.399	1000.0	1000.0	429999	784.4853	163.2516	956.7168	-269.90356	784.485	163.24957	957.06793	-286.4505	6.616915	4.441497	80.233315	-11.203511	-783.8956	86.33817	3146.332201242447	36.58525817893272
87	10528.175	171.28685	10775.718	10338.902	10765.76	160.61887	10978.688	10453.78	1000.0	1000.0	434999	787.2928	162.77556	960.9247	-174.23834	787.2919	162.77594	960.7707	-177.08832	6.5832524	4.3856196	96.318306	-11.470167	-786.6786	82.99295	3183.070500612259	36.58701727308076
88	10550.424	159.77022	10757.496	10298.695	11120.285	197.35266	11336.86	10750.964	1000.0	1000.0	439999	789.2732	162.36598	961.3557	-227.61334	789.27374	162.36359	964.6927	-215.52449	6.553075	4.3331904	89.33337	-12.460337	-788.6501	82.11834	3219.703503847122	36.587539838118985
89	10557.231	96.74252	10742.649	10466.803	10721.135	88.49597	10853.492	10562.534	1000.0	1000.0	444999	792.43494	161.34871	963.28546	-231.71835	792.4351	161.3483	968.27826	-205.04749	6.6202116	4.3356614	87.413795	-16.475637	-791.8218	82.01175	3256.1324882507324	36.585758319061796
90	10521.87	142.1556	10713.911	10333.507	11022.521	170.38025	11242.6875	10684.005	1000.0	1000.0	449999	794.17865	162.88115	963.4221	-180.08585	794.1787	162.87862	964.04047	-185.52713	6.6913447	4.4012237	80.587524	-13.971284	-793.5831	80.0827	3292.7360620498657	36.58595626884036
91	10693.677	310.12415	11082.844	10239.169	11100.44	91.31324	11240.53	10955.719	1000.0	1000.0	454999	797.4321	161.68083	972.21594	-161.4317	797.4324	161.68016	967.7028	-170.75206	6.62808	4.3654823	87.01747	-13.337386	-796.8163	81.43873	3329.3864529132843	36.58666433868827
92	10734.49	195.00671	11065.559	10527.802	10019.682	105.846695	10185.531	9822.708	1000.0	1000.0	459999	800.18085	162.08261	966.0663	-166.56635	800.18066	162.07928	967.3903	-166.81567	6.6881475	4.3629394	96.51375	-13.692761	-799.5594	79.7459	3366.1540689468384	36.58863120752832
93	10525.272	162.95006	10738.725	10370.443	10825.635	115.21674	11060.194	10662.769	1000.0	1000.0	464999	802.54987	161.94432	969.6498	-170.05835	802.55054	161.9413	971.86444	-173.6499	6.668592	4.3862433	94.89454	-19.359634	-801.8978	80.384796	3403.0661449432373	36.59210910592028
94	10608.572	142.64949	10774.183	10412.386	10953.879	112.03959	11187.8955	10737.153	1000.0	1000.0	469999	804.6153	161.898	971.22107	-174.17581	804.61566	161.89601	974.3424	-178.60774	6.6260033	4.400401	83.48039	-16.780739	-803.9242	80.067085	3439.8991804122925	36.594672154872974
95	10740.404	173.4509	10896.656	10490.837	11139.3	152.8521	11386.212	10868.502	1000.0	1000.0	474999	807.0443	162.03246	975.577	-185.69386	807.0446	162.0307	975.19354	-191.62761	6.597237	4.3810325	84.71122	-14.071418	-806.4076	78.89758	3476.6414651870728	36.59622596941496
96	10610.5	236.21432	10968.695	10227.586	11171.779	148.52448	11406.815	10909.474	1000.0	1000.0	479999	809.59924	161.74518	976.76855	-206.26479	809.5994	161.74252	975.5037	-179.01924	6.6078916	4.357822	75.35684	-13.196239	-808.95386	79.47728	3513.514528989792	36.59910969932874
97	10590.533	312.0002	10944.595	10037.52	11263.735	134.11763	11494.84	11064.833	1000.0	1000.0	484999	811.3125	162.1169	988.30035	-188.88243	811.31226	162.1171	989.5808	-218.99973	6.6206846	4.3733907	90.04824	-12.361153	-810.6326	82.16416	3550.1486411094666	36.59947054902303
98	10884.291	111.768585	11047.248	10748.13	10974.482	160.30725	11251.139	10716.486	1000.0	1000.0	489999	813.86127	162.29825	990.6687	-184.04681	813.86115	162.2969	992.8409	-179.16907	6.667785	4.4103813	73.77978	-12.82122	-813.1939	83.55267	3587.0324029922485	36.60237148100016
99	10759.961	267.77048	10970.397	10234.014	11351.504	138.27823	11600.911	11113.912	1000.0	1000.0	494999	816.00146	162.11386	993.3875	-186.91243	816.00183	162.11131	994.84924	-225.7859	6.800578	4.4708667	98.98469	-13.453114	-815.32745	83.5807	3623.835536956787	36.604399384874284
100	10727.479	91.64743	10816.438	10568.849	11153.575	137.69484	11360.261	10909.301	1000.0	1000.0	499999	817.77423	161.52003	993.5928	-210.11421	817.77484	161.51784	994.0332	-208.33977	6.6617274	4.379369	73.97741	-11.486695	-817.0804	84.59116	3660.4374375343323	36.60437439680099
101	10801.684	39.90075	10844.954	10749.655	11191.318	159.61076	11419.575	10997.0625	1000.0	1000.0	504999	819.9112	160.82913	995.04047	-251.11574	819.91095	160.82643	995.02045	-291.39713	6.708874	4.3917365	88.22661	-12.617837	-819.2087	85.05474	3697.0842599868774	36.60479467222006
102	10758.631	188.70041	10979.004	10424.157	11188.321	115.67258	11391.933	11013.974	1000.0	1000.0	509999	821.82837	161.26726	999.93414	-156.04193	821.8278	161.26703	996.7131	-167.34953	6.680022	4.3993506	90.123985	-11.370335	-821.105	83.0839	3733.82266163826	36.60610454690222
103	11045.544	155.09914	11217.797	10779.241	10546.806	2477.5945	11623.881	3131.393	1000.0	1000.0	514999	823.82587	161.43352	997.5202	-148.41995	823.82605	161.43277	999.2627	-161.53888	6.679842	4.392126	87.62441	-11.562095	-823.1088	84.97048	3770.5581567287445	36.607360763457216
104	10829.019	178.02765	11073.473	10559.198	11221.147	151.44098	11471.171	11012.271	1000.0	1000.0	519999	826.3121	161.01768	1000.4049	-263.18954	826.312	161.01518	1004.0359	-256.21695	6.7605257	4.382243	82.26766	-11.101348	-825.6316	83.312485	3807.053773880005	36.60628630794012
105	10802.353	86.34285	10892.136	10641.754	11052.998	103.79358	11177.498	10829.668	1000.0	1000.0	524999	828.43445	159.98604	998.9042	-286.17715	828.4344	159.98514	1001.63104	-303.43576	6.755357	4.384784	72.64325	-12.153676	-827.7217	85.06635	3843.458438873291	36.60436610494341
106	10879.959	267.99057	11083.051	10354.504	11491.899	122.053055	11748.375	11318.443	1000.0	1000.0	529999	830.7166	160.4294	1001.38434	-180.14276	830.71674	160.42978	999.80884	-195.37576	6.78047	4.401898	90.58825	-14.136967	-829.99994	81.75294	3880.1629078388214	36.60531046930349
107	10810.592	226.83229	11233.099	10587.011	11215.913	138.00615	11413.652	11020.958	1000.0	1000.0	534999	832.57916	160.56448	1005.0261	-292.36264	832.5791	160.56238	1003.15497	-315.13742	6.7417936	4.378886	81.909325	-14.99803	-831.84564	82.62999	3916.875363111496	36.606311824834236
108	10927.366	107.3872	11072.402	10803.457	10997.3125	93.3892	11127.904	10807.171	1000.0	1000.0	539999	834.36633	160.9333	1007.1302	-239.35028	834.3663	160.93178	1005.43713	-270.9158	6.762007	4.4062166	89.37703	-11.41979	-833.63	84.95136	3953.3623304367065	36.605206783171056
109	10774.307	97.707245	10894.033	10610.836	9611.356	106.47087	9754.389	9448.814	1000.0	1000.0	544999	836.4523	160.93759	1008.3216	-218.58485	836.4525	160.93423	1009.7753	-188.26253	6.7710605	4.410195	76.748955	-13.2246895	-835.7004	84.52916	3989.830594778061	36.603950426119184
110	10977.92	100.447586	11140.545	10829.498	11131.351	186.32556	11364.195	10665.455	1000.0	1000.0	549999	838.0874	160.7353	1009.53156	-139.19756	838.0874	160.73436	1009.0272	-133.0852	6.7647767	4.3628626	72.85861	-12.195528	-837.3574	81.39721	4026.784405708313	36.6071309783242
111	11003.428	238.26518	11270.858	10638.256	10887.955	1794.3593	11618.488	5510.268	1000.0	1000.0	554999	840.4513	159.36835	1008.05334	-150.6834	840.45184	159.36775	1011.13306	-149.46394	6.791066	4.3906016	74.36549	-11.024686	-839.7238	79.561386	4063.5842475891113	36.60886711472863
112	10979.6045	138.47356	11128.748	10733.583	10944.857	104.49151	11097.932	10722.497	1000.0	1000.0	559999	842.1533	159.93199	1012.1816	-212.28003	842.1536	159.92812	1011.5991	-234.89471	6.7419844	4.4270406	77.97715	-14.192772	-841.3878	83.04838	4099.985922336578	36.60701718287809
113	10897.874	181.95116	11114.51	10626.955	10819.693	178.43114	11137.342	10445.775	1000.0	1000.0	564999	843.263	159.60507	1013.4464	-199.60121	843.2625	159.6083	1014.5692	-187.03883	6.8090463	4.4160595	93.63463	-12.208466	-842.5046	81.607925	4136.607785224915	36.60714856080249
114	10975.311	125.17076	11181.042	10792.352	11469.032	157.2214	11690.686	11066.457	1000.0	1000.0	569999	844.73773	159.89291	1011.8765	-180.29198	844.7382	159.88916	1013.531	-154.4749	6.7488	4.392128	77.292465	-12.419152	-843.947	83.95753	4173.0785319805145	36.605952055830706
115	10863.959	138.17017	11029.763	10661.521	11271.3125	99.23401	11395.856	11049.257	1000.0	1000.0	574999	846.2824	159.48988	1018.3068	-191.63792	846.28204	159.4884	1015.25464	-202.00075	6.7704997	4.433082	72.549774	-12.276699	-845.5212	84.9779	4209.65651679039	36.605708856168
116	11025.83	276.2743	11381.052	10588.76	11285.783	236.0252	11557.494	10944.775	1000.0	1000.0	579999	848.5254	159.74315	1015.0125	-179.02629	848.52545	159.74367	1015.59216	-242.23712	6.7662296	4.392008	81.32245	-12.992687	-847.7651	82.31604	4246.43191242218	36.607171675254556
117	11119.463	86.52341	11263.9375	11047.13	10099.44	126.76672	10308.282	9899.318	1000.0	1000.0	584999	850.68994	159.46696	1015.64996	-183.87497	850.6895	159.46642	1018.5603	-191.53847	6.838965	4.416267	84.127686	-13.350117	-849.9385	84.24784	4283.150745630264	36.60812604936779
118	11012.6455	59.247204	11092.81	10917.962	11597.32	123.7708	11811.851	11374.238	1000.0	1000.0	589999	852.5184	158.6345	1017.84064	-160.08871	852.5186	158.63458	1018.2347	-154.92885	6.792483	4.3986883	92.07963	-10.8298855	-851.7374	84.00914	4319.782555103302	36.60832675432755
119	11030.935	132.0341	11231.282	10922.942	11295.43	188.43346	11610.395	11029.228	1000.0	1000.0	594999	854.426	157.95212	1020.29443	-137.6856	854.42633	157.94681	1021.18317	-138.32808	6.8191476	4.412456	87.53538	-12.935025	-853.6542	82.17389	4356.332834005356	36.60783895724962
120	10990.831	271.0797	11417.531	10681.61	11551.783	279.80475	12035.861	11102.241	1000.0	1000.0	599999	855.4524	158.73123	1018.9821	-162.86832	855.4524	158.73172	1020.1148	-208.474	6.8713655	4.4401	74.6012	-11.010402	-854.6578	79.721085	4392.669921159744	36.605582692225774
121	10999.713	242.32117	11311.693	10653.066	11586.753	115.39491	11740.468	11374.811	1000.0	1000.0	604999	856.5208	158.90517	1023.0107	-149.87021	856.52075	158.90439	1021.7079	-144.5558	6.8225865	4.388971	85.68029	-11.93458	-855.735	80.71612	4429.061639070511	36.60381521469306
122	11004.413	91.1048	11108.214	10856.238	11640.201	125.7056	11867.133	11480.521	1000.0	1000.0	609999	858.6488	158.87154	1022.7257	-166.53883	858.6483	158.86891	1025.1351	-176.6375	6.808011	4.3955793	81.31837	-13.7027645	-857.8474	83.76181	4465.828130722046	36.60514862810979
123	11103.15	136.44505	11274.739	10933.538	11441.815	102.11669	11623.593	11322.788	1000.0	1000.0	614999	860.2897	158.46536	1024.2355	-148.90196	860.2901	158.46338	1024.4325	-148.21355	6.7960057	4.376671	82.43698	-12.611597	-859.4912	81.82599	4502.4807324409485	36.60553442753427
124	11164.671	90.95432	11297.982	11024.918	11568.17	223.33398	11875.622	11237.178	1000.0	1000.0	619999	861.6156	159.08823	1022.2879	-167.391	861.6148	159.08696	1027.1953	-162.798	6.8576837	4.4281015	67.2395	-13.4719095	-860.8088	81.510956	4539.270077705383	36.60701677299315
125	11169.64	165.31198	11375.573	10889.276	11522.03	141.57782	11830.942	11304.704	1000.0	1000.0	624999	862.8843	158.49026	1029.4945	-210.71759	862.8849	158.48793	1030.662	-224.02597	6.903924	4.4407473	96.62089	-11.666672	-862.0662	85.84416	4576.103934764862	36.60883149528503
126	11044.239	157.0491	11345.334	10884.687	11611.924	128.52042	11848.888	11419.663	1000.0	1000.0	629999	864.1223	158.2003	1031.7844	-146.95645	864.1213	158.20068	1028.9043	-160.86879	6.86681	4.424752	94.16173	-14.051736	-863.3231	84.09764	4612.991364002228	36.61104258658394
127	11072.802	139.07172	11181.623	10823.973	11616.092	108.57392	11807.415	11454.578	1000.0	1000.0	634999	866.395	156.50288	1029.3622	-155.14255	866.39496	156.50224	1030.3883	-166.38162	6.878993	4.396311	113.16325	-12.712579	-865.5834	81.11765	4649.833719491959	36.61286394802604
128	11079.185	189.84673	11347.59	10809.127	10711.179	1297.471	11347.593	6832.027	1000.0	1000.0	639999	866.9812	157.88121	1032.474	-153.38492	866.9813	157.8815	1032.5502	-171.95404	6.892086	4.405189	86.66908	-13.5725	-866.1586	80.88549	4686.537388086319	36.61357336118817
129	11328.67	200.56079	11564.543	11009.08	11141.608	1524.534	11782.225	6580.4395	1000.0	1000.0	644999	868.2208	157.63882	1030.713	-153.083	868.22095	157.63654	1030.464	-150.72977	6.896668	4.4295197	85.115456	-11.748831	-867.3893	81.226265	4723.265419483185	36.61446063093437
130	11141.693	187.06734	11397.712	10946.045	11312.557	125.83977	11504.385	11066.663	1000.0	1000.0	649999	869.6374	157.55325	1028.7577	-140.78293	869.6374	157.55338	1036.746	-145.22624	6.8113585	4.430796	67.574165	-11.811404	-868.7874	78.459435	4759.475571155548	36.61135056202228
131	11182.357	140.56865	11373.839	11043.064	11958.402	126.68339	12106.287	11671.33	1000.0	1000.0	654999	870.89685	158.05135	1032.2777	-151.19455	870.8968	158.04825	1030.7424	-166.32137	6.854465	4.3862543	70.48849	-14.40937	-870.0338	85.369995	4796.092477083206	36.61139296757356
132	11040.267	239.54814	11400.844	10753.689	11680.26	96.07908	11872.353	11547.953	1000.0	1000.0	659999	872.03406	157.34247	1036.001	-172.99844	872.03467	157.34035	1034.6101	-174.61671	6.889584	4.3918514	75.60155	-13.151378	-871.1728	82.585434	4832.585274219513	36.61049451791879
133	11119.239	206.49094	11418.588	10814.758	11487.842	681.2607	11919.055	9492.655	1000.0	1000.0	664999	872.56396	157.51945	1035.7006	-181.32933	872.5638	157.51868	1036.616	-181.27283	6.903942	4.374494	83.61753	-14.019739	-871.7117	82.82052	4869.389188289642	36.611948796681
134	11182.242	149.75705	11410.0205	10967.073	11444.124	252.87384	11800.29	11003.21	1000.0	1000.0	669999	874.29425	157.09042	1031.9056	-166.13396	874.29364	157.0904	1035.4874	-174.97089	6.8325324	4.3615484	67.41419	-13.089917	-873.4629	82.505226	4905.830511569977	36.61067547371138
135	11143.633	231.70358	11389.818	10740.914	11347.244	173.25201	11637.365	11099.929	1000.0	1000.0	674999	875.3416	156.43362	1037.7076	-152.60799	875.34143	156.43445	1036.7366	-150.58873	6.838869	4.374556	71.25264	-12.590701	-874.4609	81.25896	4942.3573782444	36.61005466779073
136	11271.677	71.110756	11379.664	11167.503	11575.861	82.76523	11724.209	11471.891	1000.0	1000.0	679999	877.0334	156.15906	1041.7571	-125.296745	877.0333	156.15811	1041.4017	-127.07093	6.9272656	4.382805	120.527885	-13.706303	-876.1902	80.19804	4979.21201133728	36.611853042069605
137	11294.18	178.55397	11545.956	10998.55	11718.342	117.33506	11955.701	11540.044	1000.0	1000.0	684999	878.4412	155.84433	1038.0626	-117.3628	878.4407	155.84366	1037.8427	-121.84854	6.8776135	4.371178	78.80274	-11.167059	-877.5735	81.69813	5016.1817672252655	36.61446546986155
138	11279.799	140.98055	11466.328	11048.182	10288.139	2379.0842	11597.935	4347.98	1000.0	1000.0	689999	879.94525	155.58185	1041.7865	-120.181595	879.94586	155.58044	1042.9069	-124.114655	6.9357805	4.403656	74.017975	-14.144556	-879.0664	83.58101	5052.701929092407	36.61378211042155
139	11209.12	195.39365	11532.693	10931.178	11194.721	1990.2506	12072.762	5240.216	1000.0	1000.0	694999	881.2421	155.66597	1041.4839	-130.62434	881.24207	155.66438	1045.3529	-133.0303	6.8626385	4.3684087	94.58334	-11.303896	-880.3776	78.3549	5089.400119066238	36.61438936123745
140	10855.006	986.1119	11504.4	8892.075	11135.22	1643.4501	11866.27	6217.463	1000.0	1000.0	699999	882.8127	156.5472	1044.2327	-677.7641	882.8132	156.54358	1052.3523	-592.2617	6.8593144	4.384933	100.22965	-13.034252	-881.9379	83.29391	5126.210631370544	36.61579023599624
141	11312.247	138.83379	11563.659	11145.908	11114.818	114.86373	11377.98	10964.917	1000.0	1000.0	704999	884.03827	157.09186	1044.9535	-461.45767	884.03815	157.09483	1049.3408	-428.75467	6.867452	4.3271656	92.101265	-13.606834	-883.1731	86.707985	5162.961338758469	36.61674709692069
142	10848.373	562.4692	11439.175	10125.416	11889.69	232.87445	12340.401	11532.747	1000.0	1000.0	709999	884.80176	158.74083	1046.6963	-701.0395	884.80164	158.73718	1048.8385	-701.61835	6.8989644	4.390809	91.92012	-12.028626	-883.899	85.69547	5199.68531370163	36.617502224277445
143	11316.182	142.22037	11597.178	11210.118	11773.111	83.50965	11893.652	11634.552	1000.0	1000.0	714999	885.7202	159.46786	1044.5829	-790.54553	885.7197	159.46732	1047.7135	-770.63135	6.9352255	4.415319	100.23321	-14.126541	-884.8182	95.07317	5236.042701005936	36.61568324382488
144	11310.553	210.40895	11711.693	11121.912	11705.139	51.649467	11804.081	11620.964	1000.0	1000.0	719999	887.48883	159.44188	1050.46	-841.89825	887.48926	159.4407	1046.2274	-908.3773	6.96199	4.4047904	120.77183	-13.066072	-886.5944	97.47498	5272.820532798767	36.61680926879247
145	11198.627	99.77856	11347.525	11072.64	11406.592	132.82898	11603.841	11200.369	1000.0	1000.0	724999	887.9288	159.9663	1044.2185	-963.243	887.92993	159.96153	1046.8141	-1038.3749	7.01243	4.377123	86.169716	-11.772677	-887.0101	105.668076	5309.338487625122	36.616127515661304
146	11350.902	38.49075	11396.152	11283.373	11719.54	186.96097	11899.243	11245.11	1000.0	1000.0	729999	888.52045	159.50096	1048.0653	-967.0004	888.51984	159.50513	1043.3555	-929.7603	6.9581933	4.387438	101.70334	-12.2416	-887.6151	98.60901	5346.145217657089	36.61743301234833
147	11266.016	129.92712	11488.178	11086.116	11724.109	130.0137	11883.486	11427.816	1000.0	1000.0	734999	889.4676	158.37079	1043.6768	-1133.1927	889.4672	158.369	1043.8674	-1081.8303	6.9346123	4.3628497	110.16876	-14.538557	-888.5176	92.71459	5382.643177986145	36.616620273006205
148	11254.733	53.47648	11322.05	11193.035	11964.893	183.19579	12265.389	11709.411	1000.0	1000.0	739999	889.9547	158.4176	1047.0571	-1294.3718	889.95544	158.40833	1045.2378	-1290.2585	6.894716	4.368792	103.387024	-12.141667	-889.0221	113.43726	5419.2508935928345	36.61656010795284
149	11332.514	77.904305	11441.019	11235.201	11636.672	79.33576	11759.965	11478.873	1000.0	1000.0	744999	890.71075	157.96875	1049.6315	-1396.1841	890.7103	157.96729	1049.727	-1419.6586	6.95327	4.3985248	150.7141	-10.762138	-889.7774	100.227745	5455.880875587463	36.616650186129064
150	11302.721	98.767845	11467.422	11217.198	11977.107	63.804073	12110.122	11905.896	1000.0	1000.0	749999	891.49194	157.86938	1043.6704	-1027.3741	891.49243	157.86841	1044.2598	-984.10266	6.916065	4.4025235	128.10745	-12.213313	-890.5733	89.59936	5492.519490480423	36.61679661750794
151	11413.766	198.71098	11725.567	11159.266	11958.23	171.68614	12282.088	11739.836	1000.0	1000.0	754999	892.6737	158.08968	1049.4629	-1445.3552	892.67426	158.08806	1049.1125	-1375.2753	6.890844	4.3298798	121.74845	-13.00152	-891.7045	95.95093	5528.888248920441	36.615153980570916
152	11283.021	320.43558	11781.958	10954.217	11507.433	214.31688	11834.322	11171.515	1000.0	1000.0	759999	893.1014	157.86221	1057.3026	-2046.664	893.1015	157.86418	1055.588	-1966.3838	6.916322	4.326456	87.98968	-13.1192875	-892.1136	94.366745	5565.502614021301	36.61514879214136
153	11325.44	196.06389	11594.846	11054.01	11784.267	182.77257	12057.517	11480.6875	1000.0	1000.0	764999	894.5202	156.8031	1056.8541	-976.6672	894.52026	156.80261	1057.9274	-995.1806	6.976325	4.3773665	95.35189	-12.792466	-893.5701	94.484535	5602.459751605988	36.61738400989108
154	11233.882	146.94362	11474.615	11069.136	11840.054	92.25217	12011.261	11705.134	1000.0	1000.0	769999	895.7072	155.92267	1056.1793	-1135.5852	895.7072	155.92337	1056.081	-1178.1213	7.0449924	4.4237585	102.1158	-14.071975	-894.7414	103.05704	5639.399307012558	36.619476033495616
155	11210.627	159.12827	11411.966	11018.189	11721.93	202.5414	12112.928	11459.608	1000.0	1000.0	774999	896.2151	155.8769	1054.9883	-951.02637	896.21515	155.87784	1052.5588	-1041.904	6.995052	4.397389	127.08928	-13.352591	-895.2129	96.72464	5676.277110338211	36.62114266118696
156	11267.127	207.94383	11482.938	10905.559	11891.873	186.92535	12201.409	11613.776	1000.0	1000.0	779999	896.3507	156.22766	1054.0485	-991.59235	896.3511	156.22696	1062.0299	-986.53204	6.9682555	4.3738937	125.208984	-11.163743	-895.3511	98.378456	5713.108362197876	36.622489515023354
157	11291.275	167.15596	11565.9795	11096.339	11840.182	103.04937	12016.192	11679.16	1000.0	1000.0	784999	896.94244	157.75482	1057.1437	-1079.042	896.94336	157.75394	1055.6381	-1309.4653	6.961697	4.4007044	124.56607	-10.246556	-895.9572	99.70533	5749.87983417511	36.62343844790367
158	11405.247	151.61368	11569.1	11161.503	11762.652	118.03153	12045.296	11639.028	1000.0	1000.0	789999	898.456	155.89561	1061.786	-899.53906	898.45636	155.89175	1058.7377	-1053.4327	6.972378	4.3695226	150.99976	-15.421893	-897.4905	92.48579	5786.531089305878	36.62361450285851
159	11366.432	117.9572	11510.027	11166.581	11722.295	147.29597	11916.24	11481.037	1000.0	1000.0	794999	898.9151	156.38353	1055.3346	-647.2983	898.9138	156.39162	1059.3373	-792.46295	6.961936	4.361419	115.050766	-12.437855	-897.9404	90.870865	5823.111086606979	36.62334018083489
160	11430.416	163.0362	11717.063	11228.705	11744.949	251.45612	12071.451	11262.58	1000.0	1000.0	799999	901.2017	154.95897	1056.8079	-923.5759	901.20337	154.95094	1059.705	-811.9881	6.930595	4.373067	99.332054	-13.262659	-900.2168	93.81369	5860.270542144775	36.62669090181589
161	11467.568	127.559074	11697.158	11327.035	11949.817	92.36539	12107.604	11783.304	1000.0	1000.0	804999	902.1558	155.10254	1061.4779	-680.5358	902.1559	155.10176	1062.4094	-738.6027	6.989532	4.370293	81.93123	-14.500136	-901.1752	96.086426	5897.186059713364	36.628484856267896
162	11235.072	93.77064	11336.637	11115.324	11840.567	114.85646	12017.529	11594.159	1000.0	1000.0	809999	902.77155	154.69043	1061.2737	-955.4105	902.7712	154.69218	1060.1631	-871.4572	7.0180025	4.336441	84.05147	-12.668638	-901.7654	101.8679	5933.7482533454895	36.628075649708876
163	11446.986	170.07059	11630.625	11231.922	11496.561	121.84008	11769.211	11358.86	1000.0	1000.0	814999	902.9824	154.84407	1060.9359	-836.3183	902.98285	154.84367	1057.6915	-1062.3739	7.056001	4.3988137	89.78919	-12.97934	-902.0044	106.89292	5970.3645668029785	36.6280034904831
164	11323.08	152.80884	11564.452	11129.096	12035.284	106.083115	12247.457	11889.174	1000.0	1000.0	819999	904.16327	153.79616	1059.62	-582.45905	904.1625	153.79343	1062.4003	-709.10077	6.9710183	4.377694	83.32488	-11.62912	-903.1492	90.37516	6007.101012945175	36.62866472471051
165	11346.658	118.45041	11559.367	11223.236	11945.67	155.1728	12162.774	11673.467	1000.0	1000.0	824999	905.01276	154.51776	1065.5211	-746.4111	905.01324	154.51836	1065.3811	-755.3786	6.9711766	4.3731966	88.17189	-11.537056	-904.0024	89.594696	6043.680282592773	36.6283653606068
166	11387.84	224.2	11729.306	11025.788	11801.072	202.37646	12201.149	11469.321	1000.0	1000.0	829999	906.71265	153.82341	1065.3633	-673.22046	906.7127	153.824	1067.7021	-627.922	7.0396686	4.392044	88.91372	-17.378408	-905.7442	85.81173	6080.575761318207	36.629974475826124
167	11458.243	234.79202	11873.378	11230.036	11276.226	110.28944	11438.195	11025.817	1000.0	1000.0	834999	908.30676	153.49997	1071.7684	-886.3093	908.306	153.4961	1068.3264	-748.4986	7.115537	4.4335704	84.63688	-13.623823	-907.3284	92.46945	6117.393267631531	36.6310974223885
168	11460.672	58.491932	11536.812	11370.007	12021.674	144.78387	12238.313	11848.449	1000.0	1000.0	839999	909.395	153.75682	1065.406	-843.9169	909.39575	153.75365	1065.9445	-978.1632	6.9877443	4.3660893	98.16906	-16.029776	-908.3939	100.44841	6153.978953361511	36.63082711327644
169	11365.937	52.775326	11450.289	11296.898	12121.717	144.52454	12284.212	11749.083	1000.0	1000.0	844999	909.25366	154.13051	1063.7236	-842.8739	909.2541	154.12851	1067.5851	-727.879	7.026163	4.400374	70.56779	-13.458929	-908.2345	102.21429	6190.780204296112	36.63183554248697
170	11435.191	173.86412	11623.233	11215.345	12013.244	126.09489	12181.956	11845.533	1000.0	1000.0	849999	910.2505	153.79832	1067.0947	-668.3613	910.25037	153.79744	1070.8698	-717.6401	6.9670663	4.4185596	125.25638	-11.628624	-909.2496	89.838745	6227.376221656799	36.63162484589745
171	11224.802	272.56686	11481.314	10786.219	11672.227	1532.4414	12381.07	7082.594	1000.0	1000.0	854999	910.69336	153.53159	1072.8866	-602.03284	910.69244	153.52927	1074.5198	-532.25836	7.0493155	4.4078045	90.9391	-12.836931	-909.6544	99.56248	6264.026073455811	36.63173143905506
172	11468.748	241.89032	11707.702	11030.046	11945.024	90.43553	12087.07	11791.542	1000.0	1000.0	859999	911.6162	153.37303	1071.1873	-456.41455	911.61584	153.36595	1068.5419	-465.96603	7.116791	4.424639	118.62524	-10.980532	-910.5985	100.80636	6300.578340053558	36.63126943139143
173	9222.7295	3906.8604	11328.469	1411.1832	12031.905	124.76661	12309.578	11790.083	1000.0	1000.0	864999	912.4279	152.24496	1069.0933	-602.7561	912.428	152.23912	1069.8358	-554.268	7.0541534	4.4261594	154.42032	-15.9594345	-911.4048	99.431694	6337.3293879032135	36.63196179219064
174	11394.328	322.11584	11788.7705	10826.258	11893.477	120.215004	12107.504	11634.398	1000.0	1000.0	869999	911.38367	157.75209	1071.3617	-710.1131	911.3844	157.74672	1071.568	-588.6789	7.0739675	4.44947	113.626854	-12.303264	-910.3438	105.34975	6374.164330244064	36.633128347067995
175	11587.0625	149.19595	11845.382	11401.985	11697.766	191.8195	11926.2705	11308.119	1000.0	1000.0	874999	911.98346	158.60896	1074.6187	-564.762	911.983	158.61345	1074.2778	-563.31836	7.010775	4.457995	108.1369	-11.832325	-910.925	103.16824	6410.924685239792	36.63385535512652
176	11404.379	160.41428	11633.22	11136.709	11633.638	116.896576	11853.281	11506.197	1000.0	1000.0	879999	912.7177	157.88	1069.251	-568.7372	912.7173	157.88013	1068.5763	-540.20886	6.9760046	4.411145	111.3673	-11.963915	-911.6724	99.07864	6447.576812028885	36.63395917144689
177	11484.151	186.37187	11694.866	11136.179	11943.425	110.94392	12098.212	11707.153	1000.0	1000.0	884999	913.60114	158.01897	1071.0748	-623.4875	913.60156	158.01085	1069.8176	-579.6555	7.061753	4.3998494	90.72509	-17.753668	-912.5614	90.328186	6483.830483675003	36.63181065300763
178	11617.519	79.902115	11706.464	11487.126	11872.931	107.57927	12011.331	11689.994	1000.0	1000.0	889999	915.4463	157.80547	1070.8403	-516.0091	915.44653	157.7998	1070.934	-479.219	7.097519	4.403927	86.129395	-11.903112	-914.4224	96.77018	6520.39567899704	36.631436410914645
179	11482.984	157.539	11725.102	11275.835	12178.865	105.219124	12310.246	11986.781	1000.0	1000.0	894999	916.335	157.57838	1070.6158	-574.33606	916.3359	157.57166	1073.1616	-469.74023	7.0287204	4.3988748	80.060265	-11.393471	-915.261	99.6493	6557.0374364852905	36.63149407189652
180	11463.879	83.583084	11542.166	11316.143	11431.984	152.04362	11695.868	11134.622	1000.0	1000.0	899999	916.20337	157.0838	1070.291	-472.81232	916.203	157.08017	1068.1273	-465.45596	6.970814	4.403398	129.29204	-12.410754	-915.1206	94.29376	6593.539233922958	36.63077353371514
181	11456.099	194.07053	11752.627	11238.272	11085.448	2553.7444	12143.134	3433.4294	1000.0	1000.0	904999	916.7762	157.09543	1075.1833	-458.43753	916.77637	157.09348	1073.0896	-445.1531	6.976483	4.3756957	127.741	-13.848522	-915.7208	97.37816	6630.245847463608	36.631192537961084
182	11590.076	138.19835	11786.636	11414.686	12108.665	109.487785	12290.959	11897.756	1000.0	1000.0	909999	917.68604	157.37622	1069.0818	-458.88132	917.68634	157.37628	1072.8739	-445.65	7.046476	4.41513	110.97185	-13.008263	-916.6202	94.24653	6666.81897187233	36.630873483615915
183	11501.037	140.57323	11604.458	11235.607	12061.801	182.43265	12361.938	11672.287	1000.0	1000.0	914999	918.60114	157.45694	1069.889	-443.80048	918.60175	157.44658	1069.875	-474.92007	6.9913936	4.4030557	106.33379	-13.587919	-917.5352	102.75375	6703.407316446304	36.63064108389974
184	11444.526	124.03215	11620.187	11236.835	11925.462	111.17559	12118.033	11725.185	1000.0	1000.0	919999	918.9594	156.2991	1073.9882	-445.33804	918.9596	156.29753	1076.1184	-492.83514	7.024906	4.442178	109.80395	-12.687009	-917.8928	92.66225	6740.100739240646	36.63098229014355
185	11605.617	91.20624	11702.268	11450.025	11995.633	97.50795	12181.038	11818.245	1000.0	1000.0	924999	920.01154	156.68549	1068.4508	-471.55725	920.0115	156.68167	1067.7936	-483.6984	6.960945	4.4234896	107.893036	-15.163037	-918.9264	91.21057	6776.588805913925	36.63020977329563
186	11496.33	149.70505	11698.148	11304.414	12081.369	124.99036	12234.572	11796.704	1000.0	1000.0	929999	920.7194	156.79756	1079.2046	-456.12415	920.7186	156.79892	1075.3969	-439.99255	6.985558	4.3966656	109.75795	-14.302621	-919.6324	99.69456	6813.2338654994965	36.63028961227786
187	11550.049	107.80615	11645.843	11340.476	11809.036	85.02493	11972.997	11700.142	1000.0	1000.0	934999	921.7731	156.79741	1073.5587	-634.3843	921.7729	156.79347	1074.1963	-539.5326	7.074769	4.474509	147.78088	-11.712142	-920.7174	92.81859	6849.785078525543	36.62986674028284
188	11548.049	94.84696	11633.605	11382.414	12179.314	118.2747	12377.937	11911.864	1000.0	1000.0	939999	922.9974	156.09224	1077.0219	-625.8197	922.99774	156.0885	1073.7053	-564.1447	7.0267835	4.4544525	121.62933	-13.359851	-921.9374	89.36094	6886.467265129089	36.63014503869604
189	11570.1	88.03048	11705.159	11438.244	10146.615	3544.7537	12273.019	2669.3816	1000.0	1000.0	944999	923.3704	156.29556	1078.259	-534.69617	923.3711	156.29443	1075.3636	-467.04456	7.0352597	4.4227223	121.306175	-11.910254	-922.2799	93.899704	6923.16398191452	36.63049727016025
190	11614.433	186.6534	11926.747	11408.46	12063.42	482.10406	12394.307	10668.944	1000.0	1000.0	949999	924.99817	154.76543	1073.7793	-460.46515	924.99774	154.76237	1076.2031	-448.0992	6.976045	4.411828	93.55719	-11.29047	-923.933	87.18274	6959.356639862061	36.628192852672775
191	11448.526	59.58317	11528.325	11345.583	12031.676	135.041	12318.972	11829.299	1000.0	1000.0	954999	925.7628	155.08661	1079.651	-440.51593	925.7627	155.09024	1078.2814	-547.56036	6.9897504	4.4089856	87.14594	-12.359567	-924.6728	88.530556	6996.136920213699	36.628989121052605
192	11607.34	268.80386	12066.34	11288.96	12080.099	88.02511	12298.618	11976.988	1000.0	1000.0	959999	926.4568	155.82085	1078.29	-495.92636	926.45703	155.82362	1081.0084	-541.42126	6.9940743	4.409782	105.46944	-12.571722	-925.392	106.7488	7032.886474370956	36.62961706519127
193	11479.757	209.54527	11839.923	11254.785	12191.707	195.20264	12725.371	11993.215	1000.0	1000.0	964999	927.6255	156.16064	1082.8977	-582.2115	927.625	156.16014	1078.9836	-559.9682	7.0490146	4.3993316	151.79353	-11.432712	-926.5376	90.74222	7069.589823007584	36.62999909405881
194	11524.733	181.71764	11870.8	11395.502	12195.461	114.35191	12401.05	11998.291	1000.0	1000.0	969999	927.9911	155.68994	1076.1033	-683.3773	927.99084	155.68536	1079.3363	-555.70557	6.961044	4.3708086	142.76305	-13.622274	-926.8815	91.757126	7106.263046503067	36.63022190148069
195	11436.96	112.551575	11581.63	11312.087	11868.498	125.6828	12063.489	11703.776	1000.0	1000.0	974999	928.24866	156.16968	1082.4325	-545.18964	928.24915	156.16518	1082.4167	-657.32947	7.0605035	4.4005527	106.50335	-15.438974	-927.1722	96.343636	7142.87203335762	36.630113002581474
196	11382.775	202.43248	11643.014	11116.303	11892.977	93.44476	12053.17	11733.002	1000.0	1000.0	979999	928.65186	155.75418	1081.4576	-1609.2074	928.65155	155.74292	1083.1384	-1331.7454	7.0225644	4.4799585	229.23582	-12.938912	-927.5298	102.38775	7179.395212888718	36.629567424861754
197	11633.156	148.85277	11768.626	11343.86	11805.9375	282.89133	12191.654	11231.759	1000.0	1000.0	984999	929.4878	156.2479	1076.9026	-1773.3237	929.48846	156.24931	1078.5449	-1810.5935	7.077321	4.5579348	197.8593	-14.130819	-928.3396	105.790375	7216.015739440918	36.62952153089688
198	11449.812	308.07614	11810.441	10922.879	11723.794	102.61425	11894.363	11592.597	1000.0	1000.0	989999	930.4311	155.48097	1082.3171	-2893.4614	930.4311	155.45863	1083.5424	-2832.0728	7.134368	4.575556	217.96848	-13.449757	-929.3142	114.33365	7252.645164966583	36.629521044817835
199	11340.156	103.48542	11464.216	11158.123	11171.332	66.760155	11251.591	11073.575	1000.0	1000.0	994999	930.45355	157.6646	1088.7537	-3787.0835	930.4544	157.65442	1089.1747	-3534.5464	7.202019	4.606004	228.88858	-13.522355	-929.3487	129.75545	7289.128772735596	36.62878781467227
200	11443.689	135.78134	11551.337	11186.642	12119.006	90.24147	12238.557	11967.288	1000.0	1000.0	999999	930.4711	155.54605	1079.8809	-3429.5627	930.47095	155.52669	1076.9678	-3276.0713	7.114983	4.541984	176.39677	-13.893376	-929.3038	117.66823	7325.916405439377	36.62958203673363
