Epoch	AverageEpRet	StdEpRet	MaxEpRet	MinEpRet	AverageTestEpRet	StdTestEpRet	MaxTestEpRet	MinTestEpRet	EpLen	TestEpLen	Time Steps	AverageQ1Vals	StdQ1Vals	MaxQ1Vals	MinQ1Vals	AverageQ2Vals	StdQ2Vals	MaxQ2Vals	MinQ2Vals	AverageQ3Vals	StdQ3Vals	MaxQ3Vals	MinQ3Vals	LossPi	LossQ	Time	AVG Time Per Epoch
1	19.541912	18.128098	147.78537	4.219823	38.61892	1.0807744	40.605465	36.858387	23.041475	22.0	4999	3.1616712	2.339484	17.096663	-1.8347917	3.1616678	2.3394816	17.218042	-2.0572116	3.161628	2.339339	17.278992	-2.0585692	-3.8514836	0.1651203	20.47679376602173	20.47679615020752
2	16.503754	15.287618	127.06676	4.14571	39.153816	0.7835319	40.498375	38.361294	21.12288	22.3	9999	11.513763	5.6185637	45.479046	-12.926997	11.513665	5.61737	45.53087	-8.5630665	11.513636	5.614307	44.729633	-8.132437	-13.5043	1.9545357	46.020169496536255	23.010086178779602
3	47.730743	41.94084	206.58862	10.946912	208.50894	1.2975299	209.95282	206.06003	27.486187	108.2	14999	23.35845	9.197611	61.58829	-18.551586	23.358004	9.198396	62.96016	-21.73365	23.358372	9.193317	60.96072	-21.378216	-25.923948	10.081489	72.96972513198853	24.323242664337158
4	188.88986	18.266357	209.32393	104.74359	190.03047	2.4382567	194.19595	186.68544	94.679245	97.8	19999	36.14136	11.651705	70.80912	-37.34453	36.141636	11.655802	74.79093	-40.47654	36.14089	11.650617	71.11117	-33.710407	-39.06667	21.044338	99.75575160980225	24.9389386177063
5	176.43758	9.967112	202.07468	157.27345	164.95506	2.804252	167.78055	159.2456	92.12963	84.1	24999	44.49845	13.616191	80.89406	-47.119854	44.498302	13.622823	81.05415	-45.41833	44.49805	13.616498	79.172554	-39.16173	-47.109947	22.715689	126.60029196739197	25.32005891799927
6	175.5402	11.081927	198.16483	112.679726	192.75008	6.628306	200.9909	178.41542	88.1579	94.5	29999	51.721344	15.003129	82.75777	-36.755367	51.720806	15.007273	85.645584	-33.805183	51.72109	15.003545	84.715706	-39.91836	-54.449562	23.279514	153.5968201160431	25.599470456441242
7	178.91444	12.2689	215.71716	146.2712	177.65067	1.4668279	179.83807	174.58359	94.43396	91.6	34999	57.97711	16.826607	90.43349	-35.375652	57.97667	16.830769	89.25137	-38.247368	57.976685	16.827757	89.85353	-35.12598	-60.38441	23.584684	180.69572591781616	25.813675505774363
8	202.79214	38.540348	281.4762	72.417885	248.76443	3.7525983	254.15334	242.5504	93.66038	104.2	39999	61.057117	19.62266	108.510475	-65.28804	61.057377	19.62301	104.88344	-64.93002	61.057396	19.621662	102.90267	-74.609055	-63.621304	25.5386	208.2012574672699	26.02515748143196
9	271.2129	42.154175	343.7339	156.09428	313.24402	1.8966925	315.68057	310.53088	110.933334	126.2	44999	64.056114	21.781406	108.72498	-59.445774	64.05629	21.785076	122.1748	-60.990635	64.056496	21.782219	109.274414	-47.94995	-66.82042	27.506832	235.2357783317566	26.137308994928997
10	329.27975	16.319576	371.93033	303.50177	305.79507	1.9589372	308.71393	302.25125	131.57895	124.6	49999	68.79872	21.786882	113.524086	-39.55472	68.79913	21.78899	113.11762	-44.17553	68.799446	21.78541	114.02925	-35.59684	-71.573494	27.71635	262.3277018070221	26.23277039527893
11	311.02057	37.521378	330.9566	88.35818	324.11124	2.050255	326.49994	318.79196	129.63158	138.2	54999	73.96329	22.888668	116.9092	-31.292736	73.96415	22.886452	117.63066	-27.038166	73.963615	22.889635	116.707184	-32.284473	-76.71509	27.932056	289.61520075798035	26.32865478775718
12	309.8773	17.561993	365.6145	278.46973	324.3013	3.020222	328.22885	318.41785	131.1282	134.5	59999	78.893	24.491905	118.88427	-34.204945	78.89289	24.490934	119.19736	-40.117672	78.89334	24.491705	118.68656	-39.726696	-81.77858	30.50117	316.9849970340729	26.415416578451794
13	300.3432	11.997137	328.19745	276.64343	269.81262	7.6960163	286.24072	261.29932	128.02563	114.4	64999	83.00215	25.835297	123.8692	-39.43811	83.00242	25.833353	123.47457	-40.52893	83.002525	25.83591	124.85847	-37.983795	-85.8744	30.754957	344.1521644592285	26.47324362167945
14	299.05798	13.786973	320.30624	258.99146	299.13248	17.522997	318.89215	255.67319	128.1282	127.2	69999	87.000404	26.941805	126.8744	-40.63471	87.00126	26.93903	126.4746	-74.02841	87.00171	26.940212	127.93653	-64.37252	-89.60115	31.488728	371.3377797603607	26.52412727900914
15	323.9597	51.37639	456.25217	192.91827	342.25983	3.1829746	347.53723	337.68906	131.07895	132.0	74999	90.055145	28.167276	135.9944	-43.334564	90.055695	28.165394	135.5845	-64.83952	90.0555	28.16615	136.92197	-49.672497	-92.53022	32.06617	398.50898575782776	26.56726582845052
16	319.2631	27.432379	364.87817	259.3031	360.24106	37.89151	391.78745	264.07465	131.23685	138.4	79999	91.976685	29.430674	142.95435	-34.570103	91.976654	29.433397	142.1582	-58.19557	91.97635	29.434671	141.42856	-36.507614	-94.23647	31.246319	425.6493058204651	26.603081732988358
17	351.5464	41.943314	509.68353	253.17786	368.84003	3.6041358	376.69864	363.63666	134.24324	148.5	84999	93.46691	30.536526	173.75102	-56.35664	93.46717	30.53589	165.92455	-48.872128	93.46758	30.536743	171.99715	-57.80481	-95.61628	29.543053	452.96448040008545	26.644969561520746
18	375.1051	36.812134	437.64273	296.4615	415.23917	5.8032665	424.62415	408.1613	139.75	157.2	89999	95.09783	31.30396	182.60428	-40.850513	95.09769	31.30295	182.95457	-43.102203	95.09779	31.301836	180.40971	-40.5705	-97.18052	29.26756	480.43822407722473	26.69101255469852
19	412.66046	26.03396	458.44388	344.6486	431.348	7.1476912	440.3064	414.72458	148.61765	153.5	94999	97.36204	31.927883	193.28918	-40.508663	97.36237	31.928095	190.26756	-54.50692	97.362274	31.929697	192.36256	-55.47874	-99.5555	29.456944	507.70342922210693	26.721233229888114
20	428.6778	30.827154	521.2054	362.54575	446.6683	45.35841	546.7123	407.6755	150.09091	154.7	99999	100.46704	32.67855	223.1714	-50.15333	100.46712	32.67753	211.76794	-56.4458	100.46679	32.677807	213.61525	-54.46337	-102.76529	30.045275	535.1764421463013	26.75882222652435
21	498.07068	59.52284	594.70233	379.6082	415.34644	2.5430713	419.80136	410.3933	161.48387	145.4	104999	105.1367	34.318832	226.86469	-54.81089	105.13698	34.3189	218.93515	-57.369797	105.138245	34.317074	224.64749	-55.09334	-107.66226	32.933136	562.3629570007324	26.77918851943243
22	512.8971	50.65613	649.09283	403.6141	493.3128	14.7137575	520.6124	476.08145	167.46666	174.0	109999	110.03643	36.412773	219.26796	-57.51685	110.036766	36.41096	217.50519	-79.15967	110.0367	36.414318	215.3064	-72.38296	-112.585815	36.178394	589.7259397506714	26.8057246316563
23	476.32004	135.4175	751.06006	308.73926	385.15646	3.9283571	390.0493	378.20135	168.89655	151.0	114999	115.04515	38.753017	227.4042	-53.417694	115.04524	38.75499	225.27748	-57.249027	115.04565	38.755856	228.29042	-62.14272	-117.573784	39.251965	616.9843318462372	26.82540582573932
24	432.0693	157.97043	715.82385	154.96886	467.63092	203.55681	682.1525	195.20213	165.25807	169.8	119999	119.79818	41.62023	228.32372	-52.026653	119.79726	41.62668	229.24904	-60.04192	119.79814	41.62619	228.80443	-81.3388	-122.52864	50.238865	644.3142538070679	26.846427390972774
25	636.79877	241.42049	1053.545	184.08054	498.24677	76.277504	679.55347	432.9233	224.27272	184.4	124999	125.39104	44.386482	232.37578	-59.42943	125.39067	44.390106	233.51837	-48.819965	125.392296	44.386772	232.34612	-53.26251	-128.43855	55.1697	671.5629470348358	26.86251796722412
26	672.21204	184.4845	976.904	346.28693	891.4588	102.51112	1001.6873	737.44006	222.90909	280.4	129999	129.48079	46.34576	236.91574	-56.19025	129.47957	46.349842	235.38164	-56.89424	129.48026	46.351334	236.9486	-66.19131	-132.41364	57.618183	699.2145578861237	26.892867711874153
27	743.1919	162.20279	1266.6056	602.90735	657.277	6.8168926	668.1521	646.14166	235.7619	202.8	134999	132.14684	47.874744	233.38184	-68.16035	132.14696	47.87226	234.04128	-57.32213	132.14714	47.875153	237.34203	-76.49165	-135.29716	57.26463	726.8407661914825	26.92002844810486
28	702.1266	114.81362	922.17584	551.50116	689.9603	26.52555	725.50964	644.3927	216.56522	212.4	139999	134.1709	49.1386	231.2236	-56.578465	134.17056	49.136463	231.29431	-53.33063	134.17133	49.13654	232.71213	-62.74097	-136.85916	60.376675	754.2792747020721	26.9385455931936
29	872.45044	387.47504	2119.9792	346.04895	688.307	12.541755	709.1697	665.61993	270.78946	211.4	144999	136.44614	50.370987	234.86777	-67.36208	136.44586	50.36679	239.08037	-56.360394	136.44664	50.36828	239.00267	-57.32002	-139.48529	57.654026	781.5341835021973	26.949454677516016
30	567.02594	164.66888	894.0157	288.34366	601.47534	112.137024	702.06635	282.49902	184.77777	196.4	149999	139.09283	51.926617	235.53096	-50.49508	139.09256	51.92069	237.41771	-56.828384	139.09288	51.925797	238.13812	-72.881454	-142.14128	60.17685	808.9544434547424	26.965148178736367
31	571.25024	116.15321	875.06946	305.1479	586.07635	6.4463024	594.9548	575.11774	185.33333	183.4	154999	141.13693	52.63817	244.40372	-63.292793	141.1382	52.63116	250.25734	-71.14384	141.13794	52.6392	244.84647	-51.816578	-143.8364	63.9491	835.860949754715	26.963256505227857
32	556.2205	75.43	741.4273	400.08942	558.90466	15.784354	585.4959	527.297	178.03572	181.1	159999	142.56812	53.11991	254.82544	-80.331696	142.5681	53.115112	255.36023	-127.757904	142.56844	53.119747	255.4374	-88.03562	-145.29237	62.9115	863.4393110275269	26.98247852921486
33	578.62726	51.01945	729.0954	487.41183	671.3683	99.84672	943.7997	571.3577	183.7037	208.2	164999	144.34003	52.879295	257.1166	-81.70609	144.33994	52.880802	256.32172	-77.947395	144.34064	52.884224	257.65213	-95.85421	-147.18651	60.90835	890.7272856235504	26.991735993009627
34	685.8257	116.561424	942.909	538.63727	704.5702	20.062563	740.07214	673.8173	214.08333	216.9	169999	145.85406	52.67551	250.43129	-91.46496	145.85333	52.67494	255.23358	-82.99291	145.8545	52.678875	255.48044	-81.248314	-148.6825	59.06631	917.9160902500153	26.99753212928772
35	635.68365	108.69974	918.42566	373.9267	526.19574	50.77992	615.9555	415.28784	205.0	174.7	174999	147.38904	52.09209	246.54332	-74.05345	147.38893	52.093094	249.00742	-80.30718	147.38988	52.092995	251.77948	-90.31636	-149.86176	58.267612	945.1039900779724	27.002971206392562
36	707.49615	113.99673	973.9137	567.89276	975.0571	50.711777	1030.2067	910.1103	221.72728	292.8	179999	147.78027	51.545902	241.19852	-71.249855	147.78023	51.55077	246.47429	-76.7439	147.78052	51.548897	244.3823	-58.056637	-150.19493	56.324776	973.0029604434967	27.027860071923996
37	799.0501	110.19081	968.21625	643.4428	596.55005	430.69446	964.4917	58.59941	246.71428	183.1	184999	148.41214	50.850838	237.53209	-61.579777	148.41121	50.856167	238.05055	-66.049515	148.41177	50.85262	238.2289	-72.72946	-150.92885	55.33344	1000.3219323158264	27.03572795842145
38	814.282	196.41408	1271.5002	598.0782	679.36804	39.345676	745.2088	627.02637	263.05264	234.9	189999	148.99658	50.365383	232.14296	-79.35055	148.99611	50.36861	233.09184	-77.2094	148.99585	50.37018	234.17291	-72.211876	-151.30618	49.559467	1028.0292377471924	27.053401043540553
39	759.6108	433.86188	1506.3073	61.840492	930.66125	236.8017	1480.4349	661.2803	249.5	300.9	194999	149.9102	50.142056	227.45146	-67.96696	149.90938	50.145245	227.69603	-91.70697	149.90977	50.146038	226.80605	-68.65252	-152.12068	48.41626	1055.7692794799805	27.07100721505972
40	881.3337	200.64856	1267.0745	612.211	690.8994	120.2889	950.5902	607.0052	341.2857	242.4	199999	150.90247	50.01577	225.45949	-68.785126	150.90244	50.020473	225.70938	-76.74243	150.90218	50.017895	226.51918	-80.33864	-153.16548	45.74726	1083.6091358661652	27.09022845029831
41	996.4682	625.6408	2812.0264	209.75046	1154.3596	87.50045	1293.34	968.53094	355.85715	348.7	204999	151.6135	49.95522	227.73999	-68.018295	151.61388	49.957424	230.61964	-73.699	151.61375	49.956146	227.6493	-76.53071	-153.69235	48.96907	1111.6869049072266	27.11431480617058
42	1235.0208	468.80582	2536.4995	770.16486	1136.9325	31.012114	1202.251	1091.6254	394.0	361.9	209999	152.42754	50.06036	228.3598	-87.06161	152.42682	50.065075	230.33632	-117.44649	152.42685	50.0649	229.96252	-74.93267	-154.74515	49.87154	1139.8087799549103	27.138304324377152
43	1024.9612	254.2166	1603.7832	668.2246	1658.8698	398.72888	2322.5042	1055.4028	317.75	513.5	214999	153.7798	50.232143	233.00076	-80.727715	153.77979	50.234562	231.86058	-77.21519	153.77937	50.238712	231.69643	-81.99814	-156.08447	44.81737	1168.2453474998474	27.16849649229715
44	865.37225	240.17194	1437.7883	443.97406	970.4857	49.243294	1113.3832	926.3984	272.44446	303.9	219999	154.8756	50.50637	234.41035	-119.18978	154.87431	50.51278	234.27171	-80.10681	154.87476	50.512085	233.14258	-72.849884	-156.94469	46.16088	1196.0756888389587	27.183538431471046
45	969.5405	201.47101	1425.7944	639.93	1156.5066	80.39193	1263.93	1035.6003	298.70587	347.9	224999	156.34091	51.029205	236.89926	-59.438267	156.34007	51.035698	242.59592	-86.71201	156.34029	51.036545	235.81158	-59.38594	-158.50516	47.920918	1223.8529777526855	27.196732891930473
46	1077.366	386.2792	2068.133	686.6408	1320.1575	78.27049	1531.2959	1231.4152	326.7857	380.7	229999	157.46269	51.662083	238.17982	-47.21335	157.46243	51.667652	241.72664	-75.91176	157.4623	51.66866	236.87909	-104.07021	-159.50038	45.751774	1251.9799349308014	27.216955148655437
47	1213.941	467.2678	2681.7014	715.8447	1021.8172	139.92769	1291.6777	748.69073	364.86667	296.6	234999	159.28658	52.00143	243.23676	-70.401146	159.2858	52.0015	245.5404	-71.12994	159.28603	52.005116	238.90971	-59.445755	-161.28296	41.757977	1279.5883266925812	27.22528358723255
48	922.0127	190.7203	1282.9216	661.50226	805.1709	30.512562	892.50464	782.10693	275.0	265.5	239999	160.67946	52.82869	244.74628	-59.381466	160.67894	52.8334	243.47478	-59.48794	160.67863	52.83503	240.06035	-58.88043	-162.8559	45.152336	1307.1152975559235	27.23156874378522
49	1099.3147	220.17726	1599.4296	731.8681	1602.6865	185.23445	2144.9521	1443.3031	326.2	471.9	244999	162.52748	53.426407	242.87427	-79.95864	162.52751	53.42798	246.242	-60.63089	162.52722	53.43063	242.71404	-85.66891	-164.74715	45.094086	1335.479189157486	27.254677368670094
50	1247.6669	304.84055	2064.0945	740.1338	1628.5881	620.8005	3170.9692	1029.971	368.23077	481.8	249999	164.58244	53.71453	241.8587	-98.710464	164.58244	53.72055	244.50252	-62.420128	164.58209	53.721714	241.19514	-72.657364	-166.5643	44.171688	1364.0956320762634	27.281912679672242
51	1277.8054	280.32114	1860.0782	854.5291	1031.2103	24.374691	1063.3617	983.65063	373.14285	316.7	254999	166.21457	54.201576	246.14392	-76.05963	166.21425	54.205128	246.14409	-81.907906	166.21384	54.206196	244.67232	-115.20111	-168.13712	41.412354	1391.4870116710663	27.284059089772843
52	1345.8142	354.45206	2400.652	985.6838	1450.4648	114.4519	1624.401	1339.8561	390.15384	419.1	259999	168.03368	54.661613	247.80212	-70.069626	168.03308	54.66711	247.92839	-61.943874	168.03287	54.667393	247.85146	-83.589554	-169.94821	42.689995	1419.5399954319	27.298846107262833
53	1148.2611	442.65048	1745.6964	132.22006	1489.3433	141.53632	1780.2036	1338.7924	341.66666	429.0	264999	169.37396	55.1296	255.30219	-91.75288	169.37433	55.133526	248.7041	-93.6016	169.37418	55.13224	250.70969	-82.49978	-171.46425	42.386944	1447.8573870658875	27.31806394738971
54	1646.0287	541.0313	3072.2092	997.37683	1604.5027	595.77405	3207.3716	1087.3558	478.1	474.0	269999	170.9283	55.662247	257.67365	-96.88796	170.92805	55.668262	250.85101	-111.476425	170.92876	55.665787	255.07042	-105.116325	-172.89342	41.5027	1476.4170427322388	27.34105638662974
55	1625.0522	675.2394	2987.1152	909.6265	885.5835	41.607063	958.9294	840.1082	474.22223	284.2	274999	172.47983	55.973637	257.8161	-100.98411	172.47998	55.97778	255.6338	-108.648544	172.47981	55.97741	256.85046	-96.926056	-174.28658	42.21817	1503.9326100349426	27.34422931237654
56	1778.9923	662.64264	3221.628	1247.8698	2155.584	747.88007	3281.976	1075.678	520.7273	629.0	279999	174.07336	56.429123	263.24197	-79.32417	174.07327	56.434864	256.30496	-83.62239	174.07353	56.431484	259.47693	-69.563736	-176.11046	42.65898	1532.9215302467346	27.373598796980723
57	2286.2039	796.2948	3170.2886	1293.0677	1052.5579	50.664474	1182.2509	1005.08655	700.7143	317.4	284999	175.64633	56.886	263.45126	-88.917656	175.6462	56.891544	260.69037	-103.79302	175.64671	56.88677	264.31	-88.558266	-177.83905	41.5361	1560.6218705177307	27.37933109517683
58	1778.4606	745.8217	3138.9192	957.10175	1426.3585	43.101322	1525.7224	1346.4998	535.2222	404.5	289999	176.99957	57.30369	266.428	-97.46517	176.99904	57.31214	261.01804	-76.76704	176.99925	57.31133	264.48715	-76.56821	-178.95972	44.180355	1588.7393817901611	27.3920583437229
59	1426.3783	448.81738	2400.5012	761.388	1824.7758	134.05643	2069.4028	1658.1707	410.92307	512.1	294999	178.09088	57.691097	268.9342	-103.63417	178.0898	57.698334	267.47647	-102.384346	178.09055	57.69578	267.0357	-104.85674	-179.75977	44.70993	1617.2444355487823	27.410922668747983
60	1311.3678	545.0823	2567.6465	680.8537	1345.7338	9.777191	1359.2725	1324.0149	378.6154	376.7	299999	179.02243	58.097572	266.97916	-110.729935	179.02147	58.1058	268.68646	-108.8338	179.02248	58.10185	267.3236	-101.74253	-181.1997	42.669945	1645.1866688728333	27.419777858257294
61	1507.3947	516.16833	3073.0017	1036.6073	1783.2308	237.16855	2242.6643	1460.1598	432.25	504.9	304999	180.30865	58.46404	268.38974	-140.00792	180.30852	58.470432	268.10434	-136.57521	180.30869	58.471012	269.28687	-132.10072	-182.63057	41.216354	1673.8011314868927	27.439362838620045
62	1739.4694	420.9947	2859.4458	1270.5847	1456.4678	90.319786	1686.2369	1383.7439	503.3	405.9	309999	181.56552	58.617992	271.24295	-143.61656	181.5652	58.629387	269.79907	-125.84244	181.56532	58.62547	270.78964	-127.62832	-183.83195	43.930492	1701.7624442577362	27.447781389759434
63	1458.6622	460.08426	2494.3098	1055.2874	1826.0166	239.35782	2352.9033	1539.6976	419.0909	513.9	314999	182.70367	58.978516	270.32318	-140.72563	182.70393	58.98435	269.14505	-119.896126	182.70415	58.981667	270.11716	-132.28886	-184.48695	41.80828	1730.2991461753845	27.465065842583066
64	1484.5265	253.16562	1977.2053	1050.2717	3306.519	14.451691	3328.731	3279.9136	420.33334	1000.0	319999	183.8838	59.305645	274.74374	-126.98603	183.88336	59.3139	270.208	-116.26504	183.88362	59.312935	272.45758	-116.485306	-185.8349	40.811005	1761.0919847488403	27.517062295228243
65	1391.0312	298.0329	1997.4473	1059.6296	2415.9036	519.1063	3506.6565	2010.1461	391.46155	673.5	324999	185.03648	59.749294	273.70605	-139.11227	185.03685	59.757153	272.42282	-135.49507	185.03671	59.755817	273.98685	-135.04947	-187.02371	43.049786	1790.296021938324	27.543015751471888
66	1345.3429	165.27733	1651.2871	1069.5444	1596.6349	178.3638	1805.8683	1284.5532	376.64285	440.7	329999	186.28807	60.34451	276.49173	-127.89143	186.28773	60.34962	274.5766	-126.41301	186.2884	60.34647	275.32144	-124.75384	-188.43005	40.651974	1818.3684163093567	27.551036643259454
67	1501.4663	349.0661	1980.6066	701.73505	2494.9744	480.6502	3252.8645	1730.5596	420.81818	698.5	334999	187.53271	60.724495	281.91043	-115.6347	187.53264	60.729904	276.83972	-123.95722	187.5326	60.728718	279.39447	-130.51222	-189.15611	38.731422	1847.5752189159393	27.57574957164366
68	1510.4927	373.3576	2507.4148	1041.7166	2212.22	819.5487	3552.0974	1072.2593	429.0909	635.0	339999	188.71294	61.014618	280.5041	-175.9941	188.71312	61.019028	277.48853	-169.0713	188.71375	61.015247	277.4306	-177.78743	-190.39752	41.379276	1876.4087364673615	27.594246152569266
69	1611.026	339.8612	2520.4011	1321.152	2955.185	474.7506	3667.0247	2404.5605	455.08334	806.7	344999	190.2656	61.343903	281.13297	-192.0728	190.26515	61.346226	278.1741	-178.42982	190.26622	61.34284	277.87286	-185.8802	-192.11186	41.18856	1906.1999740600586	27.626086608223293
70	1928.3789	632.3687	3444.1577	1377.6554	3440.4731	6.724586	3451.2412	3432.6233	538.375	1000.0	349999	191.65732	61.628426	280.05634	-214.4043	191.65845	61.630283	279.67224	-208.78534	191.65785	61.630993	280.53534	-215.71298	-193.55893	39.7999	1936.622463464737	27.666035223007203
71	1870.2294	481.8881	3193.2163	1347.7559	3095.6987	689.9179	3499.798	1280.5929	518.1818	904.7	354999	192.82497	62.216305	284.6341	-150.36829	192.82501	62.221966	282.3066	-154.92522	192.8255	62.218662	282.53488	-157.71333	-194.55078	38.611908	1966.621924161911	27.698900373888687
72	2177.9595	819.3135	3574.4443	1353.3923	3463.9187	21.40061	3498.3003	3427.4058	612.125	1000.0	359999	193.9023	62.996975	286.77182	-157.38394	193.90216	63.00261	284.4603	-154.96085	193.90276	62.99888	283.93732	-169.0558	-195.78815	41.103733	1997.0555243492126	27.736882312430275
73	1552.2656	182.33643	2037.0217	1317.0914	1700.6455	391.63867	2616.0571	1457.4413	429.83334	473.8	364999	195.10728	63.85185	291.63553	-184.83731	195.10722	63.857502	290.37366	-173.51984	195.10744	63.8547	291.394	-191.64816	-197.02449	41.98368	2025.3040039539337	27.74389049451645
74	2004.0068	362.71616	2600.2107	1491.3977	3318.2903	34.216454	3361.9539	3265.2092	569.5	1000.0	369999	195.7602	64.933304	292.8378	-202.2759	195.75998	64.938805	293.27908	-192.21161	195.76057	64.93763	294.58597	-209.45404	-197.71393	43.187313	2055.887321949005	27.782261149303334
75	2724.883	882.3763	3458.1643	1041.9546	3393.0227	12.618618	3411.0928	3368.9822	786.7143	1000.0	374999	196.9938	65.32734	295.76505	-145.11934	196.99336	65.337555	298.224	-161.29964	196.99359	65.33272	297.27185	-151.93576	-198.95128	39.854008	2086.6601622104645	27.82213552792867
76	2784.3184	679.7112	3433.279	1669.1162	2943.0588	693.1255	3524.6414	1819.69	801.6667	835.3	379999	198.05281	66.06041	294.51346	-133.82751	198.05263	66.069565	299.56378	-138.40924	198.05325	66.0657	297.6171	-143.25111	-199.89592	41.327408	2116.787978410721	27.852473425237758
77	2223.0679	594.2315	3451.912	1409.2217	2909.336	591.1776	3505.3955	1911.2357	632.25	831.0	384999	199.01561	66.43541	296.15765	-182.9797	199.01566	66.44244	299.97525	-184.31363	199.01575	66.440186	296.8665	-186.05821	-200.95526	41.897892	2146.6509289741516	27.87858351794156
78	2202.7466	740.2636	3455.5635	1408.837	3414.961	27.63371	3456.063	3356.2478	628.375	1000.0	389999	199.99435	66.80658	297.35938	-169.17213	199.99384	66.8148	299.7811	-192.76442	199.99414	66.81062	298.4477	-217.5974	-201.67038	38.53815	2177.2644929885864	27.913647367404057
79	2831.5164	663.76196	3444.8008	1447.1494	1043.198	1055.6252	3526.4885	275.62473	791.1667	311.5	394999	201.27747	66.70646	299.11966	-180.58199	201.27803	66.71072	300.29877	-177.55481	201.27902	66.70533	298.89148	-178.1369	-203.11319	39.193657	2204.8950724601746	27.910064229482337
80	2952.5742	734.0655	3539.5718	1451.0602	3418.2734	5.9979625	3429.1167	3406.9277	860.3333	1000.0	399999	202.74146	66.599846	301.80383	-189.30162	202.74185	66.60295	300.95654	-182.24358	202.74171	66.601524	301.44852	-189.33806	-204.54688	38.590214	2235.344799041748	27.94181001484394
81	2992.8972	513.23083	3472.99	2339.6794	3534.768	11.709258	3552.8726	3508.5164	861.0	1000.0	404999	204.28296	66.528786	302.91693	-209.80203	204.28273	66.53583	304.154	-195.75362	204.2829	66.53568	302.40967	-208.84535	-205.84529	39.13113	2265.77415394783	27.972520442656528
82	3322.3137	263.76483	3499.5232	2742.1594	3359.6726	52.025932	3398.4995	3248.084	960.3333	1000.0	409999	205.28108	66.881065	306.27136	-231.02966	205.28168	66.88695	302.78024	-222.83702	205.28186	66.88527	303.60614	-220.37082	-206.71086	38.152256	2296.3001532554626	28.003660434629857
83	2952.5754	605.98236	3497.857	1838.3977	3438.1274	9.621642	3451.4673	3418.0042	835.1667	1000.0	414999	207.12967	66.621185	304.0999	-244.0055	207.13008	66.626305	306.82187	-227.73157	207.12988	66.622696	304.7125	-243.5172	-209.01959	36.695618	2326.9501695632935	28.035544234586048
84	3254.4292	329.27435	3449.6392	2597.2664	3484.4011	9.3806095	3506.3015	3472.627	946.2	1000.0	419999	208.23218	66.73833	305.6271	-182.64851	208.23245	66.74272	305.5463	-166.45932	208.2333	66.738525	307.14307	-180.162	-210.01341	37.98793	2357.633727312088	28.067068204993294
85	3140.6926	396.50922	3483.8882	2532.1892	3473.711	6.763231	3483.2302	3461.3848	895.3333	1000.0	424999	209.31041	66.779305	304.87863	-212.20996	209.31064	66.78744	305.91357	-192.72806	209.31075	66.7869	305.8585	-197.12082	-210.95168	37.20564	2388.5572118759155	28.100673103332518
86	3031.5522	731.86646	3439.0662	1568.8141	3428.9868	29.77795	3473.274	3382.541	888.8	1000.0	429999	210.59506	66.93137	307.52722	-117.25285	210.59552	66.93545	306.48062	-135.57936	210.59602	66.932106	305.5872	-144.05922	-212.21872	36.89417	2419.2172527313232	28.13043319624524
87	3062.113	721.2874	3413.6423	1450.4628	3093.336	758.6943	3484.8103	1234.2902	903.8333	893.5	434999	211.90068	66.859375	306.76413	-125.953606	211.901	66.86468	307.94885	-125.29283	211.9016	66.86064	307.9556	-127.47833	-213.44682	37.942024	2449.5163247585297	28.155360079359735
88	2938.6523	822.70856	3448.517	1311.2178	3476.9712	7.8839493	3496.806	3465.9722	857.0	1000.0	439999	213.05527	66.98871	306.42285	-122.35428	213.05516	66.994705	308.37564	-103.11691	213.05545	66.99233	307.2943	-120.15308	-214.63834	36.89186	2479.9394097328186	28.181129680438474
89	3419.3098	29.889149	3456.1484	3365.1296	3457.5852	16.625252	3479.9138	3415.4456	1000.0	1000.0	444999	214.07858	67.02256	309.31223	-117.566505	214.0788	67.0277	308.53967	-109.07831	214.07916	67.02488	308.20944	-108.11935	-215.66072	35.963535	2510.5950045585632	28.208932659599217
90	3442.3945	31.29094	3484.4448	3398.0942	3158.0361	195.01138	3295.174	2762.536	1000.0	964.8	449999	215.00902	67.25673	310.6616	-142.3444	215.00919	67.262054	310.37027	-114.52501	215.00952	67.25519	308.6056	-118.84144	-216.68265	35.3342	2540.9880616664886	28.23320070637597
91	3134.2559	718.36505	3468.9587	1528.203	3551.1582	11.54394	3576.4539	3537.0425	906.0	1000.0	454999	216.20486	67.23784	313.06305	-148.10695	216.20529	67.243034	311.042	-154.95802	216.20532	67.23999	311.57916	-178.84529	-217.74649	36.84381	2571.6373348236084	28.259750955707425
92	3466.646	16.44612	3489.677	3450.1704	3519.5938	11.218769	3537.4338	3499.4233	1000.0	1000.0	459999	217.19965	67.35272	313.5754	-246.37453	217.19922	67.35403	313.81998	-175.14473	217.19992	67.35439	312.81192	-187.15651	-218.92802	37.43678	2602.085284471512	28.283535724100858
93	3454.3645	21.807741	3495.2046	3430.352	3521.895	18.066881	3545.9026	3488.611	1000.0	1000.0	464999	217.99704	67.905876	314.53592	-221.63445	217.9977	67.91435	315.48605	-217.05136	217.99806	67.909996	315.31024	-217.47174	-219.61726	36.418987	2632.4652092456818	28.30607754184354
94	3399.982	87.23038	3462.5671	3228.287	3485.0	90.9798	3533.4924	3215.877	977.0	991.7	469999	218.93419	68.03527	313.76468	-207.62494	218.93384	68.04291	317.07175	-203.36418	218.93391	68.041626	315.08078	-197.63773	-220.55293	36.852207	2662.723242521286	28.326843030909274
95	3208.5273	489.34866	3463.5676	2229.9985	3537.5552	4.0788617	3542.5378	3531.8555	932.0	1000.0	474999	219.91275	68.2438	319.13058	-196.10098	219.9134	68.24387	316.0027	-179.93651	219.91335	68.24282	316.62985	-180.06511	-221.31638	34.200783	2693.312843322754	28.35066153375726
96	3435.9094	31.63157	3475.6074	3381.1477	3506.479	9.423816	3522.3335	3490.9766	1000.0	1000.0	479999	220.94771	68.38337	315.19348	-215.52937	220.94789	68.38897	317.46353	-200.56818	220.94872	68.38421	316.6286	-230.32872	-222.75548	36.43512	2723.775680541992	28.372663363814354
97	3453.81	36.160473	3503.9194	3391.1973	3585.7173	8.250905	3600.1543	3573.588	1000.0	1000.0	484999	222.0977	68.436035	318.76862	-160.26642	222.0989	68.43679	319.53687	-147.40271	222.09848	68.436935	315.8122	-163.00047	-223.64798	35.250008	2754.504298210144	28.39695155006094
98	3376.911	183.76022	3537.4597	2985.1257	3524.9243	5.8034406	3536.834	3516.179	970.0	1000.0	489999	222.81343	68.72325	321.86526	-156.45053	222.81349	68.72703	321.3765	-139.51076	222.8139	68.72739	320.29648	-135.66502	-224.6174	35.85497	2784.9692056179047	28.418053142878474
99	3463.8574	11.294389	3478.9624	3449.061	3519.9558	16.335976	3536.6113	3485.9526	1000.0	1000.0	494999	223.85994	68.78793	320.64514	-208.88014	223.86015	68.79186	324.16776	-181.29958	223.86041	68.78814	322.32166	-202.03569	-225.5923	34.591393	2815.4256410598755	28.43864286066306
100	3430.4844	121.94538	3509.697	3187.9849	3545.2566	8.789387	3561.5178	3533.0955	975.2	1000.0	499999	224.93457	68.86487	324.18185	-189.65392	224.93439	68.870125	323.33878	-181.51494	224.93494	68.86814	321.53854	-180.11598	-226.84262	35.912056	2845.720079421997	28.45720081567764
101	3487.5918	35.61573	3537.0073	3427.3645	3537.8398	7.665853	3547.929	3521.12	1000.0	1000.0	504999	226.10896	68.91051	323.46167	-200.43091	226.10971	68.911606	322.39404	-169.9538	226.11014	68.911606	323.56085	-192.17557	-227.77419	35.913387	2876.0756120681763	28.475996185057234
102	3480.5796	26.213453	3507.6755	3431.2646	3539.9175	8.082356	3553.2512	3527.347	1000.0	1000.0	509999	226.92163	69.20757	322.68707	-228.16489	226.92226	69.20878	322.45673	-204.74622	226.92194	69.21002	321.03036	-235.81332	-228.39844	35.201344	2906.8577919006348	28.498605823984335
103	3487.4888	36.03951	3528.4382	3420.9468	3592.0156	8.383874	3603.3655	3576.2725	1000.0	1000.0	514999	227.67725	69.27415	322.84268	-217.10559	227.67773	69.276695	322.43463	-219.29733	227.67834	69.27371	323.36435	-212.37659	-229.35716	35.4999	2937.527904987335	28.519688416453242
104	3500.6106	24.047438	3528.4097	3462.9272	3587.827	5.1644125	3598.7852	3582.1555	1000.0	1000.0	519999	228.54709	69.393166	326.99658	-265.0813	228.54799	69.3928	324.91168	-232.86174	228.54785	69.394264	324.85327	-251.83183	-230.24675	35.661583	2968.1867604255676	28.540257330124195
105	3505.39	19.59485	3531.0183	3475.5386	3601.345	4.8659935	3607.295	3593.5232	1000.0	1000.0	524999	229.56575	69.61466	323.87936	-222.92038	229.56613	69.620346	323.3227	-208.1987	229.56627	69.615944	322.7352	-229.75214	-231.07574	32.890892	2998.5686762332916	28.557796934672766
106	3512.9673	7.660975	3524.4211	3500.4802	3608.2065	5.8255816	3619.7485	3599.4343	1000.0	1000.0	529999	230.29669	70.04442	324.53323	-250.025	230.29735	70.04623	325.94565	-260.57242	230.29814	70.04273	325.2092	-265.87244	-231.8465	34.076824	3028.758223295212	28.57319080379774
107	3514.7222	16.681778	3543.4226	3494.6047	3650.8816	5.654129	3664.1514	3645.2292	1000.0	1000.0	534999	231.25922	70.167946	324.80472	-223.5385	231.25998	70.16815	324.853	-196.76013	231.26003	70.16621	324.6056	-202.37646	-232.56836	32.609352	3059.0050258636475	28.588832035242955
108	3532.6672	10.583057	3546.9292	3516.913	3602.0066	4.735924	3608.3748	3594.22	1000.0	1000.0	539999	232.28476	70.48748	324.131	-190.93022	232.28494	70.488014	325.17908	-206.2724	232.28535	70.489105	324.93823	-215.50813	-233.78394	33.513325	3089.520261287689	28.606669103657758
109	3530.696	18.104227	3557.7664	3504.555	3633.198	7.379074	3641.416	3621.9792	1000.0	1000.0	544999	233.33766	70.38255	326.66125	-170.36687	233.33807	70.38315	323.90543	-166.34853	233.33817	70.38052	324.8727	-162.44899	-234.78293	32.44228	3120.088863134384	28.624668488808727
110	3502.1804	16.50688	3531.4097	3482.0364	3566.345	6.288511	3578.3848	3557.5208	1000.0	1000.0	549999	234.1829	70.81743	328.323	-186.29527	234.18317	70.819786	327.0481	-170.11551	234.18385	70.8158	327.5187	-165.07356	-235.52055	34.134533	3150.7659726142883	28.643327041105792
111	3520.5105	18.56621	3543.9531	3495.945	3612.2043	2.5686588	3616.708	3607.7056	1000.0	1000.0	554999	235.46204	70.652534	327.49002	-127.33142	235.4623	70.65493	326.6585	-148.57153	235.46259	70.65272	326.52606	-137.40822	-237.15872	32.615013	3181.1881856918335	28.659353041434073
112	3502.3013	25.044044	3527.1262	3454.4983	3576.7532	4.2244315	3583.947	3570.209	1000.0	1000.0	559999	236.35199	71.1075	329.6805	-182.91907	236.35213	71.111145	326.81564	-187.27821	236.35278	71.10608	327.89615	-170.9708	-237.83098	32.724583	3212.01433801651	28.67869946360588
113	3496.1372	14.497486	3508.7349	3471.266	3616.7122	12.300415	3630.7764	3596.4514	1000.0	1000.0	564999	237.41106	71.12979	329.34265	-200.59767	237.41083	71.13439	329.34363	-156.95462	237.41194	71.13182	330.6841	-167.22496	-238.56317	32.946037	3242.4737985134125	28.694458412913093
114	3210.2395	559.4235	3530.925	2092.2876	3530.4478	9.3575535	3546.083	3510.8057	915.0	1000.0	569999	238.20009	71.302505	331.57144	-176.02173	238.20074	71.30258	332.06177	-177.43884	238.2005	71.30182	331.34137	-182.1141	-239.5863	35.308575	3272.6858253479004	28.70777041661112
115	3515.6655	18.296482	3551.8972	3503.5813	3596.646	9.976605	3610.3171	3576.224	1000.0	1000.0	574999	239.00264	71.60415	332.31696	-165.066	239.0024	71.60734	330.7158	-129.33128	239.00267	71.60711	330.93832	-152.3831	-240.61134	30.97455	3303.251289844513	28.723924278176348
116	3551.1516	59.534336	3669.6882	3512.1396	3608.3003	4.2319784	3613.7283	3600.231	1000.0	1000.0	579999	240.08934	71.59712	334.04495	-185.29506	240.08945	71.6019	332.10205	-182.6812	240.08955	71.5994	332.45517	-198.40085	-241.76312	30.771297	3333.612199783325	28.73803622352666
117	3526.8237	19.359653	3550.2566	3491.7483	3601.6082	3.3623877	3607.4734	3596.8667	1000.0	1000.0	584999	240.7391	71.79082	334.19547	-209.86017	240.73909	71.793816	333.84097	-205.42259	240.7395	71.79174	334.83676	-201.68889	-242.33351	32.807087	3364.074643135071	28.7527747439523
118	3518.0566	5.1542478	3525.0474	3509.9558	3635.278	9.049416	3651.7307	3618.368	1000.0	1000.0	589999	241.63838	71.644585	334.93954	-180.79924	241.6387	71.646675	333.71228	-169.53021	241.63924	71.64408	334.52673	-163.13794	-242.9903	33.678764	3394.702027320862	28.76866126666635
119	3531.6882	16.189135	3556.6643	3507.2053	3630.6836	3.85787	3639.3562	3625.4856	1000.0	1000.0	594999	242.64252	71.69287	335.06906	-180.20973	242.64204	71.69624	333.97525	-186.29472	242.64265	71.69279	335.16443	-180.74826	-244.00288	32.22764	3425.237745285034	28.783510484615295
120	3513.8176	11.60684	3531.9873	3499.7812	3590.0352	1.4613907	3592.091	3587.6018	1000.0	1000.0	599999	243.36752	71.792435	337.71362	-205.10107	243.36794	71.79223	335.22958	-209.37271	243.3676	71.79072	334.2675	-194.5215	-244.81702	31.609856	3455.449110507965	28.795409270127614
121	3518.1255	9.188345	3529.9358	3501.5427	3597.9082	11.783427	3610.7004	3569.7832	1000.0	1000.0	604999	244.00833	71.93835	334.33337	-223.905	244.00853	71.93989	334.96735	-207.48878	244.0085	71.9419	334.54108	-197.84181	-245.67082	32.69908	3485.9485018253326	28.809491768356196
122	3533.0696	8.861083	3545.1948	3524.714	3589.0305	5.487966	3600.238	3580.054	1000.0	1000.0	609999	244.881	71.979294	334.33807	-180.23636	244.88147	71.98294	334.83594	-171.30731	244.88144	71.97944	334.53894	-162.33102	-246.3006	31.362421	3516.341534614563	28.82247161278959
123	3541.65	4.531978	3548.3389	3535.505	3612.3374	10.971612	3623.7795	3586.5623	1000.0	1000.0	614999	245.7687	71.85487	334.5003	-177.44495	245.76929	71.85803	334.8494	-154.20502	245.76935	71.85571	335.00412	-192.30342	-247.42245	31.14109	3546.612694978714	28.83424956624101
124	3547.877	17.392883	3569.8794	3528.4922	3570.6648	2.923872	3575.592	3566.7673	1000.0	1000.0	619999	246.4689	71.90672	333.78033	-186.18158	246.46954	71.90527	334.81848	-153.81165	246.46959	71.90595	335.82507	-133.0547	-247.90662	31.72725	3577.190926551819	28.848313939186834
125	3544.5098	17.618937	3567.7283	3517.4705	3642.0356	3.726652	3646.9697	3635.1304	1000.0	1000.0	624999	247.29427	71.8485	334.4207	-165.45065	247.29498	71.84972	335.61118	-183.50868	247.29515	71.84869	335.0312	-161.38846	-248.99947	30.411825	3607.7548134326935	28.862038522720336
126	3532.7036	21.362125	3557.6152	3506.8596	3608.0364	3.2704496	3613.8123	3600.8518	1000.0	1000.0	629999	248.1407	71.97116	335.23343	-178.1905	248.14023	71.97439	336.0551	-133.62688	248.14131	71.970055	336.75677	-137.7322	-249.61903	28.935146	3638.2829926013947	28.8752618611805
127	3541.9204	13.289909	3562.3713	3523.3896	3645.646	2.9465175	3650.0542	3640.9731	1000.0	1000.0	634999	248.77957	72.02878	336.96533	-189.5	248.77979	72.029884	338.05386	-159.97954	248.78038	72.02644	336.32764	-169.42606	-250.21808	29.65556	3668.8062365055084	28.888238099616345
128	3549.0894	34.02399	3609.102	3513.0225	3629.2	2.7732797	3633.5535	3624.1128	1000.0	1000.0	639999	249.60243	72.02732	336.69617	-176.40352	249.60257	72.02846	337.67273	-152.63655	249.60295	72.02735	336.9733	-151.77817	-250.81654	31.290407	3699.288791179657	28.900693697854877
129	3515.882	17.565483	3536.4102	3495.0737	3621.088	7.3540473	3635.5947	3613.4258	1000.0	1000.0	644999	250.0847	72.2061	336.151	-143.18964	250.08488	72.205894	337.96185	-126.86064	250.08524	72.20458	337.49753	-131.6241	-251.74335	31.754032	3730.1650097370148	28.916007844052572
130	3522.6921	26.403212	3555.7227	3478.9736	3611.6309	4.262933	3620.77	3605.6924	1000.0	1000.0	649999	250.96211	72.05962	338.31665	-114.77038	250.9625	72.061615	339.08743	-125.30845	250.96248	72.05982	338.73666	-117.59656	-252.29048	30.696188	3760.565089225769	28.92742377794706
131	3539.0708	10.638805	3551.231	3520.2761	3634.891	5.2369905	3643.534	3625.7307	1000.0	1000.0	654999	251.56189	72.14208	338.39044	-125.27296	251.56213	72.14397	339.09186	-120.19307	251.5625	72.14082	338.00333	-113.69797	-252.95868	30.771265	3791.1587941646576	28.940143481465697
132	3574.4343	44.354454	3662.738	3544.889	3570.4194	6.9736514	3583.4844	3561.384	996.8	1000.0	659999	252.08537	72.128136	338.35922	-125.71518	252.08583	72.12661	338.77222	-106.49281	252.08589	72.125015	339.84702	-121.638145	-253.66331	30.511488	3821.6067428588867	28.951566250035256
133	3565.1536	12.076717	3587.0051	3554.0486	3641.8345	3.5117326	3648.9302	3635.9626	1000.0	1000.0	664999	252.81367	71.965935	341.59436	-88.10678	252.81355	71.96595	341.1466	-75.83887	252.81454	71.9652	340.28647	-87.90698	-254.14096	30.53096	3852.236064195633	28.96418094993534
134	3565.436	12.452469	3578.9312	3550.839	3626.8757	4.650663	3633.0425	3618.377	1000.0	1000.0	669999	253.58224	71.73169	338.3609	-99.55631	253.5822	71.73433	338.44714	-88.25256	253.58228	71.733025	338.3427	-96.63183	-255.05244	28.759556	3883.2322986125946	28.979345528047475
135	3572.8481	66.51038	3703.8423	3519.6824	3611.1523	5.4932446	3620.5774	3601.926	998.8	1000.0	674999	254.16005	71.76062	340.2567	-135.00467	254.15994	71.763374	338.15918	-141.08154	254.16048	71.75758	338.99823	-84.61703	-255.58273	30.004118	3913.6470160484314	28.989977914315684
136	3552.007	36.450413	3618.773	3520.3062	3608.6875	5.880394	3618.457	3601.2354	995.2	1000.0	679999	254.3487	72.1479	337.882	-155.83646	254.34837	72.150314	337.98642	-135.91269	254.34924	72.14917	339.17322	-126.559555	-255.65437	29.391512	3944.1990933418274	29.001463939161862
137	3280.5046	570.83136	3556.2036	2004.484	3531.8882	8.10272	3548.256	3518.0352	930.1667	1000.0	684999	254.97311	72.2227	341.49814	-134.65475	254.97302	72.225555	339.56696	-110.55299	254.97322	72.223885	339.03247	-113.102806	-256.1718	28.171919	3974.79936337471	29.013134056634275
138	3529.5286	15.308674	3549.9226	3502.8457	3621.653	3.7078547	3629.8796	3616.3423	1000.0	1000.0	689999	255.51505	72.3883	339.5608	-139.4111	255.51503	72.39087	339.5348	-145.82947	255.51524	72.390465	338.76144	-177.424	-257.08218	31.29173	4005.2012209892273	29.023197270821832
139	3546.3367	10.731134	3563.3892	3531.1587	3621.0737	3.9633048	3627.25	3614.2747	1000.0	1000.0	694999	255.95557	72.30598	339.3215	-124.4207	255.95598	72.30686	339.5954	-128.1023	255.95627	72.30434	339.16113	-123.25018	-257.5201	30.636091	4035.676108121872	29.033641081062154
140	3261.5967	572.51556	3555.1707	2116.6265	3629.1714	2.544935	3633.5261	3625.496	913.2	1000.0	699999	256.29874	72.50082	341.62747	-144.7123	256.29865	72.50385	340.76712	-110.92706	256.2989	72.50133	340.83817	-129.6304	-257.40607	30.614925	4066.4225623607635	29.045875462463925
141	3544.5508	12.790659	3559.5654	3525.6658	3625.582	2.4532766	3628.7957	3621.9426	1000.0	1000.0	704999	256.9303	72.421196	339.82867	-89.947235	256.93024	72.42246	339.31653	-70.88283	256.93073	72.42394	340.62173	-151.5318	-258.3182	27.617256	4097.015601396561	29.056848250382334
142	3549.7407	31.521578	3587.7793	3508.8127	3645.405	6.026713	3657.1086	3637.0247	1000.0	1000.0	709999	257.58792	72.20993	339.50415	-90.266136	257.58798	72.21217	339.38953	-87.65885	257.58875	72.212074	340.99774	-69.92264	-258.76782	28.719522	4127.533953905106	29.06714053556953
143	3533.5938	19.279547	3551.8962	3496.2454	3575.0476	3.544291	3582.1584	3569.435	1000.0	1000.0	714999	257.86844	72.58523	340.52182	-195.42815	257.86835	72.58875	340.33685	-142.56815	257.86874	72.5844	340.49472	-79.739914	-259.53687	29.5683	4158.2588675022125	29.078733354181676
144	3524.0488	16.77482	3546.1057	3502.655	3612.502	3.137727	3618.3833	3607.7522	1000.0	1000.0	719999	258.5144	72.446205	339.9648	-97.541084	258.51434	72.449844	340.55997	-96.71703	258.51486	72.44837	341.2433	-96.89371	-259.9521	27.456713	4188.87233710289	29.089391243126656
145	3524.4648	15.098122	3547.519	3507.6265	3612.425	3.1907632	3616.5496	3606.1714	1000.0	1000.0	724999	258.92743	72.27226	339.8227	-122.822395	258.9269	72.27628	341.3727	-105.65634	258.92703	72.2742	340.95053	-100.95561	-260.29733	25.361174	4219.390200614929	29.099242777659974
146	3532.1196	14.910352	3549.2407	3504.8123	3646.1587	4.0194273	3653.9924	3640.37	1000.0	1000.0	729999	259.45993	72.26117	339.65826	-213.60196	259.45996	72.26422	340.75522	-122.95232	259.4604	72.26192	340.1391	-107.94497	-261.08014	25.231003	4249.964189529419	29.109343781863174
147	3519.886	25.245539	3558.3484	3480.1147	3597.2563	7.0162377	3610.5898	3588.0132	1000.0	1000.0	734999	259.8322	72.5458	342.04544	-144.94933	259.83237	72.54959	342.16553	-153.0205	259.83234	72.549576	341.66248	-145.24554	-261.22986	28.425156	4280.689933538437	29.120339696910104
148	3349.3562	357.11542	3546.8142	2635.5723	3620.104	5.139495	3629.7522	3613.6506	942.4	1000.0	739999	260.67407	72.09874	343.5197	-98.49211	260.6741	72.09823	342.2151	-101.81406	260.67444	72.10004	342.26532	-118.55633	-261.97174	26.204336	4311.120017528534	29.129189322123658
149	3534.0864	17.281334	3564.0037	3519.0015	3641.8953	3.6406527	3647.6377	3633.6619	1000.0	1000.0	744999	261.24622	72.08095	344.9214	-110.0705	261.24646	72.082405	342.1979	-124.89009	261.24634	72.08143	344.01785	-108.71453	-262.4136	26.570787	4341.976041555405	29.14077881838651
150	3535.97	12.484687	3550.6838	3518.6497	3632.0657	3.2203019	3640.4507	3628.6416	1000.0	1000.0	749999	262.21863	71.65076	343.69464	-150.15761	262.2186	71.65124	341.83545	-125.54702	262.21948	71.645805	343.2165	-116.39304	-263.45724	28.527494	4372.602585315704	29.150683914820352
151	3535.1147	10.607995	3553.7888	3521.8435	3464.5737	10.240354	3478.116	3443.1426	1000.0	1000.0	754999	262.58875	72.141754	344.18777	-103.78491	262.58875	72.14366	345.53284	-110.59329	262.58914	72.141945	344.02185	-124.62748	-264.09958	29.944729	4403.158574581146	29.159990572771488
152	3528.775	19.293196	3548.569	3497.125	3599.0325	2.94575	3602.5503	3593.149	1000.0	1000.0	759999	263.3649	72.11313	347.5381	-97.93583	263.36526	72.11459	345.33838	-66.83486	263.3655	72.11137	346.62747	-72.70818	-264.5128	25.806456	4433.716886997223	29.169190058582707
153	3539.7937	17.078146	3562.328	3511.9414	3613.3003	5.2293034	3620.76	3605.9756	1000.0	1000.0	764999	264.0185	72.08747	344.2586	-109.63516	264.01892	72.08609	343.5176	-84.44241	264.01917	72.08638	343.69214	-66.26331	-265.4263	26.76594	4464.349515199661	29.178755013771305
154	3537.403	14.349961	3555.119	3522.0154	3616.8933	5.873148	3628.2302	3606.691	1000.0	1000.0	769999	264.49405	72.086655	346.17307	-124.18512	264.4941	72.088	344.25247	-135.01196	264.49426	72.08452	347.19635	-127.81847	-265.75284	26.489107	4494.944140672684	29.18794897934059
155	3538.2312	19.428318	3565.3955	3514.9048	3560.8926	5.0623293	3569.3826	3551.7375	1000.0	1000.0	774999	264.72943	72.57838	349.07272	-117.692726	264.7295	72.5819	346.04922	-103.422516	264.72983	72.57858	346.07977	-99.49588	-265.78833	26.822422	4525.4593732357025	29.19651209923529
156	3547.3508	10.373941	3560.4268	3534.7236	3635.02	4.83222	3641.3247	3625.994	1000.0	1000.0	779999	265.25302	72.503174	348.63757	-132.31888	265.2532	72.50613	346.6166	-141.82407	265.2532	72.50407	346.3822	-122.77088	-266.67737	26.661894	4556.095574855804	29.205740879743527
157	3548.4934	9.011437	3564.242	3538.724	3608.3354	3.3061686	3613.0312	3602.9873	1000.0	1000.0	784999	265.795	72.37538	347.5564	-103.1764	265.795	72.37736	346.39627	-109.957375	265.79556	72.37678	347.26163	-99.968155	-267.43378	27.512403	4586.99130320549	29.216505129625844
158	3403.1592	310.3949	3569.5415	2709.8923	3641.3152	4.4099817	3649.431	3632.4436	956.3333	1000.0	789999	266.14993	72.561386	347.63046	-76.233185	266.14975	72.56326	346.4497	-106.49876	266.15018	72.56129	347.5337	-103.003296	-267.4861	26.889872	4617.528381586075	29.224863189685195
159	3553.6401	9.252926	3568.2861	3543.7732	3609.6685	6.3659153	3618.0977	3599.4404	1000.0	1000.0	794999	266.69376	72.49054	348.07202	-100.191345	266.6936	72.4914	346.50934	-123.94726	266.69403	72.491356	347.22427	-92.07491	-267.9222	27.74515	4648.058245420456	29.23307073941021
160	3556.0	10.452235	3568.2966	3538.9373	3633.884	5.3351164	3644.2039	3624.0923	1000.0	1000.0	799999	267.20166	72.65166	352.89453	-142.71367	267.2016	72.652756	348.1671	-136.48401	267.2018	72.64922	348.0456	-141.50719	-268.32602	26.588535	4678.669839143753	29.241686509549616
161	3552.858	22.85038	3580.0325	3518.093	3639.275	5.996848	3652.18	3631.8325	1000.0	1000.0	804999	267.4159	72.90206	349.73422	-168.78035	267.41644	72.90269	348.4054	-157.66635	267.4167	72.899025	349.02383	-158.9145	-268.53018	26.732632	4709.432464599609	29.251133332341354
162	3561.5327	25.578053	3583.2383	3511.7822	3638.8633	4.934833	3646.3074	3629.1328	1000.0	1000.0	809999	267.76486	73.06437	349.79446	-116.04465	267.76407	73.06914	350.48013	-127.01847	267.76495	73.0653	349.02982	-111.78386	-268.89038	26.823324	4740.158674001694	29.260238741650994
163	3558.0762	5.2566195	3567.8674	3552.621	3647.1797	5.6093683	3655.5955	3638.9294	1000.0	1000.0	814999	268.25742	72.86869	350.06604	-136.7492	268.2576	72.8725	350.07382	-132.04729	268.25845	72.86708	350.0268	-136.37361	-269.35028	29.418488	4770.732304811478	29.2682963602382
164	3559.0286	7.016152	3571.4119	3549.7292	3613.4094	5.2722683	3621.2966	3603.3645	1000.0	1000.0	819999	268.67084	72.75374	351.47522	-141.25348	268.671	72.75599	350.6143	-132.21808	268.6709	72.75412	350.49063	-147.76357	-269.9381	26.047592	4801.536067247391	29.277658958260606
165	3548.1125	13.344302	3571.07	3533.3909	3586.858	3.3295777	3592.4702	3580.3828	1000.0	1000.0	824999	269.02975	72.78397	350.6792	-138.25395	269.0301	72.78335	350.9173	-123.22977	269.02988	72.786194	350.36853	-119.75924	-270.2883	25.604332	4832.339044570923	29.286903310544563
166	3539.2046	13.195239	3550.2344	3517.7517	3556.356	245.35812	3645.36	2820.4136	1000.0	978.1	829999	269.3018	72.80416	349.8021	-159.33517	269.3018	72.80564	350.16742	-148.19502	269.3022	72.80436	351.9784	-150.62393	-270.50836	25.269773	4862.901475191116	29.29458721287279
167	3553.5144	13.40364	3567.0696	3533.0798	3649.0786	6.42172	3663.0286	3637.5588	1000.0	1000.0	834999	269.697	72.6484	352.57056	-148.25131	269.69675	72.64853	351.8762	-146.78474	269.69687	72.6486	354.0065	-149.49939	-270.77408	26.255587	4893.385231494904	29.301707987299935
168	3547.191	16.384209	3577.747	3531.99	3617.8047	10.304095	3641.2397	3605.873	1000.0	1000.0	839999	270.19897	72.610466	351.2244	-154.73962	270.19922	72.61289	351.1521	-106.7623	270.19937	72.61027	351.2128	-106.09741	-271.56845	26.02182	4923.971673488617	29.30935521210943
169	3551.851	8.385547	3567.8203	3544.3635	3552.2622	16.862345	3575.2898	3527.6353	1000.0	1000.0	844999	270.59006	72.76315	350.68066	-82.170975	270.5906	72.76394	352.0185	-84.493996	270.59082	72.76267	351.094	-86.215294	-272.01706	24.699148	4954.713734388351	29.317832760556914
170	3535.959	19.576601	3564.4314	3518.4343	3615.9844	7.2655935	3629.089	3605.7288	1000.0	1000.0	849999	271.0349	72.73347	350.52228	-105.77576	271.0351	72.73264	351.0649	-111.77709	271.03564	72.73359	350.81952	-119.995705	-272.25153	27.936815	4985.485175609589	29.32638339996338
171	3552.7593	6.792073	3562.0103	3541.898	3613.914	2.8375843	3618.9856	3610.9895	1000.0	1000.0	854999	271.49268	72.54685	350.89044	-99.578636	271.49237	72.54748	351.80685	-113.61963	271.49365	72.54209	352.0386	-96.526726	-272.6914	26.421	5016.241525411606	29.334745776583578
172	3552.8684	10.325374	3573.375	3545.8718	3636.1907	5.7811947	3643.9172	3624.631	1000.0	1000.0	859999	271.8565	72.64524	351.46796	-132.2078	271.85623	72.64549	352.24756	-140.44698	271.85684	72.64549	350.57388	-92.15231	-273.1752	27.080965	5047.081605434418	29.34349771848945
173	3546.948	5.4493017	3556.3433	3540.8713	3631.9224	3.6892676	3640.3555	3627.8435	1000.0	1000.0	864999	272.56793	72.33385	351.0539	-186.66399	272.5679	72.33595	352.52017	-136.2681	272.56808	72.3367	351.29333	-204.27878	-273.85342	24.930227	5077.520027637482	29.349826760374743
174	3555.3022	12.164056	3577.2908	3543.87	3623.741	5.9620743	3635.9607	3617.1113	1000.0	1000.0	869999	273.18207	72.101395	352.16455	-78.76122	273.1826	72.10191	350.89023	-81.685905	273.18292	72.098816	351.1081	-90.96105	-274.4843	25.310682	5107.224102973938	29.351862673101753
175	3560.4917	12.384802	3575.9932	3542.3992	3618.6262	3.6558363	3624.2085	3611.6377	1000.0	1000.0	874999	273.59705	72.10075	352.4124	-75.34761	273.5969	72.09942	352.98068	-75.358284	273.5969	72.1011	351.2684	-92.22566	-274.78635	24.455587	5138.164102554321	29.360937741143363
176	3545.5203	11.1742325	3562.027	3530.355	3628.6125	5.0514565	3635.277	3620.0388	1000.0	1000.0	879999	274.14365	71.873955	352.13605	-120.56857	274.1439	71.87481	352.14114	-85.79773	274.1443	71.8741	351.37683	-124.43695	-275.0362	26.709084	5169.133539438248	29.370076940818265
177	3539.2134	12.73606	3553.9626	3516.9797	3618.1204	7.8813314	3629.0928	3599.8416	1000.0	1000.0	884999	274.5544	72.026215	352.76605	-110.043076	274.5547	72.0287	351.86557	-146.15855	274.55515	72.02513	352.7982	-105.23573	-275.6923	25.164532	5200.032466888428	29.37871451297049
178	3550.2358	5.757431	3557.646	3542.1409	3597.775	8.242108	3608.5664	3586.3396	1000.0	1000.0	889999	274.9432	72.08615	352.11887	-104.98574	274.9437	72.08754	351.98126	-122.103966	274.94354	72.08557	353.69348	-102.61447	-276.21756	23.710367	5231.032067298889	29.38782061351819
179	3550.8247	16.500553	3567.118	3530.7544	3630.636	3.3032894	3637.3074	3625.2756	1000.0	1000.0	894999	275.2605	72.11541	353.9284	-95.60686	275.26056	72.11739	352.51846	-100.9328	275.26105	72.11448	353.28842	-140.50641	-276.5088	25.037796	5261.6466274261475	29.39467390689104
180	3243.9858	588.1275	3551.4707	2068.049	3622.891	5.547204	3632.3813	3615.4001	914.6	1000.0	899999	275.7747	71.87363	353.63907	-165.0877	275.77496	71.870895	353.11	-125.68651	275.77518	71.87077	352.9886	-194.81131	-276.81125	24.389782	5292.425570487976	29.40236429108514
181	3535.8438	12.08351	3554.8367	3523.501	3621.7175	8.859323	3637.686	3608.5251	1000.0	1000.0	904999	276.42807	71.57655	353.7161	-76.82503	276.42804	71.576805	354.27423	-91.584755	276.4282	71.577805	354.73904	-88.45819	-277.5756	24.0743	5323.422439813614	29.411173713799997
182	3559.7153	4.2966924	3565.105	3554.989	3595.1907	7.290253	3605.7417	3581.6167	1000.0	1000.0	909999	276.7773	71.79209	354.80884	-84.406296	276.77725	71.79358	353.67975	-154.67249	276.77728	71.79179	354.40442	-105.64453	-277.92416	24.216438	5354.254371643066	29.41898007576282
183	3547.0586	15.538678	3577.212	3535.3545	3627.5698	4.956505	3637.3914	3619.2512	1000.0	1000.0	914999	277.2541	71.76273	354.72552	-101.75372	277.25366	71.76622	354.52286	-108.16317	277.2539	71.76573	354.56552	-142.2145	-278.5047	23.732565	5385.130465507507	29.426942444889924
184	3540.4297	15.849674	3563.779	3519.2522	3612.14	5.8030057	3619.0537	3600.4473	1000.0	1000.0	919999	277.66492	71.3659	354.72742	-101.65718	277.6648	71.36714	354.03043	-85.26381	277.66525	71.365	354.49567	-87.44616	-278.65857	24.296972	5415.91776061058	29.434335667154063
185	3539.879	22.226871	3570.9885	3511.2903	3625.3313	12.651221	3638.7678	3602.1238	1000.0	1000.0	924999	277.74017	71.56951	354.25385	-93.96439	277.74005	71.5702	353.74484	-78.67544	277.74045	71.56766	354.73233	-94.53262	-279.0123	26.546782	5446.838550567627	29.442370555207535
186	3545.8547	22.520699	3579.912	3515.7214	3637.243	5.5184774	3642.2002	3624.7173	1000.0	1000.0	929999	277.66833	71.56078	354.75418	-98.08524	277.66824	71.56149	355.235	-86.402245	277.6686	71.56287	355.36172	-100.89447	-278.65033	24.721668	5477.542770385742	29.4491546897478
187	3555.2534	10.76649	3570.1995	3542.3147	3616.0254	6.0417953	3623.6848	3606.1714	1000.0	1000.0	934999	278.14392	71.29769	355.2424	-97.696785	278.1441	71.297676	354.75497	-117.44018	278.1447	71.29682	355.38303	-123.78077	-279.17804	23.662813	5508.4846296310425	29.457137068325185
188	3552.3438	13.64103	3564.3262	3527.3816	3664.5942	7.0657415	3677.4766	3652.5015	1000.0	1000.0	939999	278.04697	71.564705	356.08435	-133.5798	278.0467	71.56704	357.18643	-117.02238	278.0472	71.56484	357.25867	-156.16486	-279.0826	23.94797	5539.195299625397	29.46380479665513
189	3563.147	15.113292	3582.9485	3536.261	3622.4167	4.6934114	3629.112	3611.6255	1000.0	1000.0	944999	278.18887	71.52721	355.52032	-78.3478	278.1884	71.529175	354.5862	-89.6782	278.18893	71.52737	355.31985	-93.110504	-279.3014	23.862694	5570.380445718765	29.472912422563663
190	3537.8047	9.571647	3548.6914	3521.7183	3629.9604	8.961473	3643.7886	3612.604	1000.0	1000.0	949999	278.7129	71.56185	355.06192	-149.6144	278.713	71.564285	355.09723	-135.37807	278.71317	71.5614	357.02634	-91.01338	-279.90564	21.810488	5601.003184080124	29.47896413677617
191	3546.8867	15.722907	3564.4788	3523.8733	3585.319	8.004106	3597.052	3574.2625	1000.0	1000.0	954999	278.83698	71.60296	353.6445	-116.05216	278.83673	71.605965	354.60825	-171.08508	278.83664	71.60651	354.5741	-200.30081	-280.0111	23.341223	5631.715585947037	29.485421927187456
192	3534.2476	20.990257	3556.8198	3494.46	3627.832	7.740792	3639.9976	3616.7327	1000.0	1000.0	959999	279.19385	71.36111	354.85342	-109.16974	279.19418	71.36222	354.9714	-126.96191	279.19446	71.3604	355.31647	-94.18516	-280.3102	24.684525	5662.670026779175	29.493073067317408
193	3545.3254	10.878282	3554.618	3525.2761	3609.4773	6.4126096	3621.0361	3598.0073	1000.0	1000.0	964999	279.54938	71.45587	356.73428	-91.02045	279.54968	71.45475	356.1235	-91.960594	279.54984	71.454834	355.35623	-83.673134	-280.66763	23.599918	5693.628362417221	29.500665101362635
194	3541.5637	15.010351	3563.6619	3523.194	3586.7476	6.6156626	3597.5532	3573.6812	1000.0	1000.0	969999	279.66852	71.31504	358.8396	-64.024796	279.66846	71.315895	355.13934	-69.00686	279.66843	71.31499	354.99274	-83.69618	-280.86942	22.83279	5724.495841503143	29.507710533043774
195	3343.566	403.48993	3568.599	2537.7397	3635.1536	3.4383717	3640.1824	3626.357	938.6	1000.0	974999	280.05356	71.18961	356.11206	-123.827484	280.05386	71.19031	355.41992	-172.57578	280.0542	71.19049	356.39398	-175.18767	-280.98846	23.27441	5755.298584461212	29.514351726189638
196	3558.0933	16.037514	3570.9307	3529.0962	3640.3835	5.572007	3650.0444	3633.6125	1000.0	1000.0	979999	280.59186	71.02577	359.10376	-132.95987	280.59116	71.02961	355.74637	-137.26273	280.59216	71.02593	355.89362	-117.0344	-281.59888	22.166357	5786.079495191574	29.52081376192521
197	3554.6719	10.5805855	3573.775	3545.3315	3617.7808	5.139596	3630.5835	3610.8718	1000.0	1000.0	984999	280.7307	70.934456	356.5809	-112.34661	280.73038	70.939644	357.11795	-106.57852	280.7308	70.937225	357.84738	-101.30798	-281.65994	24.23246	5816.709751844406	29.526445452937015
198	3117.89	960.0956	3565.4253	971.2233	3623.8618	3.3470132	3630.6428	3618.8433	883.5	1000.0	989999	281.02127	70.78592	355.58893	-109.13362	281.02164	70.7877	355.45245	-174.11467	281.02164	70.78457	356.4986	-128.778	-282.15793	22.094088	5847.3922646045685	29.532284177915013
199	3558.6362	23.514568	3585.4631	3521.141	3632.6355	9.764693	3652.414	3616.8108	1000.0	1000.0	994999	281.25558	70.76039	355.85626	-115.059784	281.25574	70.76216	354.99066	-81.810646	281.25607	70.76077	355.70926	-83.40739	-282.35245	22.415176	5877.972524881363	29.537550387071004
200	3553.3003	8.424759	3566.0483	3541.8308	3596.4617	8.459852	3611.027	3582.5276	1000.0	1000.0	999999	281.65198	70.563705	356.5239	-107.82981	281.65237	70.56446	355.80612	-164.16992	281.65268	70.56352	356.29367	-200.9999	-282.61823	23.67608	5908.565355300903	29.542826788425444
