Epoch	AverageEpRet	StdEpRet	MaxEpRet	MinEpRet	AverageTestEpRet	StdTestEpRet	MaxTestEpRet	MinTestEpRet	EpLen	TestEpLen	Time Steps	AverageQVals	StdQVals	MaxQVals	MinQVals	LossPi	LossQ	Time	AVG Time Per Epoch
1	-264.06754	94.181	-157.52057	-430.81073	-506.13605	68.06502	-410.85342	-642.49255	1000.0	1000.0	4999	4.7248836	6.4252853	35.09691	-5.4973693	-5.967326	0.5127516	32.236368894577026	32.23637080192566
2	-274.59778	58.0104	-214.18486	-382.68655	-465.2037	82.929375	-377.84732	-649.12787	1000.0	1000.0	9999	59.05844	36.058186	179.82535	4.1105413	-64.756516	4.9058094	72.07061409950256	36.0353080034256
3	-502.94165	115.00618	-326.77545	-666.19385	-801.9501	299.03052	-328.1141	-1340.6307	1000.0	1000.0	14999	192.96715	32.957664	277.58923	87.33498	-197.91977	23.694271	113.32130551338196	37.77376921971639
4	-475.27448	115.47259	-335.3711	-629.92676	-411.10483	253.84164	-64.2413	-779.3246	1000.0	1000.0	19999	200.53844	33.95146	258.9254	125.65366	-202.20215	15.388709	154.25690364837646	38.56422644853592
5	-288.6875	246.07419	159.0937	-536.88043	-132.74374	111.67441	20.296804	-337.87625	1000.0	1000.0	24999	177.81342	36.535366	243.02568	101.89033	-178.91527	10.37147	194.7814347743988	38.9562873840332
6	47.044548	249.94438	489.28647	-214.4081	485.21933	352.64844	883.38727	-444.70953	1000.0	1000.0	29999	154.81879	35.12045	215.57378	79.843	-155.82765	8.659475	236.49256658554077	39.41542808214823
7	1161.6489	376.13562	1616.2847	692.057	1849.7174	253.42958	2210.8152	1450.5863	1000.0	1000.0	34999	143.81668	36.03906	210.92732	66.78363	-144.97665	8.36606	277.8726737499237	39.69609655652727
8	2084.983	270.2443	2387.223	1767.4001	1818.907	509.66095	2484.2036	943.1262	1000.0	1000.0	39999	148.19547	41.05815	234.64539	61.08528	-149.63696	10.953929	319.1738848686218	39.89673584699631
9	2090.2856	225.47311	2361.9348	1794.2408	2259.1626	245.77751	2636.1985	1882.3251	1000.0	1000.0	44999	162.51752	46.22621	254.15878	60.79701	-164.23355	13.809421	360.7966253757477	40.088514142566254
10	1837.1019	510.63745	2364.444	1081.2941	2120.914	673.0628	2663.7024	379.28043	1000.0	1000.0	49999	179.47078	46.635258	271.973	75.324524	-181.12007	15.138963	402.6753854751587	40.26753878593445
11	2192.9263	89.70104	2271.89	2024.0417	2417.6294	308.58444	2810.2817	1699.9534	1000.0	1000.0	54999	193.81403	49.563675	283.38425	83.52712	-195.36082	16.426447	444.70756435394287	40.4279605475339
12	2296.7466	324.4477	2558.1694	1673.201	2717.6335	246.61247	3071.7634	2292.737	1000.0	1000.0	59999	206.37964	53.256958	298.68408	81.425766	-207.91579	17.779963	486.8544924259186	40.5712078611056
13	2551.3628	223.2749	2785.3315	2187.7764	2603.123	128.68922	2864.821	2445.3198	1000.0	1000.0	64999	218.60323	56.18389	314.71918	73.14497	-220.1792	18.670465	528.3447825908661	40.64190649986267
14	2476.2495	463.12347	2876.7722	1576.731	2561.2188	288.80206	2877.4875	2098.227	1000.0	1000.0	69999	230.85074	57.969856	329.84192	82.86931	-232.47685	19.731268	569.4300971031189	40.67357851777758
15	2905.9976	391.2693	3403.845	2319.5056	3403.8547	233.217	3660.595	2922.1274	1000.0	1000.0	74999	244.69666	57.761375	343.4983	82.11986	-246.4146	21.11655	611.7533056735992	40.78355385462443
16	3335.944	180.17146	3520.8164	2997.2996	3466.6926	126.36761	3669.189	3265.9377	1000.0	1000.0	79999	262.04242	57.11625	367.25946	90.119255	-263.94052	22.00063	653.7216453552246	40.85760295391083
17	3509.1758	62.849815	3590.619	3434.959	3309.526	1030.7836	3991.9246	316.05255	1000.0	1000.0	84999	280.87753	56.86164	381.69547	104.60821	-282.8615	23.039808	695.8644161224365	40.93320107460022
18	3541.0938	81.79551	3644.626	3431.5596	3855.082	129.5242	4076.9702	3615.1865	1000.0	1000.0	89999	299.15112	57.80982	397.59653	115.69791	-301.15994	23.361912	737.4795393943787	40.97108565436469
19	3597.1418	119.15982	3813.6277	3473.3748	3820.8484	189.45952	4067.5078	3390.1704	1000.0	1000.0	94999	315.21075	59.29447	412.05115	119.15049	-317.22388	22.770828	778.8796441555023	40.99366560735201
20	3757.8364	75.640175	3845.068	3663.9966	3823.6055	210.32722	4138.045	3339.6516	1000.0	1000.0	99999	329.9506	59.68686	427.2437	138.83644	-331.92416	22.627844	820.9990088939667	41.04995056390762
21	3732.6133	145.23453	3905.0505	3479.628	3988.1003	48.2293	4071.9233	3912.9124	1000.0	1000.0	104999	342.81705	60.656986	438.2406	152.14594	-344.77338	21.682648	863.5416073799133	41.121029025032406
22	3923.9507	61.141193	3973.5002	3817.2927	4207.361	84.18097	4336.83	4023.5632	1000.0	1000.0	109999	354.14307	62.942173	448.8354	149.24756	-356.10117	21.57801	905.6860547065735	41.16754803874276
23	3947.623	92.01332	4121.1	3853.3079	4135.9634	77.57127	4339.705	4065.9697	1000.0	1000.0	114999	364.5955	63.341694	458.58963	152.89845	-366.64066	21.582752	947.7974908351898	41.20858665134596
24	3979.9922	72.525505	4084.1887	3893.0916	3828.4956	294.27814	4182.2925	3018.3345	1000.0	1000.0	119999	375.25726	62.132988	464.0887	152.493	-377.22406	20.453506	990.1272773742676	41.255303313334785
25	4010.442	139.41542	4163.319	3747.084	3722.056	205.12355	4140.424	3382.4443	1000.0	1000.0	124999	383.14154	62.137974	474.06833	152.81323	-385.05765	20.29684	1032.3175101280212	41.29270050048828
26	3956.0376	123.98	4183.708	3840.109	4167.786	93.065704	4357.643	3972.29	1000.0	1000.0	129999	390.39087	62.624374	482.15692	157.22423	-392.29584	20.047523	1074.6475095748901	41.332596613810615
27	4032.0605	108.048805	4155.6987	3853.7654	4130.534	421.84644	4398.9956	2894.9546	1000.0	1000.0	134999	396.81635	64.216995	486.42996	166.6835	-398.7169	20.13166	1117.061761856079	41.37265791716399
28	3700.6836	492.8918	4059.678	2727.7898	4265.0537	105.67315	4380.9106	4031.0476	1000.0	1000.0	139999	401.10016	65.59954	489.2352	163.51004	-402.91983	20.22318	1159.611575603485	41.41469919681549
29	4005.8555	81.50545	4096.5347	3874.0894	4419.79	50.04551	4514.9263	4336.849	1000.0	1000.0	144999	405.35922	66.81615	493.49335	184.23357	-407.1835	20.273819	1200.8902688026428	41.41000935949128
30	4116.829	213.13928	4357.734	3770.125	4397.4775	70.95743	4491.516	4261.8115	1000.0	1000.0	149999	410.40375	65.98736	494.88034	199.58742	-412.25864	20.0732	1242.225049495697	41.407501729329425
31	3890.9766	332.9811	4204.057	3246.5896	4356.141	114.10384	4521.4297	4132.021	1000.0	1000.0	154999	415.11276	63.180916	499.48773	210.63863	-416.93268	19.536976	1283.7034320831299	41.409788208623084
32	3937.9673	296.14685	4240.574	3381.8489	4350.9194	71.21387	4482.304	4243.2856	1000.0	1000.0	159999	418.49014	62.71681	504.8307	229.0269	-420.2425	19.738995	1325.345389842987	41.41704349964857
33	3996.9238	333.79163	4224.3237	3335.902	4437.229	127.76473	4589.619	4110.7466	1000.0	1000.0	164999	420.43808	64.75872	502.28516	220.8538	-422.10406	19.471756	1366.843162536621	41.41948984608506
34	4159.159	131.2314	4252.0054	3898.821	4152.496	283.31015	4388.0337	3424.952	1000.0	1000.0	169999	422.0265	67.17317	504.64056	211.56639	-423.70135	19.336674	1408.6102409362793	41.42971303883721
35	4174.1973	71.45395	4260.38	4045.6245	4235.1313	44.16866	4295.2793	4155.4707	1000.0	1000.0	174999	424.66315	66.70129	505.56836	206.26123	-426.3767	19.161081	1450.2884695529938	41.4368134702955
36	4192.5312	79.67596	4254.0747	4035.2434	4518.5225	55.439228	4581.442	4384.606	1000.0	1000.0	179999	426.6628	67.105125	507.40158	200.80508	-428.3241	19.435425	1491.7888407707214	41.438578969902466
37	4223.064	65.47774	4313.4375	4145.476	4393.1943	81.84062	4498.9478	4258.884	1000.0	1000.0	184999	428.6663	66.297935	508.65607	210.97888	-430.33615	19.235065	1533.360244512558	41.442168828603386
38	4221.413	92.98747	4315.035	4063.3115	4511.935	58.821953	4592.4453	4400.2144	1000.0	1000.0	189999	430.9568	64.69522	509.1217	209.23898	-432.6465	18.821146	1575.019100189209	41.447871120352495
39	4207.532	32.706985	4268.501	4178.915	4491.0767	104.16278	4713.6753	4331.6333	1000.0	1000.0	194999	433.67624	63.37152	511.1594	200.97002	-435.3047	18.152763	1616.642203092575	41.452364242993866
40	4230.667	70.31293	4304.116	4138.8833	4405.849	134.16014	4626.0	4253.869	1000.0	1000.0	199999	435.6758	62.086334	510.08572	179.47572	-437.3037	17.747335	1658.8712899684906	41.47178231477737
41	4227.456	90.13832	4356.5767	4078.875	4502.771	84.72261	4612.408	4287.682	1000.0	1000.0	204999	437.1879	61.03311	510.69604	152.90161	-438.7769	18.201326	1701.7126786708832	41.50518738351217
42	4108.691	128.93661	4270.6797	3923.434	4295.372	311.0587	4555.6353	3600.3872	1000.0	1000.0	209999	439.1138	59.10532	512.0063	143.8685	-440.7391	18.143778	1744.4584834575653	41.53472584202176
43	4251.245	56.299168	4354.499	4190.446	4613.4043	92.6737	4750.888	4449.873	1000.0	1000.0	214999	441.75494	56.55681	514.2697	172.26056	-443.3586	17.37138	1786.0393517017365	41.53579893223075
44	4248.269	64.46334	4350.5312	4185.8706	4019.2192	87.24328	4126.9014	3864.5022	1000.0	1000.0	219999	443.90167	55.938442	516.21344	194.84683	-445.4698	16.928825	1827.6764795780182	41.538101851940155
45	4245.691	85.85909	4376.682	4123.104	4435.7427	89.65395	4605.9243	4301.2407	1000.0	1000.0	224999	445.25125	55.944084	515.0687	222.4133	-446.7803	16.530745	1868.727389574051	41.5272753768497
46	4247.625	96.20628	4356.27	4127.494	4273.536	85.22576	4402.565	4139.0464	1000.0	1000.0	229999	446.03043	56.50558	514.1146	217.9104	-447.5097	15.89995	1910.4145276546478	41.530750653018124
47	4255.9023	50.6404	4311.12	4169.6206	4462.8813	97.99912	4591.633	4271.7017	1000.0	1000.0	234999	446.19022	57.8626	514.3716	192.92096	-447.61316	15.635603	1951.8028116226196	41.52771945202604
48	4228.115	60.454624	4325.55	4154.1445	4422.836	276.39633	4659.3887	3652.5686	1000.0	1000.0	239999	446.1921	58.447426	515.2025	183.19592	-447.6217	15.920228	1993.4696474075317	41.53061770896117
49	4319.798	33.320602	4370.6396	4282.4575	4593.8525	56.497986	4674.6694	4510.9316	1000.0	1000.0	244999	447.01224	58.880848	514.7982	190.1883	-448.476	15.729663	2035.1141245365143	41.532941365728576
50	4294.9443	134.23999	4496.3037	4095.48	4582.532	79.58209	4703.1743	4434.4814	1000.0	1000.0	249999	448.7181	58.797043	516.50476	193.50983	-450.153	15.653494	2076.490888595581	41.52981781482696
51	4358.278	77.4978	4510.455	4309.5845	4470.4395	142.70122	4636.191	4139.4365	1000.0	1000.0	254999	449.09744	61.77144	518.0432	189.3674	-450.5343	15.279287	2117.7666034698486	41.52483541357751
52	4356.819	112.27236	4529.315	4195.8813	4621.8184	95.65532	4793.817	4449.731	1000.0	1000.0	259999	450.59424	61.94629	521.6692	196.0247	-452.0297	15.5178	2159.5537827014923	41.52988048700186
53	3820.382	1164.3674	4478.75	1494.6892	4513.6426	88.29079	4681.762	4417.0854	1000.0	1000.0	264999	451.80856	62.170956	522.33154	101.09524	-453.2415	16.179743	2201.418613910675	41.5362003074502
54	4304.676	67.68742	4424.662	4229.783	4535.037	196.23534	4730.2817	4068.725	1000.0	1000.0	269999	451.9703	64.564125	521.815	90.65146	-453.3479	16.465988	2242.862033843994	41.534482152373705
55	4347.9927	47.163715	4414.912	4291.5947	4313.046	139.86903	4477.1465	4010.6626	1000.0	1000.0	274999	452.2925	66.93257	521.8128	106.267914	-453.66833	16.474188	2284.5706930160522	41.537649002942175
56	4292.7666	128.2129	4448.906	4107.264	4630.878	71.127075	4738.362	4530.8467	1000.0	1000.0	279999	452.8194	67.81053	521.08716	108.16135	-454.22766	16.579487	2325.8613901138306	41.533239147492814
57	4361.954	108.54681	4519.3125	4182.2466	4652.589	65.26764	4748.2295	4530.8433	1000.0	1000.0	284999	453.83557	68.37759	524.1537	106.07577	-455.223	16.440203	2367.6322700977325	41.53740828497368
58	4321.4873	72.82676	4386.879	4225.5005	4300.1855	431.14526	4703.497	3423.1853	1000.0	1000.0	289999	454.88882	68.932365	525.41925	87.80197	-456.30664	16.495562	2409.279707670212	41.53930533754414
59	4417.322	37.574207	4469.6475	4365.315	4559.2593	105.22787	4715.563	4374.764	1000.0	1000.0	294999	456.80884	67.39669	523.2409	121.229126	-458.2241	15.919246	2451.1511657238007	41.54493504459575
60	4355.816	29.08838	4403.437	4312.477	4667.6016	39.00917	4730.2935	4608.013	1000.0	1000.0	299999	458.30795	65.90971	523.862	150.08041	-459.667	15.439778	2492.7660138607025	41.54610027074814
61	4400.909	67.77069	4505.224	4308.6694	4515.796	99.98805	4579.278	4227.459	1000.0	1000.0	304999	458.8439	65.92661	524.63696	143.6402	-460.20605	15.587881	2533.918928861618	41.53965461058695
62	4431.4756	39.40548	4501.2407	4382.97	4686.669	50.237934	4762.8057	4599.597	1000.0	1000.0	309999	459.3347	65.88341	523.3047	133.44702	-460.67316	15.278275	2575.7825553417206	41.54487996716653
63	4365.2007	104.76449	4525.347	4259.157	4414.9727	278.23425	4689.722	3746.9824	1000.0	1000.0	314999	460.14392	65.32971	525.96405	130.30966	-461.46085	15.11692	2617.7407953739166	41.55144123047117
64	4398.884	57.415756	4498.1377	4321.8755	4487.963	197.89084	4755.5547	4058.9346	1000.0	1000.0	319999	460.67044	66.23922	526.96265	125.059715	-461.9816	14.894227	2659.5360453128815	41.555250748991966
65	4439.714	97.44591	4588.3813	4289.8813	4525.854	143.68507	4605.7197	4102.286	1000.0	1000.0	324999	461.35413	65.51076	525.73956	128.71887	-462.7015	15.301307	2701.2859225273132	41.55824499863844
66	4359.693	34.323784	4414.1816	4306.6694	4579.282	208.18369	4821.9556	4159.694	1000.0	1000.0	329999	462.4966	64.28317	526.3633	132.83972	-463.82156	15.096086	2742.853333711624	41.558383883851945
67	4413.394	97.825745	4529.7764	4290.3833	4648.6978	69.26612	4751.516	4503.3613	1000.0	1000.0	334999	463.59842	63.681347	525.85406	146.79721	-464.9122	14.891061	2784.626654148102	41.56159188854161
68	4387.785	69.69781	4455.0586	4298.4116	4582.356	63.707787	4677.036	4475.3896	1000.0	1000.0	339999	464.50223	62.585716	528.36584	151.06873	-465.8024	14.748935	2826.183503627777	41.561522140222436
69	4447.7227	113.64848	4565.9263	4230.357	4168.282	1456.3193	4733.825	-198.03981	1000.0	1000.0	344999	464.84213	63.290703	528.9118	140.85942	-466.14584	14.926278	2868.006636619568	41.56531360529471
70	4389.746	99.86641	4544.141	4247.2856	4659.0713	122.93703	4781.4688	4340.1895	1000.0	1000.0	349999	465.92136	63.03594	527.2866	147.70181	-467.2384	14.825413	2909.9575073719025	41.570821564538136
71	4436.346	86.34381	4528.206	4271.818	4564.2783	102.4783	4647.2427	4288.0415	1000.0	1000.0	354999	467.08868	62.04962	527.87213	143.78087	-468.4215	14.955145	2952.031641483307	41.577910473648934
72	4317.835	350.2057	4558.3315	3625.3782	4598.8687	98.684975	4787.947	4434.266	1000.0	1000.0	359999	468.57535	60.573074	529.0928	148.825	-469.8898	14.8541155	2993.8874385356903	41.581770012776055
73	4468.2275	130.39165	4608.008	4231.8813	4717.1904	53.329483	4789.9487	4607.1147	1000.0	1000.0	364999	468.851	61.116566	529.96875	168.44534	-470.11874	14.740572	3035.5933730602264	41.58347089323279
74	4442.0405	55.336685	4523.284	4367.908	4691.3906	115.82244	4839.8486	4438.697	1000.0	1000.0	369999	469.5126	62.08792	531.52765	171.29118	-470.809	14.453244	3077.0170288085938	41.58131123233486
75	4468.6914	93.65105	4546.3574	4286.6934	4514.445	236.50626	4762.648	3931.4834	1000.0	1000.0	374999	469.80753	62.89996	530.51044	181.56741	-471.07205	14.485741	3118.641273498535	41.581883681615196
76	4297.2656	167.29118	4433.7686	3998.4543	4741.2144	37.200104	4831.9224	4701.9556	1000.0	1000.0	379999	469.23215	63.7448	530.2384	180.22841	-470.47726	15.225503	3160.5054848194122	41.585598509562644
77	4486.843	38.34585	4548.731	4433.741	4669.789	153.31044	4908.365	4295.3447	1000.0	1000.0	384999	468.90775	63.550697	530.20013	177.57782	-470.1669	15.861905	3202.5063936710358	41.590992153464974
78	4470.0166	76.82622	4588.933	4361.104	4413.6	230.0577	4594.595	3786.0369	1000.0	1000.0	389999	469.06918	63.17332	529.0035	163.03865	-470.28934	15.033025	3244.5245745182037	41.59646893158937
79	4466.4253	65.74839	4571.5327	4371.3394	4639.8784	115.13645	4805.947	4346.081	1000.0	1000.0	394999	469.07034	63.768154	530.43945	149.91135	-470.27884	15.140738	3286.7633397579193	41.60459926762158
80	4500.1143	152.00533	4626.284	4204.619	4710.056	152.49187	4857.217	4347.0312	1000.0	1000.0	399999	469.27985	63.360096	528.9451	173.74763	-470.48294	14.962161	3329.204911470413	41.61506142318249
81	4109.4736	669.4122	4547.9717	2782.0586	4107.616	1331.0515	4691.0664	133.75777	1000.0	1000.0	404999	469.28882	63.536808	530.753	188.97444	-470.48956	14.891259	3371.332988500595	41.62139494919482
82	4260.3975	237.10623	4492.155	3936.6282	4681.339	87.81186	4780.5537	4473.323	1000.0	1000.0	409999	468.80276	65.481575	529.1967	194.6045	-469.96875	15.9386215	3413.769216775894	41.63133194097659
83	4443.5537	75.9102	4528.6626	4330.6973	4751.263	78.20087	4848.2417	4582.2886	1000.0	1000.0	414999	468.70068	67.022705	530.45776	161.03903	-469.9255	17.093924	3455.83557844162	41.636573260089
84	4461.389	61.16617	4549.0796	4397.6787	4757.542	49.196373	4833.642	4664.9375	1000.0	1000.0	419999	469.3165	65.547	530.626	177.41078	-470.5419	16.801184	3498.283219099045	41.646228824343
85	4485.577	79.9323	4575.7886	4341.4487	4419.337	165.47993	4609.427	4008.725	1000.0	1000.0	424999	470.65274	61.871002	533.416	180.67018	-471.8917	15.853939	3540.6037697792053	41.65416202264674
86	4458.3413	70.143005	4534.8975	4330.267	4749.163	42.026142	4821.6562	4701.3022	1000.0	1000.0	429999	471.85675	59.998558	533.3495	217.32607	-473.05814	15.250413	3582.8717045783997	41.6612989181696
87	4465.253	13.035064	4483.1685	4444.661	4673.6196	79.535194	4795.0576	4536.6187	1000.0	1000.0	434999	472.26553	58.83651	531.6101	209.68008	-473.4673	14.882854	3624.823483467102	41.66463776292472
88	4515.689	79.969574	4642.3403	4393.9795	4777.563	55.16122	4849.739	4680.2305	1000.0	1000.0	439999	472.7472	57.44919	531.27234	216.59436	-473.9163	14.266504	3667.1557247638702	41.672224172137
89	4547.6	77.02777	4660.8027	4419.8633	4828.626	80.52945	5005.497	4694.854	1000.0	1000.0	444999	472.86295	57.955296	532.55035	215.16116	-473.99396	14.063094	3709.336221933365	41.67793510469158
90	4537.999	54.75805	4628.9414	4475.3755	4698.5044	85.42772	4822.4487	4526.6953	1000.0	1000.0	449999	472.7901	58.950836	531.47253	203.24681	-473.9448	14.351553	3751.582006216049	41.684244542651705
91	4480.1533	76.756	4557.926	4368.044	4848.121	33.094116	4893.8716	4793.313	1000.0	1000.0	454999	473.23297	57.921852	534.69946	198.19528	-474.4014	14.526659	3793.909831762314	41.69131685613276
92	4500.3145	53.093517	4602.927	4452.1255	4720.649	83.104454	4864.591	4580.966	1000.0	1000.0	459999	473.85648	57.114944	530.58655	189.7429	-475.02716	13.916052	3836.373899936676	41.699716329574585
93	4537.714	46.27294	4594.3013	4455.8257	4791.2275	48.09281	4892.9805	4717.618	1000.0	1000.0	464999	473.9435	57.277073	532.49994	159.78073	-475.0933	14.302384	3878.7528145313263	41.70701953672594
94	4490.371	66.85335	4566.124	4405.883	4572.153	449.10654	4889.3594	3377.1387	1000.0	1000.0	469999	474.77692	56.838642	532.5623	178.3473	-475.94864	14.234053	3921.0074281692505	41.712845003351255
95	4407.5684	144.6141	4568.492	4135.256	4774.3135	206.65276	4975.673	4209.4614	1000.0	1000.0	474999	475.5548	56.3898	532.1482	186.1318	-476.706	13.809071	3963.645248413086	41.72258158984937
96	4500.3545	82.35937	4594.0073	4356.0835	4492.037	55.969845	4569.6953	4376.44	1000.0	1000.0	479999	475.7386	57.962917	535.03577	172.09666	-476.83304	14.006613	4006.168622493744	41.73092317332824
97	4557.0103	47.776287	4621.7974	4475.144	4775.678	146.96828	4982.5537	4390.4097	1000.0	1000.0	484999	475.0412	60.16205	533.07465	159.90158	-476.1351	14.24848	4048.564042329788	41.73777365684509
98	4538.0557	79.3894	4604.8115	4388.1846	4232.363	1392.3397	4854.784	102.188995	1000.0	1000.0	489999	475.1305	60.67043	534.9116	170.17648	-476.27295	14.978925	4091.1047043800354	41.74596639798612
99	4448.4014	101.42039	4560.223	4263.75	4672.3647	107.960724	4786.901	4441.164	1000.0	1000.0	494999	475.79837	60.879585	532.2083	140.07199	-476.9268	14.627076	4133.444675207138	41.7519664403164
100	4462.177	148.39941	4683.06	4226.4297	4720.0083	93.378586	4869.253	4506.6597	1000.0	1000.0	499999	476.19537	60.173515	533.9684	109.277985	-477.3103	14.529192	4175.7282881736755	41.75728290557861
101	4619.389	53.680534	4685.8335	4524.9097	4871.8955	61.676144	4996.639	4781.5176	1000.0	1000.0	504999	476.32764	59.978374	534.5554	116.45054	-477.41046	13.999733	4218.209902048111	41.76445449932967
102	4584.659	80.13439	4696.9263	4468.7163	4791.564	73.291466	4868.086	4612.0493	1000.0	1000.0	509999	476.73898	59.610683	533.5854	138.67142	-477.84244	14.173786	4260.379544973373	41.76842693487803
103	4424.6436	189.25833	4547.986	4049.1572	4644.5273	228.82385	4888.9536	4057.4048	1000.0	1000.0	514999	476.8221	59.184235	534.6845	135.78215	-477.91644	14.049755	4302.800292491913	41.77476014442814
104	4556.143	24.183214	4598.3613	4527.392	4789.6475	101.45111	4993.8887	4564.3296	1000.0	1000.0	519999	477.30954	58.96593	533.45483	153.15596	-478.3966	13.954187	4345.0784294605255	41.77960030390666
105	4511.9067	90.24371	4634.6	4366.355	4797.8315	88.22649	5004.143	4700.8022	1000.0	1000.0	524999	477.45505	59.889698	535.07275	151.2143	-478.5139	14.532462	4387.458824157715	41.78532215754191
106	4534.8276	55.987766	4609.0933	4447.9644	4814.1587	56.04831	4897.7944	4692.848	1000.0	1000.0	529999	477.63947	59.94445	534.02264	161.76436	-478.6969	14.286455	4429.790937900543	41.7904805642254
107	4530.2144	57.911186	4627.275	4452.0225	4623.009	237.2659	4817.159	3952.7417	1000.0	1000.0	534999	478.27048	58.827003	532.38495	161.59438	-479.3625	13.953935	4471.983355045319	41.79423698532247
108	4510.9995	42.75101	4557.846	4434.835	4848.2085	71.99057	4927.7666	4673.558	1000.0	1000.0	539999	478.6418	57.659668	534.9955	168.32492	-479.7299	14.17875	4514.386613368988	41.799876071788646
109	4533.1416	73.71643	4639.892	4448.399	4764.6787	77.12349	4933.152	4668.9873	1000.0	1000.0	544999	479.28894	56.437515	535.0218	176.70634	-480.38864	14.08375	4556.9115998744965	41.80652846108883
110	4515.2173	86.6771	4601.359	4357.791	4811.8564	77.01277	4898.946	4660.4023	1000.0	1000.0	549999	479.86658	55.67464	535.2446	192.24956	-480.95	13.753317	4599.544577360153	41.81404164487665
111	4437.16	343.97733	4665.432	3755.1758	4834.9883	174.2038	5009.1646	4353.0493	1000.0	1000.0	554999	480.3613	54.98657	534.1827	178.44623	-481.4399	14.032981	4642.002684354782	41.81984402252747
112	4625.329	90.80912	4706.994	4457.761	4770.7114	175.4188	4934.392	4339.0894	1000.0	1000.0	559999	480.33835	56.27498	540.56335	168.93492	-481.3849	14.186898	4684.118347644806	41.822485268116
113	4579.2666	49.57519	4645.1978	4510.3594	4780.8384	65.31733	4881.7524	4665.2285	1000.0	1000.0	564999	480.39874	56.902042	537.28516	172.43057	-481.44284	14.372006	4726.697009086609	41.8291770926619
114	4545.9956	51.340324	4639.8296	4495.697	4799.7666	56.9183	4898.747	4707.455	1000.0	1000.0	569999	480.7668	57.083294	535.29675	161.9578	-481.8334	14.114618	4769.086802482605	41.83409477535047
115	4561.177	52.297947	4636.7236	4510.206	4736.186	47.86102	4813.983	4633.0015	1000.0	1000.0	574999	481.6623	55.267994	534.35004	168.85153	-482.7499	14.096455	4811.322024345398	41.837582967592326
116	4561.4697	57.996967	4623.145	4464.5283	4695.991	412.27615	4923.257	3469.8147	1000.0	1000.0	579999	482.15912	53.905525	535.3674	180.07349	-483.20126	13.797081	4853.477011203766	41.84031908265476
117	4189.8574	816.65735	4699.761	2567.4036	4793.0254	75.02948	4939.6826	4650.933	1000.0	1000.0	584999	481.5518	55.566837	534.4518	188.97475	-482.58624	13.641545	4895.81321644783	41.844557425914665
118	4581.038	43.239594	4649.6924	4522.531	4734.622	79.61891	4851.6157	4527.683	1000.0	1000.0	589999	481.63376	55.203804	534.1264	159.61995	-482.6897	13.711875	4938.125341653824	41.8485198627084
119	4570.8403	48.875256	4647.1655	4507.215	4753.979	40.358147	4815.49	4706.7246	1000.0	1000.0	594999	481.70648	55.86012	536.33203	135.6148	-482.749	13.955409	4980.588103294373	41.8536815583205
120	4430.861	135.90628	4613.7363	4206.412	4790.037	70.49466	4873.4663	4627.6084	1000.0	1000.0	599999	481.4739	56.696117	535.8668	128.43779	-482.49475	14.028137	5023.002067327499	41.85835058291753
121	4589.9634	31.189564	4614.408	4529.5933	4887.803	89.976616	5005.615	4729.5703	1000.0	1000.0	604999	481.63663	57.44458	535.7871	133.26735	-482.6726	14.056742	5065.466504573822	41.86335956163643
122	4534.806	82.872765	4635.8286	4394.2666	4739.6333	44.301373	4810.3525	4671.65	1000.0	1000.0	609999	482.03983	57.716785	536.1368	122.970146	-483.049	14.1691	5108.065034151077	41.869385543416755
123	4537.8433	64.21396	4632.404	4447.004	4727.137	178.91684	4908.3564	4227.8115	1000.0	1000.0	614999	481.91104	58.51433	535.83655	95.92774	-482.9403	14.304975	5150.615789651871	41.87492513656616
124	4600.8506	61.654606	4684.2085	4494.565	4887.6763	44.281567	4956.193	4813.55	1000.0	1000.0	619999	482.22635	59.265945	539.89215	94.76902	-483.261	14.275082	5193.013871669769	41.87914414175095
125	4581.534	111.712265	4695.094	4411.2	4844.1436	129.70404	4944.518	4482.6436	1000.0	1000.0	624999	483.1486	58.763145	538.79785	91.00869	-484.2058	14.524701	5235.491066455841	41.88392854881287
126	4628.099	63.533894	4691.998	4508.3086	4856.6904	37.75246	4912.2705	4799.306	1000.0	1000.0	629999	484.05743	57.76033	537.94403	115.828224	-485.08646	13.542335	5277.601723194122	41.88572797888801
127	4517.3687	38.025387	4550.346	4445.4336	4884.8916	87.66749	5014.0566	4735.7373	1000.0	1000.0	634999	484.237	57.20807	538.8515	118.81194	-485.28116	13.860319	5320.422496318817	41.89309053909122
128	4550.6953	32.757507	4596.9688	4515.7007	4705.756	114.69284	4854.612	4516.2183	1000.0	1000.0	639999	484.6228	56.441803	539.8337	124.714424	-485.67004	13.882287	5362.970902681351	41.89821019768715
129	4520.102	34.671642	4568.398	4468.546	4759.0527	129.92586	4903.9	4470.908	1000.0	1000.0	644999	484.97113	56.245472	541.1114	120.14703	-486.006	13.996434	5405.310871124268	41.9016346765119
130	4600.7397	66.97853	4691.2236	4499.4287	4818.1196	86.78128	4979.297	4693.804	1000.0	1000.0	649999	485.42322	55.536118	539.5566	108.76011	-486.4693	14.093933	5447.6923933029175	41.90532611883604
131	4569.1143	61.404724	4640.2886	4455.57	4854.669	66.806206	4972.125	4742.8696	1000.0	1000.0	654999	485.66812	55.17465	539.71246	120.200935	-486.6989	13.654106	5490.226933717728	41.91012928140072
132	4598.379	94.15163	4768.8765	4489.403	4789.9697	57.098183	4890.5635	4672.008	1000.0	1000.0	659999	486.0271	54.767155	538.677	129.72815	-487.0512	13.495056	5532.709225177765	41.91446384336009
133	4564.796	59.678047	4637.518	4496.6714	4876.1787	52.089924	4956.585	4800.227	1000.0	1000.0	664999	486.44077	53.733093	538.1912	117.489296	-487.4623	13.552646	5575.307414531708	41.919604638465366
134	4586.582	28.396902	4624.964	4552.602	4935.6304	71.96839	5041.4277	4826.675	1000.0	1000.0	669999	486.73282	53.48223	539.7315	154.10199	-487.73825	13.337093	5617.808554410934	41.92394445547417
135	4538.7	39.84109	4595.754	4471.7827	4832.5093	101.0793	4966.1353	4667.668	1000.0	1000.0	674999	486.64896	54.882687	538.54755	113.14196	-487.6533	13.28454	5660.328938484192	41.92836252495095
136	4619.0312	58.84378	4676.707	4525.257	4754.2373	142.03914	4912.755	4391.13	1000.0	1000.0	679999	486.90015	55.62595	542.52277	108.9754	-487.9119	13.834508	5702.858994483948	41.932786738171295
137	4505.404	44.831646	4591.733	4463.4385	4779.1147	194.39287	4943.286	4225.634	1000.0	1000.0	684999	487.2016	54.986557	541.05566	139.30847	-488.20374	13.611573	5745.304558515549	41.93652964334418
138	4570.966	92.31696	4711.2207	4432.8467	4801.8735	144.23758	5006.3003	4557.867	1000.0	1000.0	689999	487.38763	53.946774	538.7247	150.8002	-488.3891	13.80957	5787.704110145569	41.93988486994868
139	4615.465	13.08635	4631.5527	4598.171	4864.6143	72.949554	4985.455	4746.998	1000.0	1000.0	694999	487.47824	52.590992	539.3542	159.23361	-488.485	13.489725	5829.979013442993	41.942295076178134
140	4556.178	99.32361	4681.8335	4385.1543	4917.152	67.075645	4992.9634	4785.54	1000.0	1000.0	699999	487.19617	52.64853	540.2872	167.6471	-488.1745	13.098095	5872.837126255035	41.9488366331373
141	4552.9326	72.11228	4647.7705	4491.3037	4788.176	103.14192	4919.383	4569.627	1000.0	1000.0	704999	487.112	53.601326	539.40076	177.40288	-488.08813	13.005856	5915.261314868927	41.95220792039912
142	4584.072	57.546	4645.0127	4483.0776	4810.592	72.46782	4925.8867	4693.281	1000.0	1000.0	709999	486.7041	55.70642	541.5781	164.44215	-487.659	13.30525	5957.722520828247	41.95579241698896
143	4609.285	62.097973	4723.521	4553.589	4931.593	71.89057	5068.5454	4836.092	1000.0	1000.0	714999	486.46063	57.775024	538.6671	148.69159	-487.4516	13.276375	6000.284062862396	41.96002843329956
144	4531.9824	28.06263	4571.443	4494.092	4812.2876	85.43673	4950.7935	4647.382	1000.0	1000.0	719999	487.01785	56.767487	540.9535	155.89972	-488.0196	13.295539	6042.847472667694	41.9642185734378
145	4611.407	47.34517	4673.602	4537.4907	4932.8276	196.26346	5107.6753	4379.362	1000.0	1000.0	724999	487.66928	56.370575	541.73676	153.92284	-488.6516	13.113651	6085.345907926559	41.96790282808501
146	4616.498	43.21091	4669.574	4546.941	4794.261	79.93681	4892.007	4632.3403	1000.0	1000.0	729999	488.00403	55.379116	538.85016	170.01886	-489.0072	13.44522	6127.765723705292	41.970998122267524
147	4583.673	68.883865	4673.03	4506.9087	4752.3525	74.43657	4867.525	4640.143	1000.0	1000.0	734999	488.34323	54.382343	540.5309	154.5801	-489.32135	13.427633	6170.407013177872	41.975557927371696
148	4623.8877	99.62472	4755.1665	4452.4927	4870.895	155.04405	5001.5654	4432.1826	1000.0	1000.0	739999	488.68613	54.46394	538.964	158.28839	-489.6715	12.924604	6212.917720317841	41.97917380204072
149	4587.5845	84.35773	4703.1655	4479.4434	4707.5166	93.509315	4852.07	4514.8906	1000.0	1000.0	744999	488.8588	54.37101	539.3629	167.33057	-489.84216	13.187578	6255.066619873047	41.98031289945513
150	4645.3315	34.537563	4693.586	4594.182	4820.5576	94.11206	4905.04	4604.3794	1000.0	1000.0	749999	489.51004	53.373253	540.8516	145.75104	-490.4915	12.725808	6297.508580207825	41.98339055220286
151	4620.115	49.679966	4679.5	4564.349	4920.9873	76.70977	5025.2783	4786.912	1000.0	1000.0	754999	489.84628	53.258274	540.94244	132.1589	-490.83594	12.511859	6340.039318561554	41.98701537050159
152	4634.7334	47.720127	4709.3384	4573.1797	4947.1787	46.28966	5022.4277	4858.0947	1000.0	1000.0	759999	490.6208	52.47509	544.9578	119.31187	-491.627	12.97368	6382.703742980957	41.991472008981205
153	4616.663	30.921328	4653.164	4578.38	4941.273	61.719696	5023.1704	4833.4956	1000.0	1000.0	764999	491.3264	52.217594	541.17804	124.12763	-492.32	12.788977	6425.309106826782	41.995484373927894
154	4618.6074	52.133183	4663.689	4524.8896	4793.238	118.96376	4887.6772	4454.0684	1000.0	1000.0	769999	491.39334	52.911785	542.18475	122.917656	-492.3455	12.548245	6467.6996114254	41.998049440321985
155	4674.7266	50.68295	4754.126	4607.3853	4814.061	144.46959	4923.657	4425.4263	1000.0	1000.0	774999	491.35623	53.94945	542.6806	116.92532	-492.32	13.017899	6509.960228681564	41.99974342469246
156	4596.2983	64.109825	4698.617	4517.5093	4813.7666	79.13236	4938.367	4705.4824	1000.0	1000.0	779999	491.86334	53.79229	543.55005	96.324295	-492.8321	13.023127	6552.459330558777	42.00294443888542
157	4623.2993	109.56997	4731.6284	4412.4146	4877.0005	31.695625	4923.4556	4828.8374	1000.0	1000.0	784999	491.78305	53.407967	541.4495	97.407265	-492.7694	12.998106	6594.873683691025	42.00556487945994
158	4615.0356	72.74254	4678.6196	4480.5044	4747.163	91.52621	4962.058	4645.4688	1000.0	1000.0	789999	491.98685	53.303883	542.0426	93.23481	-492.93866	12.376047	6637.502777099609	42.00951126104669
159	4570.294	96.87435	4748.934	4462.0728	4885.1064	78.11346	5052.789	4751.7793	1000.0	1000.0	794999	492.33337	53.17992	542.93463	105.791565	-493.3046	12.870819	6680.321391105652	42.01459995605661
160	4629.077	43.768017	4699.479	4581.212	4928.2183	60.037655	5046.5938	4854.6523	1000.0	1000.0	799999	492.55426	54.118618	543.86584	118.096985	-493.5258	13.296594	6723.161335945129	42.01975836455822
161	4664.28	63.711475	4734.8413	4566.9883	4920.3643	85.197044	5063.6997	4777.8457	1000.0	1000.0	804999	492.48685	55.56456	544.9245	137.64221	-493.4546	12.861036	6765.461144447327	42.02149780492605
162	4638.185	52.086956	4688.5835	4547.3306	4760.7495	206.54648	5002.0586	4187.2153	1000.0	1000.0	809999	492.85852	54.74857	543.57495	171.3365	-493.8227	13.063518	6808.300396442413	42.02654567324085
163	4647.1904	87.27977	4732.18	4509.7593	4869.907	240.199	5021.7275	4170.3755	1000.0	1000.0	814999	493.20563	54.35769	544.05804	155.78685	-494.17334	12.720442	6850.979771852493	42.03055076365091
164	4609.583	81.9137	4711.804	4522.128	4935.2944	69.46254	5020.4414	4778.815	1000.0	1000.0	819999	493.5996	53.996452	543.03973	164.13379	-494.5487	12.465351	6893.404668331146	42.03295530778606
165	4592.909	95.37547	4711.3965	4462.1763	4881.0894	26.44993	4933.165	4845.162	1000.0	1000.0	824999	493.67844	53.80359	543.32983	162.96744	-494.6316	12.803576	6936.304779291153	42.03821079658739
166	4571.3516	70.27018	4658.3364	4499.4795	4936.607	57.54225	5040.485	4846.0923	1000.0	1000.0	829999	493.7552	54.0786	543.087	145.23279	-494.70026	12.876647	6979.076956272125	42.042632282498374
167	4673.175	96.35921	4784.5005	4535.8125	4738.3853	237.37184	4892.397	4041.4712	1000.0	1000.0	834999	493.68884	54.989372	543.9036	120.81993	-494.6325	12.9011135	7021.719682693481	42.04622565914771
168	4663.589	76.37975	4764.0317	4563.4067	4936.821	44.593643	4995.1265	4869.8364	1000.0	1000.0	839999	494.00064	54.46108	543.89233	102.041794	-494.954	13.1315	7064.567717552185	42.05099833295459
169	4668.423	69.312325	4793.9673	4591.0693	4837.642	57.574448	4919.944	4765.0137	1000.0	1000.0	844999	494.08505	54.43868	544.05725	109.3522	-495.03705	13.152211	7107.426216840744	42.05577644511793
170	4656.3477	49.68083	4713.343	4575.583	4817.959	55.207497	4916.5415	4727.4585	1000.0	1000.0	849999	494.10922	53.72871	544.81665	138.69624	-495.0436	13.126848	7149.900071382523	42.058235729441925
171	4671.541	76.85756	4750.801	4529.8687	4886.765	48.069775	4991.9966	4823.0327	1000.0	1000.0	854999	493.98172	53.682556	543.00433	134.65524	-494.9196	12.832036	7192.416332483292	42.060914238991096
172	4642.794	69.42533	4764.9766	4558.763	4929.4126	66.29444	5019.4087	4835.739	1000.0	1000.0	859999	494.6533	53.557312	543.71857	160.44914	-495.6138	13.072905	7234.9187026023865	42.06348084294519
173	4621.321	67.01712	4695.9	4538.067	4834.151	55.768703	4902.0986	4741.958	1000.0	1000.0	864999	495.12762	52.712303	543.9995	184.76657	-496.0744	12.506475	7277.676486253738	42.0674941525983
174	4653.122	55.911747	4736.867	4591.275	4869.7275	78.39558	5014.219	4720.642	1000.0	1000.0	869999	494.87332	53.34729	544.2941	190.76128	-495.8094	12.847219	7320.044932126999	42.06922376018831
175	4657.866	62.852585	4725.5522	4557.2715	4935.094	42.686783	4992.935	4857.2095	1000.0	1000.0	874999	495.01892	53.04406	544.7993	164.95674	-495.97015	13.035132	7362.621070623398	42.0721204158238
176	4583.7183	94.02207	4663.012	4415.9043	4964.9575	48.956326	5032.569	4886.766	1000.0	1000.0	879999	495.3672	51.82603	547.4639	160.1579	-496.3205	13.006658	7405.496688365936	42.07668574289842
177	4681.659	36.92688	4730.201	4622.176	4915.71	74.65975	5056.493	4839.5312	1000.0	1000.0	884999	495.67776	50.991604	544.2413	168.57066	-496.6201	12.587928	7447.966786623001	42.078908412469985
178	4632.454	43.21286	4686.865	4567.4688	4842.7437	307.38922	5055.0474	3968.7683	1000.0	1000.0	889999	495.88147	50.17176	545.1797	171.34592	-496.8073	12.141922	7490.404746294022	42.08092555303252
179	4660.34	22.818432	4687.0625	4627.351	4971.144	75.3904	5097.888	4868.9263	1000.0	1000.0	894999	495.56744	50.616634	545.8927	170.1483	-496.49365	12.329028	7532.943831443787	42.0834851051842
180	4762.6123	70.09008	4841.29	4645.427	5159.5674	71.40354	5249.6206	5055.0264	1000.0	1000.0	899999	496.3372	50.175316	546.34033	173.18524	-497.2933	11.971161	7575.598491668701	42.08665829896927
181	4679.2007	206.45723	4889.127	4326.041	5405.0195	155.48833	5642.8003	5210.303	1000.0	1000.0	904999	498.37317	51.417053	556.70166	188.02386	-499.4228	11.986669	7618.261785984039	42.089844133313846
182	4837.482	110.51809	5038.9995	4732.778	5301.378	100.611046	5398.4424	5057.507	1000.0	1000.0	909999	501.48532	51.555286	556.1548	186.71542	-502.5649	12.633386	7660.742405176163	42.09199125033159
183	4952.026	51.818256	5000.7554	4861.615	5303.4907	227.98837	5575.075	4746.221	1000.0	1000.0	914999	505.23447	51.45568	564.0568	199.373	-506.362	12.800675	7703.501460790634	42.095636410791364
184	4804.4556	159.92177	4972.4297	4520.652	5353.443	140.49493	5515.5957	5071.2837	1000.0	1000.0	919999	509.0947	51.47889	567.0698	209.00592	-510.2316	13.533441	7746.219461917877	42.099018825137094
185	5004.186	114.410934	5227.4272	4907.159	5281.426	97.06271	5463.061	5135.919	1000.0	1000.0	924999	512.3652	50.94689	571.7009	202.8125	-513.538	13.71686	7789.060997009277	42.103032429153856
186	4350.783	778.3517	5090.928	3050.1182	5404.152	265.3531	5633.578	4667.8496	1000.0	1000.0	929999	515.41614	51.850136	578.07184	197.21072	-516.5675	14.375227	7831.7501792907715	42.10618377372783
187	5042.0757	38.634975	5080.8984	4979.215	5366.487	293.32126	5702.378	4825.7056	1000.0	1000.0	934999	517.5006	54.658604	583.58856	191.58061	-518.6588	16.018656	7874.362374544144	42.10888971619428
188	5014.453	116.65607	5155.141	4850.7407	5230.582	80.44923	5344.32	5082.8022	1000.0	1000.0	939999	520.382	56.100594	586.8948	185.76614	-521.6019	16.52257	7917.085319757462	42.11215596630218
189	4789.3203	207.9829	5035.005	4470.14	5586.2056	78.369194	5718.7734	5432.826	1000.0	1000.0	944999	523.5827	56.699703	599.13403	171.7087	-524.8385	17.183426	7959.79710483551	42.1153286108895
190	4917.335	151.78842	5100.825	4645.9194	5355.6924	194.82428	5621.474	4945.8325	1000.0	1000.0	949999	526.6825	59.62977	604.11346	148.62468	-527.9282	18.259373	8002.60836482048	42.11899140383068
191	5035.5205	82.932304	5155.3975	4921.92	5507.1704	186.12308	5830.0293	5127.869	1000.0	1000.0	954999	529.4269	59.670692	609.2118	155.46573	-530.6818	19.242298	8045.38284444809	42.12242328184438
192	4998.8184	119.698586	5179.3247	4837.064	5008.774	288.65527	5304.6035	4278.4976	1000.0	1000.0	959999	532.2184	57.680866	611.3213	191.41682	-533.504	18.542662	8088.167922496796	42.12587460875511
193	4813.374	537.49194	5165.9165	3742.5505	5472.0024	141.01584	5655.155	5137.9824	1000.0	1000.0	964999	534.50555	56.525085	607.6877	166.41682	-535.7891	19.274273	8130.711610555649	42.12803944528412
194	5065.522	155.32785	5286.452	4885.2354	5440.456	120.288284	5623.4546	5227.914	1000.0	1000.0	969999	535.63855	56.82084	609.21985	173.99525	-536.8945	19.3396	8173.380417346954	42.130826904601655
195	4999.9937	130.41455	5217.5693	4823.541	5003.6045	296.16193	5297.1953	4273.2456	1000.0	1000.0	974999	536.6112	58.343575	610.92426	169.40837	-537.86066	19.704794	8216.30360198021	42.134890276346454
196	4994.5786	161.05574	5185.419	4786.074	5132.3174	653.4506	5638.8677	3487.1829	1000.0	1000.0	979999	537.01917	60.469833	613.9782	182.67023	-538.2546	19.908657	8258.867778539658	42.13708051735041
197	5128.944	76.83304	5251.274	5040.9907	5417.154	232.21385	5866.7705	4994.688	1000.0	1000.0	984999	537.777	62.379307	613.2947	124.64336	-539.0613	21.285307	8301.683635473251	42.140526079284356
198	5170.3345	104.05788	5323.921	5077.3203	5830.538	97.43371	5951.9507	5690.4253	1000.0	1000.0	989999	538.73444	62.146965	618.1491	156.11168	-540.0062	20.563984	8344.741360664368	42.145158398030986
199	5012.2603	270.12454	5200.8027	4487.9253	5479.1343	245.3455	5829.5693	5007.4565	1000.0	1000.0	994999	539.48267	61.56227	631.90735	115.73374	-540.7888	22.159504	8387.298414230347	42.14722822419363
200	5091.8047	138.36525	5302.8804	4881.118	4803.866	1550.5203	5749.215	180.84032	1000.0	1000.0	999999	540.7114	60.091316	634.7613	121.94822	-541.9998	21.663816	8430.090984582901	42.15045493602753
