Epoch	AverageEpRet	StdEpRet	MaxEpRet	MinEpRet	AverageTestEpRet	StdTestEpRet	MaxTestEpRet	MinTestEpRet	EpLen	TestEpLen	Time Steps	AverageQVals	StdQVals	MaxQVals	MinQVals	LossPi	LossQ	Time	AVG Time Per Epoch
1	-311.2222	102.94504	-210.18375	-473.90402	-595.94055	19.377632	-568.5045	-631.6002	1000.0	1000.0	4999	6.805727	8.127347	45.402397	-8.898511	-8.432076	0.81776756	31.137553453445435	31.13755512237549
2	-290.20642	58.204784	-181.46759	-352.18683	-536.5897	119.29116	-332.98898	-754.10846	1000.0	1000.0	9999	65.57679	33.0647	153.92331	-5.058481	-70.66583	7.194534	68.72764134407043	34.363821625709534
3	-355.6463	304.80203	73.987724	-626.3928	-827.1761	134.99365	-644.8105	-1098.6477	1000.0	1000.0	14999	147.62013	32.08861	213.35797	60.360466	-150.87985	17.179712	108.30498456954956	36.101662158966064
4	-390.40268	92.79195	-240.08473	-499.00293	-520.13544	56.058754	-396.7167	-635.3726	1000.0	1000.0	19999	154.20213	33.743176	206.89487	71.999275	-155.80188	13.455778	147.99858975410461	36.99964785575867
5	123.83193	360.92044	603.9659	-376.19827	191.45639	292.60437	549.2009	-383.50818	1000.0	1000.0	24999	141.8122	31.255384	192.4821	62.5617	-142.8595	8.079525	187.1058132648468	37.4211630821228
6	429.48468	386.03207	1091.5668	-9.724732	98.507706	357.24612	936.30524	-246.8749	1000.0	1000.0	29999	132.92554	30.846653	182.43002	47.188152	-133.99484	6.8026514	227.05639481544495	37.84273282686869
7	1290.5891	243.4699	1633.3665	964.0524	913.7204	769.68005	2000.571	-114.37428	1000.0	1000.0	34999	132.22087	32.725086	188.56882	41.602783	-133.52722	7.8577685	266.39565658569336	38.05652267592294
8	848.4368	949.98157	2114.9578	-169.65665	1114.9641	881.43854	1966.3589	-589.1523	1000.0	1000.0	39999	137.38737	41.02408	213.1838	26.090813	-138.8394	8.8040495	306.18299317359924	38.27287441492081
9	2082.1997	237.89378	2337.9917	1685.3115	2235.482	310.2403	2642.876	1516.7024	1000.0	1000.0	44999	150.61931	49.693695	236.05812	19.088875	-152.14627	11.343757	346.1030831336975	38.45589839087592
10	2319.8047	485.09576	2709.3005	1362.603	2218.2598	1009.3706	3043.6318	17.413336	1000.0	1000.0	49999	170.9291	57.918846	270.68433	15.4513235	-172.71948	14.342453	386.15055775642395	38.615055966377255
11	2399.6536	796.8135	3306.3462	921.0942	2184.0269	850.1408	2815.143	-28.248358	1000.0	1000.0	54999	194.67075	67.190834	300.36658	-0.81497395	-196.6411	16.462368	426.40445041656494	38.76404116370461
12	2539.6057	1415.8066	3456.5713	-265.11108	2329.0288	1165.371	3503.8933	384.923	1000.0	1000.0	59999	219.73703	73.909065	355.13104	2.7394269	-221.67955	18.569113	465.9976963996887	38.83314154545466
13	2236.8862	1024.3163	3380.4106	507.9028	2621.8735	1227.3344	3497.3882	-391.0795	1000.0	1000.0	64999	239.25856	84.69505	382.58615	9.754388	-241.35948	22.430304	506.2933042049408	38.94563895005446
14	2867.3208	975.0276	3556.7034	945.4189	2903.447	1296.0981	4058.117	513.31885	1000.0	1000.0	69999	259.4376	93.55532	401.34195	1.231084	-261.5569	24.575294	546.3609964847565	39.025785616465974
15	3658.8765	243.03871	3959.7305	3350.9712	3343.8462	725.8797	3767.5012	1333.3329	1000.0	1000.0	74999	281.7946	98.04523	417.61444	-13.621605	-283.91266	25.249388	587.2304060459137	39.14869389533997
16	3848.7446	76.02163	3978.979	3768.3123	2855.938	1601.053	4065.9263	158.62158	1000.0	1000.0	79999	304.1826	101.297905	445.4055	-4.12271	-306.36606	26.024452	627.279620885849	39.20497642457485
17	3523.013	711.606	4132.807	2126.231	3498.3179	1334.8438	4378.8457	-87.3246	1000.0	1000.0	84999	325.21957	103.697266	458.0172	-40.277824	-327.42004	28.526009	667.8955681324005	39.28797470822054
18	4154.2803	56.288754	4214.7905	4075.485	4428.829	181.71635	4713.586	4032.1284	1000.0	1000.0	89999	343.3819	108.05179	479.38184	-16.100044	-345.6627	30.43376	707.7737839221954	39.32076589266459
19	4194.7026	123.407936	4393.692	4072.6123	4544.3135	138.24258	4720.9375	4305.7847	1000.0	1000.0	94999	363.19995	111.094	494.10248	-8.448587	-365.54895	30.62745	748.1336810588837	39.3754570107711
20	3612.4792	1335.3956	4507.589	958.5039	4509.6226	299.3558	4749.428	3686.0742	1000.0	1000.0	99999	377.33325	118.44873	517.1873	-1.4989002	-379.72876	33.126827	788.4900639057159	39.424503314495084
21	3874.6997	907.4476	4487.574	2075.664	4083.2292	415.16483	4570.044	3040.8525	1000.0	1000.0	104999	388.28268	125.48947	528.07635	-98.90909	-390.7125	38.967648	829.0756499767303	39.479792969567434
22	4568.1265	257.0115	4985.3237	4235.037	4792.0356	260.1461	5100.104	4260.6084	1000.0	1000.0	109999	403.13803	123.7058	542.6517	-17.214104	-405.68564	36.72351	869.4751355648041	39.52159717949954
23	4683.9365	92.9754	4845.8696	4578.108	4911.77	127.25855	5037.312	4615.201	1000.0	1000.0	114999	421.91937	116.89989	559.22076	-1.8862536	-424.5484	35.530533	910.0346026420593	39.566721947296806
24	4688.0703	312.26044	4951.0005	4100.5503	5347.8486	127.90468	5611.731	5126.2817	1000.0	1000.0	119999	440.02625	110.34299	585.8462	13.953071	-442.70126	35.831165	950.7872881889343	39.61613709727923
25	4637.8315	720.2603	5080.1157	3201.6714	5194.6533	122.61319	5410.613	5034.465	1000.0	1000.0	124999	456.36642	106.34697	603.38605	29.901175	-459.11795	40.689644	990.9854726791382	39.63941899299621
26	5306.4985	181.25655	5435.32	4952.7466	5254.2656	550.6845	5808.1245	3724.905	1000.0	1000.0	129999	474.46664	103.98952	616.8009	104.23884	-477.3525	40.26814	1031.84672498703	39.68641259120061
27	5539.5713	278.24738	5797.3604	5031.0337	5571.1323	312.43655	5826.949	4717.5386	1000.0	1000.0	134999	493.66666	96.37662	647.8146	179.58087	-496.6842	40.986935	1072.0226469039917	39.704542566228795
28	5735.233	143.28297	5997.2617	5573.454	5209.6494	954.9791	6139.1196	3119.748	1000.0	1000.0	139999	514.811	89.732605	673.2573	253.60965	-517.8469	42.8516	1112.8359141349792	39.74413987568447
29	5843.4883	241.1266	6115.8164	5540.345	6191.634	104.95597	6316.7505	6012.8823	1000.0	1000.0	144999	535.3999	89.172874	695.2056	277.163	-538.5087	43.9583	1153.20623254776	39.765732239032616
30	5962.3135	153.27534	6193.6904	5734.769	6510.6396	75.48493	6600.9844	6390.489	1000.0	1000.0	149999	554.82245	92.3313	728.4803	286.87515	-558.021	46.450726	1194.0905117988586	39.8030171473821
31	5789.55	770.7551	6251.3496	4250.7573	5773.525	1766.2141	6801.209	2158.4773	1000.0	1000.0	154999	573.2724	97.48532	743.10144	270.09802	-576.5385	47.716984	1234.8433668613434	39.833657080127345
32	6291.8413	127.49244	6472.203	6095.88	6834.573	118.88649	7095.742	6677.651	1000.0	1000.0	159999	589.56024	106.03311	756.9879	208.33592	-592.71643	49.300858	1276.1105644702911	39.878455221652985
33	6436.675	193.55388	6637.054	6141.928	6862.926	200.49883	7207.812	6420.4805	1000.0	1000.0	164999	604.04834	117.22302	779.62665	154.53687	-607.2502	51.381214	1316.784059047699	39.902547323342525
34	6690.712	65.518585	6790.9067	6592.2104	6679.257	142.0558	6944.6655	6444.672	1000.0	1000.0	169999	618.2168	126.421585	794.6466	136.19482	-621.4827	53.832344	1357.6223738193512	39.930069881327015
35	6718.327	183.65204	7020.068	6461.295	7284.9795	156.08691	7562.739	7094.936	1000.0	1000.0	174999	631.39825	134.28526	823.1031	117.60469	-634.6884	55.057137	1398.0493202209473	39.9442663533347
36	6705.2344	24.915573	6740.3003	6663.512	7063.423	525.5354	7414.752	5510.1865	1000.0	1000.0	179999	644.0294	140.59044	837.44666	95.66677	-647.3692	55.02851	1438.9566061496735	39.97101689709557
37	6907.711	141.63033	7151.2847	6747.938	7284.788	156.6449	7553.527	7062.7354	1000.0	1000.0	184999	657.4462	143.79877	850.77747	86.15663	-660.8281	56.006763	1479.481820344925	39.985995208894884
38	6903.5596	219.54466	7227.3306	6674.7964	7224.005	111.23343	7394.2104	7035.319	1000.0	1000.0	189999	668.68744	146.87282	858.0857	85.32619	-672.0878	58.0459	1520.6751456260681	40.01776705290142
39	7023.7866	149.97398	7245.1665	6781.447	7159.336	82.43729	7358.2974	7081.0083	1000.0	1000.0	194999	678.6401	148.25984	871.66266	74.02793	-682.0651	57.64599	1561.3162331581116	40.03374962928967
40	7043.1523	107.85032	7183.943	6885.105	7639.599	102.473595	7823.9336	7494.609	1000.0	1000.0	199999	691.0339	145.00961	879.85	89.869194	-694.4724	55.9479	1601.9171824455261	40.047929626703265
41	7038.052	288.24802	7299.146	6494.8	7386.6914	119.19422	7616.827	7229.675	1000.0	1000.0	204999	699.89465	142.5286	882.53406	106.54387	-703.389	63.965546	1642.9637780189514	40.07228732690579
42	7195.1846	100.539314	7322.073	7080.91	7545.1455	190.15108	7740.675	7039.4077	1000.0	1000.0	209999	710.71533	131.2791	890.7186	153.26866	-714.38837	63.93092	1684.2676451206207	40.101610654876346
43	7121.2725	171.98872	7435.1865	6925.6914	6965.6123	89.783875	7141.012	6861.722	1000.0	1000.0	214999	722.6214	119.17134	896.62164	240.06952	-726.191	57.76615	1726.2986075878143	40.14647930167442
44	7133.573	155.8223	7310.031	6856.0767	7832.665	103.77205	8022.6045	7621.2236	1000.0	1000.0	219999	732.3741	113.87039	900.5358	345.85168	-735.8107	55.70473	1767.469759464264	40.1697673201561
45	7247.5986	139.95471	7398.313	7025.0923	7810.458	474.04645	8148.043	6419.18	1000.0	1000.0	224999	740.7581	111.57782	908.0469	358.22266	-744.1481	53.606644	1809.1746063232422	40.20388018820021
46	7375.061	120.278046	7583.151	7241.2207	7710.289	196.22832	7931.9546	7324.101	1000.0	1000.0	229999	747.30176	110.340355	910.3018	348.42697	-750.6607	51.791405	1850.061443567276	40.21872708590134
47	7459.8584	164.32042	7643.2075	7217.653	7833.05	174.62277	8095.8267	7484.2505	1000.0	1000.0	234999	752.5889	111.40754	912.99054	335.7782	-755.8816	50.54061	1891.3630027770996	40.241766067261395
48	7442.757	119.68435	7602.436	7230.706	6575.6025	1862.0507	7519.9604	1021.3872	1000.0	1000.0	239999	757.9622	111.38773	924.7267	325.76855	-761.43286	50.33934	1932.2468540668488	40.25514283776283
49	7309.276	184.68129	7485.0713	6953.8433	7245.539	2174.4885	8114.97	765.2047	1000.0	1000.0	244999	764.81696	107.20158	923.2918	316.87494	-768.1512	49.36592	1973.0517303943634	40.26636189343978
50	7369.794	332.59854	7643.516	6730.726	7516.868	129.53914	7677.9077	7274.784	1000.0	1000.0	249999	768.3204	109.8595	934.5102	338.1315	-771.5198	50.45955	2014.1979973316193	40.28395998477936
51	7659.621	113.80432	7826.452	7492.461	7405.05	1429.5149	8229.617	3178.79	1000.0	1000.0	254999	772.20294	111.06678	935.3186	293.6605	-775.4885	50.847107	2054.8135554790497	40.290461914212095
52	7674.279	161.19281	7813.711	7471.4097	7684.8345	1060.1611	8299.851	4521.668	1000.0	1000.0	259999	777.07214	113.08906	938.50134	263.20126	-780.3173	48.871662	2096.6103177070618	40.31942923710896
53	7735.753	73.68994	7846.875	7625.7744	8304.631	156.07361	8567.019	7976.9546	1000.0	1000.0	264999	780.23816	114.9822	944.57697	247.76765	-783.4894	49.72385	2137.576085805893	40.331624305473184
54	7870.4365	128.49277	8029.7275	7660.4214	7936.763	816.72217	8546.9375	5666.6465	1000.0	1000.0	269999	785.2225	116.356636	948.04047	210.26273	-788.4646	50.59451	2179.2007114887238	40.35556877100909
55	7978.7656	181.97614	8258.952	7764.4634	8070.8555	1002.1294	8624.836	5085.756	1000.0	1000.0	274999	790.51794	118.59745	964.3747	186.68202	-793.825	51.77603	2220.6310184001923	40.375109473141755
56	7916.013	288.5978	8449.169	7571.5054	7857.251	97.549904	7988.9995	7670.1606	1000.0	1000.0	279999	796.3218	118.49704	971.01276	227.98718	-799.58307	52.21029	2262.0172197818756	40.39316468153681
57	7846.035	160.5462	8067.3687	7668.125	8099.5195	193.13518	8349.998	7685.354	1000.0	1000.0	284999	800.3067	121.21888	979.1557	209.13907	-803.5353	51.322636	2303.105005979538	40.40535102392498
58	8087.292	102.715385	8260.15	7958.56	7935.3633	1289.957	8695.881	4098.762	1000.0	1000.0	289999	803.9767	124.03912	985.03766	214.6798	-807.24493	53.8144	2344.452947616577	40.421602586220054
59	8146.657	106.6661	8285.632	7991.21	8661.057	143.19743	8872.065	8329.694	1000.0	1000.0	294999	808.0744	124.9726	985.1576	197.24333	-811.2845	51.871407	2385.7194871902466	40.43592354806803
60	8154.0537	167.77814	8424.845	7969.5127	8475.155	113.31346	8664.734	8304.232	1000.0	1000.0	299999	811.7838	126.36085	987.24915	162.7128	-814.9767	52.06491	2427.01570725441	40.45026182730992
61	8088.7524	269.79486	8313.474	7563.1294	7364.763	1795.3735	8313.462	2310.3972	1000.0	1000.0	304999	816.1762	127.45287	989.3058	120.878624	-819.3571	51.329906	2468.6010332107544	40.468869435982626
62	7497.4937	1394.3932	8276.687	4710.5713	7376.608	2459.0347	8835.888	1193.9302	1000.0	1000.0	309999	819.1004	127.90867	988.98364	143.70938	-822.28436	52.16209	2509.7311222553253	40.47953426837921
63	6406.6196	2961.7021	8348.681	593.32416	7256.1523	2267.963	9000.716	2031.5062	1000.0	1000.0	314999	821.1878	129.2859	1012.7837	145.47313	-824.4642	55.99395	2550.964530944824	40.4915005290319
64	7756.9404	938.1436	8455.927	5924.516	9069.221	174.63283	9312.892	8716.265	1000.0	1000.0	319999	823.07416	137.12695	1020.2801	157.92842	-826.2696	64.64016	2591.8188230991364	40.49716914817691
65	8050.0845	774.5979	8718.661	6577.527	8908.995	215.26057	9202.818	8569.784	1000.0	1000.0	324999	826.4839	141.99368	1023.62195	173.86443	-829.6777	67.14614	2633.0767965316772	40.50887383314279
66	8314.071	191.71689	8535.878	8063.1445	8458.5625	172.95505	8737.669	8114.314	1000.0	1000.0	329999	830.27747	145.9797	1033.753	240.9566	-833.561	67.84254	2674.6337175369263	40.52475333213806
67	8460.577	143.722	8620.09	8236.404	8457.494	1199.2139	9205.695	5286.333	1000.0	1000.0	334999	835.1713	146.1457	1026.125	277.1926	-838.47015	64.36752	2716.538882255554	40.54535649071878
68	8492.341	161.56334	8713.823	8295.764	8842.822	88.13071	8993.2	8651.393	1000.0	1000.0	339999	841.54987	143.61333	1043.7562	259.2768	-844.8566	61.431725	2757.6657989025116	40.553908842451435
69	8404.162	155.3364	8595.681	8234.359	8284.861	1125.5758	8999.228	4957.2554	1000.0	1000.0	344999	845.3858	142.71786	1040.0015	268.1249	-848.5446	58.3829	2799.1987557411194	40.568097947300345
70	7769.025	1451.6613	8847.418	4908.5303	8926.703	152.56134	9190.514	8714.511	1000.0	1000.0	349999	847.82654	142.89798	1071.1648	304.24686	-851.0716	60.000313	2840.136930704117	40.57338475840432
71	8375.286	178.17581	8678.582	8161.044	8118.3774	442.62735	8720.146	7063.871	1000.0	1000.0	354999	853.0013	142.24384	1064.8457	233.08017	-856.2656	60.992737	2881.841286420822	40.58931393018911
72	8562.854	225.50739	8861.995	8163.392	8968.624	214.47594	9277.593	8613.717	1000.0	1000.0	359999	858.0615	141.89513	1060.3986	223.84808	-861.3348	63.010612	2923.2126412391663	40.60017560587989
73	8653.268	34.85529	8700.106	8615.12	8515.254	1215.2682	9314.256	5596.49	1000.0	1000.0	364999	862.64636	142.78952	1076.1871	145.9584	-865.879	63.04111	2964.7925505638123	40.613596615726
74	8563.524	225.20114	8947.636	8245.358	8982.536	104.485405	9114.145	8760.754	1000.0	1000.0	369999	866.24115	142.40485	1060.546	170.78401	-869.3982	63.24349	3005.9344384670258	40.62073568395666
75	8072.7046	945.69305	8768.462	6203.692	8118.382	1425.0757	8841.4795	3864.4707	1000.0	1000.0	374999	867.9894	141.89458	1066.8477	216.99983	-871.1041	64.51482	3047.253530740738	40.63004711151123
76	8625.544	139.5712	8858.352	8453.094	9149.08	250.71101	9573.575	8662.457	1000.0	1000.0	379999	870.3089	142.21455	1076.5804	226.01804	-873.5894	69.83137	3088.6318576335907	40.63989289497074
77	7184.3125	2903.7615	8760.2295	1383.7834	8539.446	1258.5912	9288.427	4850.217	1000.0	1000.0	384999	872.407	145.89665	1077.7776	182.02135	-875.6114	68.949135	3130.0243113040924	40.64966641153608
78	8562.872	533.10724	9055.503	7565.6655	8913.477	792.2399	9476.381	6599.603	1000.0	1000.0	389999	874.4516	150.95044	1077.5597	114.93719	-877.6044	73.076836	3171.1095004081726	40.65525003885612
79	8491.553	436.98328	8807.459	7626.691	9294.148	120.54404	9516.143	9096.701	1000.0	1000.0	394999	877.10504	152.98367	1086.4163	82.69471	-880.2982	73.34001	3212.497607946396	40.66452671002738
80	8862.305	108.12285	9058.549	8741.984	8891.408	1163.2157	9496.301	5440.6646	1000.0	1000.0	399999	878.6923	152.66515	1084.7612	92.56361	-881.9039	75.85851	3254.0203750133514	40.675254720449445
81	8817.0205	91.89415	8950.391	8688.228	9214.338	173.1827	9460.755	9003.088	1000.0	1000.0	404999	882.8825	147.51299	1081.3506	110.55658	-886.1396	72.96056	3295.472723722458	40.68484846456551
82	8684.584	124.725624	8787.254	8463.27	7940.841	2240.863	9034.068	1283.9255	1000.0	1000.0	409999	887.4455	141.99597	1104.5154	118.8087	-890.5718	68.10094	3336.7414577007294	40.69196901961071
83	8832.305	241.15123	9254.953	8528.245	8875.274	629.92224	9231.921	7013.53	1000.0	1000.0	414999	889.85815	140.77814	1086.426	107.0115	-892.9726	69.05245	3377.535881757736	40.69320342339665
84	8979.128	152.53326	9147.732	8693.256	9004.138	160.65973	9208.747	8701.62	1000.0	1000.0	419999	891.94385	140.42035	1084.6702	129.41992	-895.0571	69.349846	3419.1602625846863	40.70428886867705
85	7889.9756	2220.7043	9338.672	3473.0554	8873.084	1050.9169	9411.399	5768.4976	1000.0	1000.0	424999	895.92316	138.99586	1087.5311	138.89351	-899.0689	70.81704	3460.305504798889	40.70947655229008
86	8957.767	45.720356	9047.457	8919.359	9550.506	89.40896	9698.482	9413.37	1000.0	1000.0	429999	897.71735	140.16339	1092.4603	100.09546	-900.8308	73.56469	3501.990345478058	40.72081799839818
87	8995.811	206.79196	9228.386	8670.675	9239.6	152.18587	9441.489	8995.617	1000.0	1000.0	434999	901.10175	141.2734	1092.3342	50.855507	-904.245	73.2761	3543.2942521572113	40.727520167142494
88	9047.909	266.17343	9396.598	8626.054	9433.667	134.26779	9714.37	9295.74	1000.0	1000.0	439999	903.1549	144.9927	1106.4761	1.2932854	-906.2503	70.1218	3585.26487326622	40.74164631691846
89	8829.958	269.38904	9118.089	8355.918	8183.199	69.27816	8279.2	8086.242	1000.0	1000.0	444999	906.0871	147.2245	1100.4557	-75.17597	-909.285	72.64515	3626.821856021881	40.75080739514212
90	9002.073	182.06458	9220.839	8791.63	9600.183	151.12137	9768.5	9329.625	1000.0	1000.0	449999	908.7903	147.30511	1101.3411	-85.387375	-911.9497	73.68862	3668.5133950710297	40.76125997172461
91	7388.014	3345.4683	9263.096	707.17914	8865.564	2106.5056	9747.622	2557.0664	1000.0	1000.0	454999	910.19	149.04012	1122.2006	-132.46216	-913.2894	75.65575	3710.0402085781097	40.76967264531733
92	9152.763	173.1764	9489.021	8994.904	9761.837	258.6232	10163.08	9154.119	1000.0	1000.0	459999	910.23553	156.20905	1118.7135	-164.51334	-913.2729	76.940834	3751.4306933879852	40.77642060362774
93	9038.201	249.37172	9340.187	8737.598	9430.461	211.14005	9814.52	8964.386	1000.0	1000.0	464999	912.35297	161.28392	1118.629	-189.16295	-915.4885	81.72416	3792.961839914322	40.78453593612999
94	9085.189	156.80571	9347.292	8898.233	9060.703	231.5182	9401.129	8646.882	1000.0	1000.0	469999	915.02325	159.89784	1129.6672	-184.67084	-918.1142	80.21471	3834.6329975128174	40.793968081474304
95	9097.619	181.4552	9259.491	8764.098	9797.754	273.74603	10223.264	9353.259	1000.0	1000.0	474999	918.0856	160.28127	1130.9624	-125.82068	-921.2345	80.43097	3870.42587685585	40.74132504463196
96	9316.053	126.48056	9484.404	9126.742	9386.774	186.86171	9728.989	9115.58	1000.0	1000.0	479999	921.25946	158.87463	1131.0641	-115.29413	-924.4042	78.38834	3906.4133110046387	40.69180534531673
97	8959.287	259.6967	9166.06	8450.004	9478.502	154.74985	9786.211	9248.885	1000.0	1000.0	484999	924.07306	158.56805	1131.8624	-73.623474	-927.2066	79.76289	3942.1526346206665	40.64074883510157
98	9464.081	198.73256	9718.748	9130.46	9488.643	542.0057	10012.267	7980.964	1000.0	1000.0	489999	928.25543	155.00671	1129.7933	-39.087013	-931.4433	76.639046	3977.8533051013947	40.590339869869
99	9408.408	158.93741	9716.337	9267.766	8758.521	1027.6382	9658.619	6538.276	1000.0	1000.0	494999	932.31366	150.36417	1141.3239	-13.755131	-935.4982	75.05433	4013.5197410583496	40.54060346670825
100	7739.3506	3291.4707	9683.313	1167.4902	9611.185	153.42429	9765.04	9307.625	1000.0	1000.0	499999	933.18823	154.46176	1137.101	-160.28903	-936.2679	75.61791	4049.0551977157593	40.490551996231076
101	9225.215	147.68898	9472.937	9038.608	9237.166	907.8237	9934.87	6674.668	1000.0	1000.0	504999	933.99963	157.93344	1137.0804	-184.53238	-937.073	74.64143	4084.781970500946	40.44338586542866
102	9162.631	154.74377	9343.257	8972.69	8926.604	950.4063	9743.788	6255.204	1000.0	1000.0	509999	936.3819	157.41527	1137.248	-200.50352	-939.5003	78.60116	4120.659877538681	40.3986262737536
103	7595.862	3294.4158	9451.148	1011.6833	9502.568	229.56436	9921.519	9111.4375	1000.0	1000.0	514999	935.50946	164.09464	1137.3385	-193.33907	-938.5872	77.9747	4156.374644041061	40.353151902411746
104	9219.388	110.30861	9349.796	9074.3955	9735.338	150.1542	9947.036	9390.576	1000.0	1000.0	519999	938.4614	164.29828	1140.4187	-224.50475	-941.5504	79.369606	4192.308992385864	40.31066340895799
105	8762.171	501.9032	9431.834	7897.701	8961.661	2423.3218	9908.387	1699.4537	1000.0	1000.0	524999	939.16864	164.71135	1144.628	-220.53937	-942.2458	85.53127	4228.022873163223	40.26688452675229
106	9177.964	155.1735	9375.195	8987.738	8962.459	2325.672	9958.795	2003.1742	1000.0	1000.0	529999	942.19305	161.05142	1141.1986	-174.41754	-945.3	84.782814	4263.837421178818	40.22488135211873
107	9220.639	80.46721	9369.012	9159.329	9132.241	1850.3951	10061.893	3621.0842	1000.0	1000.0	534999	945.3871	157.67319	1143.2748	-82.78364	-948.4766	81.392685	4299.676401138306	40.18389162170553
108	9314.887	204.82211	9529.39	9055.866	9641.685	210.75655	9910.371	9305.639	1000.0	1000.0	539999	948.43976	157.52545	1148.6807	-88.12288	-951.5266	82.86729	4335.611097097397	40.14454721742206
109	9201.442	111.143974	9314.444	9006.342	9676.916	360.45157	10050.343	8738.0	1000.0	1000.0	544999	949.74146	159.81906	1152.7869	-118.06744	-952.8134	83.7039	4371.118896961212	40.10200824650056
110	9438.879	179.03387	9683.405	9149.171	8438.25	1143.973	9570.382	5673.402	1000.0	1000.0	549999	951.9348	160.49327	1152.397	-106.59296	-955.0649	81.76204	4406.984743356705	40.06349768421867
111	9496.159	222.44836	9855.051	9207.197	9806.542	157.45076	10103.05	9472.448	1000.0	1000.0	554999	955.3232	159.9781	1153.0641	-102.65954	-958.4697	82.841	4442.667443752289	40.024031046274544
112	9375.785	274.5123	9744.196	8973.622	9723.389	384.31168	10017.804	8606.598	1000.0	1000.0	559999	958.35516	157.70642	1152.5624	-73.83062	-961.5133	82.279076	4478.322382450104	39.98502129103456
113	9440.928	225.77367	9731.099	9137.713	9744.281	420.83014	10111.488	8599.124	1000.0	1000.0	564999	961.86707	155.92624	1159.597	-13.4158125	-964.9816	83.74485	4513.787419319153	39.9450214288931
114	9393.807	270.87497	9865.854	9139.1875	9806.158	148.42915	10027.458	9535.228	1000.0	1000.0	569999	965.4317	151.26831	1154.8661	24.32071	-968.4695	80.12711	4549.48713684082	39.90778192093498
115	9378.483	155.1558	9580.527	9161.256	9738.07	261.44116	10189.231	9259.743	1000.0	1000.0	574999	966.5062	152.65968	1157.8755	29.684452	-969.5325	79.13705	4585.19470500946	39.87125832516214
116	9430.561	207.02313	9630.907	9050.939	10079.212	246.04683	10460.19	9707.071	1000.0	1000.0	579999	967.9729	153.39688	1163.0287	8.1940155	-970.9613	76.98038	4620.9986407756805	39.83619519965402
117	9457.609	225.57445	9718.09	9105.885	9727.361	182.82253	10190.646	9537.334	1000.0	1000.0	584999	969.2302	155.18953	1156.9891	-15.515232	-972.2679	76.09612	4656.829437971115	39.80196103071555
118	9484.677	128.29204	9740.968	9413.588	10000.678	144.54153	10300.785	9773.981	1000.0	1000.0	589999	971.2428	153.96364	1165.7104	-43.309593	-974.2428	78.47772	4692.580284118652	39.76762954663422
119	9386.341	203.43741	9627.112	9099.076	9627.318	279.13934	9951.291	9009.535	1000.0	1000.0	594999	973.16815	153.17676	1161.0435	-106.15089	-976.1992	79.30124	4728.357700824738	39.73409834629347
120	9404.838	130.2961	9563.073	9226.327	9857.53	136.24834	10057.54	9648.399	1000.0	1000.0	599999	974.7695	154.32162	1165.2157	-85.23908	-977.7635	81.65615	4764.208166360855	39.701734739542005
121	9422.877	161.10518	9621.299	9278.127	9929.506	138.9058	10263.801	9776.846	1000.0	1000.0	604999	977.8772	153.86404	1160.7975	-55.29678	-980.9472	79.4821	4799.781334161758	39.66761435161937
122	9200.237	236.00082	9517.052	8893.75	10033.428	179.77498	10359.712	9754.638	1000.0	1000.0	609999	979.39545	157.99748	1163.8718	-192.70964	-982.4184	83.62475	4835.684000968933	39.63675412389099
123	9540.069	202.08269	9842.922	9240.402	9975.422	582.40295	10404.758	8299.523	1000.0	1000.0	614999	979.8747	161.58292	1167.1144	-274.13513	-982.9026	84.03176	4871.228483915329	39.603483626512975
124	9576.354	222.4906	9880.229	9325.043	9703.463	369.48572	10108.643	8785.361	1000.0	1000.0	619999	982.25635	160.15855	1177.0104	-250.73965	-985.3796	85.06071	4907.0493683815	39.572978796497466
125	9593.404	68.88369	9683.992	9507.942	9887.293	213.8701	10139.228	9588.481	1000.0	1000.0	624999	984.91266	157.72015	1171.8298	-264.52087	-987.9698	85.43836	4942.955761909485	39.54364611625672
126	9704.543	90.138756	9864.051	9601.744	9787.073	117.00883	10002.122	9599.064	1000.0	1000.0	629999	986.56836	156.37068	1172.5026	-239.83743	-989.5806	83.93539	4978.803807020187	39.514315947653756
127	9487.617	278.77118	9796.11	8968.882	9843.928	135.49727	10053.315	9618.135	1000.0	1000.0	634999	988.6945	154.6755	1176.05	-175.21817	-991.7255	85.15063	5014.796704530716	39.48658824154711
128	9686.386	166.7993	9880.24	9475.306	9854.52	196.00865	10190.693	9517.536	1000.0	1000.0	639999	991.0356	154.71846	1175.8744	-157.35152	-994.003	86.44533	5050.677911281586	39.45842120051384
129	9487.014	282.0103	9935.683	9062.702	9861.045	203.29076	10188.591	9529.679	1000.0	1000.0	644999	993.1234	155.0761	1173.1389	-167.5762	-996.1501	84.32911	5086.743057727814	39.43211674320605
130	9551.605	161.15004	9808.89	9353.089	9590.701	841.4066	10376.916	7505.157	1000.0	1000.0	649999	995.3753	155.5421	1179.9451	-93.25226	-998.4123	86.66724	5122.639992237091	39.404923037382275
131	9622.723	99.78991	9729.91	9443.134	9978.334	646.00305	10396.161	8085.153	1000.0	1000.0	654999	997.523	153.8103	1185.3849	-57.521744	-1000.5037	85.43738	5158.22466635704	39.375760828265705
132	9877.362	187.38202	10181.778	9664.709	9816.934	467.74445	10177.843	8460.028	1000.0	1000.0	659999	998.29565	156.4048	1185.3486	-46.017628	-1001.2688	85.96632	5194.112575292587	39.34933770606012
133	9057.281	1084.7416	9869.013	6912.5835	9571.943	118.68805	9762.981	9409.8125	1000.0	1000.0	664999	998.67017	159.3655	1188.0226	-60.93305	-1001.6411	84.5001	5230.011561155319	39.323395214582746
134	9726.062	172.7138	10019.435	9482.464	9668.583	485.88052	10184.526	8299.974	1000.0	1000.0	669999	1000.0609	160.76244	1183.8436	-78.23996	-1003.0362	88.81905	5265.500994443893	39.2947835584185
135	9684.39	246.4384	9999.669	9304.507	10253.915	159.33195	10489.63	9979.067	1000.0	1000.0	674999	1001.38306	161.10236	1191.7738	-37.93839	-1004.367	90.99915	5301.305126190186	39.26892687656261
136	9428.523	325.33984	9821.407	9013.462	10145.561	174.5549	10432.002	9894.8545	1000.0	1000.0	679999	1002.0832	161.81107	1198.6678	-52.865704	-1005.0133	89.465	5337.273712158203	39.244659662246704
137	9400.331	819.1236	9993.042	7793.5366	10227.287	239.94815	10536.3	9634.811	1000.0	1000.0	684999	1002.1218	163.13603	1190.694	-184.66316	-1005.1442	94.7567	5372.9332883358	39.218491171398306
138	9478.5205	395.45547	9914.551	8956.364	9896.075	793.4069	10435.065	7551.681	1000.0	1000.0	689999	1003.8533	162.41441	1189.0424	-245.95764	-1006.8622	96.403435	5408.910267114639	39.19500195289004
139	9635.782	159.04144	9812.096	9444.581	9714.662	195.61928	10080.251	9389.013	1000.0	1000.0	694999	1005.04144	161.07257	1200.148	-249.25221	-1008.0774	98.67696	5444.854515314102	39.17161523695472
140	9805.528	168.53075	9979.304	9487.07	10291.723	173.08466	10542.514	9970.123	1000.0	1000.0	699999	1007.9508	157.3272	1199.7535	-171.91718	-1011.0248	97.64721	5480.7971205711365	39.148550876549315
141	9735.654	82.283295	9855.639	9605.285	10036.4795	129.64961	10176.154	9684.405	1000.0	1000.0	704999	1011.7521	152.72514	1201.2861	-132.83798	-1014.7882	97.78726	5516.8210272789	39.126390281298484
142	9759.279	184.31966	9990.893	9468.0625	9878.166	120.606804	10037.879	9629.817	1000.0	1000.0	709999	1013.932	150.00061	1205.1091	-74.69371	-1016.9394	94.39514	5553.004096508026	39.105662668255015
143	9812.292	226.47751	10051.163	9402.428	9961.647	1280.152	10702.007	6155.3086	1000.0	1000.0	714999	1017.531	146.64125	1207.5082	-8.443249	-1020.6727	97.38696	5588.806270360947	39.08256134786806
144	9716.92	152.93936	9910.927	9519.135	10084.298	670.0924	10479.793	8114.4917	1000.0	1000.0	719999	1019.29675	145.36223	1205.7474	13.509752	-1022.273	92.76121	5624.787013292313	39.06102094385359
145	9800.307	273.69043	10231.496	9375.92	10163.819	143.22034	10323.839	9822.23	1000.0	1000.0	724999	1020.39154	147.44833	1209.9294	70.0843	-1023.3809	92.19548	5660.384182214737	39.03713230757878
146	9775.705	115.63201	9969.995	9656.454	10411.662	187.79642	10623.129	10036.682	1000.0	1000.0	729999	1021.9521	149.37363	1209.3973	-63.757687	-1024.873	91.93588	5696.412061452866	39.01652098355228
147	10023.49	159.04285	10299.988	9843.912	10184.619	108.05549	10374.299	10034.833	1000.0	1000.0	734999	1022.1151	155.08961	1205.0892	-180.111	-1024.9581	90.90222	5732.147515535355	38.99420080055185
148	9834.31	152.0795	10018.431	9581.328	8518.986	3018.0818	10510.151	1089.4786	1000.0	1000.0	739999	1022.3542	160.74011	1207.876	-228.42078	-1025.2753	93.53979	5767.745040893555	38.9712502940281
149	9814.857	249.38725	10206.673	9543.026	10466.341	140.03345	10747.576	10194.396	1000.0	1000.0	744999	1022.6957	161.31177	1215.5125	-240.95808	-1025.6375	95.192085	5803.564965963364	38.950100458708384
150	9923.475	120.67738	10023.223	9691.514	10390.495	165.92133	10609.491	10101.967	1000.0	1000.0	749999	1022.9459	159.97934	1211.7198	-224.0373	-1025.8798	95.90671	5839.446690559387	38.92964462121328
151	9261.041	1443.7467	10269.724	6418.8613	10524.648	234.62672	10999.526	10189.91	1000.0	1000.0	754999	1021.83813	160.5801	1207.938	-308.54544	-1024.775	96.39455	5875.585556745529	38.91116264008529
152	9736.753	154.42819	9859.056	9441.598	10085.566	85.72473	10234.053	9947.734	1000.0	1000.0	759999	1024.6418	161.75041	1209.2609	-392.3591	-1027.65	98.75116	5911.849193811417	38.89374471024463
153	10126.99	150.25885	10307.116	9852.043	10450.422	149.68776	10679.314	10258.086	1000.0	1000.0	764999	1026.2113	160.92613	1212.1345	-478.30374	-1029.1844	98.275215	5947.749969959259	38.87418282421586
154	9843.819	241.11546	10251.642	9582.542	10021.568	125.04812	10170.349	9817.23	1000.0	1000.0	769999	1026.031	163.92258	1210.5347	-499.17453	-1028.9094	98.275215	5983.715886592865	38.85529798037046
155	9970.125	130.20589	10117.815	9796.868	10446.369	371.00677	10872.875	9506.488	1000.0	1000.0	774999	1027.4972	162.75313	1212.53	-483.1989	-1030.4072	96.26846	6019.783139467239	38.83731059258984
156	9919.338	269.2367	10198.906	9438.349	10587.212	226.03067	11016.32	10271.745	1000.0	1000.0	779999	1028.7659	162.43341	1211.0961	-441.58142	-1031.6967	92.765915	6055.839101314545	38.819481433966224
157	8843.008	1466.1174	10327.154	6367.6987	10327.906	155.21126	10599.331	10059.634	1000.0	1000.0	784999	1029.116	165.51003	1222.0637	-499.1753	-1032.0372	96.13046	6091.838139772415	38.80151683054152
158	9877.594	87.20154	10023.533	9758.133	10226.43	309.45712	10539.169	9406.885	1000.0	1000.0	789999	1028.968	166.99086	1213.8649	-581.8545	-1031.9155	100.93873	6127.738859415054	38.78315745124334
159	9918.425	187.64464	10195.796	9709.002	10348.127	178.17046	10651.238	10102.832	1000.0	1000.0	794999	1029.6355	167.60742	1215.9658	-618.4276	-1032.5042	96.475174	6163.70637011528	38.765448880645465
160	10063.85	129.36311	10299.977	9947.487	10240.644	227.37387	10577.937	9758.298	1000.0	1000.0	799999	1031.06	167.97575	1218.2775	-646.4257	-1033.9177	93.16885	6199.738844633102	38.74836779385805
161	10031.128	148.44481	10214.606	9883.257	10228.625	883.128	10704.241	7613.491	1000.0	1000.0	804999	1032.2256	166.51355	1215.2627	-592.5717	-1035.1627	97.01936	6235.720292329788	38.73118195474518
162	9895.339	328.53656	10241.685	9288.324	10241.423	185.41592	10462.356	9824.95	1000.0	1000.0	809999	1035.3507	160.03503	1218.2728	-348.22903	-1038.3105	96.69111	6271.575754404068	38.71343059598664
163	10132.828	200.0646	10408.241	9836.585	10461.432	179.0844	10704.046	10130.03	1000.0	1000.0	814999	1037.614	154.77484	1228.6808	-143.00053	-1040.543	94.2886	6307.999686002731	38.69938459279347
164	10158.143	90.40343	10247.211	9985.066	10437.701	112.44066	10576.052	10259.665	1000.0	1000.0	819999	1039.4741	152.68703	1222.7535	-148.55942	-1042.4825	96.5116	6344.1529796123505	38.68385964632034
165	10006.996	239.38106	10337.194	9612.925	10103.831	1969.4197	11013.143	4214.9097	1000.0	1000.0	824999	1042.01	149.38165	1225.1764	-128.77579	-1044.9851	94.8269	6379.7526116371155	38.66516735625989
166	10152.158	258.21866	10520.667	9877.395	10425.658	234.57806	10831.812	10146.816	1000.0	1000.0	829999	1043.3805	152.07573	1226.6294	-222.44197	-1046.3512	96.48629	6415.576670885086	38.648052247173815
167	10109.143	164.34985	10293.22	9837.228	10562.17	133.82916	10744.075	10256.812	1000.0	1000.0	834999	1045.7906	148.92772	1229.9526	-235.07095	-1048.7972	93.42808	6450.897387981415	38.62812808602156
168	10020.369	116.82331	10227.57	9902.1875	10491.084	124.50249	10760.036	10375.325	1000.0	1000.0	839999	1047.4049	146.2726	1225.737	-157.73865	-1050.2693	90.308716	6486.748899698257	38.61160060763359
169	10016.74	217.3396	10426.316	9801.352	10659.827	197.13766	11035.413	10371.838	1000.0	1000.0	844999	1048.3071	149.08983	1225.664	-116.956505	-1051.2126	92.50702	6522.535649061203	38.59488551010042
170	10266.256	72.29415	10369.533	10159.062	10299.34	145.0064	10553.921	10123.967	1000.0	1000.0	849999	1049.4126	149.90393	1232.1202	-181.33513	-1052.3319	92.93847	6558.434114456177	38.57902421530555
171	10157.18	162.85481	10416.298	9954.951	10003.189	2304.136	11001.616	3107.636	1000.0	1000.0	854999	1049.3534	153.46399	1230.7505	-218.41722	-1052.2377	96.54431	6594.273679018021	38.563003984808226
172	10197.823	111.04301	10403.853	10071.145	10759.192	116.407814	10944.798	10582.22	1000.0	1000.0	859999	1050.6857	153.41672	1232.3612	-187.80478	-1053.659	94.63572	6630.3213992118835	38.54838024045146
173	10044.014	257.34473	10327.539	9565.882	10602.803	106.18629	10746.916	10343.669	1000.0	1000.0	864999	1051.6053	154.97914	1232.4408	-158.26958	-1054.4896	93.2636	6666.0535798072815	38.53210162840826
174	10029.498	236.80519	10302.267	9586.444	10415.09	129.42099	10614.917	10181.947	1000.0	1000.0	869999	1052.9904	158.80757	1234.4934	-199.07658	-1055.8842	94.37982	6702.045344114304	38.51750199137063
175	8843.206	2905.369	10398.865	3033.7336	10668.644	149.41203	11015.764	10487.604	1000.0	1000.0	874999	1051.7646	166.07529	1240.0208	-188.35272	-1054.6147	92.9544	6737.849994897842	38.50199998446873
176	10425.955	199.39381	10754.27	10168.419	10582.159	95.07984	10818.993	10440.888	1000.0	1000.0	879999	1052.5676	168.33144	1238.1265	-247.98828	-1055.424	99.954384	6773.828562736511	38.48766229911284
177	10232.573	203.19048	10541.953	9929.045	10809.803	187.09868	11197.658	10638.272	1000.0	1000.0	884999	1054.0486	171.43675	1238.2174	-266.2912	-1057.0085	107.172	6809.7349553108215	38.473078854339946
178	10245.098	115.17245	10389.239	10067.837	10720.927	179.75905	10914.162	10242.129	1000.0	1000.0	889999	1056.4138	172.73126	1247.0682	-302.39062	-1059.4386	112.87925	6845.830448389053	38.45972163087866
179	10100.153	57.950386	10168.908	10011.284	10281.176	281.14282	10746.376	9666.633	1000.0	1000.0	894999	1059.1018	167.69382	1244.9691	-351.1797	-1062.0948	108.83198	6881.825114965439	38.44595037359099
180	10189.6455	108.76669	10308.922	10012.308	10579.8	211.50157	10918.873	10216.039	1000.0	1000.0	899999	1060.4451	164.89034	1240.6603	-368.17566	-1063.429	98.79016	6918.034855604172	38.43352698749966
181	10359.271	75.20784	10480.963	10280.962	10639.848	131.49428	10922.18	10451.185	1000.0	1000.0	904999	1062.9818	161.46976	1246.9456	-313.5906	-1066.0232	100.80225	6954.01650428772	38.41998069984478
182	10195.893	230.33133	10582.627	9908.179	10955.698	188.60472	11393.942	10635.396	1000.0	1000.0	909999	1065.7678	157.31793	1246.0184	-347.92038	-1068.866	107.734184	6990.144718170166	38.40738857316447
183	8841.872	2944.2678	10679.333	2973.3652	10436.565	161.8426	10691.742	10080.558	1000.0	1000.0	914999	1066.1223	159.29024	1244.8032	-305.88705	-1069.1326	106.184425	7026.1978940963745	38.39452402578677
184	10237.575	194.55016	10458.159	9970.944	10726.115	250.8448	11075.747	10260.114	1000.0	1000.0	919999	1068.062	156.4924	1244.9965	-289.99905	-1070.9568	96.51385	7062.165853500366	38.38133617198986
185	9730.559	959.27374	10363.882	7820.165	10919.09	173.96736	11234.634	10698.591	1000.0	1000.0	924999	1066.6699	160.12865	1246.1371	-330.96802	-1069.5204	99.3596	7098.122277021408	38.36822853732753
186	10193.699	383.0782	10708.89	9556.88	10562.705	186.93938	10831.714	10286.833	1000.0	1000.0	929999	1065.9556	163.77371	1252.5385	-265.8196	-1068.8137	103.25653	7134.28476023674	38.35636969151035
187	10203.49	160.0055	10439.903	9955.626	10499.419	135.1486	10742.665	10266.419	1000.0	1000.0	934999	1067.0968	167.03163	1249.4615	-307.34036	-1070.0428	102.6031	7170.276160955429	38.343722798607565
188	10263.411	175.30591	10518.86	10100.903	10782.728	166.53072	11041.227	10513.154	1000.0	1000.0	939999	1069.4163	166.97072	1250.8533	-354.88226	-1072.3856	103.27341	7206.469381093979	38.33228395340291
189	10385.872	51.633255	10452.348	10312.294	10425.353	187.98445	10839.007	10200.095	1000.0	1000.0	944999	1070.3389	169.42317	1247.3167	-412.20438	-1073.278	102.35503	7242.304067850113	38.31906915215588
190	10462.904	188.97375	10762.118	10234.72	10916.022	136.35112	11136.431	10661.56	1000.0	1000.0	949999	1071.2217	167.46185	1253.6305	-419.36282	-1074.1342	101.10078	7278.302770376205	38.306856697484065
191	10312.087	217.94734	10518.655	9916.853	10653.464	188.24036	11032.632	10450.593	1000.0	1000.0	954999	1071.733	168.92787	1250.0841	-432.3495	-1074.6117	97.82469	7314.360172748566	38.29507945095681
192	10404.25	149.60522	10604.506	10139.145	10514.274	1265.2686	11200.058	6747.081	1000.0	1000.0	959999	1072.6692	170.15756	1257.2286	-379.33084	-1075.6407	101.10684	7350.310159921646	38.28286542867621
193	10159.528	190.77043	10458.624	9950.183	10854.583	132.93176	11112.114	10637.782	1000.0	1000.0	964999	1074.2068	171.72118	1257.6223	-354.58978	-1077.0616	97.56346	7386.618451356888	38.27263447410702
194	10494.362	294.25204	10880.559	10019.297	11139.492	136.947	11412.658	10904.842	1000.0	1000.0	969999	1074.6191	174.41064	1262.0605	-383.7224	-1077.5372	100.36322	7422.82129907608	38.26196547144467
195	10376.083	204.18922	10619.183	10016.648	10729.986	146.8058	11032.796	10598.51	1000.0	1000.0	974999	1075.5829	174.45192	1260.7183	-394.9863	-1078.5723	104.63245	7459.12787437439	38.25193782708584
196	10372.211	217.46228	10643.646	10129.331	10965.283	191.0819	11231.924	10558.913	1000.0	1000.0	979999	1077.1372	172.72559	1260.6542	-454.32303	-1080.1746	103.49327	7495.566366672516	38.242685557628164
197	10678.56	129.25343	10848.464	10502.771	10730.436	206.33754	11170.675	10417.976	1000.0	1000.0	984999	1078.8523	172.62408	1260.8689	-561.52576	-1081.8502	101.810326	7531.465449810028	38.230789095012064
198	10258.148	199.17084	10584.564	9961.854	10846.411	174.69194	11128.725	10597.226	1000.0	1000.0	989999	1079.7219	173.18877	1267.6182	-511.07492	-1082.6492	99.33683	7567.416459798813	38.21927506032616
199	10152.552	277.78784	10404.94	9616.906	10858.221	127.16563	11111.798	10692.01	1000.0	1000.0	994999	1080.521	173.85934	1266.77	-514.3719	-1083.411	101.63119	7603.442790269852	38.208255238269444
200	10355.827	126.751236	10511.688	10128.852	10263.941	1172.0697	10946.083	6784.994	1000.0	1000.0	999999	1080.8231	173.8378	1264.6559	-521.41254	-1083.7472	103.534676	7639.424358844757	38.197121807336806
