Epoch	AverageEpRet	StdEpRet	MaxEpRet	MinEpRet	AverageTestEpRet	StdTestEpRet	MaxTestEpRet	MinTestEpRet	EpLen	TestEpLen	Time Steps	AverageQ1Vals	StdQ1Vals	MaxQ1Vals	MinQ1Vals	AverageQ2Vals	StdQ2Vals	MaxQ2Vals	MinQ2Vals	AverageQ3Vals	StdQ3Vals	MaxQ3Vals	MinQ3Vals	LossPi	LossQ	Time	AVG Time Per Epoch
1	-42.61973	3.9125812	-35.5003	-54.679558	-9.072198	2.8705232	-5.818368	-13.797332	50.0	50.0	4999	-1.7944018	0.6087254	0.09847187	-4.699721	-1.793753	0.6060924	1.4585608	-4.889137	-1.7939333	0.6095783	0.6742771	-4.8134165	1.1051968	0.12173115	20.14104151725769	20.14104390144348
2	-42.512764	3.7607768	-33.376488	-49.712807	-8.887627	2.055681	-6.561472	-12.532801	50.0	50.0	9999	-2.9114864	0.9382447	0.34025124	-7.405871	-2.9113464	0.9386991	-0.117839195	-7.3478055	-2.9113894	0.9391308	0.6957507	-7.248309	2.209258	0.1755523	45.19806098937988	22.599031925201416
3	-9.44604	2.9880247	-1.7968761	-16.166975	-8.660294	3.6695685	-3.0814188	-15.634154	50.0	50.0	14999	-3.9199433	1.2777556	1.6142683	-10.25855	-3.9199035	1.2786981	0.7877788	-10.007891	-3.919881	1.2789868	1.2076391	-9.949919	3.3084676	0.32287705	71.37664413452148	23.792215426762898
4	-9.108346	2.7733624	-2.83567	-15.753737	-6.6790457	2.142315	-3.445972	-9.90427	50.0	50.0	19999	-4.6732616	1.499904	1.1184533	-12.36756	-4.6733665	1.5016775	1.3601807	-12.005647	-4.6732764	1.5015142	1.925368	-11.944452	4.1708136	0.5360277	97.60911798477173	24.402280151844025
5	-9.221454	2.5580974	-2.7631953	-15.187183	-6.5630026	2.5881336	-2.4407897	-12.272392	50.0	50.0	24999	-5.3493843	1.6650517	2.1833584	-12.660315	-5.349289	1.6671611	2.2762485	-12.344595	-5.349188	1.6664745	2.8952205	-12.980886	4.9134502	0.71622336	124.03297686576843	24.806595897674562
6	-9.07186	2.6869044	-3.5386302	-19.080088	-11.52341	2.8652065	-5.8564286	-16.131662	50.0	50.0	29999	-5.9361753	1.9090632	2.0705295	-14.80454	-5.936078	1.9111179	1.5064138	-13.73124	-5.9361	1.9109421	2.6685746	-13.627038	5.5177083	0.8953906	150.21642112731934	25.036070624987286
7	-10.05508	3.410069	-4.0556993	-18.364782	-7.4436646	3.5143352	-2.0666342	-12.817718	50.0	50.0	34999	-6.4598026	2.1198802	1.7799816	-15.15548	-6.459747	2.1203306	2.1219063	-14.81909	-6.459669	2.1211066	2.3397794	-14.923442	6.066131	1.1331017	176.33911895751953	25.191303048815048
8	-9.651438	3.5395508	-3.4454005	-19.088404	-9.313094	2.5320475	-3.9816182	-12.265021	50.0	50.0	39999	-6.9390106	2.2291183	2.7024937	-16.930073	-6.939054	2.2307918	2.774502	-16.41641	-6.938959	2.2303393	3.445308	-16.224943	6.5739756	1.3677812	202.50205206871033	25.312756836414337
9	-9.984059	3.1807601	-4.017949	-24.543474	-6.8291345	2.9336398	-3.3197289	-11.223009	50.0	50.0	44999	-7.4069123	2.3343098	6.328343	-18.132792	-7.4069667	2.3358293	3.0737693	-17.375479	-7.4068794	2.3353522	3.9109821	-17.48831	7.0389423	1.6992652	228.58835887908936	25.398706833521526
10	-10.5862875	5.364464	-3.1808386	-27.994463	-8.934576	2.8139179	-4.4024363	-15.084578	50.0	50.0	49999	-7.82947	2.458594	3.4697583	-19.03395	-7.8297024	2.4594972	5.4020042	-19.093647	-7.829476	2.4587317	4.358424	-18.694893	7.438134	2.019777	254.9778118133545	25.497781419754027
11	-10.9879265	4.8804164	-3.885117	-25.508137	-9.204947	6.773356	-1.7333214	-19.483496	50.0	50.0	54999	-8.183556	2.602753	3.8506486	-19.614862	-8.183708	2.6042607	4.934808	-19.366909	-8.183634	2.6030304	5.706234	-19.640549	7.791052	2.3507028	281.13109493255615	25.55737246166576
12	-11.0762	5.1354294	-3.9466944	-21.96039	-10.257864	4.666285	-3.1757088	-16.263975	50.0	50.0	59999	-8.462827	2.6783202	3.6757855	-20.899454	-8.463049	2.677942	5.84875	-20.323008	-8.462903	2.6792936	3.876213	-20.560993	8.028616	2.6914153	307.6154773235321	25.634623269240063
13	-10.557564	4.7965074	-3.4475472	-22.995743	-6.7213516	4.0327377	-2.7389276	-13.978563	50.0	50.0	64999	-8.717064	2.6938841	5.600093	-21.288013	-8.717184	2.6950727	5.019197	-20.811989	-8.717162	2.6960177	4.898204	-21.043083	8.278702	2.908198	333.7510175704956	25.673155344449558
14	-10.600499	4.5324564	-3.4959989	-22.09425	-5.155385	3.8969545	-2.496177	-15.050852	50.0	50.0	69999	-8.94106	2.73152	5.6808786	-23.463766	-8.941329	2.7318802	6.2872667	-23.152115	-8.941262	2.7329812	7.0333333	-22.926521	8.521072	3.0001655	359.7249011993408	25.694635936192103
15	-10.505419	4.2098403	-3.2888126	-18.538755	-8.878415	4.4298835	-2.8581395	-15.848536	50.0	50.0	74999	-9.141698	2.7880232	5.527479	-22.359873	-9.141701	2.7891243	7.457978	-22.17083	-9.141765	2.7896473	6.1066937	-23.321453	8.711546	3.2762673	385.9926097393036	25.732840824127198
16	-10.787117	4.2199063	-3.7804897	-23.44534	-9.879571	3.4261556	-4.1073956	-15.688249	50.0	50.0	79999	-9.316747	2.830861	9.558206	-21.459093	-9.316805	2.832011	7.253628	-21.008083	-9.316776	2.8327527	6.4087753	-22.832737	8.895443	3.4042516	412.28809237480164	25.768005907535553
17	-11.673942	3.7759686	-4.0790334	-19.83731	-9.068188	3.0723064	-4.115889	-15.093422	50.0	50.0	84999	-9.45224	2.9037032	6.3365526	-22.393639	-9.452293	2.9042222	6.8262486	-22.671204	-9.452222	2.9055705	5.065039	-23.099092	9.020724	3.5409515	438.59556436538696	25.799739192513858
18	-10.879514	4.207293	-3.7766635	-19.776096	-5.4603524	2.2408206	-3.099942	-9.455119	50.0	50.0	89999	-9.544252	2.9018085	6.236478	-24.589226	-9.544212	2.9037802	6.950607	-23.644495	-9.544408	2.9040244	8.675722	-23.836329	9.115972	3.6799624	464.7960329055786	25.82200194729699
19	-10.214446	3.5036972	-2.73192	-17.495886	-7.230161	3.8180845	-2.7756143	-13.771978	50.0	50.0	94999	-9.640211	2.8914585	5.4621587	-23.912016	-9.640219	2.8927488	6.228967	-23.982763	-9.640188	2.8932981	7.586821	-23.867899	9.235563	3.7326458	490.83897161483765	25.833630185378226
20	-10.035617	3.7139003	-3.6745148	-16.972267	-12.142398	2.6862447	-7.8949065	-17.086555	50.0	50.0	99999	-9.706271	2.9263823	5.9207635	-24.57798	-9.706364	2.9259887	10.489309	-24.47737	-9.70638	2.9273274	8.097095	-25.0764	9.295009	3.7635133	516.8203485012054	25.841017520427705
21	-10.371847	3.6154342	-4.235213	-18.882566	-11.4216585	3.442333	-5.0764384	-15.78658	50.0	50.0	104999	-9.739163	2.9705691	7.8438983	-25.896587	-9.73916	2.9714782	8.29719	-24.925913	-9.739125	2.9730024	8.434297	-24.21313	9.330298	3.7614312	543.0041310787201	25.85733965465001
22	-10.678413	3.3843234	-3.1484625	-16.806087	-8.530287	3.6372576	-3.096082	-14.760845	50.0	50.0	109999	-9.704408	3.0027857	5.667976	-24.627197	-9.704341	3.0041268	5.0576305	-24.52229	-9.704269	3.0056984	11.58196	-25.359344	9.30855	3.7763624	569.1527919769287	25.870581551031634
23	-10.634536	3.5536816	-3.1009245	-17.17466	-7.8879676	4.4864197	-2.979357	-14.638062	50.0	50.0	114999	-9.662194	2.99285	11.501038	-24.53902	-9.662312	2.9942143	5.17003	-24.021694	-9.662339	2.9963005	7.0978065	-24.020517	9.273322	3.7880504	595.3718705177307	25.885733573333077
24	-10.778347	3.2778728	-4.168057	-17.936842	-10.389617	2.5867069	-6.331812	-13.908761	50.0	50.0	119999	-9.632928	2.9968667	9.880538	-25.683207	-9.633066	2.997404	6.6878743	-24.625511	-9.633019	2.9990032	7.6952353	-24.264353	9.240862	3.6705859	621.3861141204834	25.891088167826336
25	-10.853647	3.5831409	-3.2380795	-17.904291	-10.166101	3.1612813	-4.2398696	-14.778102	50.0	50.0	124999	-9.595775	3.0377119	12.07021	-24.846912	-9.595584	3.0402684	6.5509787	-25.238655	-9.595556	3.0401266	7.217353	-24.290482	9.217481	3.7454813	647.6096293926239	25.904385251998903
26	-11.333074	2.6880283	-5.659372	-18.03281	-9.245279	3.0090516	-3.300669	-15.118492	50.0	50.0	129999	-9.805063	3.1917493	12.110744	-25.275183	-9.805114	3.192436	9.444159	-24.960966	-9.805137	3.1926057	12.391632	-24.778284	9.3041525	4.127057	673.8066415786743	25.91564014324775
27	-11.412645	3.8392038	-2.809727	-27.626438	-9.8548565	2.6654413	-3.9064507	-14.185263	50.0	50.0	134999	-9.900902	3.3318386	9.633079	-25.487488	-9.90097	3.3335426	7.131916	-25.320974	-9.900864	3.334186	14.008687	-25.395512	9.34759	4.195158	700.0138022899628	25.926437192493015
28	-10.91374	3.4524903	-2.7391145	-17.620337	-9.348356	2.4699283	-4.7337894	-12.889033	50.0	50.0	139999	-9.840627	3.3574288	6.230414	-26.76973	-9.840932	3.3575714	8.763883	-28.409441	-9.840551	3.3587325	11.668823	-26.648148	9.35302	4.173288	726.2641868591309	25.938006741659983
29	-10.925043	3.554246	-3.3965335	-17.179728	-9.5750475	2.0873446	-5.334386	-13.052345	50.0	50.0	144999	-9.738472	3.3347826	7.3207893	-26.49604	-9.738422	3.336135	10.740755	-25.537811	-9.738389	3.3362107	8.818933	-27.289635	9.277155	4.083222	752.3801124095917	25.94414186477661
30	-10.950535	3.5108821	-3.344872	-18.833755	-8.932913	3.1287568	-2.690683	-13.02625	50.0	50.0	149999	-9.656509	3.3424363	8.269181	-28.386854	-9.656662	3.342763	9.978952	-26.13233	-9.656337	3.3444448	9.861269	-27.264942	9.174625	4.0174007	778.3706591129303	25.945688692728677
31	-11.214103	3.8787997	-2.1717887	-19.770428	-11.942831	3.6295025	-2.8395972	-15.416185	50.0	50.0	154999	-9.718091	3.4473836	8.913099	-29.054853	-9.718079	3.4484365	10.849573	-27.61432	-9.718008	3.44881	7.721364	-29.325998	9.2576475	4.0837436	804.4286720752716	25.949312063955492
32	-11.645704	3.5166988	-4.1235003	-17.72582	-12.553183	3.957006	-5.5233207	-17.21224	50.0	50.0	159999	-9.676847	3.5211217	11.219382	-28.994284	-9.677134	3.5212357	14.108122	-26.996025	-9.676881	3.5232978	12.478686	-28.695131	9.217525	4.11219	830.5658693313599	25.95518346875906
33	-12.224018	3.924593	-3.4286177	-20.874384	-11.362524	4.260295	-3.7049131	-17.156013	50.0	50.0	164999	-9.615932	3.5624204	22.102543	-27.515213	-9.616111	3.5633874	10.732653	-25.98889	-9.615998	3.5635858	10.4605	-26.602436	9.140489	4.1450467	856.3883945941925	25.95116353034973
34	-12.1041565	3.1634977	-3.3256035	-19.754148	-11.968443	3.696039	-2.8731768	-17.129892	50.0	50.0	169999	-9.567623	3.6179686	7.49039	-27.218	-9.567777	3.61862	5.301423	-28.40529	-9.56764	3.6187584	9.647736	-28.047604	9.062432	4.0476995	882.6718728542328	25.96093749298769
35	-12.454177	3.443593	-2.1309912	-20.16498	-12.247709	4.169124	-8.338915	-21.943474	50.0	50.0	174999	-9.495022	3.6200354	12.311974	-26.224201	-9.495189	3.621107	8.959439	-26.949814	-9.495272	3.6206367	6.484847	-27.171236	8.983705	4.1855392	908.8156235218048	25.96616072654724
36	-12.490143	3.6325467	-3.4749143	-20.765066	-12.809687	1.8599598	-9.582971	-15.351473	50.0	50.0	179999	-9.367895	3.5733325	6.802119	-26.396393	-9.368177	3.5728788	7.031253	-26.784586	-9.368027	3.5740108	10.39913	-26.90364	8.931552	3.985125	934.9957828521729	25.97210513883167
37	-12.466209	3.3528187	-4.018573	-20.517403	-10.903267	4.6436887	-2.2010963	-15.970006	50.0	50.0	184999	-9.236208	3.499246	10.861674	-27.697449	-9.236413	3.4990287	12.53793	-25.418335	-9.236479	3.499596	11.707301	-26.560677	8.811217	3.7639735	960.8794786930084	25.96971569190154
38	-12.073926	3.275728	-2.4522712	-19.183958	-11.355341	3.383132	-3.1334329	-16.56814	50.0	50.0	189999	-9.133372	3.463781	9.265958	-26.761234	-9.133372	3.4641068	19.617403	-26.244398	-9.133235	3.4644518	8.885558	-27.36629	8.72769	3.599979	987.0387802124023	25.974704792625026
39	-11.605003	3.463591	-2.447867	-18.88203	-9.918797	3.6783	-3.2159026	-15.33054	50.0	50.0	194999	-9.038513	3.4489744	10.767401	-27.890331	-9.038677	3.4494596	17.60899	-26.731102	-9.038634	3.4500813	12.952758	-25.58082	8.659344	3.6255789	1012.9770677089691	25.973771021916317
40	-13.099061	3.4764116	-4.1766834	-24.887905	-10.0772	3.7601163	-3.6439798	-15.710087	50.0	50.0	199999	-9.014249	3.4866805	12.170902	-25.566278	-9.014312	3.487285	8.33953	-25.983675	-9.014285	3.487346	12.423373	-26.682127	8.606616	3.5805926	1039.017281293869	25.97543211579323
41	-12.352431	2.9701412	-2.8032463	-20.05598	-12.758899	1.6604674	-10.625011	-14.672455	50.0	50.0	204999	-8.993341	3.4805372	12.0872345	-25.110178	-8.993438	3.4814959	9.347912	-26.231636	-8.993359	3.482572	13.546192	-26.507277	8.566954	3.689393	1064.946358203888	25.97430147194281
42	-12.593342	2.7678125	-3.3068068	-17.999983	-12.0880165	3.9838006	-3.0266016	-16.845089	50.0	50.0	209999	-8.96825	3.4781313	16.787285	-26.273499	-8.968289	3.479271	14.545774	-25.455524	-8.96815	3.479884	8.999519	-26.689653	8.543933	3.628875	1090.887514591217	25.97351230326153
43	-12.250998	2.7861743	-2.8273523	-18.06673	-11.20975	4.844255	-1.516299	-16.031664	50.0	50.0	214999	-8.961748	3.4874043	11.850477	-24.68822	-8.961759	3.487205	8.273177	-25.188381	-8.961698	3.4888747	12.036382	-25.976963	8.531761	3.6752121	1117.1193442344666	25.979519683261252
44	-12.38844	3.2342942	-2.7021916	-22.397524	-12.264208	1.8883228	-9.726786	-16.039854	50.0	50.0	219999	-8.954449	3.5127175	8.444496	-26.163982	-8.954355	3.5130022	19.495846	-27.082272	-8.954592	3.5132961	12.003405	-28.14436	8.552313	3.5613728	1143.1919181346893	25.98163454099135
45	-11.567238	3.3106036	-3.4322991	-18.62533	-11.536501	4.4116497	-0.63501376	-15.872689	50.0	50.0	224999	-8.938353	3.522843	9.985098	-25.484911	-8.938311	3.5240853	13.77956	-26.762796	-8.938398	3.5238862	8.84239	-26.383547	8.52396	3.6406202	1169.1832909584045	25.9818509472741
46	-11.8425045	3.1437433	-3.5581949	-20.399202	-10.274067	3.979567	-2.9179208	-16.094606	50.0	50.0	229999	-8.916	3.5268338	9.672667	-25.65372	-8.91626	3.5277247	16.825329	-26.29261	-8.916102	3.5271652	10.099537	-24.871414	8.467425	3.610649	1195.1776304244995	25.982122447179712
47	-11.661541	3.326201	-2.8118012	-18.070042	-9.962408	4.268176	-2.2233193	-17.852526	50.0	50.0	234999	-8.860015	3.491909	12.328036	-24.915525	-8.859855	3.492871	13.823222	-26.053741	-8.859859	3.4925668	12.524326	-26.694164	8.4069605	3.4081542	1221.1706004142761	25.982353245958368
48	-12.446369	2.773001	-2.7557697	-18.500113	-9.920014	4.1349187	-2.6218202	-14.330448	50.0	50.0	239999	-8.826056	3.4987535	10.13702	-24.574226	-8.826005	3.5001206	11.885868	-25.046925	-8.826162	3.4996736	8.680134	-27.099886	8.363997	3.4397454	1247.389233827591	25.98727574944496
49	-11.37414	3.504625	-2.5105119	-19.82606	-11.545277	2.38683	-7.63882	-15.531626	50.0	50.0	244999	-8.785612	3.498749	12.250506	-25.216923	-8.785567	3.49847	12.074673	-24.591515	-8.785689	3.4991055	11.241432	-24.126001	8.373354	3.337875	1273.377212047577	25.987290090444137
50	-12.256698	3.144827	-2.8528442	-19.010706	-10.4091015	3.4936259	-1.0734404	-14.612888	50.0	50.0	249999	-8.723521	3.5100775	12.15485	-24.493631	-8.723577	3.5105443	14.501091	-24.095528	-8.72358	3.5112646	13.214086	-24.801891	8.364172	3.3146234	1299.4355628490448	25.988711290359497
51	-12.894046	2.8302064	-3.3421636	-18.765593	-12.526138	3.9295511	-3.3021188	-16.33519	50.0	50.0	254999	-8.646513	3.5077744	9.86924	-25.899208	-8.646643	3.506729	12.742048	-24.441769	-8.646557	3.5078664	13.550473	-25.032677	8.240449	3.2037308	1326.019677400589	26.00038586878309
52	-12.055981	4.0691752	-2.5624793	-19.371	-12.947062	1.4571134	-11.199884	-16.013372	50.0	50.0	259999	-8.627865	3.5055282	9.539696	-26.477636	-8.628012	3.5056126	8.667228	-27.525635	-8.628026	3.5064907	12.543902	-24.810297	8.240709	3.1632028	1352.144404888153	26.002777053759647
53	-12.805314	2.8692317	-2.7495089	-18.397398	-10.285078	2.2722616	-7.5078173	-13.633701	50.0	50.0	264999	-8.57977	3.5105937	10.055311	-25.457188	-8.580045	3.5109584	11.614934	-24.134739	-8.580063	3.5112712	10.663119	-25.896112	8.1375675	3.131123	1378.1307764053345	26.00246751083518
54	-12.304435	4.252956	-2.6607304	-19.689598	-12.259054	1.4040942	-9.879243	-14.532988	50.0	50.0	269999	-8.548952	3.489054	13.820395	-23.478586	-8.548969	3.4893017	18.099197	-23.305027	-8.549058	3.4904544	8.8834505	-24.606865	8.162491	3.1176133	1403.780818939209	25.995941131203264
55	-12.701025	3.273195	-2.5179753	-20.040642	-11.549651	3.1304333	-3.9758394	-17.051456	50.0	50.0	274999	-8.516496	3.4940457	9.729657	-25.289806	-8.516479	3.4953885	10.066711	-27.445068	-8.516413	3.4952765	21.702742	-27.594194	8.157015	3.1082652	1429.8435921669006	25.99715626456521
56	-13.1051035	2.7980871	-3.7106194	-19.676834	-10.250899	2.405529	-7.4383955	-15.41865	50.0	50.0	279999	-8.49951	3.463906	15.16843	-23.150406	-8.499725	3.4638314	16.41487	-22.774942	-8.499674	3.464851	37.50659	-23.434738	8.196153	3.1301847	1455.887959241867	25.997999306235993
57	-11.834159	3.1300368	-2.4195924	-18.109474	-11.240969	3.9785979	-3.2989569	-17.551054	50.0	50.0	284999	-8.487221	3.4500225	19.594465	-28.465162	-8.487174	3.450136	14.496387	-26.876743	-8.487318	3.4497457	14.545131	-24.469795	8.198245	2.997911	1482.076928138733	26.001349670845165
58	-12.414994	3.1789098	-3.1273406	-18.970724	-9.312896	3.4548767	-2.0790856	-13.081374	50.0	50.0	289999	-8.495342	3.4517083	8.103916	-28.594435	-8.495499	3.4512656	10.466929	-30.166964	-8.495519	3.4525254	8.881998	-29.916107	8.169078	2.9433613	1508.1491377353668	26.002571373150268
59	-11.387163	3.3969727	-2.972359	-18.05113	-8.637465	4.1968994	-1.5083424	-13.630404	50.0	50.0	294999	-8.482938	3.4478586	16.6461	-26.741734	-8.483025	3.447862	9.594633	-32.932285	-8.483042	3.448528	11.633409	-26.966806	8.191911	2.9698024	1534.301293373108	26.005106695627763
60	-12.315535	3.637531	-2.3778942	-21.79725	-9.026599	5.2483296	-1.695547	-15.081496	50.0	50.0	299999	-8.511897	3.473627	9.1154	-26.797152	-8.511852	3.4741988	26.786083	-26.370867	-8.511969	3.473707	20.115997	-27.868008	8.154436	3.0477011	1560.6272807121277	26.010454710324606
61	-12.562891	3.356485	-2.7951813	-18.990057	-12.049445	1.510273	-9.049669	-14.571532	50.0	50.0	304999	-8.527916	3.4972053	12.770623	-25.727037	-8.528063	3.4973633	36.400055	-24.027792	-8.527978	3.4968848	9.878622	-24.15252	8.157869	3.0596833	1586.5135433673859	26.008418774995647
62	-12.361036	3.1025643	-3.933754	-17.095507	-10.646691	3.049018	-3.9864647	-14.459801	50.0	50.0	309999	-8.520647	3.5124393	9.530627	-25.382936	-8.520834	3.512809	16.44025	-25.747448	-8.520931	3.5131807	14.482649	-24.962898	8.192913	3.0415816	1612.4851734638214	26.00782541305788
63	-12.119677	3.8506956	-2.9424026	-18.992273	-11.834372	2.1653564	-7.0796075	-14.369715	50.0	50.0	314999	-8.527012	3.5382802	7.2840023	-23.80778	-8.527068	3.5389998	19.134537	-25.059174	-8.527121	3.5401387	9.687703	-24.663078	8.09867	3.0238137	1638.2764496803284	26.00438812422374
64	-12.389961	3.3905737	-1.9461497	-17.752	-10.237635	4.3900747	-1.4662088	-14.414275	50.0	50.0	319999	-8.519687	3.54505	9.385681	-25.359991	-8.519875	3.5454683	13.980409	-24.346054	-8.519725	3.5452695	11.584888	-26.406065	8.182905	3.13031	1664.473634004593	26.007400561124086
65	-11.689964	3.5097065	-2.3986928	-21.298918	-11.631753	3.460411	-3.2188585	-14.889658	50.0	50.0	324999	-8.543763	3.5394468	10.675033	-26.102777	-8.543918	3.541181	13.721617	-25.079414	-8.54386	3.5405643	12.355756	-24.50621	8.233717	3.030907	1690.5523056983948	26.00849704008836
66	-12.49098	3.3580341	-2.2222385	-19.849136	-11.226423	3.4520638	-3.480994	-16.466393	50.0	50.0	329999	-8.576097	3.6097264	9.757891	-25.854052	-8.576138	3.6093023	11.231858	-24.621101	-8.576202	3.610485	10.821402	-26.279192	8.186215	3.11241	1716.8810544013977	26.013349345236115
67	-12.729936	3.1213655	-1.8916372	-17.693726	-9.226698	2.4077768	-4.29824	-14.432794	50.0	50.0	334999	-8.55821	3.5945048	11.900647	-30.396793	-8.558265	3.5947978	9.759346	-28.423319	-8.558222	3.5948703	11.28964	-28.095846	8.214207	3.0868185	1742.9374563694	26.013991914578337
68	-12.8796	3.0171843	-4.0441937	-18.353739	-11.363979	3.7835922	-3.8539402	-16.37334	50.0	50.0	339999	-8.565617	3.5990705	9.84292	-26.450777	-8.565926	3.598358	12.283352	-24.928265	-8.56566	3.6005077	16.223001	-26.491753	8.223296	3.1305175	1769.0101730823517	26.01485551806057
69	-12.673645	3.6166418	-2.8438632	-18.990063	-10.383795	3.3611567	-1.6440485	-14.758329	50.0	50.0	344999	-8.528126	3.5824006	16.948473	-25.403936	-8.528242	3.5818958	13.239576	-26.74061	-8.528026	3.5819902	12.929266	-25.077665	8.207114	3.0969257	1795.4082207679749	26.02040902428005
70	-12.746973	3.8945684	-2.6552055	-22.177217	-10.123261	5.2364454	-2.6117496	-15.238931	50.0	50.0	349999	-8.464921	3.5471914	11.947967	-24.470917	-8.464993	3.5482166	18.368557	-26.326067	-8.465018	3.547665	8.181009	-24.406929	8.118345	3.0983472	1821.5096516609192	26.02156647954668
71	-12.627575	3.8286407	-2.3846443	-20.503262	-12.03303	3.766373	-3.291858	-16.625343	50.0	50.0	354999	-8.425212	3.4991393	15.318822	-27.038548	-8.425073	3.4996266	10.415611	-24.528973	-8.425162	3.4995518	15.746218	-26.451214	8.125131	2.9432366	1847.6242244243622	26.022876427207194
72	-12.892728	3.3930404	-2.496198	-17.88271	-11.651741	2.689583	-8.459729	-15.154042	50.0	50.0	359999	-8.39833	3.4605856	15.026505	-25.15373	-8.398459	3.461217	25.303701	-24.893675	-8.398201	3.4619937	12.122597	-26.753828	8.10788	2.9742036	1873.8078145980835	26.025108565886814
73	-13.003524	3.1791363	-3.9291847	-20.123825	-10.272098	5.1521325	-0.61725456	-15.922799	50.0	50.0	364999	-8.416167	3.4850576	12.424621	-25.260439	-8.416252	3.4859529	15.675803	-25.35249	-8.416052	3.48564	9.230031	-25.36927	8.106581	3.0219991	1899.686399936676	26.023101398389635
74	-12.306034	3.4248421	-3.0639842	-19.061089	-11.857009	2.6742258	-6.8989477	-15.707587	50.0	50.0	369999	-8.400327	3.4716804	10.738838	-27.547146	-8.400314	3.4711814	20.267414	-24.304308	-8.400483	3.471531	16.855997	-26.919653	8.081904	2.9920073	1925.7760014533997	26.02400004863739
75	-13.268379	3.4235537	-3.587118	-21.157782	-13.071429	2.599662	-8.52299	-17.37512	50.0	50.0	374999	-8.434194	3.4788163	17.989925	-25.088305	-8.434232	3.4786189	20.088207	-26.036087	-8.434237	3.4793434	18.023247	-26.14959	8.131216	2.9488719	1951.8539533615112	26.024719400405885
76	-13.097151	3.090258	-3.2819588	-18.03335	-11.521189	1.9130373	-7.9171996	-14.119942	50.0	50.0	379999	-8.446763	3.4931316	11.703315	-24.681923	-8.446774	3.4935594	17.568127	-24.087408	-8.446558	3.4927723	10.17396	-24.320646	8.127958	2.9922376	1978.148271560669	26.028266756158125
77	-12.681047	4.0784507	-2.8908672	-29.034283	-10.2675	3.0528207	-3.1637604	-13.683117	50.0	50.0	384999	-8.449299	3.4787283	11.172058	-25.95412	-8.449355	3.478968	12.110296	-24.879618	-8.449434	3.47914	17.899754	-27.85588	8.156082	3.0358698	2004.2051000595093	26.02863768788127
78	-12.694939	3.6763117	-2.3519921	-20.383759	-10.863714	5.2475486	-3.1405647	-18.31121	50.0	50.0	389999	-8.439176	3.4484093	12.820942	-27.15535	-8.439114	3.450085	13.06859	-26.82777	-8.439346	3.4500854	12.550482	-26.961102	8.178852	3.0581985	2030.3720395565033	26.03041079105475
79	-12.757268	3.0637684	-3.85048	-18.783184	-10.950826	1.2040627	-9.0854225	-12.736452	50.0	50.0	394999	-8.449184	3.4438329	12.727381	-26.481977	-8.449155	3.4438226	16.228577	-25.640688	-8.449348	3.4441266	13.685586	-26.933113	8.162542	3.0161467	2056.300069332123	26.02911482883405
80	-13.203927	2.8964782	-3.0540428	-18.940918	-11.614977	2.118344	-8.821887	-15.154054	50.0	50.0	399999	-8.447726	3.4376588	8.761217	-26.557827	-8.447365	3.4392104	14.946768	-27.830906	-8.447577	3.4392855	12.844746	-25.493687	8.18492	2.9195342	2082.4483664035797	26.030604600906372
81	-12.470192	3.2561157	-2.8938203	-19.12057	-10.039345	4.697322	-1.0405878	-16.232323	50.0	50.0	404999	-8.442263	3.4382133	9.185394	-25.859379	-8.442043	3.439622	12.008402	-25.633213	-8.442031	3.4397945	35.52365	-24.726784	8.218017	2.911947	2108.8530740737915	26.035223163204428
82	-12.872098	3.7892134	-2.8920114	-20.541668	-11.79669	3.2360146	-5.374597	-15.60488	50.0	50.0	409999	-8.445526	3.459063	14.494722	-27.17665	-8.445459	3.4593234	12.833246	-26.692335	-8.445713	3.4596713	10.929898	-29.673048	8.189846	2.9593878	2134.856405735016	26.034834242448575
83	-12.2406845	2.987955	-2.3986735	-18.165619	-12.133185	1.9451597	-9.844187	-15.656404	50.0	50.0	414999	-8.433183	3.4758792	12.436174	-25.98409	-8.433163	3.4762516	17.482311	-26.727337	-8.432998	3.4757478	9.689093	-24.390926	8.184853	2.9640648	2160.753277540207	26.033172041536815
84	-13.136472	2.7911325	-2.8360584	-18.631563	-13.266971	1.9477272	-8.953011	-16.640844	50.0	50.0	419999	-8.414059	3.4715304	10.04899	-26.01369	-8.414271	3.4713721	8.862067	-28.997967	-8.41429	3.471516	12.094746	-26.046686	8.17711	2.9009945	2186.837669610977	26.03378180662791
85	-12.702855	3.454711	-2.8397834	-19.103506	-13.003845	3.9700534	-1.7921009	-16.087559	50.0	50.0	424999	-8.413961	3.4785194	11.212982	-25.208225	-8.414304	3.4775732	16.518194	-25.159718	-8.41448	3.4786758	12.105352	-25.626295	8.138758	2.911607	2212.951889038086	26.034728128769817
86	-13.036932	3.4332838	-3.727567	-20.549892	-14.0846195	1.5682918	-11.090979	-16.916813	50.0	50.0	429999	-8.414977	3.4633718	8.875101	-25.592533	-8.415122	3.463856	9.874816	-25.05484	-8.415289	3.4642231	18.27466	-25.569231	8.181322	2.872538	2239.0671920776367	26.035665049109348
87	-12.330217	3.5808752	-2.5607593	-18.235106	-11.204249	4.433168	-3.2846413	-16.097843	50.0	50.0	434999	-8.41908	3.4355776	31.034004	-25.437462	-8.41916	3.436165	13.902297	-25.291563	-8.419066	3.436115	8.131047	-27.456303	8.179984	2.8761582	2265.2009212970734	26.036792223480926
88	-13.6807995	2.349982	-9.372969	-20.518942	-12.134579	1.6649132	-10.230959	-16.28483	50.0	50.0	439999	-8.41993	3.4559186	28.961914	-23.868752	-8.420037	3.4567902	55.207924	-24.149479	-8.420252	3.4566588	21.678205	-23.778374	8.189635	2.8249962	2291.290176153183	26.037388389760796
89	-13.013522	3.5576875	-2.6995845	-19.126192	-11.861443	1.9452916	-8.395216	-15.404059	50.0	50.0	444999	-8.41533	3.4660692	14.652023	-25.059649	-8.415387	3.466372	10.731343	-25.38366	-8.415473	3.4659207	9.511717	-24.47202	8.181412	2.857398	2317.331995010376	26.037438170293743
90	-13.060509	3.5525093	-2.036356	-20.629509	-12.950407	4.55114	-1.6431773	-18.657509	50.0	50.0	449999	-8.405519	3.4544542	15.802309	-27.033583	-8.405266	3.4538662	11.077894	-26.336191	-8.405537	3.4549341	19.47739	-27.695229	8.182988	2.854157	2342.9979178905487	26.033310219976638
91	-12.937756	3.5337186	-3.0619247	-19.778137	-11.47395	3.1653123	-3.4819956	-14.680406	50.0	50.0	454999	-8.427663	3.4574752	11.686867	-25.242079	-8.427721	3.4578648	12.279924	-23.16906	-8.427558	3.4582996	11.03248	-24.474262	8.219242	2.775667	2368.918783187866	26.032074566725846
92	-12.911234	3.7524712	-2.8935385	-20.783628	-12.357531	3.794963	-1.9844971	-16.336483	50.0	50.0	459999	-8.411969	3.4483151	8.928319	-25.220316	-8.412178	3.4488366	11.758252	-25.143618	-8.412018	3.4493186	17.221529	-25.07436	8.197577	2.8417723	2395.125913143158	26.033977337505508
93	-13.532096	3.762784	-2.117379	-19.669659	-12.264069	2.0601528	-9.009496	-15.435609	50.0	50.0	464999	-8.395023	3.4375463	10.072996	-24.992826	-8.395249	3.4376113	12.422449	-25.283194	-8.395243	3.4377816	10.873173	-25.019175	8.195402	2.803771	2421.264054298401	26.035097383683727
94	-13.318543	3.7698693	-2.814625	-21.46547	-14.263489	3.0254002	-9.304247	-17.948757	50.0	50.0	469999	-8.384664	3.443711	13.363329	-25.789053	-8.384785	3.4434774	9.693123	-25.624382	-8.384734	3.443699	8.378358	-24.48729	8.162724	2.7884498	2447.308399915695	26.035195766611302
95	-13.408043	3.5264704	-3.2933097	-21.052858	-10.591253	4.6938396	-1.2113191	-17.07123	50.0	50.0	474999	-8.379452	3.4579926	33.47976	-28.501608	-8.379562	3.4586804	9.732878	-26.27194	-8.379352	3.4582994	13.702459	-26.598675	8.181193	2.835839	2473.3190689086914	26.034937587537264
96	-13.308523	3.624126	-2.1201718	-17.858217	-11.943731	2.7879157	-5.0257516	-16.037802	50.0	50.0	479999	-8.367517	3.4610326	16.78774	-29.01799	-8.367462	3.4623382	13.913908	-27.456861	-8.367501	3.4610314	11.570594	-28.303452	8.160339	2.7433548	2499.2968394756317	26.034342100222904
97	-12.501212	3.8218248	-2.461685	-19.433424	-12.193177	2.848225	-4.6169953	-15.5218525	50.0	50.0	484999	-8.354807	3.4400654	32.136833	-24.565815	-8.3550415	3.439561	22.13504	-24.51254	-8.354823	3.4402955	15.823122	-24.072199	8.145763	2.7590225	2525.362100839615	26.034660853061478
98	-12.903596	3.7655468	-2.3616545	-19.69601	-10.81901	4.145116	-3.9002233	-16.200308	50.0	50.0	489999	-8.3645735	3.4460633	15.200491	-25.56231	-8.364393	3.4460237	10.376219	-26.727892	-8.364171	3.4461172	8.521292	-25.167557	8.155957	2.7638204	2551.489502429962	26.03560718954826
99	-12.676061	3.7794502	-2.3410304	-19.17591	-11.664285	2.8400126	-7.754329	-16.051239	50.0	50.0	494999	-8.374106	3.4407992	10.122246	-25.947567	-8.373832	3.4422317	14.366295	-25.951801	-8.373802	3.4413996	13.871133	-26.808279	8.1347475	2.815965	2577.3444142341614	26.033781981227374
100	-13.166721	3.5141776	-3.1161828	-18.706026	-13.516121	1.9660162	-11.070838	-17.15209	50.0	50.0	499999	-8.369663	3.4259052	15.223864	-25.413877	-8.369358	3.426674	21.428482	-24.905994	-8.369814	3.426032	9.57967	-25.608078	8.159286	2.814162	2603.482707977295	26.034827101230622
101	-13.370082	3.6283367	-2.9307904	-19.085527	-12.263576	1.9696913	-9.947378	-16.506733	50.0	50.0	504999	-8.361851	3.4309986	15.674874	-27.250275	-8.361695	3.4294188	9.186193	-27.294697	-8.361503	3.4307485	16.090769	-27.045412	8.141851	2.7913406	2629.5622928142548	26.035270244768352
102	-12.892918	3.8677797	-2.074549	-19.589289	-12.64755	2.727165	-7.889747	-15.990781	50.0	50.0	509999	-8.361838	3.4467378	10.743233	-27.894777	-8.361628	3.4485264	15.610884	-26.742727	-8.361988	3.4476	15.081459	-27.144133	8.156047	2.7815578	2655.6913306713104	26.03618953742233
103	-12.992327	3.4834292	-2.339392	-21.974224	-10.741952	5.4445586	-1.1002672	-18.673653	50.0	50.0	514999	-8.367926	3.4402459	9.391563	-27.607939	-8.367565	3.440283	12.9638195	-28.92315	-8.367688	3.4402163	18.2271	-27.225075	8.115807	2.72843	2681.954299211502	26.03839127299855
104	-13.773166	4.458496	-3.138124	-21.375893	-11.073294	2.1527689	-8.286551	-15.336789	50.0	50.0	519999	-8.369181	3.4398038	13.209568	-25.804916	-8.369053	3.4410124	13.118343	-24.904827	-8.369262	3.4404802	13.407453	-24.76381	8.136642	2.7891414	2707.969943523407	26.03817255451129
105	-13.363435	3.8488543	-2.5228179	-21.430046	-11.666979	3.4844267	-7.3119273	-17.55302	50.0	50.0	524999	-8.37325	3.423614	14.724653	-25.781204	-8.3735075	3.4238014	13.315779	-25.505125	-8.373034	3.424146	19.87476	-25.805862	8.151706	2.776404	2733.877992630005	26.036933283578783
106	-13.0145035	3.640749	-4.0611196	-22.392885	-12.899259	3.5148215	-3.8544147	-16.903496	50.0	50.0	529999	-8.392883	3.435475	12.95407	-27.11282	-8.392914	3.4355068	9.736511	-26.111744	-8.392827	3.4358509	10.960404	-26.328075	8.202113	2.7931755	2759.912928342819	26.036914434073108
107	-12.997673	3.7431884	-2.4834101	-20.3355	-13.217665	4.4897885	-2.1127646	-18.065414	50.0	50.0	534999	-8.401569	3.4397109	13.868456	-30.869377	-8.401482	3.4396577	11.823563	-25.977634	-8.401527	3.4397216	15.553637	-27.284752	8.204178	2.7920723	2785.947960138321	26.036896839320104
108	-13.45575	3.9967499	-4.0991173	-22.183798	-12.82859	3.5951686	-8.547277	-19.029741	50.0	50.0	539999	-8.421333	3.4420035	12.710796	-27.142105	-8.421216	3.4425788	13.418007	-27.689579	-8.421152	3.4434566	14.555481	-26.843452	8.213175	2.7736282	2812.015424013138	26.037179867426556
109	-13.034119	3.8155928	-2.3850996	-19.976723	-10.976187	5.4739738	-2.2163866	-17.49737	50.0	50.0	544999	-8.421723	3.462798	9.11207	-27.324646	-8.421683	3.4637823	21.78497	-26.804428	-8.421932	3.4635835	15.489426	-25.75441	8.209604	2.7763028	2838.234151124954	26.03884544066333
110	-12.619123	3.841958	-2.6516695	-20.147842	-10.720842	2.9012506	-4.7455873	-15.425823	50.0	50.0	549999	-8.433073	3.4670575	12.453359	-27.329094	-8.433227	3.4671335	14.740321	-25.962582	-8.433097	3.4682949	22.089523	-27.551468	8.231035	2.7604136	2864.4306478500366	26.04027863415805
111	-12.186568	3.7750332	-2.885729	-20.341885	-12.039057	3.2990527	-8.40866	-19.642797	50.0	50.0	554999	-8.427877	3.456432	11.196417	-25.736	-8.428217	3.4568427	14.061572	-26.10009	-8.42821	3.456851	11.42597	-25.674353	8.241132	2.8356133	2890.343983888626	26.039135005023027
112	-13.260309	3.8838975	-2.5633993	-22.092392	-10.95643	1.6646245	-8.553599	-13.603923	50.0	50.0	559999	-8.455999	3.463146	10.014606	-26.579227	-8.45578	3.4641252	19.506157	-24.471195	-8.455709	3.463711	9.543981	-24.416473	8.247467	2.7064438	2916.601587533951	26.041085617882864
113	-13.322928	3.5814207	-3.188067	-20.38951	-14.4139	1.8279389	-10.823061	-16.90932	50.0	50.0	564999	-8.457089	3.4469254	8.940592	-24.887962	-8.457125	3.4478345	17.380703	-24.52528	-8.457007	3.4474218	13.149709	-24.152515	8.277847	2.7913013	2942.9369394779205	26.043689748882194
114	-12.600005	4.615122	-2.438502	-21.758007	-12.659269	5.138126	-2.9253159	-17.274889	50.0	50.0	569999	-8.455434	3.4522877	16.107054	-24.852776	-8.455569	3.4523227	11.791922	-24.747269	-8.455552	3.4525633	18.383793	-25.883512	8.290359	2.7776437	2968.9944591522217	26.043811061926057
115	-13.286664	3.604061	-2.5391855	-19.109913	-10.88476	5.2112846	-2.5917778	-19.465239	50.0	50.0	574999	-8.454865	3.4724789	7.529059	-28.686506	-8.454881	3.4747422	16.96935	-26.996492	-8.454919	3.473557	13.257888	-28.675323	8.29224	2.7985802	2995.200971364975	26.04522585246874
116	-13.377233	4.0295153	-3.0321078	-20.51562	-12.44781	4.9684653	-1.7413768	-16.834614	50.0	50.0	579999	-8.443036	3.4792676	15.286406	-28.749762	-8.442818	3.481405	25.794529	-27.762981	-8.442727	3.4802418	19.57952	-28.08062	8.25032	2.7853026	3020.9308218955994	26.042507103804883
117	-13.35205	3.636488	-2.2902472	-19.770624	-11.855341	1.5550922	-8.619105	-14.033348	50.0	50.0	584999	-8.445873	3.4842553	13.415085	-28.56307	-8.44595	3.4853725	17.971516	-28.018278	-8.446074	3.4839382	9.903177	-29.35384	8.263153	2.8175364	3046.918100118637	26.042035062088924
118	-13.911988	3.7833545	-2.561135	-24.092577	-12.269462	2.4463975	-8.513948	-16.093624	50.0	50.0	589999	-8.449917	3.510462	21.76515	-26.04273	-8.449828	3.5115876	12.601753	-27.855026	-8.449797	3.5108511	12.454621	-27.8608	8.258348	2.802751	3073.1402308940887	26.04356129694793
119	-14.238945	4.3137846	-2.2274177	-22.128681	-13.633226	2.646159	-9.239442	-18.886965	50.0	50.0	594999	-8.437563	3.4930766	17.076466	-27.487972	-8.437694	3.4940603	13.725663	-27.062405	-8.437632	3.4934824	10.863694	-24.738243	8.248224	2.75051	3099.287812232971	26.044435414947383
120	-13.977078	3.808202	-2.2986047	-22.478533	-11.924495	1.4163399	-9.522085	-14.111736	50.0	50.0	599999	-8.412427	3.470002	19.570385	-25.529114	-8.412229	3.4708815	13.503846	-26.827375	-8.412581	3.4701006	23.357891	-25.670788	8.236354	2.7044504	3125.3013315200806	26.04417777657509
121	-13.357495	3.4096067	-2.669571	-20.254593	-10.088949	3.7946918	-2.3668213	-14.867481	50.0	50.0	604999	-8.395339	3.4517066	12.700069	-24.479645	-8.395255	3.4532075	16.000252	-26.085064	-8.395528	3.4521742	11.362534	-26.437164	8.187886	2.7178972	3151.0710067749023	26.04190916069283
122	-13.639093	3.1270556	-4.245493	-20.261847	-11.47388	4.541086	-3.0275862	-17.747173	50.0	50.0	609999	-8.394315	3.420904	12.830481	-26.53481	-8.394436	3.4208288	11.52552	-24.154167	-8.394328	3.4205341	10.417986	-24.30177	8.204764	2.6897588	3177.2116162776947	26.042718179890368
123	-13.3804455	4.1864276	-3.907533	-21.20133	-13.140062	3.092181	-5.950061	-16.902468	50.0	50.0	614999	-8.414044	3.4107819	29.707764	-25.107964	-8.413787	3.4117427	16.454426	-26.014854	-8.413776	3.4117918	33.872704	-26.763716	8.227049	2.6898258	3203.2533843517303	26.042710457390886
124	-12.886899	3.9110026	-3.0735571	-20.185246	-14.891146	2.992926	-8.8786125	-18.763548	50.0	50.0	619999	-8.421218	3.4127784	15.34374	-24.673664	-8.420975	3.4127853	12.904423	-26.899893	-8.421189	3.413227	16.899305	-25.715986	8.241818	2.780743	3229.2310478687286	26.042185887213677
125	-13.163085	3.8624673	-3.0751784	-21.124771	-14.1467495	4.185061	-8.6387615	-20.702433	50.0	50.0	624999	-8.443712	3.4169662	18.545418	-27.44561	-8.443574	3.4172351	18.190334	-24.656689	-8.443722	3.4176807	11.411398	-26.833214	8.272263	2.6540203	3255.4161489009857	26.043329208374022
126	-13.28544	4.1438527	-2.0749135	-20.691526	-13.602545	2.0107348	-9.765152	-17.251394	50.0	50.0	629999	-8.444852	3.4049757	14.655775	-25.788235	-8.444756	3.4057302	15.265929	-25.272575	-8.444638	3.4055812	10.93288	-28.126118	8.274888	2.679499	3281.492297410965	26.043589679021682
127	-13.010385	3.551021	-3.245369	-18.663105	-12.708174	5.5846777	-2.119661	-20.635975	50.0	50.0	634999	-8.461319	3.4226344	13.208822	-24.86832	-8.461616	3.424258	15.838432	-26.387371	-8.461564	3.4238253	15.2863655	-26.099188	8.3015175	2.703177	3307.386476993561	26.0424132196922
128	-13.380789	4.027392	-3.5309763	-20.375017	-10.576073	5.2639003	-1.3766922	-18.46844	50.0	50.0	639999	-8.483547	3.4361837	15.821003	-27.709116	-8.483982	3.4361703	13.937582	-26.092983	-8.483821	3.4364905	12.606311	-26.57056	8.352442	2.722375	3333.2317519187927	26.04087307676673
129	-13.614472	3.9151206	-2.9330056	-21.994509	-12.1227865	4.862543	-2.8602107	-17.87844	50.0	50.0	644999	-8.478387	3.4377935	15.699995	-26.76445	-8.478509	3.4379148	10.355521	-25.662884	-8.478523	3.4385214	12.248219	-26.746452	8.333976	2.7736502	3359.2385725975037	26.040609104688777
130	-13.331742	4.322408	-2.754284	-21.538677	-13.841127	1.9028132	-10.3528805	-16.31311	50.0	50.0	649999	-8.477635	3.4473944	11.872634	-25.75563	-8.477236	3.4496133	22.498966	-24.48828	-8.477401	3.447195	18.988754	-26.629719	8.312675	2.7760804	3385.2011575698853	26.040008919055644
131	-13.944961	3.9506438	-2.3338432	-21.73225	-12.120399	2.4917817	-8.115878	-15.865372	50.0	50.0	654999	-8.502545	3.461622	16.643147	-29.186571	-8.502592	3.462252	9.653936	-26.191471	-8.502468	3.4624224	13.48336	-27.207253	8.354809	2.7154317	3411.226739883423	26.039898792295965
132	-13.519345	3.9527855	-4.185922	-21.632992	-10.729446	2.4845433	-7.870804	-16.401966	50.0	50.0	659999	-8.51999	3.4809957	9.90967	-25.666134	-8.519995	3.4820414	16.459747	-25.247896	-8.520052	3.4818132	10.119825	-27.062923	8.379849	2.7659345	3437.299613237381	26.040148599581286
133	-12.401346	3.4809208	-2.678635	-20.141804	-11.672801	1.9367876	-8.279317	-14.380276	50.0	50.0	664999	-8.530219	3.484085	9.766603	-24.504065	-8.530121	3.4841897	23.926016	-24.409065	-8.530129	3.4834018	6.8611517	-23.534416	8.3715	2.7438688	3463.322872400284	26.040021611335582
134	-12.193634	4.3241467	-2.9111845	-23.702953	-14.218008	5.483817	-2.2361205	-23.245758	50.0	50.0	669999	-8.536351	3.4626977	12.396779	-24.540705	-8.536378	3.4644387	18.091505	-25.905533	-8.536553	3.4640276	12.197676	-23.045864	8.361832	2.742431	3489.4247510433197	26.04048323275438
135	-12.175641	3.3148355	-3.1059701	-21.86234	-11.966871	2.9250011	-6.4717655	-15.999431	50.0	50.0	674999	-8.540259	3.4487414	22.831085	-25.184149	-8.540535	3.4486392	13.240953	-23.983524	-8.540407	3.4478896	14.747664	-23.46863	8.363481	2.7974718	3515.5623664855957	26.041202728836623
136	-12.742577	3.865505	-2.5218277	-19.692059	-11.505228	3.673161	-3.539369	-17.045546	50.0	50.0	679999	-8.544977	3.4597716	11.486597	-26.576408	-8.54531	3.46053	15.155052	-26.586765	-8.54497	3.4606729	10.910125	-25.18103	8.39498	2.748699	3541.7402081489563	26.04220742513152
137	-12.678967	3.7607386	-3.331093	-20.242722	-11.525391	4.766024	-3.0829663	-19.61043	50.0	50.0	684999	-8.539979	3.4878967	17.535515	-28.550468	-8.53974	3.4893267	13.459058	-28.58569	-8.540018	3.4889855	15.623001	-27.078943	8.372617	2.7414403	3567.8022944927216	26.042352530207946
138	-13.061268	4.423485	-1.8016508	-20.510353	-12.362049	2.8479362	-8.089774	-17.678844	50.0	50.0	689999	-8.526077	3.499452	10.10713	-26.938242	-8.52613	3.5000498	25.115181	-23.62679	-8.526227	3.4997723	8.542068	-23.524693	8.368307	2.8162243	3594.0068945884705	26.043528237204622
139	-13.063846	4.3920593	-2.282735	-23.98956	-13.318097	3.292442	-5.263612	-17.950846	50.0	50.0	694999	-8.527623	3.487541	13.381409	-28.124872	-8.527683	3.4881103	10.039186	-25.296902	-8.527573	3.487638	13.608299	-26.910578	8.369248	2.8125675	3619.919435977936	26.042585885782035
140	-12.828827	3.3174727	-4.0115886	-18.701344	-12.398822	5.17538	-1.091088	-17.284939	50.0	50.0	699999	-8.529887	3.4792845	16.056763	-26.157116	-8.529664	3.4793417	12.350035	-25.761421	-8.529855	3.4793448	11.24585	-27.308266	8.368865	2.7804978	3645.738938331604	26.040992431981223
141	-13.220102	3.6207697	-3.8154712	-21.657036	-9.862902	2.6385014	-3.4989672	-14.1906	50.0	50.0	704999	-8.550922	3.5073001	14.422876	-24.798536	-8.550889	3.50844	25.93153	-24.50148	-8.550928	3.50792	10.659985	-27.078562	8.369695	2.7813725	3671.720109462738	26.04056816912712
142	-12.584659	3.7748752	-2.8461542	-21.519953	-9.661297	4.148328	-2.2067072	-14.473029	50.0	50.0	709999	-8.531322	3.496269	14.518337	-25.520054	-8.531302	3.4966862	11.680603	-24.02911	-8.531386	3.4967213	24.892656	-25.05516	8.3714075	2.8349063	3697.793049097061	26.04079613719188
143	-12.600875	4.0177035	-3.5040243	-21.63858	-14.521395	3.2742114	-9.284255	-18.917278	50.0	50.0	714999	-8.503691	3.4800065	12.764416	-28.214151	-8.503659	3.4812474	21.906935	-26.592043	-8.5037	3.480113	14.531769	-27.453623	8.357082	2.7880983	3723.594010591507	26.039118970190728
144	-12.32381	4.0213513	-2.7161622	-22.216522	-10.6942215	3.9090023	-3.560743	-17.069628	50.0	50.0	719999	-8.517673	3.4830937	14.058058	-23.899223	-8.517821	3.483477	12.770626	-26.537308	-8.51814	3.48245	11.1590805	-24.80711	8.350077	2.7546937	3749.8555331230164	26.040663436055183
145	-12.878742	3.4483204	-2.5429554	-19.159698	-11.347084	2.2432125	-7.9987354	-14.547059	50.0	50.0	724999	-8.528326	3.4845734	19.716957	-25.59054	-8.528266	3.4851568	12.67705	-24.742874	-8.528339	3.4846559	11.459	-24.566872	8.363645	2.7293146	3775.889588832855	26.040617867173818
146	-12.816909	3.872905	-3.5424762	-20.057236	-12.812947	2.123984	-10.557785	-17.563818	50.0	50.0	729999	-8.516155	3.4802246	13.2534485	-27.219248	-8.516126	3.4813573	15.092017	-26.963934	-8.516396	3.4800134	16.561016	-26.665407	8.338071	2.7336748	3802.063807964325	26.041532945959535
147	-12.23479	3.8714256	-2.597249	-20.014038	-12.880714	3.10361	-7.6237955	-17.680708	50.0	50.0	734999	-8.512223	3.4821339	16.71839	-24.6198	-8.512292	3.4829605	10.48745	-23.113384	-8.512418	3.4820638	8.315321	-24.13581	8.364887	2.7025046	3828.129427433014	26.041696799855654
148	-13.656307	4.0435147	-4.0558515	-21.665897	-10.396471	3.6498303	-5.4315104	-17.038721	50.0	50.0	739999	-8.502473	3.4878883	13.284636	-23.493374	-8.502245	3.4890404	15.45933	-23.620804	-8.502486	3.4888926	12.802701	-22.699217	8.348493	2.6899085	3854.094181060791	26.041176911946888
149	-13.597443	3.2621233	-3.2405357	-19.937908	-11.248667	4.3658204	-2.9343894	-15.797436	50.0	50.0	744999	-8.487198	3.5248978	12.9249115	-25.0451	-8.487142	3.5256236	10.306891	-23.5931	-8.486938	3.525078	17.729622	-23.882421	8.29372	2.7072523	3880.21604013443	26.041718402964957
150	-12.765721	4.4422984	-3.0146394	-21.84372	-11.277964	3.39234	-4.2547398	-15.678475	50.0	50.0	749999	-8.480199	3.499726	22.99927	-25.745605	-8.480232	3.4987915	9.494255	-23.555275	-8.480527	3.498663	11.076611	-26.600914	8.336084	2.7462683	3906.192527294159	26.041283529599507
151	-13.795742	3.9878132	-3.2423215	-21.912518	-13.971703	2.7085972	-10.9063	-18.35497	50.0	50.0	754999	-8.470649	3.4774659	13.807769	-25.740734	-8.470397	3.4785926	11.109362	-25.164448	-8.470563	3.4774044	10.402571	-24.23327	8.312623	2.6454957	3932.1384468078613	26.040651979825356
152	-12.930634	4.210446	-2.6500287	-21.782236	-10.872072	4.834989	-1.9461354	-16.22633	50.0	50.0	759999	-8.463889	3.4773552	9.622047	-26.22534	-8.463785	3.4779983	16.654549	-24.332703	-8.463978	3.4774675	10.880007	-24.624268	8.346507	2.6754134	3958.576584815979	26.04326701791663
153	-13.176458	4.1415453	-3.096335	-19.19563	-12.6684475	2.1982706	-8.784302	-16.030607	50.0	50.0	764999	-8.459093	3.4934335	10.968176	-26.082703	-8.458991	3.494124	11.140169	-23.688889	-8.459071	3.4938228	15.964338	-26.13756	8.32774	2.663456	3984.508462905884	26.042538987265694
154	-13.498279	3.9681776	-2.255741	-22.923944	-9.978385	4.635889	-3.3018296	-15.791576	50.0	50.0	769999	-8.442603	3.4871275	12.149914	-27.67352	-8.442439	3.4870706	9.750985	-24.672894	-8.442539	3.4873245	24.861984	-27.624407	8.31339	2.617065	4010.6809117794037	26.043382557955656
155	-12.330555	4.1769323	-2.7413788	-20.461489	-9.73057	3.7631817	-3.5057342	-15.726438	50.0	50.0	774999	-8.419305	3.4699924	16.62859	-25.172596	-8.41925	3.4709535	16.352045	-24.460646	-8.419343	3.4690907	9.292554	-25.759787	8.283317	2.635649	4036.7020967006683	26.043239345858176
156	-12.004639	3.4639146	-4.099098	-19.253101	-11.091688	4.3264127	-3.865634	-16.257534	50.0	50.0	779999	-8.423324	3.473067	10.792137	-24.59626	-8.423579	3.4736567	11.840328	-25.177027	-8.423661	3.47283	10.134158	-25.956898	8.288699	2.6603992	4062.5887830257416	26.042235802381466
157	-12.528376	3.9226613	-2.7067924	-20.785757	-10.177905	5.3051696	-1.453372	-17.706919	50.0	50.0	784999	-8.413746	3.4775553	16.806911	-25.47853	-8.413868	3.477546	12.854048	-24.305283	-8.413802	3.4774868	12.71574	-24.722929	8.265077	2.6178308	4088.610989332199	26.042108224455717
158	-12.8613205	3.6413188	-2.7026696	-19.569588	-11.521189	4.4973693	-1.2077354	-17.861635	50.0	50.0	789999	-8.414684	3.4693785	18.969315	-25.137386	-8.41459	3.4715493	17.890972	-25.318644	-8.414513	3.4706495	15.793932	-25.368507	8.279821	2.6337738	4114.91895866394	26.043790889691703
159	-12.404176	3.5584664	-3.3967762	-18.585209	-10.904688	2.9181554	-4.1976953	-15.676011	50.0	50.0	794999	-8.402134	3.4482398	10.914637	-25.669495	-8.402098	3.4480758	14.466391	-23.33781	-8.402343	3.4477527	12.007593	-24.849329	8.278454	2.6043608	4140.6235818862915	26.041657762707406
160	-12.31533	4.5173726	-2.5601277	-21.75531	-11.988129	3.1740875	-7.9315534	-17.140507	50.0	50.0	799999	-8.369615	3.433117	13.750273	-26.409351	-8.36961	3.4331534	15.327332	-23.714813	-8.369533	3.4336329	15.657579	-23.547472	8.247672	2.5516613	4167.10998249054	26.044437400996685
161	-12.103682	4.337636	-2.4813967	-20.610569	-12.803957	1.7201217	-9.965983	-15.775238	50.0	50.0	804999	-8.346822	3.4179595	15.982613	-28.941013	-8.346636	3.4187708	12.940176	-24.593245	-8.346908	3.4186902	17.301878	-23.794765	8.2456455	2.5208151	4193.302222728729	26.045355434003085
162	-12.068412	4.2464404	-2.5064793	-19.56087	-10.801725	3.0567517	-3.3060663	-14.193893	50.0	50.0	809999	-8.331063	3.417339	15.048479	-24.443455	-8.331088	3.418368	23.951363	-23.54535	-8.331114	3.4176006	15.179791	-23.61392	8.198911	2.5435507	4219.3650279045105	26.045463145515065
163	-12.696764	4.4683046	-2.8992925	-22.107988	-13.841337	4.418178	-3.4919817	-19.110167	50.0	50.0	814999	-8.327681	3.4368446	13.792309	-25.046711	-8.32749	3.4374413	15.8897915	-25.150726	-8.327495	3.437248	13.722328	-23.670471	8.196031	2.5197282	4245.269238948822	26.04459657113245
164	-12.711475	4.1089525	-2.477667	-19.428019	-12.005163	4.7018514	-3.3528671	-17.842733	50.0	50.0	819999	-8.306174	3.439358	12.477627	-27.424393	-8.305876	3.440702	13.074771	-25.371933	-8.306001	3.4408953	12.65336	-25.346556	8.162058	2.490055	4271.065643787384	26.043083206909458
165	-13.373631	4.672404	-1.9920835	-22.328465	-13.013713	4.5022855	-2.4484015	-18.965248	50.0	50.0	824999	-8.310036	3.448086	16.138464	-27.87698	-8.31015	3.4482388	13.766502	-26.83451	-8.310224	3.4473634	10.293782	-28.11327	8.182876	2.5258212	4297.277291059494	26.044104808749573
166	-13.788914	4.1448197	-3.3407207	-20.034426	-12.74158	4.3149347	-2.1506145	-17.38231	50.0	50.0	829999	-8.298509	3.4529512	22.964907	-27.348906	-8.29903	3.4525843	12.207989	-27.239548	-8.298822	3.4517727	16.107063	-25.800158	8.1664915	2.477049	4323.213943481445	26.043457502342132
167	-13.401656	3.8620982	-4.489769	-21.39529	-12.93902	4.0372963	-2.8520472	-18.782303	50.0	50.0	834999	-8.299604	3.4549468	14.381794	-25.619753	-8.299528	3.4545424	17.654133	-24.849874	-8.299556	3.454865	12.663277	-24.926134	8.136908	2.4856398	4349.394335508347	26.044277469555063
168	-13.3356905	4.504221	-3.205154	-20.680702	-13.452509	2.7191317	-10.297051	-18.19764	50.0	50.0	839999	-8.308279	3.4639347	29.038853	-26.77942	-8.30815	3.464035	17.471449	-25.962246	-8.308198	3.4636962	12.584154	-26.47079	8.129561	2.5027573	4375.511777162552	26.044712972073327
169	-12.691248	4.457388	-2.816671	-19.929848	-10.525782	3.7744985	-1.8053807	-14.761977	50.0	50.0	844999	-8.326751	3.4891865	26.188913	-26.114143	-8.3266945	3.489601	14.395405	-27.719883	-8.326598	3.489022	11.939886	-27.386248	8.163875	2.5741305	4401.614940643311	26.045058833071465
170	-13.035188	4.291476	-2.962884	-20.150206	-8.572147	4.9972415	-1.7639774	-15.29921	50.0	50.0	849999	-8.333721	3.492789	14.2299595	-29.40495	-8.333788	3.4926999	9.525291	-31.006329	-8.333977	3.4926112	16.689589	-28.985779	8.190123	2.584978	4427.904322385788	26.046496025253745
171	-13.119834	4.0325065	-3.837408	-20.73414	-10.603067	5.140062	-1.9041829	-18.182123	50.0	50.0	854999	-8.337416	3.4942026	19.44177	-28.114124	-8.337466	3.493483	27.971657	-27.795134	-8.337612	3.4938366	18.968376	-28.177963	8.204669	2.5816495	4453.897164583206	26.046182260178682
172	-12.565926	4.518342	-2.723487	-19.937878	-10.33535	4.4088283	-2.2407272	-17.107962	50.0	50.0	859999	-8.332625	3.5034218	18.392206	-31.526085	-8.332684	3.5033648	22.896051	-29.029152	-8.332605	3.502925	15.81106	-32.32729	8.193312	2.6060228	4479.868810176849	26.04574890885242
173	-12.113028	4.2524805	-2.9917588	-23.141659	-12.496509	1.5115556	-9.835653	-14.594618	50.0	50.0	864999	-8.34468	3.498624	39.22072	-29.257034	-8.344548	3.4975808	14.233783	-27.471203	-8.34468	3.4972758	7.15464	-27.019098	8.193857	2.5778213	4506.064271211624	26.04661429548539
174	-12.91611	4.34602	-3.0001113	-22.347006	-12.020833	4.168266	-2.5773175	-16.877972	50.0	50.0	869999	-8.364761	3.4970157	13.193369	-26.117876	-8.36485	3.4971383	11.491141	-26.66446	-8.364747	3.497683	14.992052	-26.210217	8.229962	2.5244448	4532.211498498917	26.04719253244071
175	-12.948312	4.154813	-3.1050966	-20.502232	-11.925881	2.871852	-7.9270067	-16.708899	50.0	50.0	874999	-8.356253	3.5098202	7.640577	-26.837698	-8.356196	3.5116625	22.562744	-26.334183	-8.3562155	3.511756	13.530296	-28.869	8.227831	2.5878606	4558.509166002274	26.048623819351196
176	-12.646479	4.6124983	-3.2228005	-21.374178	-11.438685	5.2775526	-2.1634207	-17.991606	50.0	50.0	879999	-8.340817	3.5087395	19.036905	-28.265575	-8.340602	3.5094705	13.516107	-26.760801	-8.340713	3.5090454	13.0192995	-27.981667	8.201692	2.5187616	4584.69610786438	26.049409714612093
177	-12.235438	3.977993	-3.1008742	-19.449503	-11.912208	3.4096203	-3.9268143	-16.851341	50.0	50.0	884999	-8.339107	3.509765	16.884583	-28.184761	-8.33927	3.5099716	18.240883	-27.585981	-8.339135	3.510443	17.702898	-27.749208	8.196337	2.5313804	4610.768859863281	26.049541591924463
178	-12.700964	4.222134	-2.9698856	-22.330088	-12.576352	4.86145	-2.7427802	-18.674862	50.0	50.0	889999	-8.336856	3.5019722	25.766861	-29.600138	-8.336569	3.5024698	30.212534	-29.036234	-8.336443	3.5026164	13.06878	-27.336346	8.180765	2.5204198	4636.7504189014435	26.049159668804556
179	-13.273415	4.189228	-1.9759717	-21.000246	-10.844762	3.816269	-2.3038962	-17.231878	50.0	50.0	894999	-8.336587	3.495666	9.91154	-26.766403	-8.336373	3.4957662	9.381723	-25.432077	-8.336673	3.4963665	12.518995	-26.045794	8.196244	2.5147562	4662.874232292175	26.04957672737164
180	-13.275307	3.987483	-4.383287	-21.496307	-13.628553	2.4613063	-9.700694	-17.407873	50.0	50.0	899999	-8.345809	3.4846911	19.583418	-24.397713	-8.345802	3.4848902	15.0706625	-23.433203	-8.345882	3.485608	18.61674	-23.946205	8.189271	2.5657597	4689.829097032547	26.05460610522164
181	-13.438809	3.5871396	-3.7684627	-19.365376	-12.226598	3.937654	-3.3999736	-18.96251	50.0	50.0	904999	-8.357197	3.4802585	21.112667	-25.364285	-8.357327	3.4808223	18.011683	-27.07994	-8.35722	3.4803977	13.470802	-29.231915	8.196704	2.510516	4716.4011125564575	26.057464724746197
182	-12.701974	3.796968	-3.5474267	-19.956192	-10.92988	5.830683	-2.926198	-19.558193	50.0	50.0	909999	-8.355433	3.5013645	14.172704	-26.883556	-8.355304	3.5015333	13.368623	-26.482445	-8.355367	3.50221	13.500187	-26.892944	8.225756	2.541543	4742.631107091904	26.058412685499086
183	-13.47082	4.005868	-3.041613	-21.261065	-14.781049	2.76734	-8.680361	-17.69377	50.0	50.0	914999	-8.370694	3.498428	15.7242565	-26.672178	-8.370669	3.4987242	30.476286	-24.71495	-8.370688	3.4988253	10.0615225	-24.209415	8.233355	2.5298326	4768.889395713806	26.059504903730797
184	-12.845825	4.267475	-3.1627986	-22.447569	-11.0374775	4.621183	-2.7517624	-19.103048	50.0	50.0	919999	-8.372036	3.5144746	14.978482	-26.113035	-8.371879	3.514198	9.318245	-26.19503	-8.371913	3.5154736	14.817123	-28.059584	8.251183	2.5840309	4795.109743118286	26.06037904905236
185	-12.49867	4.8282633	-2.4453003	-20.909212	-13.808701	2.758645	-9.246827	-18.104637	50.0	50.0	924999	-8.343957	3.535658	11.18984	-29.441406	-8.343909	3.536553	15.192296	-25.528322	-8.344148	3.5362518	13.966024	-26.184761	8.197511	2.5995328	4821.603189229965	26.062719953382338
186	-13.572863	4.3582873	-3.9246862	-23.016691	-12.444582	3.4492505	-7.911508	-18.338625	50.0	50.0	929999	-8.333024	3.5524209	9.540915	-25.086414	-8.333011	3.5528069	9.467309	-24.269035	-8.33304	3.552829	15.675745	-27.67772	8.166725	2.4877374	4848.039772748947	26.064729971270406
187	-13.234984	4.3309474	-1.9256353	-23.566395	-13.864161	2.9912844	-9.400183	-17.949007	50.0	50.0	934999	-8.33581	3.557777	19.779009	-27.436148	-8.335777	3.5574722	14.849648	-28.430428	-8.335971	3.5578215	15.8727	-29.29652	8.164141	2.5411453	4874.353156328201	26.06605967098379
188	-13.174514	4.146085	-2.6101692	-21.244043	-11.587836	3.263821	-2.5552924	-14.515908	50.0	50.0	939999	-8.318686	3.5410635	10.49283	-27.487703	-8.318742	3.5409563	11.317837	-27.836685	-8.318516	3.542237	16.16861	-31.11862	8.16372	2.5099738	4900.820191144943	26.06819251750378
189	-13.183915	4.2482324	-2.4362607	-20.252308	-12.908972	3.4789002	-5.621926	-17.075668	50.0	50.0	944999	-8.305404	3.5092976	9.66609	-26.318497	-8.305225	3.509482	15.41725	-26.431112	-8.305243	3.5090113	14.635495	-25.373222	8.156026	2.477261	4927.084563493729	26.06923050350613
190	-12.936907	3.936595	-3.3458896	-20.113825	-10.455582	4.693619	-0.9263366	-16.165272	50.0	50.0	949999	-8.304611	3.5079613	14.571221	-26.152887	-8.304459	3.5084212	15.629549	-26.655285	-8.304804	3.5075843	24.172691	-25.73393	8.175312	2.4493654	4953.464010000229	26.0708632205662
191	-12.910301	3.9326274	-2.2078593	-21.886585	-12.817312	3.9912167	-4.294045	-17.684053	50.0	50.0	954999	-8.301911	3.4995928	11.681638	-25.090899	-8.301989	3.4990373	11.231573	-25.358955	-8.301641	3.4993122	7.313105	-25.662025	8.201645	2.4895184	4980.190454483032	26.07429558319571
192	-12.2921715	3.9687889	-2.5861242	-19.384243	-14.998212	2.3561792	-9.434601	-19.078573	50.0	50.0	959999	-8.2888565	3.5033479	8.735031	-24.166525	-8.288853	3.5037706	23.692364	-24.269386	-8.288996	3.5034318	10.5501	-23.485008	8.172366	2.504279	5006.515423297882	26.07560117294391
193	-13.080914	4.1496897	-2.2305496	-19.315838	-10.924116	2.9222708	-4.8613853	-16.389187	50.0	50.0	964999	-8.299354	3.478494	16.76234	-25.2252	-8.299087	3.4785838	10.009472	-25.666069	-8.299218	3.4785564	10.062416	-26.469404	8.198413	2.3987458	5033.0306606292725	26.077879079265298
194	-12.879243	4.243484	-2.4813154	-19.767437	-13.088483	1.8797736	-10.764752	-16.189781	50.0	50.0	969999	-8.303705	3.4678237	10.280777	-25.89677	-8.303759	3.4684026	26.826483	-24.09893	-8.303877	3.4684012	12.590746	-25.783459	8.19813	2.4767797	5059.336650848389	26.07905491111205
195	-12.466986	4.0356627	-3.3776276	-19.072006	-11.701563	3.7943933	-1.3868308	-15.983945	50.0	50.0	974999	-8.289696	3.4704766	21.945469	-26.83963	-8.289592	3.470772	14.808361	-25.203773	-8.28951	3.470144	16.506569	-26.41494	8.158785	2.4771314	5085.656197309494	26.080288202334675
196	-12.874045	3.8543947	-3.1004813	-20.041471	-11.677673	3.8980927	-1.750894	-16.432041	50.0	50.0	979999	-8.302034	3.4770715	19.876604	-26.444527	-8.3019285	3.4764705	17.208248	-25.824448	-8.301987	3.476687	19.322554	-26.599964	8.188811	2.477307	5112.21301651001	26.082719482937637
197	-12.959953	4.1469603	-3.3754737	-19.69732	-11.131178	2.3531706	-8.339568	-14.744233	50.0	50.0	984999	-8.311435	3.4894178	9.256216	-29.028984	-8.311392	3.4896703	8.479794	-27.817772	-8.311344	3.4898736	21.091888	-26.289904	8.206407	2.4515667	5138.579991102219	26.084162401063793
198	-13.494177	4.0258517	-4.8134365	-21.067303	-12.964537	4.310365	-5.5892496	-21.057076	50.0	50.0	989999	-8.322669	3.505317	13.908164	-27.216911	-8.322752	3.5060637	20.449966	-26.403885	-8.322823	3.505611	11.22897	-25.319592	8.190115	2.4729443	5164.9061806201935	26.085384761444246
199	-12.924225	4.249356	-2.406292	-21.743893	-10.811853	3.13413	-3.1178718	-16.087675	50.0	50.0	994999	-8.315273	3.5234601	12.320777	-26.380585	-8.315069	3.5241675	23.791918	-27.87104	-8.315339	3.5230699	13.967838	-26.03882	8.186002	2.468441	5191.076994180679	26.085814051891692
200	-12.289685	4.744334	-2.5713508	-21.0218	-10.758311	3.8543568	-3.8647208	-15.367042	50.0	50.0	999999	-8.299563	3.510623	10.388216	-24.577005	-8.299289	3.5110393	7.721315	-26.641235	-8.299563	3.5122569	11.830302	-25.446236	8.191464	2.5028899	5217.430888175964	26.087154451608658
