Epoch	AverageEpRet	StdEpRet	MaxEpRet	MinEpRet	AverageTestEpRet	StdTestEpRet	MaxTestEpRet	MinTestEpRet	EpLen	TestEpLen	Time Steps	AverageQ1Vals	StdQ1Vals	MaxQ1Vals	MinQ1Vals	AverageQ2Vals	StdQ2Vals	MaxQ2Vals	MinQ2Vals	LossPi	LossQ	Time	AVG Time Per Epoch
1	1.9818997	5.4891286	23.074072	-12.810276	-11.206705	2.7355523	-7.4097896	-16.870634	20.936975	69.1	4999	6.71938	6.337978	32.315056	-7.2436075	6.7191215	6.3369207	32.532173	-6.984333	-9.6680355	0.8652409	22.33895492553711	22.33895778656006
2	1.3037343	5.6759834	22.487486	-11.425432	129.09564	1.3782991	131.48802	126.716736	20.779167	101.1	9999	30.752953	13.097578	71.89111	-20.525887	30.752457	13.097577	73.674545	-21.908195	-36.337555	7.9240484	50.06547737121582	25.032740116119385
3	119.83279	141.52544	458.56296	-77.44922	31.306591	49.75307	128.75285	-40.61203	135.21622	62.6	14999	55.722767	16.273209	118.1245	-75.91392	55.723064	16.274048	122.12825	-66.53799	-61.22626	24.008219	78.69948601722717	26.233162720998127
4	74.830574	112.16665	517.81006	-67.63226	146.28784	102.82939	270.88318	-53.720108	126.64103	191.3	19999	69.14558	18.476658	163.02994	-43.21897	69.14521	18.483932	158.74939	-47.57502	-74.120155	33.79815	109.2293746471405	27.30734431743622
5	108.92398	108.63676	316.41724	-82.82373	189.87907	70.72186	374.78452	132.08066	132.3421	120.6	24999	71.03646	20.32646	144.84608	-58.338997	71.03699	20.335703	144.83455	-56.145283	-75.25618	34.058586	141.09638810157776	28.21927809715271
6	155.65138	85.83899	346.97186	-47.42737	-37.700607	65.777306	102.9197	-112.56308	150.45454	166.3	29999	72.57125	21.495726	148.1364	-61.1946	72.57248	21.487667	150.04176	-54.088455	-76.54748	36.990883	173.1471824645996	28.857864101727802
7	140.42342	103.1939	396.02814	-85.37396	286.75546	213.64758	714.17065	55.86056	168.96666	359.4	34999	73.062325	22.244507	141.56606	-45.635525	73.06186	22.243967	143.4392	-49.671097	-76.725006	35.935963	203.574933052063	29.082133531570435
8	155.43182	101.46392	316.8742	-32.345592	227.65503	71.28404	373.93845	151.45091	170.31035	180.5	39999	72.13571	22.20542	153.34622	-62.896362	72.13598	22.20202	155.40868	-55.97394	-75.4657	36.48139	231.9014937877655	28.98768699169159
9	163.42319	108.184975	488.78168	5.527396	181.8193	65.14522	345.97446	127.497665	131.8421	116.6	44999	71.35991	22.72043	150.76431	-67.142586	71.358536	22.728401	153.66057	-67.827385	-74.564064	39.52291	260.33748054504395	28.926386965645683
10	206.30963	68.93364	360.28027	12.52716	247.53658	117.41615	530.7015	146.19666	134.75676	135.8	49999	71.49438	23.982708	140.53513	-83.49344	71.49385	23.97889	143.51309	-109.746414	-74.76201	37.648537	288.0122928619385	28.80122947692871
11	189.63809	71.59844	414.50134	93.739105	179.99904	62.222355	358.4496	127.667564	139.33333	99.5	54999	72.77557	25.07313	137.38478	-83.34861	72.775475	25.068056	142.33272	-113.42279	-76.10473	35.283756	317.129763841629	28.829978682778098
12	202.4665	73.85093	391.4834	125.00298	146.5361	33.8408	244.8744	118.79116	117.53488	91.0	59999	74.94184	26.357496	134.42607	-70.09933	74.94068	26.354988	135.04343	-71.495155	-78.29043	35.337612	345.991304397583	28.83260891834895
13	285.52048	159.93365	723.0441	84.4096	202.02733	142.32426	424.78003	-10.682124	181.03703	236.3	64999	77.145294	27.945314	134.1225	-62.144577	77.145256	27.940313	137.3776	-58.129025	-80.43901	34.405876	375.0938467979431	28.853372977330135
14	251.33621	128.70058	465.9483	5.56204	217.39665	173.72899	526.7776	23.762894	194.92	174.9	69999	79.266464	28.561869	133.79893	-83.510635	79.26663	28.555695	134.3339	-59.08436	-82.415825	32.913906	404.6620955467224	28.904435532433645
15	236.40265	115.26285	514.8222	-9.150093	261.10498	69.67145	373.5216	183.7472	149.17143	133.8	74999	78.89389	28.95674	138.70921	-69.94307	78.89493	28.948156	138.70258	-86.10803	-81.58755	31.295528	434.1727647781372	28.94485116004944
16	230.79616	85.382195	512.9518	121.89407	197.27005	60.975655	376.06427	153.76068	130.73685	110.2	79999	77.58239	29.276672	134.98366	-69.09531	77.583916	29.267382	135.44124	-59.467545	-80.21459	30.015993	466.10439682006836	29.131524920463562
17	254.76181	105.5251	440.9776	7.9140806	446.8509	92.0694	601.99274	325.23325	179.75	295.7	84999	76.72474	29.266321	136.52206	-82.4601	76.72543	29.260077	135.17287	-77.13634	-79.21379	29.132807	498.23427629470825	29.30789871776805
18	294.69968	145.26479	696.93054	56.33721	281.31042	79.13597	399.95453	147.3774	209.58333	176.3	89999	75.90589	28.700962	141.3142	-70.03978	75.906715	28.696674	136.45158	-75.13166	-78.267426	27.691025	527.3673832416534	29.298188077078926
19	293.3933	103.5239	456.75958	73.67968	373.56183	98.50493	622.41504	257.4329	188.65384	265.1	94999	75.559235	28.176964	141.38867	-83.66542	75.55962	28.173616	140.19011	-77.78391	-77.92168	26.991457	555.7918903827667	29.25220486992284
20	272.76407	104.26544	565.2263	48.66993	270.47397	18.678568	305.1685	235.85414	172.93103	152.2	99999	75.64594	27.771372	141.45384	-70.00542	75.64609	27.767248	141.2723	-74.28526	-77.93038	26.269337	583.6149456501007	29.180747389793396
21	302.75848	93.56225	584.63055	164.01503	342.3524	59.484898	439.76062	256.00723	172.13792	188.2	104999	76.26378	27.639746	143.74481	-65.23611	76.26503	27.635279	143.69377	-47.16533	-78.54907	25.150469	611.370913028717	29.112900711241224
22	284.59164	100.35459	514.6437	141.46378	379.57596	96.693344	512.2389	264.76736	158.29033	255.7	109999	77.291115	27.767416	148.1838	-65.273636	77.291695	27.762907	148.61572	-72.829094	-79.50317	24.83385	639.5170261859894	29.06895585493608
23	302.94348	86.782	564.55743	129.80841	280.9673	32.953316	319.25568	209.57439	166.83871	132.0	114999	78.49313	28.054253	155.1363	-54.26582	78.49398	28.04395	152.17561	-52.802498	-80.6144	24.350807	667.5169894695282	29.022477875585142
24	300.09357	91.280754	626.8967	69.43075	253.97522	35.637466	304.2494	161.28152	155.40625	134.7	119999	80.03725	28.788893	156.00903	-68.062584	80.03791	28.78647	157.84879	-64.11733	-82.2577	25.13464	695.0297722816467	28.959573924541473
25	275.34348	68.28815	395.35635	131.97723	300.26544	69.86846	383.16406	145.82912	135.94595	142.8	124999	81.778435	28.91399	158.28052	-53.30118	81.77865	28.910992	159.42294	-71.881454	-83.965965	24.340279	722.2535054683685	28.89014030456543
26	267.51572	124.03836	648.6563	4.569509	364.68988	41.499863	463.33737	325.01483	131.21622	216.5	129999	83.3007	29.368359	163.90366	-58.8604	83.30144	29.366457	160.3771	-57.546814	-85.36515	23.543278	750.7585520744324	28.87532899929927
27	278.59067	91.471794	458.53098	10.249384	351.77496	92.518555	550.12366	241.29138	149.17647	213.6	134999	84.43666	30.197933	164.93427	-57.883842	84.43704	30.197426	160.46083	-93.206726	-86.59506	24.156235	778.2312064170837	28.823378086090088
28	258.604	91.37257	457.92255	90.15419	178.25162	81.5741	333.88416	89.94083	129.74359	108.7	139999	85.72791	30.77515	164.02542	-78.86681	85.727974	30.77692	165.32674	-75.63941	-87.901535	25.223772	805.1584694385529	28.755659690925054
29	271.29636	57.598595	364.706	58.76659	266.14227	26.874052	293.08	201.72443	136.91667	119.3	144999	86.97529	30.842703	160.31976	-69.531784	86.97516	30.844585	162.55325	-52.49245	-88.98771	24.468182	833.0041129589081	28.724279831195698
30	237.96872	97.50649	430.99573	-14.373707	228.6688	119.07906	359.66412	-5.5140624	131.3158	214.4	149999	88.05354	31.190586	160.41194	-56.879223	88.05351	31.191055	161.61444	-66.25801	-89.96484	24.265322	860.7383379936218	28.6912780046463
31	256.65118	93.92911	417.0676	-2.9432273	435.48126	262.28143	1127.6361	37.96012	143.65715	179.2	154999	88.73393	31.851221	161.79852	-56.383255	88.73483	31.84967	162.11249	-53.20541	-90.70434	24.431395	888.6153399944305	28.665011013707808
32	340.29102	123.57069	827.96936	200.71033	289.8824	10.547507	302.9828	264.26987	157.875	157.2	159999	89.10258	32.57805	161.96185	-57.51095	89.10223	32.578518	164.21568	-88.57399	-91.10195	24.551537	916.3380219936371	28.635563246905804
33	314.708	148.44257	1006.8671	160.87805	192.4722	55.3875	315.89694	147.05034	150.27272	97.8	164999	89.58197	33.018944	161.3764	-62.05644	89.58273	33.01814	162.98773	-60.04326	-91.425415	23.963188	943.4117650985718	28.58823536381577
34	325.9304	85.38659	647.752	199.57857	761.87024	235.78143	1126.0632	390.01883	158.51613	248.6	169999	90.18077	33.5671	166.06793	-63.18535	90.18052	33.569515	165.46483	-58.88387	-92.16387	24.412954	971.7525053024292	28.58095610141754
35	610.8264	326.11603	1426.1206	283.7443	722.7621	529.1574	2106.328	282.14398	246.7	251.4	174999	91.43379	34.461765	171.63008	-65.8844	91.434105	34.461926	170.59196	-75.88906	-93.49534	24.936207	999.645272731781	28.56129356111799
36	731.85693	471.37915	1950.446	19.045246	945.1193	793.2632	2657.4158	20.715094	262.78946	356.6	179999	93.32904	34.88113	169.97221	-73.97461	93.32873	34.88202	170.89365	-59.228775	-95.34061	24.93079	1028.055665254593	28.557101865609486
37	505.7806	459.14264	2369.6943	17.21706	939.5715	492.40503	1931.7422	280.8641	191.59259	326.8	184999	95.218735	35.53025	174.89131	-93.28183	95.21871	35.535366	175.13896	-70.169464	-97.30251	26.62354	1056.8241829872131	28.56281580796113
38	346.9386	324.6208	1267.4834	16.40748	157.98671	265.46097	751.5694	21.661152	143.6	71.9	189999	96.81737	36.41694	184.88261	-73.52148	96.81789	36.419712	181.42291	-92.345535	-98.87204	28.86266	1083.7753641605377	28.520404370207537
39	455.0229	228.34338	1008.7415	32.19725	641.89703	438.26013	1690.6826	302.9726	182.7037	252.0	194999	97.8309	37.64544	190.26637	-81.80712	97.83103	37.647564	188.06903	-74.98144	-99.801735	29.782274	1111.6190400123596	28.5030523508023
40	535.69855	234.42946	1113.0143	181.84836	644.5336	131.2934	870.50946	398.86407	207.20833	245.8	199999	99.23837	38.28166	195.57745	-91.74473	99.23813	38.285797	196.35976	-81.020004	-101.38689	31.092737	1140.247683763504	28.50619214773178
41	639.2521	324.0721	1388.1039	201.14572	792.60815	835.46027	2427.695	195.34349	253.9	295.1	204999	100.42048	38.73381	204.03983	-91.38801	100.4201	38.738514	205.46992	-95.27432	-102.62552	32.597473	1168.435452222824	28.49842571049202
42	492.92343	194.35365	985.9458	215.28564	395.91193	175.31647	871.7797	262.8428	194.16667	180.5	209999	101.737175	39.201786	211.55917	-78.18854	101.73765	39.202297	207.37343	-79.166916	-103.93686	33.71866	1195.728842496872	28.469734384900047
43	805.7505	398.0059	1544.5294	262.80414	1326.8555	643.4495	2765.457	385.898	306.75	469.4	214999	102.61301	39.59662	216.33623	-65.59976	102.613075	39.597843	213.36006	-65.26696	-104.715416	33.970745	1225.2354187965393	28.49384699865829
44	1114.8489	438.1056	2086.2202	529.19165	1115.7009	954.78723	2668.4749	411.99722	383.0	477.0	219999	103.775215	40.451183	220.94925	-72.828156	103.77595	40.45052	218.73428	-76.8777	-105.90662	33.80118	1254.3422544002533	28.507778547026895
45	1049.136	664.06824	2862.274	251.06091	1614.9288	854.59235	3150.1025	689.6314	381.64285	521.4	224999	105.9594	41.467506	228.8676	-88.2146	105.95912	41.46877	223.9264	-90.78577	-108.23705	34.540092	1283.8467543125153	28.529927921295165
46	926.0844	333.21085	1604.4716	323.1593	1105.9213	683.4985	2671.7068	377.5802	332.13333	379.8	229999	108.6191	42.472527	230.84706	-71.3578	108.6191	42.47197	229.18694	-79.20747	-110.953636	37.70732	1313.0395302772522	28.54433764582095
47	678.6186	466.89496	2071.8872	20.484783	778.4481	440.61337	1558.6162	240.95346	232.54546	293.8	234999	110.76601	43.653057	235.64604	-67.28914	110.766075	43.655033	236.5699	-71.83886	-113.0161	40.185226	1341.434923171997	28.54116862378222
48	981.3133	735.10785	2894.0645	120.1832	1289.9202	899.5121	2564.4019	191.5541	313.3125	391.1	239999	112.746544	44.821262	234.48639	-78.02564	112.74618	44.820927	237.30197	-75.51996	-115.12132	40.566605	1369.9295601844788	28.540199210246403
49	996.26495	452.15106	2113.0413	429.5969	1432.426	710.6983	2811.2024	813.03564	321.93332	486.1	244999	115.10833	46.372585	240.24669	-75.35424	115.108826	46.37216	238.70078	-65.00347	-117.460014	41.992195	1399.307659626007	28.55729921496644
50	1078.0177	484.52838	2367.5708	604.21985	924.3622	525.8318	2174.9417	374.3236	344.7143	311.7	249999	117.95435	47.78958	247.82355	-67.874695	117.95387	47.791367	245.72389	-71.61576	-120.2372	42.06937	1427.7261905670166	28.554523844718933
51	1197.6604	493.07495	2032.7168	429.59308	1004.9881	239.83017	1424.5629	658.9575	359.2143	342.0	254999	120.95714	49.178894	252.05019	-89.71257	120.956345	49.177628	250.69618	-65.06545	-123.41685	43.85024	1456.2446172237396	28.553816056719015
52	919.2483	678.3734	2003.458	47.8124	855.92957	359.73062	1580.6364	418.19662	314.0	294.6	259999	123.24196	51.059372	255.17776	-94.555595	123.242546	51.05808	254.35307	-77.34102	-125.74428	44.6332	1484.5780539512634	28.549577997281002
53	843.2008	335.31836	1468.4363	247.4036	1582.1091	683.9095	2945.593	730.7941	274.5263	453.8	264999	124.921326	52.690052	258.83508	-94.656136	124.921326	52.690624	260.99875	-80.94797	-127.40253	46.73841	1513.878255367279	28.56374070329486
54	915.09283	418.27493	1711.6041	31.213938	534.13855	139.03816	829.17206	411.8622	282.58823	188.5	269999	126.5897	54.183643	261.5928	-87.652855	126.589455	54.185005	262.39566	-82.95762	-129.06618	47.47017	1541.5014309883118	28.546322835816277
55	1014.79987	359.78336	1788.1151	436.80566	1070.8129	371.1629	1633.2448	648.7876	306.2353	303.4	274999	128.51515	55.19508	265.26013	-74.47702	128.51543	55.195026	263.50272	-86.10806	-131.12653	48.150642	1569.8029553890228	28.541871955178
56	1178.263	838.0982	3248.6453	468.33115	1985.5447	853.4677	3562.255	1156.2723	352.0	599.3	279999	129.9218	56.456017	271.53085	-62.478844	129.92206	56.457306	271.272	-62.338177	-132.38222	49.931828	1600.015632390976	28.5717077595847
57	2031.1333	1160.1718	3779.7146	800.7279	1799.6188	761.3011	4000.5266	1292.5342	574.1111	480.2	284999	131.90085	57.141438	276.27286	-96.64915	131.90092	57.142673	278.63992	-97.12834	-134.6751	50.396084	1628.9575686454773	28.578202996337623
58	1898.5143	1309.6318	3973.863	255.8906	1467.1902	875.0708	3717.572	759.98456	551.2222	424.1	289999	134.52765	57.83436	278.5704	-69.998985	134.52734	57.83549	279.2518	-68.78466	-137.45274	51.495712	1657.8348557949066	28.583359615556127
59	2579.3032	870.4134	3674.5642	1086.6545	2258.6958	754.40466	3751.248	1397.7635	693.1667	600.4	294999	137.89935	58.435925	283.67963	-101.91142	137.89948	58.438946	281.4111	-67.617775	-140.8028	51.968483	1689.0780713558197	28.628441919714717
60	2430.3044	1075.2567	3796.194	792.9384	1387.7244	428.5895	2356.839	953.3743	669.625	361.5	299999	141.27167	59.15902	284.70184	-82.42219	141.27132	59.163063	286.9419	-111.72028	-144.16927	52.294033	1718.1245131492615	28.63540859222412
61	2196.5977	626.0631	2927.5203	1408.436	3002.1218	661.3387	3853.2827	1931.2305	625.375	809.4	304999	144.64763	60.078617	291.44092	-59.739693	144.6472	60.084118	294.30154	-62.9517	-147.5064	53.44821	1749.0408165454865	28.672800298596993
62	2149.6345	953.3659	3795.2017	827.72095	2990.5728	1171.4047	4157.37	1000.31476	589.625	759.7	309999	147.40413	61.020264	300.06726	-84.75913	147.40395	61.022713	299.13342	-81.45231	-150.2069	55.518692	1780.5807435512543	28.71904428543583
63	2326.8643	1138.485	3946.6272	873.6514	2105.0156	877.6194	3973.5337	870.98126	653.375	576.1	314999	150.5391	61.834282	294.4338	-82.88243	150.53912	61.837944	294.9146	-81.58412	-153.40166	57.08385	1811.1657791137695	28.7486631908114
64	2678.7456	1102.3096	4153.231	814.81165	3742.9343	196.04385	3968.3018	3334.2766	683.25	1000.0	319999	154.43954	62.337276	298.53992	-93.03949	154.43944	62.342304	301.00244	-93.676	-157.36475	58.078175	1843.209435224533	28.800147455185652
65	2711.8848	1037.3291	3903.9456	954.91614	1872.0022	476.55713	2765.1438	1156.2134	726.0	486.9	324999	157.69218	63.085537	306.12625	-105.84581	157.69148	63.09006	301.61096	-118.66514	-160.59486	59.596863	1872.8211648464203	28.81263333100539
66	2581.6062	756.0436	3639.5605	1769.7172	2539.6558	961.75256	3847.815	1305.1514	711.0	756.4	329999	160.27072	64.493774	306.7846	-100.52126	160.26985	64.49922	305.94873	-98.87717	-163.08713	60.8004	1904.0846784114838	28.84976788000627
67	2803.4612	1179.879	4015.2183	787.7118	3601.3333	752.06256	4018.8984	1428.3319	731.2857	919.3	334999	162.38873	65.8472	311.66504	-121.66365	162.38863	65.85093	309.75784	-116.472115	-165.38063	62.799313	1935.8786540031433	28.893711285804635
68	2561.6897	996.8092	4094.766	1186.8381	3485.9985	683.5821	3944.6602	1735.5398	680.625	909.6	339999	165.25383	66.9573	312.98218	-107.91897	165.2539	66.96052	314.73083	-115.35392	-168.3579	66.97623	1967.6072158813477	28.935400261598474
69	3255.9036	423.77295	3950.3003	2630.1387	3472.8237	657.96765	4007.4097	1893.8794	830.1667	893.0	344999	167.72337	67.88672	320.28946	-102.73502	167.72311	67.891174	320.41577	-110.73484	-170.82124	67.94676	1999.4530639648438	28.977580661359042
70	3909.9036	125.27185	4104.0786	3714.2637	3965.0806	397.2369	4248.913	2814.6445	1000.0	971.2	349999	170.48488	68.88724	322.0202	-115.26795	170.4841	68.89145	324.3363	-123.74695	-173.47736	66.999825	2032.5684640407562	29.036692370687213
71	3922.95	215.64008	4308.906	3644.7478	4455.704	157.82846	4767.679	4162.7505	1000.0	1000.0	354999	173.16467	70.16671	325.72403	-122.30267	173.1639	70.17002	324.88867	-118.78802	-176.31056	67.40423	2064.501473903656	29.077485574802882
72	4000.1948	233.20125	4302.644	3620.3892	4365.368	177.44337	4578.1094	4072.787	1000.0	1000.0	359999	175.78136	71.45494	331.6573	-140.95995	175.78125	71.46051	341.7796	-138.4016	-178.9043	70.42722	2097.794317960739	29.136032223701477
73	3450.1392	829.1761	4049.203	1804.7546	4099.52	78.04239	4193.162	3910.6252	896.6	1000.0	364999	178.84067	72.84352	337.4433	-149.60097	178.84076	72.84353	334.72678	-130.7611	-181.89745	70.502716	2130.2315649986267	29.18125434444375
74	4133.29	177.92033	4315.0527	3868.8071	3406.9653	846.81055	4363.5317	1801.295	1000.0	817.1	369999	181.532	74.62739	342.8667	-126.56195	181.53098	74.63319	342.0523	-136.03818	-184.78023	72.34806	2162.0627870559692	29.21706471249864
75	4241.418	399.22937	4569.063	3461.722	3729.5278	1045.412	4564.3984	1637.2556	964.4	862.3	374999	184.18582	76.336365	351.95044	-131.55148	184.18706	76.334206	351.05338	-120.140526	-187.3678	73.44558	2193.2985005378723	29.24398003578186
76	4281.737	138.00383	4404.9404	4029.0825	4165.461	644.3711	4502.169	2253.9226	1000.0	952.9	379999	187.79546	77.68162	353.9497	-127.58628	187.79527	77.68334	355.2014	-115.4714	-190.97543	75.32509	2225.283277988434	29.28004315966054
77	4375.8955	301.90582	4769.8403	3847.2136	4454.3047	506.50626	4820.783	2992.1592	1000.0	963.0	384999	191.28084	79.525894	373.33282	-157.94884	191.28133	79.52696	373.3099	-143.73997	-194.68765	76.68278	2257.114249944687	29.31317209887814
78	4031.1272	677.08716	4606.507	2572.9395	4356.857	59.466553	4444.596	4261.4824	925.0	1000.0	389999	194.47168	81.1123	377.76135	-134.15787	194.47258	81.11362	375.39038	-168.17197	-197.76738	76.896164	2289.8649563789368	29.357243058009026
79	4306.727	259.56348	4580.223	3896.647	3204.4421	969.75934	4484.668	1668.0486	974.4	732.7	394999	198.06264	82.664665	381.15213	-154.16939	198.06197	82.667534	383.87668	-123.05536	-201.36888	77.79437	2322.221949338913	29.3952145998991
80	3049.3306	1385.161	4579.913	791.9723	4075.6255	745.9941	4648.452	2516.2659	692.0	928.6	399999	200.92235	84.51839	382.506	-128.4419	200.92279	84.522064	380.8699	-140.21947	-204.58577	82.25268	2354.777412891388	29.434717682003974
81	4204.104	198.14018	4518.9155	3936.9358	3387.6392	1491.6392	4755.398	1366.0557	1000.0	754.7	404999	203.79005	86.52515	388.4915	-142.09071	203.79077	86.52218	387.8535	-146.16284	-207.12604	81.21261	2386.227108001709	29.459593952437977
82	4201.4487	674.2324	4625.558	2706.438	4541.357	492.71716	4892.3105	3522.776	933.3333	955.4	409999	206.76546	87.85271	396.0476	-153.54959	206.76457	87.85501	394.31656	-150.33835	-210.0286	83.020454	2418.588876724243	29.494986330590596
83	4440.197	75.80727	4537.5747	4317.4595	4037.6738	861.51166	4736.394	2085.0696	1000.0	866.1	414999	210.06009	89.20587	408.33044	-155.11633	210.05937	89.21093	399.10663	-155.44075	-213.39798	84.244	2451.069581270218	29.530958830592144
84	4333.9326	291.05826	4681.191	3825.8418	4323.687	538.2851	4575.081	2720.766	978.6	960.5	419999	212.81177	90.52028	409.20193	-146.6322	212.81448	90.51747	406.69876	-156.30019	-216.31924	87.55187	2483.7146418094635	29.56803147565751
85	2994.5977	919.0529	4520.2593	2064.6487	2375.3152	860.28827	4409.1416	1345.9727	707.3333	530.0	424999	214.95456	91.77325	412.1994	-123.25764	214.9546	91.77298	410.6598	-153.26938	-218.24146	87.12325	2515.326315164566	29.59207432129804
86	4023.045	896.7567	4729.712	2164.393	4380.6304	47.269287	4453.9395	4297.6865	906.1667	1000.0	429999	216.75453	93.01125	409.8202	-125.909134	216.75604	93.00873	409.49857	-116.2076	-220.26338	92.92632	2547.792418241501	29.62549326031707
87	4395.271	503.67224	4775.1206	3401.2048	4646.68	123.15598	4839.28	4384.211	946.2	1000.0	434999	219.71872	93.73294	405.40527	-108.483635	219.71863	93.73642	414.56674	-113.938286	-223.15573	92.98209	2580.309165239334	29.658726061897717
88	4602.101	107.95885	4679.5396	4387.602	4346.3525	65.09181	4469.2173	4242.027	1000.0	1000.0	439999	222.36159	95.12766	404.78467	-124.363815	222.36067	95.13101	415.6151	-114.81143	-225.79625	89.85455	2612.5844893455505	29.688460127873853
89	4638.2593	71.94396	4778.1475	4577.6504	4493.571	37.03165	4562.9653	4440.427	1000.0	1000.0	444999	225.0575	96.724236	415.1018	-127.61129	225.05867	96.726974	411.49054	-152.56589	-228.39294	93.6416	2645.5053672790527	29.72477942906069
90	4660.03	144.15115	4841.534	4426.3984	4800.538	37.593403	4849.403	4727.652	1000.0	1000.0	449999	227.79906	98.03906	416.7082	-158.32504	227.79855	98.04103	414.75818	-154.37213	-231.05305	94.8451	2677.799905538559	29.75333230495453
91	4200.584	1144.3123	4896.9316	1671.3702	4712.0747	25.627974	4755.2217	4663.6167	903.5	1000.0	454999	230.47102	99.64286	422.9133	-136.70172	230.47197	99.64401	425.11746	-123.011894	-233.9953	87.15455	2710.2903382778168	29.783410331705113
92	4529.529	118.36781	4657.237	4348.0483	3973.757	607.16974	4360.218	2183.7837	1000.0	956.4	459999	233.02284	100.99649	426.93152	-175.27896	233.02351	100.99641	430.18735	-135.04178	-236.1678	91.094765	2742.4061942100525	29.808762998684593
93	4287.6865	771.3922	4796.3555	2759.7012	4698.3975	180.81274	4884.048	4179.9907	925.0	984.4	464999	235.85005	101.92561	433.31857	-124.22734	235.84978	101.92605	433.03796	-114.86393	-239.28775	93.549545	2775.3150250911713	29.842097067063854
94	4495.1997	861.28766	5003.711	2588.8394	4286.257	786.29803	4984.2974	2433.15	923.6667	895.1	469999	238.67108	102.74301	432.52765	-115.78871	238.67082	102.745415	432.77524	-120.86119	-242.0432	90.611565	2807.1778185367584	29.863593837048146
95	4427.8115	770.8909	5003.937	2907.7188	4184.583	711.31366	4723.538	2879.5598	919.8	904.4	474999	240.55757	104.27487	447.4577	-159.49596	240.55942	104.272156	439.94458	-149.03984	-243.95386	96.07845	2840.1529064178467	29.89634640593278
96	3663.8894	1298.3007	5005.4727	1932.6942	4922.049	474.0745	5101.791	3500.5603	791.7143	972.9	479999	242.38237	105.36128	449.64566	-143.78578	242.38316	105.36079	442.65817	-183.02603	-245.6888	95.51277	2872.6034059524536	29.9229521676898
97	3657.6868	992.5708	4973.932	2342.1306	4213.336	1003.1675	4926.474	2659.1753	771.0	878.3	484999	244.4898	106.35605	446.07355	-132.03333	244.49063	106.357185	448.8828	-130.30205	-248.0852	90.661835	2907.786947965622	29.977185052694733
98	4199.7925	896.0684	4897.533	2751.414	4603.676	224.00734	4841.605	4162.893	873.0	1000.0	489999	246.91875	106.90072	450.2319	-120.91155	246.91867	106.900314	449.86832	-165.79707	-250.26988	98.72739	2942.4703307151794	30.025207478172923
99	4751.8086	157.45233	4893.4346	4451.23	4631.5234	661.7564	5115.511	3074.3877	975.0	929.5	494999	248.25952	108.51727	456.66748	-137.13379	248.26126	108.51603	459.9806	-137.74739	-251.58878	94.72593	2975.583533525467	30.056399350214487
100	4809.3706	180.0519	5023.8613	4479.125	3412.9543	2061.4148	4808.004	246.31496	1000.0	734.6	499999	250.42119	109.79206	461.5315	-150.67238	250.42221	109.790474	459.87796	-136.78992	-253.66985	96.49286	3008.2532382011414	30.082532403469084
101	4548.6	402.63315	4815.1533	3750.9514	4802.1494	570.2628	5146.012	3110.7886	968.6	964.5	504999	252.68349	110.76507	463.69202	-114.56696	252.68367	110.768265	465.7028	-123.757095	-256.11703	96.279594	3041.9509303569794	30.118326073825948
102	4397.636	669.8997	5008.922	3179.9243	4096.279	1240.7759	5440.9595	2556.034	902.0	796.8	509999	255.11868	111.44413	466.26776	-122.634674	255.1203	111.443375	470.01575	-110.6265	-258.53897	97.791	3075.235901594162	30.14937160763086
103	3571.3975	2086.2734	5245.021	217.43384	3884.8696	998.44464	5088.644	2850.289	718.875	795.7	514999	257.30652	112.14015	462.9795	-124.401146	257.30646	112.14264	461.4624	-166.60742	-260.4496	93.83933	3107.415180206299	30.16907944031132
104	4544.177	965.19806	5209.2363	2626.6248	3797.9414	951.2881	5222.928	2792.8792	911.8	749.3	519999	259.791	112.77424	478.97287	-136.58241	259.7912	112.77697	464.2643	-123.95436	-263.1411	100.70534	3140.8851974010468	30.200819224119186
105	4468.0327	664.53455	4984.126	3082.815	4464.1426	80.75408	4545.9062	4265.966	911.1667	1000.0	524999	261.9494	113.33428	469.6392	-143.57697	261.95145	113.33059	471.14902	-146.1861	-265.36963	100.36576	3174.7031993865967	30.23526858375186
106	4910.116	95.42515	5033.927	4792.7026	4812.5176	206.78806	5086.452	4314.317	1000.0	1000.0	529999	264.079	114.53416	477.35645	-157.41824	264.0795	114.533394	477.49277	-154.03326	-267.44858	100.39945	3207.8548731803894	30.262781844948822
107	4481.654	877.9933	4947.7983	2726.2651	4764.298	31.46616	4832.5107	4715.8594	918.2	1000.0	534999	266.01675	115.43055	487.44574	-123.23898	266.01776	115.42707	482.62857	-121.08431	-269.2068	100.312126	3241.6758122444153	30.296035650734588
108	4599.497	477.03363	5037.647	3802.9111	4892.872	415.9192	5132.093	3653.32	928.6	972.7	539999	267.8517	116.71596	494.52798	-122.47465	267.85257	116.71635	493.92416	-110.3504	-271.34702	100.047585	3275.960960149765	30.33297187310678
109	4192.7324	1176.3335	4989.4004	1648.9397	3861.1633	1335.0538	5350.206	2141.4258	870.3333	768.7	544999	270.16507	117.095406	486.2554	-105.600296	270.16562	117.09662	478.63284	-128.15488	-273.60004	97.79452	3308.989405632019	30.357700990974358
110	3857.1824	1602.3677	5119.2627	313.04727	3247.9446	971.3135	5022.2354	2593.409	794.7143	681.2	549999	272.63007	117.75399	491.0445	-127.3623	272.63135	117.75697	486.1614	-105.639786	-276.1066	101.905464	3340.418804883957	30.36744369810278
111	4030.4324	781.97076	4991.29	2959.1948	4518.377	991.2766	5264.3965	2377.8486	842.1667	896.2	554999	273.60928	118.80111	494.3853	-164.22447	273.61032	118.80025	485.24466	-155.4668	-276.80927	109.35916	3373.1689174175262	30.388909183106982
112	4029.7107	1210.0245	5126.1294	2118.8936	4558.4526	715.3946	5391.378	3101.1062	831.5	860.9	559999	274.5275	119.524826	489.86053	-118.947075	274.52838	119.5238	488.94635	-109.329575	-277.69696	102.37322	3405.9272997379303	30.410065195390157
113	4197.791	1171.5948	5368.24	2103.8518	5215.0015	252.18599	5346.292	4464.558	836.0	985.7	564999	275.00766	120.331184	492.67572	-118.24056	275.00806	120.33242	490.3384	-101.340096	-278.4424	110.5859	3438.522663116455	30.4294041173648
114	5079.022	103.51327	5230.4673	4908.6724	4990.376	69.508316	5073.297	4825.99	1000.0	1000.0	569999	275.11948	121.554726	491.9091	-116.26089	275.1206	121.558174	488.0106	-146.71707	-278.75375	112.2179	3471.2114431858063	30.449223200480144
115	5100.0703	97.33368	5199.6455	4981.3486	5285.079	33.68878	5351.3867	5232.268	1000.0	1000.0	574999	274.70114	122.74927	492.99603	-115.89326	274.70068	122.75445	489.32272	-133.06955	-278.90866	113.09017	3503.9942157268524	30.469514935949576
116	4255.028	899.56396	5298.11	3178.305	3879.0825	1091.9059	5167.0513	2344.4775	840.8333	784.1	579999	276.2664	122.43117	486.63263	-140.29034	276.26666	122.434105	486.02292	-147.477	-280.07248	111.40796	3536.0930104255676	30.48356045114583
117	5050.4297	243.67384	5208.31	4566.801	4869.1636	42.13678	4923.5845	4770.7085	979.0	1000.0	584999	278.07837	122.370674	490.793	-127.69035	278.0783	122.37485	486.26532	-126.77706	-281.55264	106.08376	3568.5105924606323	30.50009055219145
118	4159.841	1095.6636	5211.628	2475.9753	5313.6885	66.301674	5389.6313	5140.099	839.8	1000.0	589999	279.74576	122.74782	492.65906	-129.55252	279.74707	122.74702	494.48105	-143.17287	-283.583	112.66285	3601.842246055603	30.524086849164153
119	4983.894	129.05345	5118.8247	4758.634	4440.425	1357.6288	5030.7017	384.08588	994.8	915.6	594999	281.10846	122.981544	498.42334	-116.96755	281.10834	122.98446	499.69333	-101.027855	-284.6072	112.944664	3635.276593208313	30.548542816097996
120	2851.296	2219.6606	5063.7593	362.21973	4273.9985	760.26184	4860.961	2619.753	597.6667	905.5	599999	281.65445	123.50963	491.33905	-138.58514	281.6555	123.50959	493.25626	-111.796555	-284.70264	111.19633	3668.2630803585052	30.568859022855758
121	5063.908	71.34375	5173.009	5002.604	5047.902	41.421272	5119.059	4992.166	999.2	1000.0	604999	282.56586	124.42502	493.36078	-107.21911	282.56662	124.42726	495.74072	-125.61529	-285.80954	111.276436	3701.6252546310425	30.591944272853127
122	4947.9194	126.306465	5153.5454	4798.3022	3469.089	937.50433	4854.5474	2172.0288	998.0	720.6	609999	283.5987	124.75817	498.97354	-125.47282	283.59952	124.75758	502.54938	-114.30032	-287.08368	107.53452	3732.618711233139	30.595235353610555
123	4958.8135	106.220375	5086.3	4815.012	4502.7783	913.67456	5061.4326	2530.887	1000.0	916.8	614999	284.7622	125.54874	498.04764	-112.38342	284.76227	125.55111	501.80057	-129.6603	-288.09155	113.089424	3765.2086000442505	30.611452048386983
124	4899.81	100.07433	5032.1265	4767.181	4675.064	478.12714	4932.141	3249.6438	1000.0	971.6	619999	286.0369	126.10903	497.7604	-119.10577	286.03784	126.111336	500.5191	-123.69927	-289.0869	110.34557	3796.740247964859	30.618872984763115
125	4162.8906	1343.3009	5269.9253	1522.5247	5055.1665	24.070314	5104.1606	5014.1353	848.3333	1000.0	624999	287.56073	126.53893	495.84	-124.96621	287.562	126.5396	502.1881	-107.23972	-290.79608	117.731476	3830.1975922584534	30.641580755233765
126	4325.2104	1075.4972	5186.6973	2062.5757	1423.5908	154.64748	1885.0973	1337.1624	870.0	362.6	629999	288.91806	126.83954	497.98172	-104.12387	288.9189	126.844246	500.70898	-111.37828	-292.12796	110.80343	3862.0889098644257	30.651499299775985
127	5099.6577	174.63512	5203.842	4752.057	4834.616	633.0996	5218.765	3132.6125	1000.0	944.2	634999	290.24084	127.53559	506.9847	-123.31355	290.2407	127.53626	507.19006	-118.71633	-293.6409	111.5464	3896.0464911460876	30.67753144136564
128	5094.497	39.51185	5146.9443	5043.53	4729.66	844.5731	5310.0303	2625.3652	1000.0	929.5	639999	291.39496	128.01923	512.9461	-121.954796	291.39377	128.02214	504.72845	-136.99138	-294.6282	109.4509	3929.0795600414276	30.69593407958746
129	5050.4937	106.56542	5142.0806	4846.6084	5216.372	64.217766	5310.908	5110.3857	989.2	1000.0	644999	293.692	128.37317	505.02856	-153.99701	293.69196	128.3765	507.51538	-165.72612	-296.46594	111.651276	3964.0529346466064	30.729092533274216
130	5013.52	178.12735	5167.515	4665.2812	4880.3955	58.581036	4987.6187	4788.489	986.6	1000.0	649999	295.35587	128.58878	510.52362	-150.84155	295.35483	128.59294	509.4943	-138.77774	-298.41815	107.177185	3999.995931863785	30.76919948871319
131	5021.5977	114.89178	5110.9043	4799.1304	4855.9175	36.47384	4930.532	4793.7847	983.8	1000.0	654999	296.50244	129.01224	504.87634	-149.43576	296.50177	129.01611	504.9706	-143.71138	-299.42236	110.12784	4035.5579805374146	30.805786127352533
132	5079.159	186.88075	5402.3467	4847.9346	5096.247	46.685825	5150.8794	5018.3594	1000.0	1000.0	659999	297.73163	130.42761	510.7749	-172.50555	297.73148	130.43167	512.9319	-141.38405	-300.65695	108.99651	4070.69775390625	30.838619362224232
133	5195.415	68.92741	5245.6943	5060.065	4983.5503	61.064194	5075.627	4885.862	1000.0	1000.0	664999	298.54456	131.56459	513.5287	-162.45749	298.54678	131.56308	510.80206	-174.55125	-301.91766	107.528885	4105.938645124435	30.87171915240754
134	4966.186	59.292892	5049.827	4902.325	5289.581	36.61445	5340.989	5206.072	1000.0	1000.0	669999	299.86212	132.03226	519.0946	-151.27277	299.86252	132.03258	515.2604	-143.17776	-303.10715	105.639366	4140.974426746368	30.9027942454637
135	5022.2056	139.06056	5174.3916	4820.2363	4625.1196	832.0064	5508.0415	2916.0745	1000.0	895.6	674999	301.11026	132.85844	519.8817	-154.30605	301.10965	132.86319	516.7975	-159.47084	-304.00824	109.634125	4174.857577562332	30.924870959034674
136	4965.871	164.47359	5197.3066	4731.505	5093.5957	101.92686	5230.3643	4867.9385	1000.0	1000.0	679999	302.0961	133.31184	520.5045	-138.07146	302.09692	133.3116	519.6723	-165.58249	-305.4095	115.8966	4207.563803434372	30.937969156924417
137	4926.2197	117.857666	5081.697	4777.158	5087.704	30.417244	5148.61	5024.262	1000.0	1000.0	684999	303.14206	134.1205	527.7852	-137.34969	303.14038	134.1246	523.5248	-120.84965	-306.52167	114.22257	4240.528766870499	30.952764737345007
138	5017.1772	34.954258	5067.659	4972.932	5166.781	58.37747	5241.7134	5079.6436	1000.0	1000.0	689999	304.09198	134.3841	528.141	-120.45239	304.0931	134.3854	523.3885	-119.524445	-307.0023	109.9079	4273.151880741119	30.96486871484397
139	5068.1826	65.73924	5143.3027	4964.3486	5120.995	88.6355	5241.1323	4961.825	1000.0	1000.0	694999	304.9365	135.06415	522.33276	-137.75323	304.93588	135.06723	524.3384	-163.36433	-308.10565	113.82766	4306.38090801239	30.981157625321863
140	4973.5244	285.60837	5173.85	4422.637	4901.3975	78.09113	4995.431	4769.9355	978.0	1000.0	699999	306.3389	135.29779	530.6032	-142.41464	306.3388	135.30286	523.90247	-118.023224	-309.2878	105.457664	4339.727313280106	30.998052253041948
141	4496.5376	951.22723	5096.904	2415.919	4910.0835	397.71768	5158.226	3804.7139	920.3333	975.7	704999	307.32712	135.20667	521.26605	-144.6227	307.32767	135.20645	522.0957	-153.03064	-311.0814	108.83938	4373.085971832275	31.014794141688245
142	5020.3354	112.480965	5234.2896	4918.307	5083.757	40.497272	5142.2446	5014.571	1000.0	1000.0	709999	308.61285	135.7463	517.0753	-155.89595	308.61288	135.74849	516.6298	-166.55426	-311.77832	104.13438	4406.2798500061035	31.030139802207408
143	4713.7065	348.6783	5024.3384	4032.4688	4878.297	52.213783	4947.6826	4783.5054	1000.0	1000.0	714999	309.9673	135.23955	528.1022	-201.11108	309.96634	135.24596	525.5224	-211.83197	-313.3884	109.70336	4439.410153627396	31.044826265815253
144	4550.8613	764.08325	5167.684	3051.5496	5055.042	31.10418	5108.746	5001.547	925.8	1000.0	719999	310.73984	135.59499	524.2444	-185.71687	310.73993	135.59702	524.25616	-177.98305	-314.1127	106.13169	4472.52302479744	31.059187685449917
145	5183.7275	72.699974	5325.0264	5126.5205	4544.118	1085.9329	5299.499	1853.4559	1000.0	882.6	724999	311.86844	135.43489	518.8664	-220.20027	311.8684	135.43918	518.3915	-187.17781	-315.43063	110.6734	4505.596892118454	31.07308202611989
146	4171.065	1192.3887	5149.021	2288.0222	5300.919	27.745827	5365.5913	5264.8325	853.1667	1000.0	729999	312.609	135.36844	523.03125	-154.9905	312.60947	135.3695	518.3057	-154.14723	-315.66064	105.75915	4538.858821630478	31.088074143618755
147	5173.4287	78.407745	5301.8354	5076.0693	5276.774	198.69159	5384.844	4684.238	1000.0	1000.0	734999	313.83566	135.30411	524.09625	-126.21595	313.83646	135.3073	520.76337	-129.1896	-316.97	109.54876	4572.343708992004	31.10437898733178
148	5244.5054	98.68375	5344.152	5118.1147	5046.208	35.173946	5090.909	4992.9663	1000.0	1000.0	739999	315.5531	135.41452	525.4341	-124.70702	315.5535	135.41759	525.9704	-126.207756	-318.5688	111.83895	4605.6101043224335	31.118987204255284
149	5150.755	91.17265	5284.6333	5002.6816	4988.1895	361.79254	5175.6685	3912.2163	1000.0	979.3	744999	316.5123	135.70905	520.3911	-156.36334	316.51236	135.71162	517.9905	-152.58264	-319.62787	104.9491	4638.576434373856	31.13138547999747
150	5158.0474	83.59687	5283.7456	5074.574	5240.132	24.510696	5276.3335	5196.019	1000.0	1000.0	749999	318.23557	136.28543	520.56586	-144.62085	318.23584	136.28531	518.31134	-148.95747	-321.4081	104.584564	4671.190021514893	31.141266824404397
151	5156.151	78.26911	5286.101	5041.6304	5055.2236	31.318422	5098.1323	4982.1025	1000.0	1000.0	754999	319.7488	136.71643	521.1201	-158.18683	319.75024	136.71524	520.5022	-160.91847	-322.82736	104.24312	4703.9157247543335	31.15175978079537
152	5199.534	54.40929	5272.5522	5109.7354	5324.129	30.911373	5376.17	5269.642	1000.0	1000.0	759999	321.42303	136.76898	522.65656	-174.03201	321.4229	136.77281	518.9067	-180.79327	-324.7148	108.4846	4736.280339002609	31.159739084933932
153	4507.9053	1728.7562	5330.511	643.1886	5443.616	25.62946	5475.241	5405.317	864.6667	1000.0	764999	323.7135	136.27632	525.29224	-149.80695	323.71237	136.28311	525.90326	-161.8525	-326.7303	104.97171	4769.09144282341	31.170532320059984
154	5262.2783	118.046425	5385.808	5064.927	5378.415	27.234543	5418.6187	5316.2656	1000.0	1000.0	769999	324.56546	136.74844	526.0875	-200.1102	324.56693	136.74754	526.91516	-164.08571	-327.37866	107.13055	4801.6891305446625	31.179799561376697
155	5234.78	57.287155	5319.6978	5150.182	5418.5093	30.93096	5467.288	5374.6816	1000.0	1000.0	774999	326.155	136.70462	525.74646	-153.57005	326.15604	136.7058	526.3847	-173.68668	-329.51376	103.340385	4834.237067222595	31.18862625552762
156	5178.7827	160.56871	5440.118	4992.4644	5311.426	52.503563	5428.19	5247.7056	1000.0	1000.0	779999	327.80444	136.63524	529.06604	-136.05246	327.80463	136.63683	527.8223	-139.86485	-330.51135	112.5128	4866.577577352524	31.19601012346072
157	5230.0635	73.59318	5309.8555	5112.1665	5452.592	14.121497	5475.8267	5431.5845	1000.0	1000.0	784999	329.43	136.89676	530.9752	-119.663155	329.43073	136.89742	530.6506	-137.59726	-332.4137	101.56003	4899.227298974991	31.20526943237159
158	5401.043	90.449936	5499.631	5242.2437	4786.7393	1009.05023	5325.21	2023.2263	1000.0	918.1	789999	330.94522	137.47063	533.97955	-170.93536	330.94516	137.47261	532.5977	-191.21404	-333.85156	107.8757	4932.007622718811	31.215238130545313
159	4666.6523	1252.9915	5379.9756	2162.7773	5258.477	35.686375	5305.944	5191.322	890.8	1000.0	794999	332.02902	138.0972	531.6885	-163.21033	332.02966	138.09497	529.9735	-164.82397	-335.2943	111.60908	4965.096336603165	31.227020998420954
160	4861.428	825.3031	5332.6846	3036.0789	5255.9785	29.20935	5320.0444	5217.889	942.8333	1000.0	799999	333.19693	138.24448	527.86487	-172.86156	333.19748	138.24588	529.6796	-160.29388	-336.26935	106.78677	4998.052109479904	31.23782569617033
161	5212.0615	90.12154	5339.81	5119.918	5408.429	54.87955	5487.4604	5336.5913	1000.0	1000.0	804999	334.1068	138.32428	536.518	-171.04695	334.10654	138.32922	535.78595	-171.99088	-337.2758	103.93015	5031.556413412094	31.25190320074188
162	5202.5117	86.63401	5309.5537	5107.8506	5327.703	38.462643	5379.58	5263.708	1000.0	1000.0	809999	335.75604	138.19806	532.953	-158.32616	335.75708	138.20052	532.1311	-165.38422	-338.98544	109.06266	5064.978127717972	31.265297097924314
163	5214.8833	60.410435	5303.8286	5121.431	5196.886	19.066881	5226.6353	5154.039	1000.0	1000.0	814999	336.9531	138.49133	535.69037	-169.76828	336.95303	138.49007	533.50696	-162.77158	-340.12134	105.5629	5098.082055568695	31.27657703973033
164	5248.917	41.8836	5291.1997	5183.996	5569.25	40.74986	5681.756	5527.3745	1000.0	1000.0	819999	338.48935	138.1212	532.3465	-174.3973	338.48972	138.12335	533.11255	-189.97893	-341.32166	110.74156	5131.3566801548	31.288760255022748
165	4888.003	838.1895	5392.1855	3214.2373	5046.8203	94.31937	5252.1807	4907.102	926.4	1000.0	824999	339.12363	138.7949	540.5705	-167.44095	339.12292	138.80318	530.68677	-177.59067	-342.15738	103.5644	5164.7189111709595	31.30132674592914
166	4543.463	1313.4707	5320.6133	1922.2415	5207.0	31.135061	5262.7314	5162.245	882.6	1000.0	829999	340.02878	139.55861	532.87836	-196.30696	340.02954	139.55861	532.8446	-170.15244	-342.96674	102.446144	5198.466700553894	31.316064474094343
167	4836.986	1109.2836	5387.281	2358.011	4803.977	572.23016	5261.4224	3368.6526	916.5	927.2	834999	341.38895	140.1642	535.3367	-161.12651	341.38873	140.16432	535.2926	-165.73712	-344.7046	105.74235	5231.366495609283	31.325547890748805
168	5281.1616	52.409077	5329.552	5185.113	5251.1396	54.53095	5370.8604	5184.1826	1000.0	1000.0	839999	342.4731	140.17673	539.62866	-204.27744	342.4738	140.17574	538.51044	-211.97676	-345.5574	110.2836	5264.702492952347	31.33751485177449
169	5191.754	126.31101	5313.001	5011.767	5125.188	48.044697	5204.093	5042.4087	1000.0	1000.0	844999	343.39066	140.39784	538.02716	-193.45534	343.39127	140.40118	537.2207	-221.92313	-346.33234	109.25568	5297.980904817581	31.34899944948727
170	5216.471	61.763767	5259.5063	5094.5215	5340.9673	54.467438	5403.121	5210.416	1000.0	1000.0	849999	344.45847	140.51898	540.2858	-208.08507	344.4585	140.52242	535.576	-186.209	-347.60516	103.46984	5331.6908078193665	31.362887116039502
171	5343.9883	47.594402	5411.841	5280.509	5530.5415	60.399704	5593.1953	5392.253	1000.0	1000.0	854999	346.7532	139.62918	538.41614	-249.36401	346.75412	139.63153	536.55914	-203.42694	-349.81467	102.492	5364.850333929062	31.373393776821114
172	4835.157	1005.55835	5408.948	2832.8015	5355.5654	60.47998	5457.058	5246.756	911.6	1000.0	859999	347.58676	140.00375	543.6576	-171.67175	347.5876	140.00594	539.6765	-185.5626	-350.2968	109.59515	5397.931005239487	31.383319810379383
173	5222.268	354.8655	5564.693	4482.8833	5257.3096	22.767597	5296.84	5219.23	978.3333	1000.0	864999	348.7023	140.1816	538.864	-204.98346	348.70145	140.18573	535.4517	-204.41344	-351.39438	102.29056	5431.037771463394	31.393281928376656
174	4889.188	815.3952	5364.71	3260.3452	5060.6416	553.856	5309.7856	3405.2756	930.2	967.5	869999	350.3947	140.12822	537.60126	-159.2834	350.39505	140.12926	536.0901	-179.24338	-353.67734	100.29593	5464.524228811264	31.405311672166846
175	4736.7085	955.8712	5239.8027	2825.3274	5246.0864	38.002247	5315.66	5190.2407	914.2	1000.0	874999	351.41635	140.10509	538.80695	-192.82156	351.41678	140.10704	539.3412	-202.87436	-354.40906	112.477516	5497.691636323929	31.415380791255405
176	4825.273	1120.3295	5535.532	2334.5352	5526.001	46.008816	5595.122	5461.2266	917.3333	1000.0	879999	352.41122	140.32112	544.15466	-200.12186	352.41187	140.32474	539.6401	-259.75385	-355.22183	100.30467	5530.780788660049	31.42489085549658
177	5201.873	223.55632	5403.4385	4772.8765	5171.398	654.88043	5437.307	3210.3909	980.8	962.8	884999	353.07703	140.76038	544.06445	-191.84236	353.07733	140.76335	541.4092	-194.0482	-356.1917	108.03356	5563.850013017654	31.434180877976498
178	5310.3516	149.93552	5512.9536	5158.5747	5204.2095	69.8703	5301.0806	5118.663	1000.0	1000.0	889999	354.87616	140.33127	541.3042	-186.87451	354.87695	140.3341	540.3364	-194.36182	-357.9876	104.66281	5597.565506219864	31.446997238009164
179	5255.065	45.239735	5306.7085	5184.5107	5556.272	19.938402	5589.985	5520.9087	1000.0	1000.0	894999	355.88815	139.48645	538.5626	-144.30511	355.8875	139.49245	539.4361	-167.59224	-358.57748	114.98142	5630.581045389175	31.455760040762705
180	5384.335	82.255165	5530.3213	5308.314	5188.458	73.3246	5306.9214	5069.3677	1000.0	1000.0	899999	356.70493	139.92307	543.4771	-162.5231	356.70514	139.92488	543.93445	-196.26141	-359.5522	108.04306	5663.725844621658	31.465143591827818
181	2907.904	2538.2725	5406.9087	46.147957	5053.3887	490.95187	5350.5034	3631.0068	576.2222	964.3	904999	356.74628	141.08199	545.679	-197.29915	356.7462	141.08842	546.56384	-198.33727	-359.44482	106.31959	5696.659171581268	31.473255103464286
182	5297.704	74.85355	5431.7983	5222.6675	5146.5576	79.346565	5322.682	5062.359	1000.0	1000.0	909999	358.16364	141.79878	551.3297	-187.71176	358.16428	141.8056	547.41113	-213.05736	-361.2207	110.357925	5730.228968858719	31.484774564648724
183	5271.157	44.154587	5344.035	5227.422	5406.3315	24.142157	5451.1924	5370.0366	1000.0	1000.0	914999	358.7797	141.89848	551.21136	-214.10922	358.77908	141.90521	548.43164	-215.57689	-361.91675	102.9731	5763.694469690323	31.495598205451756
184	5293.25	91.4032	5407.9463	5151.3765	5660.147	61.209587	5768.7124	5555.6396	1000.0	1000.0	919999	359.92236	142.04324	553.6765	-209.13823	359.9224	142.04698	550.613	-209.67592	-362.58136	113.45119	5796.636481523514	31.503459152968034
185	5320.96	88.19887	5436.266	5173.632	5498.681	50.336643	5563.045	5401.327	1000.0	1000.0	924999	360.85266	142.21944	554.3026	-229.39696	360.85284	142.22107	547.9546	-196.38525	-363.98087	114.75635	5829.792495250702	31.512391877818754
186	5266.0605	134.18054	5400.5283	5009.127	5392.786	43.00443	5449.872	5310.0186	1000.0	1000.0	929999	361.3039	142.19507	550.3885	-186.74863	361.30417	142.19943	551.3153	-179.39644	-364.4244	112.1293	5864.2246351242065	31.52808944640621
187	5283.225	121.45038	5372.402	5044.442	5183.041	36.536068	5265.0176	5143.572	999.8	1000.0	934999	361.62265	142.5651	552.71106	-150.80109	361.6228	142.57045	548.17615	-187.67256	-364.64926	108.340126	5897.472008466721	31.537283479211165
188	4914.1577	838.8363	5444.0566	3247.326	5390.8506	84.60897	5482.1104	5236.7827	931.6	1000.0	939999	362.26913	142.33116	549.3586	-222.24721	362.26904	142.33646	553.05896	-190.30156	-365.1636	106.46399	5930.721321821213	31.546390021100958
189	5075.679	192.86401	5246.6787	4707.0273	5240.1953	57.51954	5382.802	5172.8643	1000.0	1000.0	944999	363.82236	142.34052	552.4811	-206.29413	363.82193	142.34647	557.94135	-223.07732	-366.71274	104.56642	5963.804219245911	31.554519689903056
190	5187.4194	64.15923	5301.875	5107.5264	5275.191	52.485046	5339.38	5175.6016	1000.0	1000.0	949999	363.82663	142.44441	556.0171	-216.526	363.8281	142.44644	555.2466	-193.27484	-366.53555	110.11748	5997.1035788059235	31.563703057640478
191	5271.0073	76.517265	5390.637	5169.0474	5272.643	88.08923	5426.91	5144.278	1000.0	1000.0	954999	364.62802	142.19125	561.43994	-219.26514	364.6275	142.1981	557.2777	-199.79607	-367.925	109.74869	6030.189856052399	31.571674649003914
192	5211.6416	133.62747	5387.3696	5052.864	5294.6562	15.59594	5318.1465	5265.5034	1000.0	1000.0	959999	365.65735	142.63678	556.4015	-236.60371	365.65656	142.64311	555.366	-228.77354	-368.50797	109.69073	6062.441408395767	31.57521567866206
193	5286.7505	152.60303	5513.9395	5076.5176	5096.592	140.59532	5239.1025	4702.6895	1000.0	1000.0	964999	366.46555	142.3835	560.00165	-234.12813	366.46613	142.38208	559.6354	-220.29167	-369.3944	101.63616	6094.973846197128	31.580175378779675
194	5152.143	53.503593	5258.5283	5116.045	5209.1787	40.83351	5288.013	5135.2427	1000.0	1000.0	969999	368.26794	141.65302	562.9884	-137.57057	368.26746	141.65816	560.48035	-172.32512	-370.9148	106.82752	6127.865463256836	31.586935389902173
195	5294.6787	128.98843	5511.4937	5151.3247	4829.1353	39.43723	4916.836	4778.6836	1000.0	1000.0	974999	368.38205	142.51752	559.6964	-238.0489	368.38144	142.52386	558.9171	-289.7687	-370.94684	102.45708	6161.643282651901	31.598170691270095
196	5226.853	187.2977	5425.455	4940.4336	5282.648	46.791344	5373.16	5216.029	1000.0	1000.0	979999	368.42474	143.18701	560.0424	-208.78917	368.42487	143.19145	559.52167	-207.50562	-371.1533	105.5693	6194.797852516174	31.606111503377253
197	5249.7812	109.95224	5382.7124	5054.8115	5127.722	74.86106	5247.668	5003.2603	1000.0	1000.0	984999	369.30618	142.99106	561.60114	-196.13313	369.30573	142.99405	559.5181	-206.10374	-372.45938	100.518654	6228.006905555725	31.614248262444125
198	5209.496	86.40515	5371.5415	5121.031	5433.2534	45.97723	5495.8667	5333.699	1000.0	1000.0	989999	370.31897	143.25974	563.60724	-181.70526	370.3195	143.25879	563.9292	-207.66054	-372.91284	102.41992	6261.542853593826	31.623953816866635
199	5079.038	110.09131	5194.1763	4932.726	5493.2617	212.26137	5662.501	4978.0435	1000.0	983.9	994999	370.2616	144.26958	564.6901	-275.9317	370.26218	144.27213	565.0058	-290.60635	-373.16495	106.689125	6295.279245376587	31.63456908063074
200	5248.9014	101.93	5412.331	5093.44	5301.4517	71.37286	5401.0957	5188.9634	1000.0	1000.0	999999	371.21967	144.17558	561.2725	-286.16843	371.22	144.17883	563.77795	-296.2437	-373.92105	99.13108	6328.39742565155	31.641987137794494
