Epoch	AverageEpRet	StdEpRet	MaxEpRet	MinEpRet	AverageTestEpRet	StdTestEpRet	MaxTestEpRet	MinTestEpRet	EpLen	TestEpLen	Time Steps	AverageQVals	StdQVals	MaxQVals	MinQVals	LossPi	LossQ	Time	AVG Time Per Epoch
1	1.3039726	5.212435	21.456877	-9.36038	86.24567	28.0048	149.48468	55.02885	19.594488	199.7	4999	23.664692	20.317947	105.01135	-31.187956	-29.84741	5.6235447	30.586134672164917	30.58613657951355
2	2.9945402	6.4776216	25.766275	-9.118824	-19.942396	9.62239	-12.563265	-40.40071	21.830435	76.5	9999	179.1363	96.35849	443.35602	-207.32695	-209.33014	201.55693	67.99778914451599	33.9988956451416
3	-0.32377088	51.446186	286.78973	-77.12707	-19.189035	2.071606	-15.601928	-22.74022	70.43662	35.8	14999	484.9911	182.27904	1057.4535	-295.3335	-541.15015	1575.2516	106.3131275177002	35.43770988782247
4	20.676405	77.702965	335.8961	-60.534157	103.765625	100.39082	300.33252	7.600263	117.68293	136.6	19999	784.67456	252.51904	1514.3053	-349.59756	-848.7544	3272.639	145.25971698760986	36.31492978334427
5	94.60464	103.32772	308.85196	-143.2679	24.520388	95.889366	273.55783	-86.54136	154.81818	146.6	24999	1082.1138	330.65625	1870.4592	-582.0815	-1156.1821	6363.5806	184.66511058807373	36.933022594451906
6	19.556099	91.5446	333.30566	-88.64817	89.76709	91.93464	240.49966	-57.43377	163.0	142.4	29999	1373.3815	397.02634	2137.071	-837.3461	-1453.4176	7750.341	224.6928083896637	37.44880187511444
7	94.274765	114.56344	327.20886	-134.4029	44.844902	87.02686	220.26682	-66.71147	166.34483	161.3	34999	1571.1559	451.83093	2303.8481	-800.6181	-1652.8435	9381.562	264.5894432067871	37.798492193222046
8	108.26074	113.2314	403.8537	-105.52128	18.09776	88.69649	249.46837	-71.38225	184.14285	142.3	39999	1715.3287	477.2035	2458.6453	-3349.3486	-1796.8492	9418.82	305.9681305885315	38.246016561985016
9	77.19421	112.5945	426.48224	-134.46843	76.546745	127.780624	385.80475	-115.22303	110.46667	224.3	44999	1780.2721	504.5535	2600.5396	-1321.6201	-1858.3907	10506.861	346.90785098075867	38.545316987567475
10	75.91282	121.99964	413.54376	-104.43022	57.10243	52.779713	165.05643	-10.376999	162.90323	127.2	49999	1773.2278	528.13385	2590.3706	-1285.0363	-1847.1696	9871.482	386.2622649669647	38.62622671127319
11	33.27051	89.66561	343.17505	-67.4388	130.11667	208.74643	550.28894	-25.790968	145.81818	204.0	54999	1736.3936	540.55505	2585.4268	-913.3801	-1803.9084	9966.157	426.2344675064087	38.74858815019781
12	125.3402	138.66449	433.909	-42.65096	88.05025	143.58028	381.34247	-90.56058	183.32143	225.1	59999	1697.0449	550.78424	2583.0562	-1073.4861	-1759.218	9256.744	466.76385951042175	38.89698849121729
13	103.207306	135.11536	554.23987	-115.85588	-26.43124	21.019907	11.943884	-55.7927	193.16	97.6	64999	1637.4562	555.1242	2574.779	-1221.9198	-1695.7528	7757.1606	506.81960344314575	38.986123488499565
14	44.817856	111.137794	341.1163	-119.69495	29.456024	34.795887	118.63368	-9.053402	196.11539	117.9	69999	1578.0576	545.036	2562.0813	-1519.0312	-1632.8883	7594.9688	546.743723154068	39.05312325273241
15	114.55122	186.7667	667.92065	-100.02182	100.158165	127.11352	388.83853	-39.9302	201.76	143.5	74999	1529.264	527.8056	2485.0889	-898.76447	-1580.149	6931.417	586.7384748458862	39.1158984820048
16	124.06449	110.9435	365.7537	-122.29947	305.85696	213.4806	859.6969	136.16992	188.11539	307.9	79999	1471.3842	508.96008	2496.117	-1063.162	-1519.0406	6548.7656	627.6439304351807	39.227745816111565
17	152.20903	100.61773	373.22195	-45.090813	318.6563	390.66156	942.7536	-13.842519	205.34782	401.5	84999	1423.757	494.1882	2350.2598	-907.4696	-1469.6353	6204.143	668.6773991584778	39.33396479662727
18	181.61223	239.67867	673.65765	-124.285904	53.512585	117.62449	326.93573	-152.02129	297.6111	182.2	89999	1406.8284	476.21643	2239.6328	-1110.847	-1451.8373	6411.3066	708.9236288070679	39.38464615080092
19	117.117714	123.500175	544.89667	-125.65892	158.50887	95.90605	337.50192	-25.340252	208.625	202.3	94999	1394.3455	458.6803	2237.985	-915.6668	-1437.7213	6117.5674	751.7157571315765	39.563987355483206
20	106.96021	148.83488	724.9016	-36.92268	106.881615	210.64632	378.84317	-359.8591	153.36363	257.0	99999	1377.2334	448.11768	2357.9023	-947.43567	-1418.6941	6377.717	793.1672036647797	39.65836037397385
21	81.45691	184.2007	754.4281	-147.09558	75.68188	61.708588	175.49608	-53.20951	220.90475	166.6	104999	1364.9286	446.71658	2480.1487	-856.4261	-1406.1708	6709.0527	833.7510681152344	39.70243196260361
22	143.08975	147.32466	665.6903	-102.28841	395.81607	393.0971	1159.5289	-100.71691	163.19354	396.0	109999	1375.0118	449.5284	2584.8894	-1087.9594	-1416.9882	6896.217	888.8024663925171	40.4001122713089
23	137.12427	138.98105	589.1708	7.8594317	64.54569	92.0507	186.09956	-124.8974	150.97144	129.6	114999	1398.2739	453.17834	2615.0884	-1088.1398	-1441.099	7228.668	942.541440486908	40.98006272315979
24	73.30788	160.24767	647.4113	-406.40134	126.18886	134.85551	418.5194	-50.48503	169.34483	199.7	119999	1408.369	452.9849	2579.783	-1051.184	-1451.6136	7506.01	995.5434756278992	41.48097829023997
25	80.9663	132.34328	623.3793	-34.654716	78.669785	48.642605	172.91772	20.698849	204.64	115.5	124999	1423.2485	454.27945	2605.5059	-1004.3624	-1467.3698	8033.3374	1047.8769228458405	41.91507703781128
26	115.26467	108.27566	413.26022	-51.879864	137.8652	250.38765	841.5187	-37.58308	160.54839	324.1	129999	1473.5299	471.0145	2610.1826	-1368.3894	-1519.9655	7965.218	1100.5255255699158	42.32790500384111
27	97.10906	145.60513	399.25873	-193.11014	24.733427	44.608818	125.65123	-41.566082	208.95833	139.3	134999	1506.0864	476.64658	2617.297	-920.07263	-1550.7546	7917.8247	1152.2627413272858	42.67639794173064
28	103.843094	182.9323	987.0042	-106.61355	142.95541	159.25676	572.1118	-33.56823	165.86667	182.9	139999	1509.8213	472.90735	2899.8267	-879.6075	-1554.9882	8085.6826	1204.5779013633728	43.02063943658556
29	100.75686	123.11863	430.70435	-151.14395	191.27419	119.29409	398.499	10.564005	166.86667	120.0	144999	1530.2211	482.08743	3253.5576	-1615.0992	-1575.9854	8838.476	1257.0100026130676	43.34517263544017
30	224.38153	210.12218	915.866	-73.74975	30.056427	112.928955	191.33652	-245.2292	208.83333	145.7	149999	1527.9323	483.1006	3314.642	-1383.6549	-1572.258	8716.682	1308.5592436790466	43.61864155133565
31	97.66617	165.58122	947.7156	-112.199936	20.28947	72.99825	229.1815	-35.716644	122.17073	85.6	154999	1530.5001	483.85815	3715.9204	-1317.1946	-1575.403	9952.79	1360.1832132339478	43.876877938547445
32	87.490036	140.06895	371.78885	-172.7965	28.688528	113.74741	208.04279	-107.64058	178.92592	171.8	159999	1553.9824	499.35294	4001.9333	-1082.5469	-1599.2052	9828.917	1412.0169248580933	44.12552899867296
33	-1.3991004	103.720184	395.55933	-173.06818	-30.55421	114.00126	188.2524	-159.4589	153.44118	235.4	164999	1605.6685	523.25024	4130.6953	-909.63837	-1653.2529	11319.932	1464.9843633174896	44.393465641773105
34	-93.95722	177.77191	166.92404	-755.71625	-15.7847	99.02887	96.63599	-290.45422	236.61905	168.1	169999	1692.3649	547.3754	3881.2234	-1353.8582	-1742.7352	11943.156	1517.373587846756	44.62863502081703
35	16.62473	120.1726	333.96164	-348.44183	160.1446	141.44214	433.16818	6.533365	137.44444	207.8	174999	1764.4556	567.9437	3541.511	-1300.135	-1816.0166	13066.715	1569.376456975937	44.83932741710118
36	168.05025	269.956	954.3528	-32.27628	21.298412	56.333534	159.18648	-47.544952	250.0	151.3	179999	1801.8839	576.12976	3219.7817	-1218.5376	-1853.6686	14023.498	1622.0995750427246	45.05832162168291
37	80.24271	95.184944	286.4931	-194.77043	43.01229	26.281475	99.525795	14.7873335	149.27272	128.4	184999	1783.0398	564.1106	3070.051	-2289.8887	-1832.3553	14398.138	1674.0272805690765	45.24398063324593
38	46.186176	180.99435	491.27548	-333.4649	78.40204	102.42916	300.683	-3.1539888	206.25	177.3	189999	1737.6769	546.8457	3160.41	-1485.6768	-1784.9872	13291.9795	1726.4799592494965	45.4336832197089
39	163.60666	259.2653	992.1852	-188.34912	445.34848	356.56223	1045.343	4.669882	239.05	464.1	194999	1706.5397	529.2208	3271.645	-2527.915	-1753.4094	12767.957	1780.8725764751434	45.663399464044815
40	151.44623	188.01082	792.941	-108.87545	80.7186	265.21698	869.4803	-91.41348	218.58333	186.1	199999	1693.3229	516.726	3413.4988	-1825.1288	-1739.6752	12581.403	1833.7183413505554	45.842958617210385
41	46.069626	123.65919	365.8626	-150.75026	2.2415223	146.23392	316.04318	-220.50305	198.76923	265.9	204999	1680.5438	509.80576	3468.7004	-1499.4393	-1726.0648	12168.753	1886.936982870102	46.022853322145416
42	20.4942	161.10236	453.41724	-282.83618	129.92778	127.01008	264.0201	-187.74614	167.96552	163.0	209999	1655.6171	504.44357	3401.994	-2097.7727	-1700.3424	11783.587	1940.4002957344055	46.200007115091594
43	101.34556	126.50425	435.98846	-125.030266	52.096783	124.16503	262.30637	-175.11026	209.68182	251.5	214999	1636.1764	498.90268	3267.3027	-1810.4666	-1680.5172	11624.975	1993.0351374149323	46.349654413932974
44	221.6507	331.40237	1279.2612	-48.621445	176.83804	332.06067	848.2528	-144.09088	300.05554	284.2	219999	1627.136	489.65292	3136.5327	-1507.9813	-1670.6711	11165.749	2045.9250638484955	46.49829696525227
45	95.0149	115.91205	411.84735	-71.7674	252.51163	147.18562	598.0165	58.030224	189.92308	260.2	224999	1623.7606	483.4636	3109.2036	-1484.3944	-1668.5154	11193.157	2098.8405334949493	46.64090079731412
46	204.20767	200.52437	644.8251	-29.762657	175.35703	62.543118	280.00696	55.95743	318.5	218.9	229999	1618.3663	475.3099	3187.2148	-1686.5447	-1661.5662	10459.286	2151.5986812114716	46.77388443117557
47	119.78569	118.73594	451.47263	-72.71572	132.32013	91.67638	384.95905	59.11694	230.86363	308.2	234999	1612.7512	474.87576	3542.8484	-1206.047	-1656.6025	10521.012	2204.7524087429047	46.90962577880697
48	50.860962	131.94705	362.26532	-181.4717	144.64725	150.33078	540.66016	10.619589	237.2381	272.4	239999	1633.2958	476.2897	3587.7744	-1480.1124	-1677.7094	11107.936	2257.3663442134857	47.02846555908521
49	40.22856	137.31049	455.69086	-194.22946	195.47427	229.56557	794.3407	-102.60059	224.59091	268.1	244999	1653.5575	481.6499	3584.6423	-1071.6714	-1697.4382	11816.967	2309.552104473114	47.133716466475505
50	172.63702	187.93742	731.44696	7.254598	238.98013	214.70236	730.7891	20.362263	206.13043	277.6	249999	1668.5345	486.62906	3545.7651	-2054.628	-1712.882	12217.965	2361.904546737671	47.23809099197388
51	107.60711	120.542175	341.92468	-185.6157	198.07755	212.80656	767.1962	28.892267	199.76923	241.5	254999	1666.5645	479.9582	3375.324	-1205.8392	-1710.274	11852.834	2415.260454416275	47.35804819125755
52	82.47538	196.84912	473.8348	-495.21497	124.811646	109.885735	328.97977	-64.656876	201.88	218.4	259999	1654.8751	476.93457	3200.805	-1938.3496	-1697.2598	11337.23	2468.236581802368	47.466088152848755
53	126.65878	234.47754	773.6477	-337.08655	196.64156	189.54704	556.151	23.079702	212.375	222.3	264999	1634.3795	471.129	3123.6604	-1339.2352	-1676.8668	10992.483	2521.4930896759033	47.57534139111357
54	155.25768	248.39966	807.4365	-229.48267	167.92589	102.04563	425.3597	21.77792	293.35294	146.7	269999	1617.1941	460.3565	3463.2205	-1384.6453	-1658.2343	10833.554	2575.0028927326202	47.68523881170485
55	165.8954	180.5872	500.06903	-279.01334	128.56229	46.074512	227.65823	42.10693	208.2381	169.6	274999	1594.7377	457.76	3604.8506	-1310.4995	-1634.8442	10376.7	2627.7086906433105	47.77652170007879
56	251.02281	274.51352	1090.1765	-62.421867	124.64262	83.737625	269.60333	-9.503996	255.04546	145.4	279999	1576.3041	451.97855	3590.0322	-1351.151	-1615.791	10369.875	2680.456648349762	47.86529734304973
57	224.20927	201.82195	962.3724	-28.549345	152.89725	186.04268	483.87146	-82.18262	217.56522	257.0	284999	1546.1859	445.38898	3472.0808	-1484.9259	-1584.4409	10262.221	2733.341269493103	47.953355642787194
58	16.770216	119.6212	218.02058	-296.72287	-2.1633866	188.6667	377.43848	-413.19632	200.36	357.1	289999	1508.3578	434.3086	3274.2456	-1680.1183	-1545.6613	9875.819	2786.99449133873	48.051629210340565
59	148.5887	162.27316	515.694	-268.85648	149.97687	70.24393	304.63474	62.644493	214.66667	159.8	294999	1475.165	420.23755	3250.4026	-2106.578	-1511.461	9396.141	2839.3224704265594	48.124109712697695
60	234.794	148.64354	577.2766	21.041422	254.20589	189.6737	695.2381	47.214226	198.14815	251.8	299999	1447.8065	413.2612	3208.6174	-1428.6251	-1483.6791	8849.586	2893.0347855091095	48.21724647283554
61	133.71385	155.19766	519.26666	-174.95157	223.88052	254.68808	884.43286	-0.8178146	189.92592	301.6	304999	1421.7435	405.3079	3198.6296	-1279.1238	-1456.8588	8570.629	2946.882390975952	48.309547455584415
62	136.1985	104.178474	380.22592	-74.1385	181.08882	186.07455	541.41766	-68.59178	149.69698	231.4	309999	1397.3799	400.96133	3210.249	-1335.2893	-1432.5955	8545.286	3000.430289030075	48.39403696598545
63	230.16138	291.01028	1208.4346	-73.94489	127.05492	176.12308	481.14615	-50.487843	225.31818	178.8	314999	1377.5219	396.84995	3162.6636	-1398.9255	-1411.9806	8531.526	3052.789763689041	48.45698042521401
64	120.0303	227.8002	765.7457	-176.68509	50.547077	135.40915	421.08014	-121.914375	223.82608	237.3	319999	1375.0062	396.18066	2965.1677	-1436.1014	-1409.758	8468.477	3106.417619943619	48.53777536377311
65	142.27574	235.51503	1090.9519	-215.99371	288.3485	134.69849	499.12036	100.291794	190.1923	177.1	324999	1370.6652	393.42172	2908.9082	-2399.1707	-1404.9496	8507.176	3158.7855632305145	48.596701035132774
66	192.84064	155.75502	455.53555	-65.96446	266.5577	197.50406	615.53894	-112.84182	228.45454	237.3	329999	1354.202	392.0882	2799.3445	-1742.0405	-1387.6741	8229.959	3211.6971204280853	48.66207762920495
67	312.23047	227.18002	859.04364	43.61721	357.49567	294.87332	1135.8844	62.820465	276.0	283.7	334999	1339.8296	389.8059	2754.6982	-1377.3542	-1372.4427	7718.5967	3265.734142065048	48.74230067053838
68	174.87794	129.61057	518.9333	-41.133896	14.527731	117.06685	307.0234	-108.601295	209.58333	200.5	339999	1323.4305	389.47366	2593.6006	-1433.1782	-1355.3224	7522.2666	3319.0619974136353	48.80973531568752
69	86.59292	154.88518	500.72107	-76.247116	75.54234	109.78408	337.28604	-10.812973	206.83333	221.3	344999	1298.3551	383.53378	2433.5505	-1927.013	-1329.132	6976.9087	3372.170923948288	48.87204241061556
70	175.57193	193.63963	727.41077	-197.36812	294.99426	238.84099	709.1227	34.613922	261.6842	350.6	349999	1259.1171	368.0692	2253.4878	-1657.5613	-1288.274	6461.229	3426.146960258484	48.94495661599296
71	118.41147	175.02733	703.6643	-116.7441	230.72823	148.81538	498.28702	59.47478	237.80952	256.3	354999	1223.6793	352.91815	2159.4038	-1197.7499	-1252.2026	6023.2344	3479.491567850113	49.006923521068735
72	172.64857	138.33922	472.64285	-43.602627	233.10051	136.32155	546.0965	104.125275	221.65218	177.6	359999	1184.6581	340.32684	2003.3743	-1234.2604	-1212.1106	5743.183	3532.8098471164703	49.066803475221
73	168.01282	172.70876	575.5915	-104.10067	174.91899	149.36691	555.75433	14.098419	206.95833	265.5	364999	1133.8198	325.69955	1880.5461	-1175.7825	-1160.1129	5347.708	3585.5282969474792	49.116826083562145
74	207.58372	180.48518	856.3464	12.047797	174.35197	122.08529	363.05948	20.18312	207.04347	188.7	369999	1085.3473	303.45227	1697.467	-2315.5396	-1110.0844	4898.413	3638.414864063263	49.167768465506065
75	141.69572	221.12694	857.6033	-157.89977	188.93497	208.58769	612.0373	-70.999084	250.0	360.0	374999	1034.6123	290.058	1646.9103	-1201.5774	-1059.049	4548.634	3692.5120379924774	49.23349387804667
76	144.21135	229.17007	672.117	-170.77374	184.77469	262.974	901.9808	-69.256935	234.57895	307.8	379999	992.62164	282.19092	1590.4849	-936.7982	-1015.47	4173.9146	3744.4290521144867	49.268803354940914
77	178.67574	226.185	585.66266	-175.16963	86.92757	202.00906	491.37845	-109.79924	286.8421	285.3	384999	950.5405	275.2108	1473.7465	-980.77844	-972.2366	3782.6096	3797.239713191986	49.31480150718193
78	79.22889	132.95415	456.94916	-66.24916	109.90798	172.1562	577.45325	-63.060844	264.3158	168.5	389999	908.2379	263.86832	1421.4935	-1030.5734	-928.4412	3358.492	3849.5263333320618	49.352901746065186
79	189.96562	190.53735	583.8679	-185.9789	-42.621586	132.80435	215.54118	-231.05434	207.125	260.9	394999	865.17	250.93724	1383.2931	-1493.2986	-884.6031	3145.7366	3903.527717113495	49.41174328478077
80	104.1729	140.95541	536.9287	-74.75221	-49.971043	65.83624	69.4697	-139.10391	229.2381	181.1	399999	831.16254	241.6072	1354.8195	-1290.1658	-850.1363	3011.1592	3957.068876504898	49.463360995054245
81	-3.1512513	137.32747	339.11093	-297.87845	-60.269184	79.51507	70.40017	-207.50914	187.40741	293.7	404999	799.6802	231.92902	1275.0586	-1075.4628	-817.4847	2860.304	4010.7829365730286	49.515838749614765
82	39.30128	213.59355	818.69727	-313.74698	41.717747	58.55198	207.85944	-7.6572776	213.5	142.3	409999	762.6978	222.84845	1232.9021	-975.5922	-780.0626	2669.108	4063.914296388626	49.55993047865426
83	110.49147	140.7563	583.2386	-89.83494	59.83833	50.05514	140.22289	-69.41801	188.03703	133.6	414999	721.7518	211.81792	1152.2032	-760.6176	-737.7606	2365.4312	4116.823870182037	49.60028762702482
84	77.8685	144.2238	454.4379	-143.43149	70.89197	121.80497	287.25836	-190.49908	163.83333	226.8	419999	681.645	204.03952	1114.7035	-1171.0253	-696.6622	2294.242	4169.858243942261	49.64116960196268
85	168.37807	209.37291	767.9995	-200.5213	82.84056	174.61334	502.64304	-170.92683	231.59091	238.5	424999	650.5011	194.86763	1058.513	-1686.0282	-665.1074	2167.077	4224.124902963638	49.6955871441785
86	215.56253	275.1069	946.5987	-113.27231	153.73842	173.16049	638.1458	24.969635	281.05884	190.4	429999	620.9946	183.66194	1053.8395	-965.1322	-634.6229	1857.17	4277.603889226913	49.73958014332971
87	147.49373	174.5456	534.5809	-182.40526	85.6296	198.92195	605.66547	-9.736546	207.48	90.6	434999	588.41754	175.34453	1047.2578	-707.28107	-601.2513	1655.7161	4329.895302295685	49.76891155352538
88	153.39464	191.08565	581.6404	-40.519215	61.951153	173.07784	374.93454	-161.11024	217.65	361.8	439999	558.90125	167.54434	999.05286	-633.8864	-571.2104	1526.1818	4383.562467575073	49.813209894028574
89	244.579	215.08606	805.89105	3.062581	296.27414	150.71722	529.6676	106.12197	296.5263	235.1	444999	529.80396	160.0044	986.97833	-1435.4513	-541.4332	1402.5068	4437.738171339035	49.86222667640514
90	124.8201	172.59048	400.79092	-260.05484	156.36528	174.29956	430.0999	-66.57056	209.66667	334.3	449999	505.43228	152.37053	881.64417	-689.4432	-516.4949	1263.2562	4492.287819623947	49.914309141370985
91	150.93243	175.57535	590.2832	-76.754234	274.6068	154.25523	540.8555	1.515569	258.89474	339.6	454999	480.94266	145.4497	845.3532	-670.4423	-491.4055	1162.6388	4546.145404338837	49.95764183998108
92	225.56639	175.28323	556.36566	-60.886387	241.424	153.83904	671.4646	64.04749	233.04546	128.5	459999	460.81055	138.46213	800.4644	-1178.949	-470.8676	1088.2214	4599.730262517929	49.99706809676212
93	374.00793	389.2046	1472.8878	-22.839096	110.04651	141.0002	449.22485	-9.819886	318.46667	152.0	464999	439.8146	133.32855	795.8918	-628.2524	-449.53525	1014.7626	4652.631801843643	50.02829898044627
94	241.4043	213.23065	755.7569	-40.6216	96.214455	113.00665	290.9283	-67.02241	268.78946	213.6	469999	425.49802	129.62195	768.85065	-1365.3638	-435.03406	973.9268	4706.227392673492	50.06624888612869
95	181.4224	292.77985	1046.1088	-183.97035	321.5534	221.33458	803.485	24.808817	345.07144	306.4	474999	407.11023	123.20378	666.20435	-1138.8613	-415.7612	893.8747	4760.200060844421	50.10736909163626
96	260.7942	298.23056	774.4961	-453.4151	205.14726	128.06363	384.40805	-9.0948715	286.94446	248.5	479999	390.0704	116.464195	645.6067	-834.19934	-398.58905	805.1222	4813.211101293564	50.13761566579342
97	232.40936	204.87987	804.4693	4.109844	435.60114	304.08087	965.8605	88.45177	238.95238	366.2	484999	377.21704	114.28763	676.9347	-678.76135	-385.47278	774.2609	4867.93416261673	50.18488831618397
98	160.2707	224.90295	878.5725	-57.692474	512.76825	387.3673	1232.507	48.1915	179.10715	551.2	489999	373.25256	114.69435	655.3613	-773.14886	-381.85263	812.1932	4922.793800354004	50.23258983359045
99	315.70728	307.71243	895.19507	-136.66432	185.08813	252.10915	675.3758	-174.15213	415.08334	290.3	494999	369.974	111.32402	643.24615	-666.1112	-378.34927	784.56464	4976.285833597183	50.265513501986106
100	219.497	265.6405	1146.9734	12.825636	892.6961	173.05013	992.4484	490.90363	209.83333	929.9	499999	364.8035	109.66836	696.8672	-1085.5142	-372.99564	741.63403	5034.1180691719055	50.3411807179451
101	409.6255	371.76782	999.74524	54.824047	297.7762	278.8295	798.3149	-63.482315	349.66666	501.1	504999	361.92557	110.81753	714.6034	-753.2182	-370.41864	728.0047	5088.968427658081	50.385826058907085
102	375.99103	344.62796	931.9985	-65.72869	349.6738	257.8737	1047.0367	127.22981	520.63635	206.8	509999	370.9959	118.919624	761.82385	-646.7865	-380.157	749.7067	5141.3355576992035	50.405250596065144
103	180.3953	193.57062	687.4772	-22.824883	481.67407	287.5207	961.53235	73.28226	278.1875	646.1	514999	386.85306	125.5295	728.7275	-725.333	-395.88388	752.03235	5197.725024461746	50.46334979372117
104	295.0236	306.97205	875.63873	-15.053225	361.95947	355.17755	967.2059	75.4005	408.30768	374.4	519999	388.6928	122.42596	676.8042	-494.28357	-397.4459	740.4978	5253.065628051758	50.51024645108443
105	535.3535	281.25015	814.30304	-32.738068	450.91815	313.78683	1041.4022	67.016335	598.2222	399.7	524999	384.18	117.69856	627.1408	-525.3053	-392.81946	712.9845	5308.331027507782	50.5555336248307
106	120.72296	137.11333	427.21393	-92.719284	50.474964	109.706924	288.72098	-47.958366	198.64	230.6	529999	373.90048	116.432724	605.34436	-487.3186	-382.07645	707.4358	5362.085289239883	50.58571030958643
107	273.25305	280.25146	1119.6958	-66.98469	867.5163	225.08458	1407.6018	603.63995	302.9375	743.1	534999	359.48532	111.53698	578.6828	-820.2384	-367.1877	659.4269	5419.019148349762	50.64503879190605
108	464.01236	535.8461	2055.815	39.484787	301.87564	236.71832	743.2008	31.047192	345.93332	382.5	539999	345.58975	105.44773	566.68134	-996.99585	-353.0545	606.5382	5473.791903734207	50.683258405438174
109	317.36853	266.8133	784.3944	10.2419405	354.87344	278.46136	805.3015	107.42592	330.53333	266.6	544999	334.25848	99.160126	555.4206	-941.7988	-341.44684	564.8011	5527.641347169876	50.71230596358623
110	398.12534	331.33917	999.08075	-40.624676	237.51733	44.04199	259.46857	106.03003	360.58334	250.5	549999	325.14316	96.418495	542.776	-399.8607	-331.98495	536.5414	5582.027947902679	50.745708645473826
111	996.17523	272.24326	1391.9896	633.9431	260.45834	292.47888	931.9302	-122.10972	817.0	672.3	554999	315.7855	94.13761	501.7238	-725.73706	-322.49963	518.3333	5638.412537574768	50.796509373295414
112	569.75775	474.92303	1596.8047	52.81195	439.70126	385.45013	1200.8038	-130.88976	500.66666	566.0	559999	307.49448	90.80233	505.08188	-536.5612	-314.0718	493.6034	5693.817143440247	50.83765308984688
113	448.1276	383.20898	1460.1499	14.289306	592.9683	386.66223	1111.7565	107.65048	293.44446	338.7	564999	299.9737	90.00105	486.01193	-823.47296	-306.4941	487.91565	5747.986113786697	50.867133769313845
114	681.8343	525.19763	1908.8474	142.00052	479.8138	289.489	859.6122	70.90492	560.7778	384.1	569999	295.84277	88.05461	548.33545	-491.34912	-302.2018	470.43616	5802.206750154495	50.896550460865626
115	520.782	255.23111	895.4263	18.9712	658.1287	312.34888	1432.0211	255.8426	339.76923	376.9	574999	291.67007	86.055916	478.72397	-612.7146	-297.96362	461.2813	5856.644285202026	50.92734163533086
116	861.03894	368.4984	1415.8527	274.80847	227.29712	267.3912	794.1361	-241.72145	691.125	306.4	579999	289.83676	84.93432	468.96786	-565.21826	-296.25574	441.0433	5910.736408948898	50.9546242397407
117	376.76758	301.50146	977.8067	-0.20585983	316.2952	535.4081	1813.8043	-5.98583	318.8125	180.6	584999	285.31256	83.20089	473.34503	-435.5125	-291.3937	417.6139	5964.791443347931	50.98112348002246
118	850.73376	512.5212	1580.2258	181.527	716.29297	415.72046	1628.4556	95.304535	564.55554	551.6	589999	278.04782	81.448006	456.79758	-469.37338	-283.8948	417.05286	6020.617603302002	51.02218310307648
119	400.85895	299.7739	1090.3987	-6.9883347	623.1156	332.62912	981.9292	150.56053	332.33334	655.0	594999	273.8109	80.02738	552.9679	-897.9733	-279.71268	408.82635	6077.325794219971	51.069964681352886
120	325.13892	218.14185	807.71155	57.20898	370.36212	296.3007	941.1256	24.845768	214.4762	289.4	599999	269.07535	78.298965	489.56506	-465.99707	-274.58887	406.71506	6132.295832395554	51.10246531565984
121	417.773	388.02527	1587.0842	5.230633	230.74423	90.91395	379.84644	90.60622	261.57144	160.8	604999	265.5185	76.101166	475.62274	-554.5884	-271.0948	391.23984	6186.214387178421	51.125738764597365
122	296.33804	255.37195	889.83154	16.242752	466.6136	280.96027	982.9584	145.52806	240.2381	338.0	609999	264.33276	76.889366	485.4959	-384.0424	-270.0363	392.77393	6240.250774860382	51.149596540654294
123	496.2367	322.13614	1066.8263	62.92043	855.0192	444.7304	1811.5614	-29.619896	359.16666	566.7	614999	262.02982	76.24375	492.22003	-743.3421	-267.46854	384.65024	6294.297527551651	51.17315064988485
124	313.1336	388.9428	1632.2252	-9.350619	454.66977	323.78973	1009.51953	100.2197	206.59259	312.2	619999	257.5081	75.628105	465.31082	-332.17294	-262.9286	375.7526	6346.799630641937	51.183868042884335
125	563.87726	462.44974	1520.6268	45.78183	619.31335	437.5894	1273.0234	1.4044994	355.92856	268.0	624999	252.43585	75.15882	490.69315	-365.04233	-257.67676	379.03714	6398.663510084152	51.18930812454224
126	496.47906	365.51016	1188.8052	-5.721769	618.7418	507.9451	1628.3069	132.70264	310.3125	441.7	629999	249.94777	72.67217	445.66064	-576.2565	-255.17903	362.29782	6453.893730640411	51.22137883731297
127	715.50977	425.45096	1783.5863	169.04533	289.3698	229.87128	658.8866	91.61587	388.92307	181.3	634999	247.93687	71.499916	458.3399	-376.88016	-253.09525	360.36224	6508.053859233856	51.24451860480421
128	617.0211	476.94998	1702.982	66.233795	511.22647	359.30246	1129.0577	134.873	335.0	357.4	639999	244.9129	71.70976	444.46454	-342.9026	-249.91145	354.0122	6562.990135192871	51.2733604516834
129	470.9204	475.00333	1524.6475	25.09283	329.89008	302.5521	911.17035	61.045116	301.22223	337.4	644999	243.71109	71.35525	447.14117	-564.95807	-248.84935	345.43826	6617.252578258514	51.296531649523004
130	452.2995	330.22974	966.85767	10.278811	344.1594	424.2496	1314.0851	-47.369003	277.875	255.1	649999	243.08453	71.54263	439.0824	-467.33783	-248.136	348.36984	6671.099231004715	51.31614795097938
131	488.16846	439.37653	1650.104	-32.29862	712.40076	401.1155	1420.5148	127.456696	295.66666	398.3	654999	242.67996	72.63102	437.43027	-485.53516	-247.70775	348.91666	6726.689893484116	51.34877783469572
132	644.403	621.9497	2107.8806	7.3803415	32.445473	116.74619	372.31284	-16.664787	329.6	67.2	659999	241.87361	72.37669	471.20255	-492.9017	-246.92455	336.10916	6779.901358366013	51.36288910201102
133	604.1352	473.39932	1864.308	-7.4263806	554.1497	606.55884	2062.068	108.85075	413.16666	480.4	664999	243.91235	72.49617	431.98346	-425.78674	-248.98895	336.23334	6835.1038682460785	51.39175842758408
134	937.6834	617.2319	2119.9146	111.57016	1196.9182	831.67645	2337.6008	97.68729	519.4	623.3	669999	243.03392	71.7	447.48886	-631.3791	-247.98135	329.63596	6890.716628551483	51.42325844515616
135	667.2294	481.0172	1427.2798	30.72108	0.37524372	0.97306734	2.1659687	-0.662391	435.2	23.7	674999	242.36836	71.50642	449.69708	-711.0733	-247.25145	335.82266	6943.254237413406	51.431512894453824
136	668.3965	344.1625	963.3585	11.200327	864.02	422.61545	1683.5657	246.26253	557.44446	561.6	679999	244.86751	71.70011	457.58582	-585.68756	-249.87785	326.90552	6998.768993377686	51.46153673354317
137	861.40845	617.76324	2155.8533	35.265167	999.3996	112.69254	1214.8776	752.78107	515.9091	822.1	684999	244.93224	71.21415	433.3034	-674.14294	-249.8753	327.8157	7056.3041479587555	51.50586970879213
138	452.69745	513.148	1879.5315	6.003161	896.766	651.91156	2260.067	116.25361	268.94116	471.2	689999	245.60564	70.036606	450.89407	-510.95975	-250.58224	330.10953	7111.854692697525	51.535178956778154
139	705.63354	617.5346	2026.0009	11.979043	467.85175	230.81853	895.6922	55.354282	360.66666	366.0	694999	246.32007	70.43479	475.83575	-404.8365	-251.28778	348.821	7166.671315193176	51.55878651742455
140	628.26196	331.05963	1061.0566	178.87071	574.37573	517.6995	1950.6738	163.09274	493.8	393.3	699999	246.14227	70.40858	452.9141	-333.69623	-251.13797	340.081	7221.7746341228485	51.5841045498848
141	635.45	495.44153	1959.2024	188.04121	611.26447	746.9542	2018.005	8.805007	483.0	420.7	704999	246.76404	70.14623	466.06018	-369.3315	-251.6625	341.6818	7277.168772220612	51.61112606440876
142	817.34735	506.60455	1837.3964	188.56786	827.6917	784.1733	2577.9207	83.945435	400.92307	450.0	709999	247.94122	69.83643	475.3735	-431.05927	-252.877	344.30838	7332.2504959106445	51.635566889400216
143	594.1858	609.02203	1878.8584	2.7817297	813.933	631.8279	2022.446	82.8689	321.25	444.7	714999	250.17966	71.50608	462.82834	-717.18933	-255.1579	344.51224	7388.342311143875	51.66672946856572
144	558.73956	572.9274	1986.3158	9.062206	244.78584	168.46582	644.3205	37.8614	370.07693	205.7	719999	249.64409	71.1504	456.08185	-763.7783	-254.50865	342.5049	7442.237091779709	51.682202054394615
145	558.1945	445.34198	1538.9904	150.99608	876.005	637.69476	2565.4792	249.51776	351.85715	383.1	724999	249.67293	71.311165	443.13855	-606.04095	-254.4156	341.6158	7496.792690992355	51.70201857994343
146	1312.5391	610.3347	2170.5505	462.44153	601.8649	285.18417	1135.5074	193.12825	580.6667	414.7	729999	247.17363	72.38767	426.5521	-488.97925	-251.8874	334.0308	7552.650262832642	51.73048127350742
147	607.908	567.59094	1855.1531	77.979256	562.2958	562.2497	2043.4613	95.54402	291.94116	230.9	734999	248.68103	71.921555	429.83368	-362.99323	-253.62065	341.80606	7605.468202590942	51.73787895027472
148	598.1957	495.72897	1559.7263	-0.9061195	530.4452	225.40407	823.27045	27.270683	313.75	409.2	739999	248.87791	72.24076	474.65186	-293.74387	-253.69922	341.18835	7657.907052278519	51.74261523259653
149	759.4628	657.9767	2485.1575	114.07726	502.2535	397.3508	1190.5677	76.423706	424.36365	359.2	744999	248.70195	72.601906	451.49963	-567.8909	-253.41193	347.12555	7713.870407342911	51.770942358362596
150	736.3886	690.51196	2363.1433	33.857254	809.504	547.7032	1988.4843	184.84868	425.0	490.0	749999	250.77937	73.34157	495.26416	-523.6095	-255.6789	354.3431	7770.0122153759	51.800081459681195
151	505.9893	452.2692	1453.4703	-36.834892	862.8205	451.2265	1774.7014	22.450794	349.06668	600.5	754999	253.2418	74.55521	500.01318	-463.89096	-258.10406	355.68182	7826.229961156845	51.82933751636783
152	754.38983	533.7549	2067.8364	241.35956	601.71783	359.8845	1251.8898	68.70441	445.45456	340.2	759999	253.16107	74.84956	533.139	-647.0572	-257.87927	358.42404	7881.213483572006	51.85008873594435
153	496.1178	351.4718	1250.7004	25.570847	393.091	349.4841	1043.67	23.854565	262.3684	431.0	764999	252.52414	74.57569	534.0697	-408.58	-257.3016	365.1562	7936.963928699493	51.87558125202952
154	898.62494	631.9106	2245.3958	53.362774	604.38885	504.68127	1666.6122	75.61174	552.44446	281.2	769999	254.33934	75.11722	521.4032	-591.8497	-259.25665	356.5443	7991.698894739151	51.89414871822704
155	615.9294	383.52454	1361.3032	120.421425	874.74286	717.1712	2480.6519	160.46251	311.5	476.0	774999	259.16934	75.97631	542.3732	-422.43152	-264.2452	367.8586	8047.746835947037	51.920947347148775
156	806.7768	544.3469	1850.4213	90.532616	809.80963	490.4924	1741.2189	196.34305	420.5	321.4	779999	266.4674	78.80456	521.6966	-603.9115	-271.7233	389.801	8102.2513971328735	51.9375089712632
157	832.5359	615.5234	2097.8948	-5.1720705	773.9531	323.65082	1379.9199	253.60153	422.5	338.5	784999	272.73328	80.84389	502.30423	-815.9654	-277.95343	412.89355	8157.231736660004	51.95689006064348
158	718.7546	549.55554	1933.3268	88.161995	614.06116	498.413	1806.5764	122.44616	301.9375	280.4	789999	274.09494	82.03405	509.13116	-598.36914	-279.22253	405.737	8211.445821762085	51.971176124826265
159	1053.5968	1041.2039	3449.5764	12.841735	1338.7343	908.2491	2785.07	7.3251953	419.0	540.3	794999	272.76114	81.92897	499.66718	-436.21973	-277.7593	411.70575	8266.865985393524	51.99286785215702
160	825.8652	714.83057	1957.507	16.426868	923.389	623.1975	1984.364	108.39878	377.0	330.7	799999	271.48035	80.926765	480.1817	-825.59216	-276.43655	397.821	8320.641340017319	52.00400839298963
161	832.2593	587.74786	2542.5408	109.05376	868.75507	315.65796	1371.5956	402.69754	344.25	334.5	804999	268.715	79.845146	502.72736	-487.59445	-273.591	394.3675	8375.968111038208	52.024646667219834
162	903.29376	692.1619	2206.9185	67.783104	947.4144	113.76851	989.0479	606.15454	403.08334	937.9	809999	267.55923	79.845505	515.3471	-346.931	-272.48273	390.5065	8434.084551334381	52.062250334539534
163	1260.4663	450.74203	1996.0544	677.4589	344.66248	359.74423	958.7588	-223.49506	577.0	253.7	814999	268.99783	81.939064	547.33405	-534.58887	-274.0197	409.9651	8487.981936693192	52.07350883162095
164	588.92224	587.82355	2795.977	102.528946	1524.6849	751.1754	2926.6443	384.85696	256.1	538.0	819999	272.00278	83.958115	578.4391	-694.8916	-277.1009	423.05835	8544.534313201904	52.10081899892993
165	1228.4592	733.61926	2257.472	301.52304	830.1133	759.7741	2716.1765	106.25468	502.3	447.4	824999	277.85593	86.700325	590.9755	-582.0457	-283.0746	433.0731	8600.419585466385	52.12375508221713
166	1617.0905	1017.6296	2702.135	186.27338	879.3784	742.22253	2395.2476	20.927732	660.8571	406.3	829999	284.46072	87.71659	554.9005	-344.1012	-289.79446	432.6137	8655.2080347538	52.13980746556477
167	1407.4932	973.3028	3058.7139	49.0536	1327.0251	959.48334	3081.936	289.18057	550.6667	461.5	834999	290.5578	87.02015	522.62177	-323.2169	-295.81277	436.0267	8711.225684404373	52.1630280760234
168	1076.7345	806.41034	2768.3132	-19.5712	1662.2869	900.40765	3149.2532	518.08264	439.25	612.2	839999	290.1267	86.6853	528.41876	-445.5506	-295.25165	435.4928	8767.846718549728	52.18956381650198
169	804.92896	662.17145	2911.4294	193.35367	2310.6594	1067.0775	3398.6255	430.8988	315.5625	705.0	844999	290.8365	87.652466	537.1641	-436.30362	-296.1738	442.42065	8824.68530368805	52.217072819817
170	1104.1688	879.4657	3239.8367	177.2934	1238.8975	916.9364	2703.9434	197.33063	420.66666	549.1	849999	293.318	88.11033	530.14374	-498.8911	-298.61914	459.9628	8880.690166711807	52.23935394006617
171	1068.193	656.73883	2417.3757	94.03528	1517.8043	915.6767	2901.6733	355.12338	471.8	601.4	854999	295.3705	88.32796	529.8868	-351.87015	-300.73334	466.81195	8936.802958488464	52.262005626109605
172	1352.9149	926.96735	3089.9739	292.80453	961.64374	413.44296	1653.7657	335.78476	495.7	355.9	859999	297.15128	87.92144	535.62396	-496.55634	-302.4884	471.9326	8989.436627864838	52.26416646463927
173	705.6533	548.648	1718.6959	67.691185	1026.6245	523.3427	2090.6746	253.21022	317.29413	411.7	864999	294.99716	87.292625	550.54175	-365.46332	-300.0153	458.6547	9044.705646514893	52.28153554552552
174	1033.2861	813.36975	2487.8574	137.93604	1035.5713	446.9792	1729.0997	404.72992	441.7	401.1	869999	294.15356	87.82099	554.0167	-559.9364	-299.3574	463.73535	9099.171506881714	52.29408913508229
175	2637.7256	341.25308	3002.021	2020.2684	1314.1091	1211.3428	3190.1694	80.52607	961.0	508.6	874999	294.57858	87.83138	553.7986	-497.1171	-299.7662	472.0493	9154.998329877853	52.31427618435451
176	1396.9395	950.57385	2720.332	196.43391	1113.5813	878.5758	2572.3704	200.62022	603.1111	484.6	879999	297.354	86.57212	537.36725	-527.91064	-302.7581	468.64926	9210.237527608871	52.330895058133386
177	2091.7969	680.0056	2739.5393	709.2538	1037.1007	419.66232	1692.0057	451.5597	747.4286	387.8	884999	299.9835	87.44046	535.3149	-642.67224	-305.18646	476.36166	9265.227940559387	52.34592059103109
178	1144.423	725.73535	2435.5176	306.1224	1861.2584	820.1986	3079.4722	637.53564	426.75	647.0	889999	298.9096	87.71284	528.9088	-559.0532	-304.14035	460.54776	9322.685869932175	52.37463973345381
179	1532.2976	992.15796	3393.7585	545.5423	670.0289	557.30743	1714.8293	42.336624	545.1111	226.1	894999	299.58447	86.8401	527.3412	-405.7057	-304.76257	465.3332	9376.402549982071	52.38213716272535
180	1053.0597	559.85266	2136.7192	186.63133	1363.3684	898.196	2695.2253	224.11203	434.63635	478.6	899999	300.16592	87.10016	530.6577	-582.9449	-305.28	451.4317	9432.22194814682	52.40123305850559
181	1496.112	1102.365	3038.691	228.9036	2577.5188	860.39465	3383.4812	1140.4762	551.8889	827.4	904999	300.64316	89.081116	552.3167	-422.98102	-305.81	455.1326	9489.526860713959	52.428325219707595
182	2044.511	1228.5813	3370.1267	266.17087	1088.909	1011.20807	2916.7378	108.54392	655.5714	421.2	909999	304.68274	89.75141	555.98804	-530.38745	-310.01846	458.8142	9544.399503946304	52.4417555305984
183	1306.2592	985.76807	2667.3809	81.705	2255.5867	441.4141	3045.4717	1682.17	486.1	887.7	914999	306.08655	91.03206	540.2421	-601.3252	-311.30704	459.1982	9601.79171037674	52.468807174859805
184	1466.6049	988.90564	3091.2373	181.07779	2739.2134	813.3803	3593.9302	969.8035	557.6667	887.7	919999	305.2816	90.849724	558.6949	-514.7052	-310.32202	456.22375	9658.16186952591	52.49001017212868
185	2761.8972	431.27853	3160.2322	2009.9478	2319.3374	534.73126	3241.6936	1376.5935	877.5	913.9	924999	306.23212	92.30233	552.9076	-636.66016	-311.47202	484.6447	9715.188073635101	52.51453014966604
186	1679.2891	724.2688	2584.7373	275.1128	2072.3643	865.3002	2947.11	854.78217	782.8571	716.7	929999	309.05264	91.98768	532.6649	-639.9075	-314.2467	476.7419	9771.075732469559	52.53266523986734
187	1600.9266	962.62036	3281.9636	206.48016	1448.3402	1237.7501	3398.5374	99.95427	552.55554	652.2	934999	309.7233	91.4501	539.7151	-658.15515	-314.9342	492.87714	9827.436265707016	52.553135137506985
188	1748.8297	1080.4446	3494.2024	118.383125	1637.1584	918.4869	2794.7058	62.45743	614.7143	653.6	939999	311.9697	89.560684	551.5564	-486.191	-317.16748	467.78775	9883.873159885406	52.57379342013217
189	2454.365	880.20844	3404.3252	542.00415	3.9809444	0.5985754	5.4425635	3.064745	776.1429	27.2	944999	311.15152	90.147095	543.93146	-620.60724	-316.2566	481.71805	9936.46153306961	52.573870559218065
190	1118.4594	1138.3833	3568.3508	3.045639	1577.2327	1512.6329	3654.0408	83.9806	384.42856	471.3	949999	309.74133	89.27866	560.1985	-504.65973	-314.85397	474.2983	9991.442443847656	52.58653919320358
191	1910.0881	968.6702	3613.5076	944.3917	1107.1799	930.309	2968.8286	43.24535	558.1111	396.8	954999	309.60556	89.79023	536.32196	-607.14246	-314.6127	464.4454	10046.399366855621	52.59894957966829
192	1352.1261	1165.7637	3291.98	196.81493	1496.1149	1563.3907	3725.1145	87.6831	490.55554	439.5	959999	311.826	90.1558	555.42633	-569.385	-317.04965	487.1442	10102.252891540527	52.61590048794945
193	1745.7655	1142.2166	3545.176	73.30074	1860.4528	970.4432	3567.0312	46.145607	525.3333	578.2	964999	314.8927	92.99393	565.9604	-708.17346	-320.11896	486.1983	10157.409438848495	52.62906446605149
194	1446.5282	1000.3811	3505.5369	58.20077	1359.9363	904.1679	3235.1106	158.73268	437.53845	466.1	969999	316.6005	93.84617	558.0433	-645.5547	-321.84216	494.0654	10212.178911447525	52.640097496435814
195	1536.4131	614.4148	2214.2422	254.4167	1313.9324	735.0829	2461.1182	397.53308	492.3	488.7	974999	319.10645	95.488266	574.542	-625.08496	-324.31595	503.9926	10267.901768922806	52.655906523191014
196	2060.0566	1282.7236	3611.8513	364.5357	1489.8845	914.5157	2896.2446	169.45087	721.7143	504.0	979999	319.99335	95.54302	554.83716	-698.15247	-325.2986	514.7491	10323.851477146149	52.67271163268965
197	2216.7158	1043.7356	3448.8162	515.2371	818.7847	982.399	3311.1138	61.218147	758.8333	475.0	984999	324.76852	95.519905	580.6202	-678.59796	-330.25946	527.66504	10377.071081638336	52.67548773978567
198	2468.2747	1050.3796	3593.902	898.6617	1214.5153	934.8615	3089.7417	-22.881521	783.6667	629.8	989999	330.42584	97.90455	577.38544	-307.78467	-335.94046	529.0271	10433.687533378601	52.69539159476155
199	1992.1067	1518.5485	3779.5706	101.32137	3535.7007	637.68634	4421.0635	2449.0461	687.125	867.5	994999	333.10715	96.92964	569.36926	-524.04865	-338.71448	544.7	10491.506006002426	52.72113571933765
200	1976.4357	1381.3499	3767.015	76.45947	2723.7764	1090.7129	3529.2996	661.3555	594.625	868.3	999999	334.94083	97.87504	573.5104	-693.3652	-340.41864	537.6784	10548.243464946747	52.74121734023094
