Epoch	AverageEpRet	StdEpRet	MaxEpRet	MinEpRet	EpLen	AverageVVals	StdVVals	MaxVVals	MinVVals	Time Steps	LossPi	LossV	DeltaLossPi	DeltaLossV	Entropy	KL	ClipFrac	StopIter	Time	AVG Time Per Epoch
0	8.197251	9.507489	41.272186	-9.912628	31.51266	-0.13623023	0.23946428	0.6176391	-0.7344342	5000	1.1634826e-08	55.378044	-0.07448473	-23.374287	0.9189437	0.033417534	0.356	79.0	7.41791558265686	7.417917490005493
1	17.06279	15.038818	72.1294	-3.7811148	43.850876	2.9938762	3.7962089	12.40475	-12.661006	10000	-1.2767315e-08	99.384766	-0.078500494	-31.407257	0.9135614	0.03714432	0.3842	79.0	15.036556482315063	7.518279075622559
2	18.86623	15.693427	82.92904	-20.97139	46.462265	5.787223	7.569432	24.07527	-25.948126	15000	1.2493134e-08	87.334854	-0.07774785	-20.61139	0.90262806	0.026657617	0.3566	79.0	22.802392721176147	7.6007983684539795
3	42.44049	47.851086	248.90489	-2.5883842	61.444443	10.542318	8.8996	33.23075	-19.823318	20000	1.4579296e-08	767.082	-0.07975815	-323.71964	0.88985103	0.029278772	0.3704	79.0	31.68890929222107	7.922227919101715
4	59.351612	56.12124	264.659	5.1961923	80.196724	24.018585	19.611473	64.68679	-27.933603	25000	3.9070844e-09	718.46906	-0.082896195	-209.67786	0.8756593	0.023786774	0.361	79.0	39.496553897857666	7.899311065673828
5	95.480316	85.057274	354.20398	3.2722044	101.081635	34.77545	23.014359	69.97394	-33.594475	30000	4.893541e-09	1194.2412	-0.08281795	-372.03503	0.87323004	0.025197664	0.3658	79.0	47.737802267074585	7.956300695737203
6	152.09093	95.91518	367.55072	7.3108597	142.65715	45.425404	28.431112	81.019455	-43.76907	35000	2.2429228e-08	1232.2823	-0.081594825	-570.3914	0.8632214	0.022245347	0.364	79.0	55.560545206069946	7.937220982142857
7	186.89587	128.73463	540.47845	22.5854	152.46875	64.289276	29.378952	98.41527	-19.40349	40000	-2.5629998e-09	1272.7701	-0.0824134	-507.807	0.85523725	0.018267374	0.3852	79.0	63.0682258605957	7.883528530597687
8	156.80212	118.15678	459.82837	14.280641	146.11765	64.60875	36.845913	116.84254	-27.782528	45000	-1.3273954e-08	868.2206	-0.082123265	-396.7049	0.8440002	0.021654004	0.381	79.0	70.64712381362915	7.8496806091732445
9	260.74988	128.31076	515.41675	10.883885	183.92592	75.77468	35.00539	123.3372	-23.350044	50000	5.030632e-09	1163.6807	-0.08232622	-749.186	0.8353054	0.029293036	0.3908	79.0	78.39852213859558	7.839852452278137
10	198.83658	105.36842	477.93082	29.99099	172.27586	78.29718	41.23582	124.04456	-28.339478	55000	-3.488064e-08	1302.2845	-0.08386274	-717.35474	0.82885784	0.013933065	0.3912	79.0	86.14186787605286	7.8310791145671494
11	231.279	115.258064	418.177	36.242683	181.88889	70.09577	38.896492	124.23069	-17.170654	60000	2.2172928e-09	1017.2227	-0.08258413	-390.28717	0.817717	0.03097662	0.409	79.0	93.93036818504333	7.827530821164449
12	297.37576	139.1839	691.16754	53.96995	222.95454	85.27083	36.535717	127.522224	-17.59069	65000	6.762147e-09	709.7862	-0.08280528	-331.23157	0.8088742	0.03462522	0.4226	79.0	101.59281134605408	7.814831807063176
13	277.54892	182.88246	1001.6594	58.93748	226.95454	83.937874	36.645897	126.08078	-18.16943	70000	-7.504225e-09	641.5635	-0.08273331	-291.30383	0.8007271	0.017442092	0.3894	79.0	109.18465161323547	7.798903839928763
14	293.84787	183.91373	1034.5101	2.1644113	202.20833	87.85659	33.67142	127.75245	-21.08888	75000	1.3077259e-08	548.37537	-0.082919985	-306.23096	0.789492	0.02898854	0.4012	79.0	116.715749502182	7.781050109863282
15	285.46002	109.666626	624.3972	134.82951	207.875	94.55549	36.565685	128.43939	-22.371962	80000	-8.153916e-09	640.0912	-0.08049155	-260.4604	0.78651804	0.014656301	0.3936	79.0	123.75508141517639	7.734692692756653
16	280.08612	91.46401	567.3113	68.5878	166.46666	91.86573	28.218546	123.27184	5.6780314	85000	7.96318e-09	530.68463	-0.07412467	-278.04666	0.78076154	0.021040102	0.3758	79.0	130.73544883728027	7.690320632036994
17	286.2958	151.72525	854.3311	66.355484	202.875	99.73764	32.18655	135.11621	-15.750261	90000	1.5801191e-08	782.85114	-0.07720589	-401.3109	0.77195644	0.019099213	0.3934	79.0	138.5265758037567	7.695920970704821
18	299.95358	66.57322	437.1854	123.23968	186.26923	96.0715	30.880127	133.93509	-16.64417	95000	2.0980835e-08	248.97777	-0.08308106	-130.57538	0.7644744	0.020526933	0.408	79.0	145.97297978401184	7.682788510071604
19	298.85995	130.46588	703.3159	51.554283	189.5	100.03543	33.745388	139.16772	-12.035669	100000	-1.1239946e-08	377.54422	-0.07714719	-196.27924	0.75514966	0.018201143	0.403	79.0	153.06465005874634	7.653232622146606
20	336.25745	165.83618	726.0409	73.84631	216.39131	102.705185	31.856169	140.9454	-10.584967	105000	-1.783371e-08	331.10278	-0.078682296	-176.77156	0.746975	0.027472239	0.4122	79.0	160.23688554763794	7.630327962693714
21	258.14774	95.85492	424.49002	44.063915	169.2069	96.90642	38.60763	142.06567	-14.561637	110000	-6.437302e-09	699.39746	-0.07973937	-367.4604	0.7396618	0.013402388	0.4092	79.0	167.1915409564972	7.599615606394681
22	299.9352	95.76805	516.54346	35.07404	173.89285	100.28946	30.970753	137.85707	8.0695715	115000	-4.574284e-09	376.1429	-0.074302725	-217.18944	0.7344047	0.034590736	0.4244	79.0	173.9754343032837	7.564149421194325
23	305.6815	79.45668	497.21896	185.90944	176.28572	107.49424	31.970285	144.29745	6.405731	120000	3.0958653e-08	131.36911	-0.0911925	-40.53586	0.72700185	0.029233469	0.436	79.0	181.51823592185974	7.563259889682134
24	295.3635	90.33435	472.894	15.407403	170.67857	107.85877	32.3354	143.1189	7.9274645	125000	6.8485737e-09	135.89806	-0.06909938	-37.80655	0.7187099	0.01536091	0.3902	79.0	189.01415276527405	7.56056619644165
25	291.6645	74.322975	475.26865	97.2724	165.5	104.96229	34.513237	145.13196	-7.397901	130000	-7.0095063e-09	288.75574	-0.083185636	-138.12433	0.710953	0.02159399	0.4322	79.0	196.1451451778412	7.544044109491201
26	334.175	136.35918	912.8466	213.66986	191.42308	111.1928	32.740173	152.82645	5.748144	135000	-1.2922287e-08	150.61206	-0.08499646	-70.792274	0.7028053	0.03131852	0.4392	79.0	203.2755000591278	7.528722286224365
27	271.8597	64.26909	377.8551	70.547165	149.33333	106.96626	34.30503	149.27663	4.966344	140000	-8.872151e-09	484.9968	-0.0632998	-374.77145	0.69540685	0.006744007	0.3692	79.0	210.4296009540558	7.515342950820923
28	277.094	46.05177	372.2105	149.68506	145.70589	106.1919	35.906628	155.93912	7.2286367	145000	-1.577735e-08	202.9561	-0.085812226	-100.47811	0.6901851	0.033158854	0.439	79.0	217.25426483154297	7.491526447493454
29	291.04538	41.92319	395.4515	200.60847	153.34375	108.58157	35.321255	154.29552	7.273939	150000	-9.214878e-09	129.93872	-0.095055565	-56.762924	0.67816854	0.03774176	0.467	79.0	224.32161855697632	7.47738733291626
30	288.8016	71.54877	400.05084	51.131645	154.21875	110.43541	35.20016	154.24136	6.1671977	155000	7.18534e-09	423.84	-0.06502578	-253.56401	0.66783386	0.010694514	0.3958	79.0	231.24508047103882	7.459518794090517
31	282.53787	42.829697	371.75778	199.39917	143.11765	111.05295	37.476246	159.75319	5.5017123	160000	-2.2661686e-08	185.51434	-0.08418106	-132.13605	0.66234887	0.038735464	0.4476	79.0	238.28935432434082	7.446542382240295
32	288.8061	38.76786	357.07886	206.24277	146.0	109.479774	38.023346	161.77214	5.3316164	165000	-2.2554397e-08	91.56213	-0.09951614	-37.09689	0.656065	0.03312594	0.461	79.0	245.1422839164734	7.428554101423784
33	294.17563	51.301243	408.88538	177.45932	145.11765	111.77825	39.332787	164.09853	3.867776	170000	-1.744032e-08	132.70856	-0.097008765	-52.092728	0.65008223	0.02870421	0.4474	79.0	252.19075560569763	7.417375220971949
34	293.1052	50.045734	397.98978	199.67322	148.93939	114.88455	39.283432	167.3148	5.264799	175000	1.206398e-08	130.8769	-0.09928918	-47.322166	0.6415894	0.0308757	0.4758	79.0	259.3187909126282	7.409108359473092
35	290.15884	58.06139	430.3144	99.05978	146.52942	112.546776	38.120724	165.77486	3.1876209	180000	2.0849704e-08	322.67102	-0.07843786	-253.10596	0.6327328	0.022564076	0.423	79.0	266.6021468639374	7.405615243646833
36	307.74225	72.041534	431.73627	51.01778	152.53125	118.37225	40.06554	170.97493	2.2908988	185000	-1.8787384e-08	334.6285	-0.071542405	-189.95377	0.62188035	0.019961277	0.4214	79.0	273.7275505065918	7.398041957133525
37	303.64673	59.154068	418.2117	91.90987	146.94118	115.401115	40.436066	172.5162	1.4448595	190000	1.2555718e-08	331.91867	-0.08007817	-198.82092	0.6096305	0.034538202	0.4594	79.0	280.49571919441223	7.381466338509007
38	301.2208	64.72633	423.92337	56.66842	148.0	118.29558	41.724827	180.74954	-38.787987	195000	3.4153462e-09	280.0515	-0.07995447	-101.88136	0.5982395	0.029757496	0.4472	79.0	287.44822430610657	7.370467338806543
39	297.26947	66.78393	408.79553	60.875175	144.67647	118.4337	39.04802	176.38583	1.0983535	200000	-8.811057e-09	530.11993	-0.068105415	-243.36569	0.5854834	0.0072924257	0.4128	79.0	294.3759903907776	7.359399807453156
40	276.41364	78.27187	400.41663	25.07262	131.89189	115.84434	39.459778	173.29694	2.0336468	205000	2.053976e-08	557.1122	-0.082069896	-265.50253	0.57547265	0.034399256	0.4862	79.0	301.4557557106018	7.352579448281265
41	290.48495	64.11517	386.80844	79.40344	138.22223	115.67401	41.042812	183.67992	-0.3736788	210000	-7.6293943e-10	511.04575	-0.07810938	-307.32483	0.56145227	0.025012854	0.4796	79.0	308.576621055603	7.347062457175482
42	313.8817	50.9816	439.19626	219.47383	145.58824	120.1916	42.497276	185.34856	2.7150247	215000	9.122491e-09	288.96365	-0.085549474	-186.251	0.55193555	0.05405584	0.4726	79.0	315.5983831882477	7.339497327804565
43	314.42154	45.972633	420.2721	219.88005	149.15152	120.61153	42.44652	188.73694	3.8770485	220000	-4.6253206e-09	111.1513	-0.09738791	-50.15399	0.5402485	0.040048525	0.4846	79.0	322.8619658946991	7.337771995501085
44	322.5353	58.37473	544.2159	264.01688	148.42424	121.27978	42.473915	192.98137	2.481385	225000	4.117191e-09	152.11772	-0.10017811	-70.84462	0.53515935	0.047548965	0.4948	79.0	330.0914430618286	7.335365433163113
45	309.45215	56.957565	410.7448	66.58451	141.2	126.62595	45.59873	195.85396	3.1299572	230000	-1.9657612e-08	372.17313	-0.067848675	-113.058075	0.5259354	0.013097708	0.4332	79.0	337.14973616600037	7.329342132029326
46	313.5493	83.047935	430.16785	52.099354	145.47058	125.46759	43.815777	188.97153	-2.6832707	235000	-2.2333861e-08	572.17804	-0.07550693	-418.08325	0.51534563	0.01252535	0.4512	79.0	344.1575789451599	7.322501710120668
47	317.90628	69.80527	474.5332	3.384641	142.57143	122.64842	46.256905	196.9639	-8.656722	240000	-1.437068e-08	226.94417	-0.08256194	-136.09557	0.50366586	0.042969674	0.464	79.0	350.8825249671936	7.310052653153737
48	318.18677	81.73846	419.0903	46.227303	143.73529	128.55324	45.374657	198.71039	3.993084	245000	6.118417e-09	587.31976	-0.06353553	-395.36707	0.49957922	0.010627855	0.4052	79.0	358.47078680992126	7.3157303819851
49	344.30353	40.315178	474.30585	290.48212	155.34375	129.48305	46.938877	203.22574	0.30915362	250000	-1.8000602e-08	151.68167	-0.08146916	-110.02849	0.48662135	0.05249046	0.482	79.0	365.70100235939026	7.314020075798035
50	339.40442	41.694973	441.33694	262.4983	148.39394	128.13844	47.264324	197.59589	-0.7299252	255000	-2.7179718e-08	121.33419	-0.10480838	-57.916534	0.47583446	0.04252665	0.5154	79.0	372.5601689815521	7.30510139465332
51	297.3217	88.81461	414.981	38.275814	133.56757	134.87003	48.604782	207.81744	2.3972993	260000	-1.2281537e-08	1132.4926	-0.05860326	-828.39606	0.46904883	-0.009376249	0.4046	79.0	379.3407952785492	7.295015325913062
52	296.85837	114.81911	449.7586	36.973854	133.62163	123.72983	46.70562	186.75104	-2.5789025	265000	-2.05338e-08	647.65045	-0.07403074	-443.5384	0.45591015	0.0068370695	0.4526	79.0	386.5402407646179	7.293212121387698
53	314.71875	98.45007	477.60532	36.672962	140.85715	128.54993	49.137882	200.2613	-15.084257	270000	-2.8967857e-09	771.9011	-0.06889149	-529.9068	0.44197565	0.03342369	0.447	79.0	393.2624921798706	7.282638779392949
54	325.79178	76.19037	428.5619	65.049126	144.05882	128.11757	48.29239	199.91945	1.6832969	275000	1.7499923e-08	466.15076	-0.07162404	-322.10464	0.42992997	0.035131387	0.4554	79.0	400.18199253082275	7.276036262512207
55	351.33157	45.126488	460.0552	270.48596	150.39394	129.27249	48.48255	207.7206	3.400172	280000	1.3750792e-08	375.0378	-0.06735784	-298.03473	0.4220767	0.05040882	0.4692	79.0	407.30334663391113	7.27327407683645
56	346.73758	62.46924	434.18945	54.80588	150.27272	135.82675	48.73435	210.31128	0.9705202	285000	8.618832e-09	438.7913	-0.06336093	-194.29124	0.41600052	0.0038513588	0.4242	79.0	414.50365257263184	7.271993938245271
57	337.05368	35.54817	411.96414	284.78012	145.88235	133.33063	48.631073	206.75026	3.1250598	290000	4.816055e-09	186.29457	-0.09101326	-98.54731	0.40357095	0.03843084	0.5096	79.0	421.6202492713928	7.269314671384877
58	353.2242	46.27887	457.40375	255.34262	152.9375	132.743	48.739357	194.813	-1.775822	295000	-2.9802322e-08	144.58418	-0.09880355	-54.112694	0.39208812	0.039611842	0.5212	79.0	428.5809781551361	7.264084407838724
59	344.12253	82.96491	496.71133	47.934994	148.72728	135.86737	47.886528	199.2893	0.8320849	300000	8.350611e-09	594.0007	-0.05909444	-322.52243	0.37799948	0.0039838157	0.4202	79.0	435.704302072525	7.261738399664561
60	361.75305	42.599506	472.9088	278.5096	151.96875	134.27112	50.28126	205.57541	-3.1577322	305000	-2.360344e-08	249.24745	-0.08568921	-185.25171	0.36580965	0.050841868	0.507	79.0	442.8879051208496	7.260457503991049
61	365.61453	49.90286	471.47885	286.80524	153.5	139.26758	49.593155	207.46861	1.7989938	310000	-3.929809e-09	137.6498	-0.100916065	-52.56775	0.35837615	0.043452125	0.533	79.0	450.10941982269287	7.259829382742605
62	326.5874	97.4741	458.6207	28.828947	139.54286	142.40773	51.349026	222.67653	1.7479692	315000	2.4169684e-09	904.6697	-0.06035865	-636.8226	0.34901997	-0.007771891	0.4412	79.0	457.0671384334564	7.25503396987915
63	338.77777	90.01925	491.07965	28.290745	145.88235	136.79428	49.928864	221.29587	2.1952417	320000	-4.2787196e-08	738.9778	-0.064231075	-456.99612	0.33652186	0.012872783	0.426	79.0	464.3142137527466	7.254909615963697
64	324.31613	121.44459	456.2044	18.994654	138.11111	133.90373	51.00059	213.86273	-9.752838	325000	1.8247961e-08	1352.0817	-0.07207168	-710.70685	0.3286697	0.0077019148	0.4472	79.0	471.02776741981506	7.246581062903771
65	348.73102	87.58053	429.6676	22.75917	145.26471	137.728	51.688526	211.45819	-23.100655	330000	-3.3020973e-09	524.88904	-0.081023924	-351.0562	0.3226543	0.043917477	0.5062	79.0	478.56885266304016	7.251043247454094
66	360.37537	70.41602	451.7123	65.572845	148.69698	140.0754	50.722645	214.38702	3.5282965	335000	3.307611e-08	350.47614	-0.07753171	-215.86137	0.31658676	0.028163671	0.4726	79.0	485.58469319343567	7.247532759139787
67	354.57513	59.79784	428.3906	67.050995	145.82353	141.78442	52.346786	219.81812	0.885325	340000	-9.518862e-09	317.78174	-0.079051755	-166.99715	0.30743086	0.028619315	0.5074	79.0	492.6478431224823	7.24482125043869
68	347.88416	81.23415	471.39648	68.66804	143.67647	140.5392	51.953785	216.833	-0.054331355	345000	-2.3561716e-08	524.7876	-0.0702894	-286.4628	0.29501557	0.006543077	0.4504	79.0	499.900475025177	7.244934444842131
69	343.7436	80.23214	440.77356	78.584145	142.85715	144.01343	51.465492	220.22147	-20.602882	350000	-2.527386e-08	963.3447	-0.06963753	-627.4988	0.2833641	0.02059819	0.4616	79.0	507.31066823005676	7.24729528086526
70	313.5181	100.05012	436.1163	63.042	131.24324	135.03748	51.047806	203.38411	-25.730364	355000	1.3887882e-09	862.865	-0.08300203	-425.73645	0.26877764	0.020124083	0.4952	79.0	514.1971452236176	7.242213333156747
71	364.84537	53.52009	469.39896	237.23311	148.06061	136.68971	49.57205	209.35933	-1.2367293	360000	1.2457371e-09	371.5191	-0.087906234	-241.49774	0.26288927	0.05471731	0.5288	79.0	521.3708491325378	7.241261813375685
72	366.90176	38.69561	510.6194	294.26324	149.18182	143.61324	52.64523	221.17915	0.91061014	365000	2.0331145e-08	151.1141	-0.0986542	-62.692368	0.25458068	0.047217317	0.5476	79.0	528.6345551013947	7.241569270826366
73	362.7473	65.36685	467.4432	55.218494	144.64706	140.5897	52.12404	209.11523	-3.0675886	370000	4.550815e-09	452.9718	-0.06820059	-126.21741	0.24793237	0.029312659	0.4744	79.0	535.6997344493866	7.239185623220496
74	346.52567	69.701805	435.57748	107.596924	140.31429	144.83992	52.534206	215.40213	1.8881824	375000	1.4817715e-08	675.43677	-0.07104735	-395.3751	0.23848471	0.008603179	0.4602	79.0	542.7191050052643	7.236254758834839
75	336.57602	103.653336	468.55377	39.41889	139.28572	141.75438	51.838306	217.99393	1.5438968	380000	-1.4305114e-08	729.06885	-0.071894385	-366.62427	0.22630623	0.0057126847	0.4654	79.0	549.8379740715027	7.234710219659303
76	362.37625	86.067635	464.13614	48.482235	147.87878	139.79355	51.395916	224.23956	-44.73793	385000	3.1134487e-08	695.44824	-0.0733161	-469.39673	0.21285336	0.02980511	0.4824	79.0	556.836421251297	7.2316418622995355
77	382.67395	38.458675	478.254	303.81	154.09375	144.10077	53.019806	219.89584	-2.2140298	390000	-1.0626018e-08	237.97066	-0.08175719	-150.6163	0.20544633	0.058025017	0.4978	79.0	563.9861190319061	7.230591291036362
78	389.38287	43.55685	476.82385	300.6649	155.3125	147.5101	55.440605	217.19589	0.3806889	395000	-8.3446505e-10	129.724	-0.099142276	-44.78402	0.19729172	0.046282176	0.528	79.0	570.9093225002289	7.226700308956677
79	384.5308	46.501984	497.41766	290.5626	152.0	146.28853	54.04952	217.3891	1.046901	400000	2.6077032e-08	191.33115	-0.0973365	-59.19864	0.18975386	0.044871993	0.519	79.0	577.7850275039673	7.222312864661217
80	369.88416	113.25816	551.74615	16.653292	148.27272	152.43965	53.61844	227.27979	2.1632726	405000	2.1195412e-08	1071.2378	-0.060190428	-802.7759	0.18070006	-0.0031991478	0.4316	79.0	584.9868786334991	7.222060253590714
81	367.331	104.07494	537.55206	55.512264	148.0	148.1029	55.67924	212.50368	0.5889981	410000	-3.0136107e-08	723.5433	-0.07340974	-428.52502	0.17022276	0.037825994	0.49	79.0	592.0538046360016	7.220168369572337
82	390.27405	40.80936	465.3515	245.94963	154.8125	146.94757	53.74542	227.70966	-1.4685384	415000	-2.375245e-08	278.23923	-0.08134106	-182.77634	0.15488768	0.049403153	0.506	79.0	599.3040709495544	7.22053099827594
83	391.87897	97.103485	705.10095	81.69507	151.33333	151.48325	55.0028	230.08368	-0.47846422	420000	-1.4257431e-08	927.9241	-0.06967558	-406.97266	0.14728037	0.013413458	0.4954	79.0	606.7232141494751	7.222895423571269
84	393.41772	65.03214	486.87766	101.4372	153.59375	155.58646	56.077675	231.39545	-1.1822027	425000	-7.247925e-09	440.39505	-0.08616758	-231.30804	0.13818109	0.03909736	0.496	79.0	613.6171567440033	7.219025395898258
85	403.49744	48.17809	511.01205	325.68945	155.8125	150.22798	54.52916	220.84813	1.7357607	430000	-2.2625922e-08	356.13623	-0.09169721	-182.44318	0.12660669	0.047485277	0.5232	79.0	620.9812257289886	7.220711949259736
86	391.27438	38.377316	478.4618	316.07666	153.71875	150.73543	55.488014	224.50163	2.9085326	435000	-4.3642522e-08	118.50824	-0.101129234	-52.28102	0.12010168	0.052553736	0.5312	79.0	628.4378621578217	7.223423727627458
87	388.3676	74.16228	512.2421	38.037663	151.21213	151.30826	55.132164	226.6867	1.730953	440000	-1.41620635e-08	413.73145	-0.0706248	-287.53503	0.11356532	0.012896164	0.466	79.0	635.5600266456604	7.222273057157343
88	392.88803	77.82603	495.20047	32.0562	151.84375	152.49486	58.261894	226.65977	-14.274956	445000	-4.5740606e-08	375.54736	-0.07252917	-220.0524	0.10260434	0.0430792	0.4802	79.0	642.8960516452789	7.223551158154948
89	423.18185	54.58234	585.2743	296.22504	160.87097	156.19283	55.281868	222.59125	-4.305308	450000	2.2315978e-08	242.22266	-0.096562415	-92.43344	0.0947243	0.039553676	0.5084	79.0	650.184972524643	7.224277496337891
90	423.2939	80.62634	554.20544	66.515205	163.26666	159.7938	58.065777	236.615	-13.658698	455000	2.361536e-08	524.5812	-0.07201655	-303.21878	0.092378624	0.02678123	0.4854	79.0	657.7119543552399	7.227603912353516
91	390.42868	113.85705	500.02277	44.654213	153.03125	159.75328	56.936275	233.97072	-2.094821	460000	-3.7914514e-08	832.0645	-0.06911081	-502.449	0.08012389	0.000117259	0.461	79.0	664.5727882385254	7.223617284194283
92	395.57852	94.91347	499.01483	66.61722	153.28125	154.8956	57.01887	230.34203	1.3082405	465000	3.2934548e-08	648.7644	-0.07606584	-365.53513	0.07033277	0.049151346	0.5154	79.0	671.6721954345703	7.22228168672131
93	448.971	61.24961	665.6657	355.5861	167.82759	157.95654	55.002678	232.67488	-0.612671	470000	1.6093255e-08	534.29254	-0.08287855	-321.50128	0.06771698	0.05839532	0.502	79.0	678.9433972835541	7.222802116515789
94	434.90158	55.334793	605.86505	336.4254	163.63333	167.1209	61.313545	242.37016	3.562813	475000	5.2154062e-12	378.5771	-0.093774594	-144.76309	0.06110197	0.048904415	0.5162	79.0	686.5444839000702	7.226784068659732
95	435.78174	94.209274	636.95245	68.59053	162.56667	161.9134	58.4879	239.38478	0.33931705	480000	-1.4215708e-08	696.67535	-0.073651046	-318.7454	0.054322135	0.02443951	0.4924	79.0	693.8022258281708	7.227106536428134
96	404.94775	100.96617	547.46405	37.459213	152.75	164.4498	60.326447	250.97682	-1.8960333	485000	-1.6987324e-08	690.79517	-0.07616131	-360.8243	0.04273908	0.029311823	0.4988	79.0	700.9496514797211	7.2262850840067125
97	424.9668	100.050835	612.546	63.8533	156.96774	163.61577	57.996193	238.31952	-33.574535	490000	-1.5182794e-08	876.9887	-0.079058796	-428.66156	0.033476245	0.038169466	0.4998	79.0	707.8868093490601	7.223334808738864
98	457.78714	114.899086	828.4317	45.11958	167.58621	165.5886	59.044823	239.62885	-44.67873	495000	1.3887882e-08	756.9548	-0.08416769	-374.87817	0.023253808	0.04088821	0.5186	79.0	714.9279356002808	7.221494313442346
99	455.10898	125.28481	799.71625	68.56341	164.86667	171.20013	60.365295	248.85281	-4.8308487	500000	2.0423531e-08	990.9081	-0.087348565	-457.1831	0.0122552775	0.049434777	0.5474	79.0	721.8238265514374	7.218238282203674
100	473.0924	85.94591	729.1716	354.37946	171.03448	174.96275	60.96986	259.9889	-2.167619	505000	4.3392183e-09	706.2687	-0.088115595	-433.92007	0.005310543	0.06657428	0.5418	79.0	728.8751811981201	7.216585971341274
101	451.13828	90.23662	630.16144	80.89706	164.13333	173.77338	63.1475	268.4941	2.5413306	510000	3.968477e-08	895.6031	-0.08044875	-392.3148	-0.009179925	0.028699268	0.5074	79.0	735.609760761261	7.211860415982265
102	477.65228	76.30745	674.61505	357.3492	175.32143	168.0092	58.603714	252.87202	4.2285914	515000	-1.2279302e-08	629.1832	-0.09631495	-302.9218	-0.020905811	0.056789495	0.5494	79.0	742.3414406776428	7.207198471698947
103	452.8602	121.34739	847.7575	64.71022	165.1	173.40018	63.041313	258.67807	-4.008366	520000	9.766221e-09	926.6579	-0.07999529	-562.64935	-0.024488952	0.030417731	0.5312	79.0	749.4529581069946	7.206278461676377
104	470.5035	108.27723	835.9569	112.532684	168.7931	174.76414	62.57022	279.78763	4.896589	525000	-1.2993812e-08	821.7737	-0.08244754	-522.9823	-0.036404572	0.02213872	0.5216	79.0	756.4317970275879	7.204112370808919
105	466.00974	96.45734	790.08636	383.32712	168.82759	175.72536	63.07642	253.68459	-3.375687	530000	4.7492982e-08	606.1979	-0.08999753	-336.31836	-0.047203153	0.054081652	0.54	79.0	763.236398935318	7.200343399677637
106	506.17776	124.346054	760.84314	59.35291	177.89285	172.8695	60.731503	267.16995	-0.6601209	535000	7.3879955e-09	987.6781	-0.08376894	-531.7704	-0.06121853	0.037706777	0.5244	79.0	770.6288614273071	7.202138916354313
107	444.81653	97.170494	645.131	136.87692	163.03334	182.13564	65.43551	271.2094	4.025829	540000	-1.5628338e-08	1343.2675	-0.07496927	-782.498	-0.073619656	0.023257636	0.518	79.0	777.8122477531433	7.201965276841764
108	465.28665	102.28793	729.7991	76.88042	166.2069	168.0568	60.881294	250.25644	-1.9529649	545000	-2.667904e-08	651.9528	-0.08677863	-375.60944	-0.08536595	0.06267331	0.5356	79.0	784.9032363891602	7.200947138147616
109	511.12625	98.86445	784.1412	370.69174	180.81482	177.14798	62.597282	257.06885	2.8306625	550000	6.511211e-08	668.5656	-0.097610526	-275.1803	-0.09179376	0.05987829	0.5814	79.0	791.9526779651642	7.1995698170228435
110	470.81598	114.32445	797.33124	57.004074	168.06897	180.45226	64.714226	265.3483	1.4198172	555000	6.3836576e-09	838.7493	-0.079502136	-494.81253	-0.106155075	0.03828766	0.5056	79.0	799.0031592845917	7.198226675256953
111	531.0623	123.37747	808.9006	329.55176	187.8077	182.691	64.38646	279.98956	-1.1418048	560000	3.6379696e-08	792.31866	-0.09635369	-356.7178	-0.11416219	0.05825953	0.5664	79.0	806.2618980407715	7.198766965951238
112	499.0324	51.43117	621.9893	413.8183	177.07143	183.4466	65.52791	289.88	-0.84371763	565000	3.0910968e-08	770.6367	-0.0755779	-374.93823	-0.122839406	0.020311784	0.4766	79.0	813.2441775798798	7.196851141684879
113	500.96237	85.18482	775.7349	358.45203	176.60715	176.59406	63.32333	260.71942	1.2078649	570000	-2.822876e-08	486.7094	-0.099916115	-198.59473	-0.12848559	0.061514117	0.5554	79.0	820.262996673584	7.195289457053469
114	533.843	118.97063	794.94476	353.6232	183.76923	184.1733	62.062946	261.87292	2.20669	575000	2.1734088e-08	679.2313	-0.101417236	-276.71246	-0.13734494	0.062942795	0.5688	79.0	827.3779571056366	7.194590947939002
115	486.81232	86.925674	759.82556	361.49307	169.58621	185.82396	67.15324	268.42865	2.1344182	580000	5.9348345e-08	556.53	-0.099134356	-238.56525	-0.14697753	0.034841124	0.55	79.0	834.6547539234161	7.195299617175398
116	575.99225	146.28769	1036.359	387.9106	198.04	183.27046	61.7938	261.9921	2.6878254	585000	7.653236e-09	1522.3389	-0.08749419	-629.579	-0.15671237	0.049338996	0.5638	79.0	841.8288674354553	7.195118539353722
117	516.9354	89.6591	882.2041	416.9434	178.07408	190.51546	67.64254	272.18503	6.112744	590000	-7.484518e-08	522.8052	-0.10000011	-266.43826	-0.16792446	0.05130116	0.5814	79.0	848.5960886478424	7.191492292840602
118	568.33325	127.81888	872.2932	407.12772	192.03847	188.52643	65.65993	283.8897	3.9628851	595000	7.18534e-08	740.2114	-0.0996951	-307.86057	-0.17909954	0.06745501	0.5668	79.0	855.8280379772186	7.191832265934022
119	508.38083	84.88879	772.31226	396.26868	177.48148	195.0296	69.025696	292.08307	-2.4315295	600000	-6.1616305e-08	794.7466	-0.102868944	-387.34393	-0.18414119	0.036513887	0.548	79.0	862.8734765052795	7.190612318118413
120	534.8081	103.02745	776.0497	370.2452	187.44	188.8736	64.32482	268.94208	0.2281951	605000	2.4826825e-08	543.4509	-0.101278566	-221.20279	-0.19052467	0.060020152	0.5636	79.0	869.8924806118011	7.189194068435795
121	567.73083	124.996895	831.07733	407.2671	196.36	189.00348	64.99265	269.5324	2.4488602	610000	3.4606458e-08	1083.795	-0.084224544	-572.6153	-0.1981814	0.04159404	0.5236	79.0	877.0132389068604	7.188633119473692
122	545.40594	198.45511	1140.9401	62.13167	188.03847	193.01775	65.26469	267.92493	-2.1560848	615000	5.1259996e-09	1708.54	-0.08775531	-698.39026	-0.20392385	0.029334687	0.5318	79.0	883.6918001174927	7.184486193385551
123	592.51025	174.6665	1067.2886	364.64838	200.29167	194.91995	67.60692	279.3638	0.5575382	620000	-2.990961e-08	854.5918	-0.09864107	-368.03558	-0.21437334	0.043295395	0.5754	79.0	891.1366214752197	7.186585668594606
124	619.82306	133.66919	894.32587	404.20047	206.65218	205.71324	64.95487	291.35007	-0.23226471	625000	-3.4630299e-09	1429.6898	-0.08914245	-730.4179	-0.21759404	0.03260852	0.5706	79.0	898.0516901016235	7.184413534164428
125	638.62646	141.33707	982.69507	423.00983	211.82608	204.88245	67.70999	294.37308	-1.1983869	630000	-5.004406e-08	745.9842	-0.10261114	-347.5048	-0.2270292	0.04891353	0.573	79.0	905.2376310825348	7.184425654865446
126	607.9234	198.75182	866.38367	95.387726	202.54167	213.24185	69.66491	299.70117	1.6735307	635000	7.152558e-08	1599.7535	-0.08653363	-805.0518	-0.23390386	0.030610455	0.5394	79.0	912.1673860549927	7.182420373901608
127	585.24896	151.81749	853.7415	391.48608	195.52	204.7569	70.15562	300.28152	-4.11023	640000	4.7802926e-09	1949.3906	-0.083268486	-1053.4406	-0.24693699	0.027275482	0.5344	79.0	919.1257927417755	7.1806702725589275
128	603.4656	133.4758	869.3043	415.84415	197.24	197.02393	67.76141	290.27463	1.3008391	645000	-3.1125545e-08	796.61914	-0.106564485	-375.09418	-0.25785074	0.06679995	0.6104	79.0	926.0489208698273	7.1786738199781075
129	623.83203	133.8886	878.3546	454.34793	206.52174	211.24745	69.51224	299.5371	1.6793084	650000	7.1582384e-08	1606.3623	-0.08665693	-831.8568	-0.26840502	0.062902205	0.5544	79.0	933.0570313930511	7.17736179461846
130	656.28284	142.04454	952.9349	397.29205	213.82608	204.67805	68.86768	289.32275	-4.125442	655000	-4.941225e-09	861.8441	-0.10196089	-498.76053	-0.27772227	0.075766794	0.5928	79.0	940.0414760112762	7.175889140777006
131	661.85974	162.60573	908.7724	401.60916	221.36363	215.20715	66.445045	297.89114	-1.1887339	660000	2.1725892e-08	1892.9446	-0.08130703	-1102.0908	-0.28613082	0.031196188	0.5686	79.0	947.1331532001495	7.175251173250603
132	647.484	177.98653	987.7933	86.20732	214.39131	207.85648	68.843346	300.37244	0.931026	665000	2.3329259e-08	1220.8489	-0.09054896	-683.0697	-0.3020069	0.04205521	0.56	79.0	954.4641788005829	7.176422416715694
133	702.42725	219.96776	1271.213	402.01105	234.71428	214.10922	68.03926	301.5851	1.1788366	670000	-2.3290514e-08	1241.3811	-0.09186216	-594.7973	-0.30490604	0.035787817	0.5604	79.0	961.4139490127563	7.174730978794952
134	670.1887	180.72739	952.22015	372.19696	222.95454	213.8898	69.62215	301.2458	0.87288755	675000	7.754564e-09	1221.9042	-0.09313839	-583.5812	-0.3185903	0.067342326	0.5958	79.0	968.3643352985382	7.173069164488051
135	653.08167	201.50275	967.2526	139.21727	216.30435	212.41756	69.0972	303.53445	-57.889633	680000	1.0285974e-07	2222.5825	-0.08158324	-805.9076	-0.33036542	0.013823915	0.5498	79.0	975.3795185089111	7.171908241861007
136	630.3475	226.86197	902.1107	75.42124	206.82608	214.5259	67.3687	301.20355	3.5776212	685000	-4.280694e-08	2082.383	-0.086775854	-1222.3191	-0.34149253	0.03945586	0.585	79.0	982.57444024086	7.172076218319635
137	613.51935	141.88927	859.0992	392.25256	204.70833	213.78627	72.53217	315.1222	-62.15668	690000	-6.264448e-09	2144.936	-0.090920344	-1330.3427	-0.35583925	0.035640046	0.5594	79.0	989.5143146514893	7.1703935947971065
138	678.6206	225.36246	1217.7406	386.73935	224.5238	199.64192	72.37258	312.33954	-66.546684	695000	2.0350516e-08	3015.861	-0.083462864	-1739.7446	-0.3654209	0.07473354	0.5842	79.0	996.3678784370422	7.168114250512432
139	708.5272	157.21338	898.58966	390.36163	235.4762	218.75475	61.07401	305.44153	-1.6669614	700000	1.3309717e-08	2010.7808	-0.09266941	-1088.4335	-0.375701	0.03517199	0.5848	79.0	1003.2245287895203	7.165889508383614
140	725.0435	213.48398	1275.039	391.92938	243.1	214.25874	66.549675	306.5674	-2.5138564	705000	2.6276707e-08	1769.7892	-0.09563918	-813.6244	-0.39028776	0.051819384	0.6208	79.0	1010.1371343135834	7.164093164687461
141	654.9337	122.14699	848.1214	405.08673	213.95653	207.6715	73.19122	313.23544	-1.9968663	710000	1.6129016e-08	1028.6918	-0.089486584	-659.5351	-0.40522695	0.068708144	0.5802	79.0	1016.8978655338287	7.161252590971933
142	753.55536	176.66956	1243.7094	402.37338	243.95	214.2807	66.377335	306.92697	-1.0503336	715000	-9.1487166e-08	1206.9875	-0.088894516	-674.5062	-0.41373262	0.053513817	0.5892	79.0	1023.8350462913513	7.1596856484046345
143	643.45654	167.73323	850.63824	94.04007	215.78261	226.51932	72.44596	318.67358	-6.011383	720000	2.8526783e-08	1535.6678	-0.088439755	-1055.7626	-0.42574874	0.029504003	0.5792	79.0	1030.856909751892	7.158728551533487
144	648.14984	199.36517	920.626	84.25099	219.5	203.32056	67.93319	300.24442	-28.871864	725000	2.6351213e-08	2818.8845	-0.08673566	-1456.5002	-0.44238585	0.03578957	0.586	79.0	1037.994785785675	7.1585847427105085
145	719.9908	165.81508	1045.9258	401.59106	234.0	212.572	67.32383	306.8057	-33.17468	730000	-2.6021898e-08	1237.5197	-0.0976446	-680.0419	-0.45625472	0.06969651	0.6236	79.0	1045.76988363266	7.162807433572534
146	684.36975	223.6831	1261.6078	359.35062	224.86363	214.56136	71.85467	304.9239	4.2651443	735000	-1.603365e-09	1676.9694	-0.09593082	-806.80566	-0.4677534	0.06716893	0.6114	79.0	1052.7779796123505	7.161754976324484
147	703.72894	257.34314	1321.618	376.575	236.71428	216.52835	67.346466	308.90958	-0.62555176	740000	-6.330758e-08	1565.2137	-0.094169684	-787.2666	-0.47966427	0.037956685	0.6036	79.0	1059.6550261974335	7.159831270978257
148	651.38983	207.76181	1052.6497	64.97886	213.78261	209.61162	70.79287	293.1512	-0.8751403	745000	9.249449e-08	1831.9032	-0.0935422	-740.79443	-0.4877026	0.05811659	0.608	79.0	1066.6279997825623	7.158577190949613
149	602.12415	236.98433	937.9985	58.772552	203.29167	211.72682	67.0391	303.11823	5.8411393	750000	-8.523464e-08	1816.8636	-0.08916626	-982.3433	-0.50040036	0.037229177	0.6042	79.0	1073.707102060318	7.158047358194987
150	744.1607	238.36424	1162.6135	137.05121	251.42105	212.30267	65.89114	302.89743	2.1757462	755000	3.801584e-08	1852.8333	-0.09176218	-957.83203	-0.5127645	0.07515575	0.6274	79.0	1080.863377571106	7.158035627264061
151	719.3377	254.67743	1183.7142	71.024445	238.55	221.81026	65.55418	309.59976	-4.2942915	760000	4.0137767e-08	2676.8628	-0.085393235	-1360.835	-0.5245722	0.03156407	0.6	79.0	1087.9416508674622	7.157510871949949
152	727.5898	163.1723	972.30817	395.6272	243.3	218.22685	69.359215	310.63348	6.0293694	765000	3.923178e-08	1408.9109	-0.09260604	-773.26953	-0.5368245	0.04443109	0.5888	79.0	1095.022894859314	7.15701239716773
153	684.2066	186.9294	1057.5137	84.21142	222.90909	208.6275	69.81961	304.84662	-11.46087	770000	-5.5497885e-08	1619.5935	-0.08894078	-1177.9335	-0.54664344	0.06688841	0.63	79.0	1102.6240866184235	7.159896681835125
154	720.145	220.4635	1108.1609	83.920334	236.7619	218.5323	70.671486	306.2834	0.8202978	775000	-1.3697147e-08	843.3461	-0.09614306	-455.03857	-0.5522804	0.062343244	0.5984	79.0	1109.8243074417114	7.160156834510065
155	778.41	186.72404	1308.9015	460.62985	252.94737	220.91313	69.56813	308.50342	4.488085	780000	3.1638145e-08	846.0537	-0.10540612	-426.84586	-0.56262136	0.0631666	0.6154	79.0	1116.7716393470764	7.158792570615426
156	723.58466	150.86478	941.3397	361.3697	232.4762	223.86772	73.34573	323.1613	-6.399887	785000	-3.618002e-08	784.11646	-0.10230179	-383.85828	-0.57270855	0.05854498	0.624	79.0	1123.9475581645966	7.158901654990616
157	697.7417	160.17651	933.6075	419.1112	222.22728	223.8466	70.40977	315.7892	-5.3048606	790000	6.4742565e-08	2100.5293	-0.08369687	-1404.2725	-0.5901557	0.030970214	0.5998	79.0	1131.3938403129578	7.160720517363729
158	765.20764	156.70662	1272.0177	489.88504	243.25	219.18275	71.644905	311.6374	0.987094	795000	-3.0073522e-08	1051.7172	-0.0916151	-733.4929	-0.6009884	0.07137961	0.615	79.0	1138.7797753810883	7.162136962578732
159	737.626	213.98546	1115.702	400.71347	246.1	230.08945	71.25683	312.28534	-0.1487937	800000	1.5436113e-08	1390.7445	-0.09267128	-833.0364	-0.6061141	0.026203437	0.5694	79.0	1145.7845785617828	7.161153630912304
160	749.38885	171.46417	1092.4836	453.46176	246.25	215.68527	67.8397	306.56674	4.4269357	805000	-2.2567063e-08	1241.1346	-0.094023824	-698.7301	-0.61275345	0.06890486	0.6318	79.0	1152.7981221675873	7.160236794015636
161	763.74084	213.97752	1223.5435	484.31488	243.15	217.1868	71.24548	313.66214	1.1683416	810000	3.2034517e-08	872.0127	-0.10511569	-528.5053	-0.6213042	0.0874082	0.645	79.0	1160.0077834129333	7.160541883221379
162	690.09216	160.15947	1118.2124	441.75403	225.27272	225.71284	72.82281	325.6959	5.1384873	815000	4.592538e-09	1718.9026	-0.096931994	-1081.6282	-0.63153493	0.047599774	0.5918	79.0	1167.418389081955	7.162076016876595
163	720.9712	188.12872	1177.9293	477.98822	234.0	214.6761	69.202675	305.1314	0.6222304	820000	3.902018e-08	783.277	-0.10973033	-413.09607	-0.64330804	0.07870246	0.6484	79.0	1174.6069440841675	7.162237475558025
164	750.94226	256.29153	1419.849	89.303696	241.35	220.06055	69.11325	307.49133	-1.3760995	825000	1.7297268e-08	1673.2108	-0.08584456	-1034.1254	-0.6572346	0.06972087	0.6076	79.0	1181.7926778793335	7.162379877495043
165	732.50964	207.79253	1020.44586	87.024796	234.7619	221.16638	74.25174	322.12006	-6.421008	830000	-9.627948e-08	1278.5754	-0.08245244	-759.3291	-0.66640526	0.086515024	0.6384	79.0	1189.1639304161072	7.163638146526842
166	760.67566	210.93883	1185.4822	482.87888	246.15	226.29712	71.36511	327.88138	1.7230597	835000	6.0600044e-08	956.0129	-0.10399204	-449.03394	-0.67537314	0.06204751	0.6174	79.0	1195.958114862442	7.161425847493246
167	715.75165	156.42088	987.5591	406.57053	232.95238	225.42892	74.15253	319.44592	-5.115331	840000	-6.484986e-08	1089.9835	-0.09645335	-591.2876	-0.6809675	0.03932537	0.5882	79.0	1203.0759131908417	7.16116616271791
168	690.9554	245.22299	1204.9226	89.359886	225.5238	216.7561	69.250114	312.34518	-4.40023	845000	3.400445e-08	1324.1772	-0.09856173	-629.13306	-0.69378287	0.056079138	0.6318	79.0	1210.200118303299	7.160947456867738
169	749.08386	170.93813	1047.347	449.03583	243.0	220.25375	73.502235	315.5907	-34.079025	850000	2.7537346e-09	891.9564	-0.08879236	-602.08484	-0.70439243	0.09407796	0.6376	79.0	1217.386492729187	7.1610970258712765
170	828.12634	246.01326	1405.9695	433.91974	261.05264	220.65213	71.28623	320.85724	3.2939844	855000	7.199049e-08	1007.3653	-0.10507833	-584.15814	-0.70983535	0.09656731	0.6486	79.0	1224.45055103302	7.160529549358881
171	797.61615	164.39452	1111.2578	471.33438	252.47368	233.8123	73.05054	326.3591	-1.2385285	860000	1.1348725e-08	633.9208	-0.10359229	-320.37708	-0.7180308	0.0658843	0.6366	79.0	1231.6522898674011	7.160769138225289
172	789.1588	189.85472	1154.7345	475.1231	248.45	230.6451	72.16495	316.22754	-2.6057725	865000	3.1590833e-08	843.9925	-0.099520765	-369.3535	-0.729304	0.086170495	0.635	79.0	1238.562120437622	7.1593186290277915
173	738.6012	157.00336	1052.1991	357.19363	239.1	231.8441	72.74165	314.3584	-2.5231824	870000	1.1723488e-07	1432.5233	-0.09161699	-947.5233	-0.7427818	0.051525127	0.6032	79.0	1245.5371987819672	7.158259771336084
174	833.5342	228.15863	1315.0917	372.93536	266.66666	221.97	68.63945	311.9271	-6.5800214	875000	-1.3068319e-07	1327.3743	-0.09671979	-773.7525	-0.7580885	0.09291509	0.6536	79.0	1252.5953500270844	7.157687723977225
175	800.3083	241.08086	1178.7592	54.325382	265.66666	229.70265	65.44329	318.76407	5.3344307	880000	7.545948e-08	1171.8477	-0.09234382	-644.4408	-0.7674933	0.04902529	0.6164	79.0	1259.5260105133057	7.1563977991992775
176	765.9335	142.3946	1144.6245	481.79373	246.95	228.01315	74.50518	325.84985	-1.9105535	885000	2.6911497e-08	726.74927	-0.10154661	-460.19855	-0.7781176	0.05641462	0.6244	79.0	1266.8628268241882	7.157417108783614
177	789.68823	245.23721	1223.5145	66.58035	258.57895	221.39275	69.38527	314.63992	2.4718602	890000	5.0801038e-08	1145.1027	-0.09334966	-572.68567	-0.7880924	0.068299085	0.6428	79.0	1273.752111196518	7.155910746435101
178	910.1193	236.07124	1587.0233	657.9795	298.625	231.4298	68.06533	327.83295	2.5545917	895000	-8.9496375e-08	556.4094	-0.10181393	-353.98676	-0.79274154	0.085013285	0.6454	79.0	1281.4371831417084	7.158866958245219
179	839.9663	158.3394	1105.8768	471.16373	274.82352	229.12605	70.17921	318.28586	3.6763952	900000	-2.6020407e-08	1709.9382	-0.08757239	-1163.5846	-0.80432916	0.043038923	0.6096	79.0	1288.908433675766	7.160602419906192
180	820.41785	145.61598	1085.7587	532.2029	261.8421	230.8868	70.45846	323.18423	-4.7366176	905000	9.661615e-08	652.3397	-0.10846613	-408.2288	-0.81317186	0.076040804	0.6588	79.0	1296.2259483337402	7.161469335714098
181	873.8506	121.38795	1089.4636	718.3205	284.94116	229.58597	70.19534	324.85306	-4.977891	910000	4.4989587e-08	824.0436	-0.09758208	-522.3672	-0.8281731	0.10540517	0.6582	79.0	1303.1557474136353	7.160196424840571
182	827.2968	171.13823	1114.3823	384.16138	273.5	230.25908	69.37689	326.68286	1.6603397	915000	3.4555794e-09	952.3304	-0.09277301	-561.16504	-0.8372293	0.06529243	0.6348	79.0	1310.8622958660126	7.163181955045689
183	865.2768	153.82402	1241.9042	689.20734	283.94116	228.43715	67.789894	315.62796	4.4895306	920000	2.1636486e-08	782.31836	-0.09978036	-441.70908	-0.8468505	0.0875274	0.6322	79.0	1317.8806908130646	7.162395066541174
184	848.40424	191.75882	1264.6467	562.3464	274.44446	230.1066	69.956314	321.26657	-11.464484	925000	3.7874187e-08	777.0881	-0.10509932	-518.05005	-0.84549785	0.091069356	0.6612	79.0	1325.1006197929382	7.162706063244794
185	841.3741	238.88782	1365.0365	410.65466	273.94446	227.54195	71.42232	318.873	-8.871587	930000	-5.7494642e-08	983.1465	-0.09860566	-515.0022	-0.8547342	0.07933474	0.629	79.0	1331.921175956726	7.160866546374495
186	881.9637	220.07835	1368.1038	592.15515	279.29413	232.86035	68.493286	323.60776	-5.494743	935000	6.331205e-08	980.1079	-0.10611243	-593.9358	-0.8671057	0.08818037	0.6562	79.0	1339.2672173976898	7.161856785177547
187	792.27423	329.88828	1579.7814	76.97636	258.78946	234.70528	72.28684	328.93808	2.3959422	940000	5.863607e-08	1950.8258	-0.08136876	-1238.8555	-0.8727491	0.040516686	0.6286	79.0	1346.0068163871765	7.159610734340992
188	836.40356	195.93024	1173.3783	418.98505	276.27777	231.84924	68.11997	326.37405	-16.552595	945000	1.6254187e-08	1824.0004	-0.09863058	-1265.9149	-0.88342357	0.068893746	0.6432	79.0	1353.2103230953217	7.159842990693592
189	818.48486	237.64272	1150.8315	50.684723	259.73685	225.33913	69.09703	333.84653	-4.624263	950000	8.6173415e-08	1345.7426	-0.098577805	-817.64667	-0.8967953	0.07285082	0.6544	79.0	1360.2036216259003	7.158966439648679
190	835.96735	234.43402	1486.4801	476.79822	272.88235	229.8138	72.10748	332.49188	0.09552437	955000	1.5485286e-08	757.1894	-0.10239911	-450.58896	-0.9082988	0.094194576	0.668	79.0	1367.6167540550232	7.16029715038719
191	851.1486	255.71654	1448.8398	400.5933	267.5	231.16713	71.50906	322.54553	-10.970913	960000	-3.356226e-08	1294.6105	-0.10325904	-756.817	-0.9180551	0.07339106	0.6622	79.0	1374.713348865509	7.159965368608634
192	796.0271	180.77315	1397.2856	540.23254	250.42105	238.53835	71.51895	337.0414	0.1918028	965000	-1.2621955e-07	1014.5714	-0.09855944	-727.40576	-0.92880625	0.10886844	0.6722	79.0	1381.4434463977814	7.1577380728845155
193	866.0606	138.92807	1163.9294	575.8473	281.58823	230.04346	70.90634	324.2631	-0.0069895387	970000	3.5266577e-08	1129.1237	-0.08562724	-800.198	-0.93839705	0.0719223	0.6318	79.0	1388.2206058502197	7.155776326189336
194	739.59973	232.56436	1112.8302	84.68373	234.2	231.70807	70.96642	329.3056	2.1502209	975000	-3.528893e-08	1439.7213	-0.095100485	-853.4554	-0.9436165	0.06350058	0.6656	79.0	1395.3316106796265	7.155546732437917
195	778.764	252.98749	1355.481	71.79038	245.85	229.0682	72.69237	332.78333	6.989616	980000	6.0741606e-08	1335.6375	-0.09754253	-742.5807	-0.9563257	0.07604768	0.6664	79.0	1402.7055022716522	7.15666073803999
196	776.6106	192.86731	1374.6604	437.6835	244.05	227.06198	74.17073	331.14648	5.1844883	985000	2.05338e-08	748.5723	-0.10425339	-462.82138	-0.9654748	0.11677521	0.6898	79.0	1409.8190262317657	7.156441769624119
197	777.0956	138.45377	1099.1632	565.02356	248.4	234.45343	74.22889	331.37827	-19.831953	990000	1.283884e-08	974.6385	-0.09554412	-615.3801	-0.97339886	0.07509479	0.6484	79.0	1416.8731186389923	7.155924850040012
198	846.482	186.14937	1216.419	582.99316	264.16666	224.80725	70.860916	319.94104	-1.9365808	995000	3.8930775e-08	936.8853	-0.1004352	-556.1339	-0.9814556	0.14095622	0.7054	79.0	1423.88796377182	7.155215904341271
199	887.1074	196.31473	1281.4861	491.37683	276.1111	233.1076	73.83374	330.24457	-3.897942	1000000	-1.9788741e-08	656.8942	-0.0847015	-403.8713	-0.99172133	0.15101378	0.6808	68.0	1430.6607851982117	7.153303935527801
