Epoch	AverageEpRet	StdEpRet	MaxEpRet	MinEpRet	AverageTestEpRet	StdTestEpRet	MaxTestEpRet	MinTestEpRet	EpLen	TestEpLen	Time Steps	AverageQ1Vals	StdQ1Vals	MaxQ1Vals	MinQ1Vals	AverageQ2Vals	StdQ2Vals	MaxQ2Vals	MinQ2Vals	LossPi	LossQ	Time	AVG Time Per Epoch
1	19.59863	22.576963	215.91055	4.4959774	39.163643	1.0413688	40.39898	37.02845	22.372198	22.3	4999	4.410531	3.089137	27.603525	-3.9269526	4.410388	3.0880797	27.143147	-4.209604	-5.255227	0.2612284	16.821759462356567	16.821762084960938
2	20.48509	21.603577	154.91873	4.5697603	38.97359	0.6128168	40.179916	38.409462	23.85238	22.2	9999	17.136702	8.272445	71.49851	-40.714417	17.13618	8.273725	71.673706	-37.41651	-20.05403	3.5450046	37.622039556503296	18.811021089553833
3	39.26171	0.99462575	41.837452	36.92526	38.976097	1.0500029	40.55451	37.042397	22.399103	22.2	14999	38.172287	14.242072	109.17988	-64.73349	38.172592	14.23441	109.38038	-61.99557	-42.01953	12.5226145	60.02814769744873	20.0093834400177
4	48.175846	56.379894	628.104	9.659629	965.9954	4.775806	969.0068	952.7914	34.24286	997.6	19999	44.413677	18.975395	109.91363	-69.65382	44.41557	18.966461	110.85818	-71.232574	-47.091267	8.042375	86.5577826499939	21.639446318149567
5	851.225	258.9143	987.7639	333.54462	620.7178	464.80484	1002.55676	49.89678	873.2	620.2	24999	54.002846	16.022285	99.88543	-59.245518	54.003513	15.996969	99.27832	-53.64695	-58.931812	25.32663	111.60753083229065	22.321506595611574
6	428.93848	241.40341	1013.60046	172.45224	321.0682	4.095315	328.65652	314.3533	322.27777	162.9	29999	66.34444	14.454744	142.2181	-84.42618	66.34654	14.422294	140.97577	-71.17819	-71.567116	34.586155	134.57500171661377	22.42916735013326
7	160.12103	134.66937	335.38736	16.82808	257.83295	4.2641926	266.07874	253.78409	75.969696	113.5	34999	80.35769	19.964352	162.98662	-84.706825	80.362206	19.93726	163.1149	-66.43939	-86.40999	40.112526	157.31587076187134	22.47369612966265
8	275.02362	61.870956	319.74597	16.008812	294.60748	2.0208218	297.06372	291.20715	124.875	129.4	39999	92.03866	24.23949	185.41939	-78.53084	92.04343	24.219995	184.49684	-81.01966	-97.973656	43.471195	179.96551513671875	22.4956896007061
9	256.0911	116.954445	342.45926	9.531596	255.93738	1.4127502	257.7695	253.5221	113.65909	116.3	44999	103.47492	28.783451	189.22974	-112.108795	103.480225	28.758307	194.92879	-96.658615	-110.0294	43.77275	202.9388198852539	22.548758029937744
10	316.67426	24.37852	336.97836	221.68361	319.48514	0.94501615	320.86255	318.02484	139.72223	141.6	49999	117.27384	33.203526	204.18427	-134.88303	117.27897	33.188377	214.38138	-111.1248	-124.174576	49.03862	225.65585207939148	22.56558539867401
11	325.96912	7.4053583	346.00845	309.83734	328.50693	2.2196603	332.32883	324.62943	143.41176	146.1	54999	125.8382	37.36986	207.89987	-89.15189	125.84352	37.352867	214.96017	-83.41579	-132.19556	47.217224	248.2702603340149	22.570023840123955
12	336.465	57.764683	388.96964	20.649403	353.3034	2.006588	355.7052	348.99493	153.42424	156.6	59999	130.99985	40.778698	208.1671	-96.61373	131.0049	40.760323	213.05887	-97.099075	-136.97255	46.135033	270.98946809768677	22.58245583375295
13	318.91785	85.60433	385.31317	22.538618	314.90375	2.302857	318.3939	311.4214	130.89473	132.4	64999	133.4598	43.66088	204.86824	-139.4109	133.46518	43.64759	204.95723	-122.42271	-139.22667	44.7532	293.60540413856506	22.585031252640945
14	319.08926	70.924644	353.57584	24.029198	350.5552	5.9673595	364.39636	341.992	137.59459	169.5	69999	135.351	45.330585	203.6866	-128.9999	135.35504	45.324547	205.10109	-108.35994	-140.79903	44.008354	316.41850876808167	22.601322208132064
15	355.9526	18.071274	408.18915	327.97876	363.636	3.4719322	370.14374	360.68494	167.72414	173.3	74999	136.41039	46.344852	202.61635	-119.90205	136.41463	46.337353	200.2028	-106.61241	-141.5447	42.93477	339.45305824279785	22.630204010009766
16	368.09375	13.51493	406.27087	340.3141	332.85574	1.307002	335.529	330.90988	176.78572	148.1	79999	136.57657	46.700756	197.92725	-133.74902	136.58044	46.693237	195.3981	-116.41302	-141.18617	38.723526	362.24118399620056	22.640074133872986
17	351.24707	21.168003	403.98303	317.85587	340.49884	9.8328285	362.22366	329.7864	167.32259	153.2	84999	135.32903	46.411797	192.17337	-140.03935	135.33197	46.40515	193.71065	-136.43877	-139.90022	35.83166	384.88631796836853	22.640371743370505
18	330.48022	10.303011	370.23557	308.59973	325.95453	2.6035376	331.11725	321.93567	134.59459	134.5	89999	133.74881	46.114635	190.53732	-168.7447	133.7519	46.107796	190.64253	-142.87625	-138.1393	33.46195	407.52602219581604	22.64033473862542
19	322.53442	6.0544133	333.8001	303.34778	339.3189	1.8977976	341.65317	334.64615	135.08109	151.7	94999	131.83582	45.778507	185.55656	-120.2381	131.8381	45.771996	187.72421	-109.997505	-135.61769	30.805344	430.174613237381	22.640769305982086
20	353.9456	23.220682	442.44193	326.14	427.70215	21.427074	447.1834	390.53592	163.83333	249.7	99999	130.44513	45.295795	182.55121	-144.48871	130.4475	45.2897	186.94914	-127.67603	-134.19116	28.223372	453.45253562927246	22.672627639770507
21	359.9927	158.56082	910.4065	101.13731	330.4124	1.7838515	333.99704	328.5535	185.55556	126.2	104999	129.58232	44.759247	179.99814	-143.5486	129.58525	44.755714	183.79814	-106.615265	-132.8798	28.57115	476.0838544368744	22.670659837268648
22	334.6502	8.968566	352.78998	317.25864	319.0463	2.9154027	322.48697	312.79593	134.37837	134.8	109999	128.9705	44.37891	180.82133	-115.646996	128.97235	44.379955	181.90387	-97.86917	-131.86919	26.417944	498.67471837997437	22.667032729495656
23	355.29227	126.03561	1027.1874	267.40408	337.69083	3.0774868	344.09927	333.347	167.3	143.7	114999	128.13808	44.16864	178.49252	-115.2527	128.14072	44.16259	179.1777	-99.60036	-130.80754	27.544079	521.0219140052795	22.65312677880992
24	387.5729	138.42921	1113.782	328.63824	381.27985	3.5180955	388.15668	376.00488	174.6207	181.8	119999	127.72609	43.794586	177.82007	-108.923256	127.728	43.79112	178.03415	-105.60288	-130.59483	24.34798	543.7996687889099	22.658319622278214
25	359.7561	31.82996	410.08792	261.50058	378.97113	7.7544193	388.11832	362.5523	152.09091	155.9	124999	127.796135	43.885227	179.97346	-134.8681	127.798225	43.881466	180.39326	-124.561905	-130.48859	24.005203	566.5524008274078	22.662096128463745
26	392.84903	48.153015	519.45197	257.04004	397.3863	8.26526	412.12497	386.36108	156.90323	166.7	129999	127.92206	44.047333	206.00546	-81.10145	127.924576	44.042164	199.21999	-77.78356	-130.48964	23.535488	589.2372057437897	22.662969534213726
27	389.86426	157.82576	757.8811	125.976135	176.31212	78.74326	337.2595	122.35451	165.90323	102.5	134999	128.75613	43.894165	227.30884	-102.19239	128.75822	43.89192	236.21375	-76.59435	-131.53854	25.488255	611.6233961582184	22.65271845570317
28	355.90506	163.31714	809.9839	129.7882	574.7875	31.193611	616.62836	509.46	159.41936	233.2	139999	130.62074	43.531567	223.19667	-66.410576	130.62195	43.530148	228.6699	-64.40125	-133.3246	29.14361	634.593921661377	22.664068698883057
29	403.72125	217.29973	705.9901	66.34194	790.60974	58.598686	896.394	698.8849	158.375	258.1	144999	132.05774	43.489624	209.04716	-79.4336	132.05894	43.487877	207.90858	-83.48494	-134.6629	30.05879	657.7518048286438	22.681096783999738
30	477.13245	122.51446	737.2237	265.41235	406.92697	1.1524433	408.92325	405.10562	168.2069	139.3	149999	134.10199	43.850548	207.8469	-85.94833	134.1039	43.84592	205.21193	-64.59058	-136.88919	29.997759	680.6245160102844	22.687483930587767
31	415.6629	47.293526	509.84097	298.04706	414.61978	2.5179682	418.32233	408.06152	140.44444	140.0	154999	135.94983	44.38008	217.05894	-76.147156	135.95097	44.38174	214.12703	-66.571526	-138.44124	31.038382	703.2735967636108	22.686245126108968
32	340.4055	181.74638	794.21826	20.925535	264.64377	5.674028	274.68344	257.82358	130.6579	124.5	159999	137.96185	45.550823	216.29477	-85.38434	137.96289	45.551464	213.96213	-100.193054	-140.55215	32.179893	725.8903248310089	22.684072703123093
33	350.65808	137.41393	684.3128	105.087204	648.8098	19.000965	687.5402	622.1049	139.91667	201.8	164999	141.54073	47.366047	237.78705	-73.88886	141.54224	47.364582	229.0229	-60.26737	-144.3675	34.716618	748.7611811161041	22.68973281889251
34	463.01556	245.85777	926.6015	84.676125	243.15596	4.4626985	249.61047	235.57196	181.11539	133.0	169999	145.45341	49.013103	226.33284	-74.65939	145.45514	49.011932	234.10507	-78.827675	-148.48842	36.252155	771.5743207931519	22.69336243236766
35	666.7397	353.83118	1955.3159	89.47527	737.8175	76.3123	832.5618	584.9792	243.13637	232.1	174999	148.82574	49.73282	231.00883	-69.459	148.8277	49.730965	234.9436	-74.61345	-151.80551	37.08371	794.5685091018677	22.70195745740618
36	660.12634	218.4174	1199.1392	324.52722	1026.4672	356.6761	1982.5371	707.2535	228.85715	339.0	179999	151.9127	50.38409	241.78496	-72.37481	151.91423	50.381454	245.25136	-85.43879	-154.96335	38.946983	818.2127780914307	22.728132790989346
37	848.7195	230.91196	1296.7476	517.18774	942.36475	292.7285	1603.197	714.7496	283.16666	317.3	184999	155.47823	50.520664	245.44429	-73.723114	155.47926	50.52029	249.66386	-92.388245	-158.547	40.8452	841.5973551273346	22.74587452733839
38	683.7259	343.82846	1613.9733	386.13766	1319.9948	282.36053	1904.9027	1079.5806	232.38095	405.7	189999	158.9997	50.769135	246.83794	-92.47646	159.00159	50.769695	246.23544	-72.697014	-162.01753	39.968662	865.255101442337	22.769871147055376
39	892.97675	253.99582	1394.8168	467.6204	794.94666	8.831532	807.5237	779.4324	289.5	247.5	194999	162.28604	50.882576	249.56119	-96.89325	162.28818	50.883667	250.72835	-83.878456	-165.29259	40.7726	888.5075159072876	22.78224405264243
40	662.10095	234.55847	1434.4232	275.14462	632.4582	9.141805	644.86395	616.62354	208.47826	195.2	199999	165.22998	52.120853	250.7031	-65.68275	165.23094	52.129345	256.1374	-98.73913	-168.16434	38.84932	911.4286885261536	22.785717260837554
41	645.6937	58.73196	850.23193	563.4303	642.02356	28.697386	701.1145	615.608	201.84	197.6	204999	168.04008	53.6559	264.24307	-115.47553	168.04176	53.66055	265.8838	-76.655754	-170.90195	40.304356	934.3399941921234	22.788780398485137
42	645.4232	61.05689	827.4682	552.6619	691.06506	14.256605	727.15027	674.2937	197.46153	211.2	209999	171.0851	55.55806	275.52036	-112.89284	171.08655	55.556564	272.44604	-125.990524	-173.86226	41.02241	957.4928348064423	22.79744849886213
43	631.1277	51.773945	769.12317	544.47833	666.30725	24.835049	696.87286	618.5027	192.8077	195.8	214999	173.91048	57.309776	282.90063	-97.00068	173.91342	57.312855	282.9202	-70.57882	-176.64162	42.891155	980.2591400146484	22.79672423074412
44	584.9967	60.186794	690.97046	511.66443	989.6883	216.84929	1270.54	724.9663	184.96297	302.3	219999	176.97491	58.921757	287.751	-87.443	176.97623	58.923035	285.13965	-81.70818	-179.86377	46.92669	1003.6645374298096	22.810557717626747
45	693.325	174.34808	1437.5652	485.407	699.2658	22.382935	756.5546	675.8074	218.86957	221.1	224999	180.24136	60.726418	296.73593	-93.92757	180.24353	60.72699	297.7502	-82.57326	-183.15643	45.748253	1026.6934497356415	22.81541003651089
46	915.94666	394.4215	2129.0027	621.676	2990.68	28.886826	3046.5278	2951.4297	287.0	1000.0	229999	184.06041	62.2953	299.8732	-84.510864	184.06119	62.29583	301.37943	-92.72619	-187.06195	48.440323	1052.9768323898315	22.890800745590873
47	1035.3347	220.77264	1450.4039	673.8733	1868.9531	778.67316	2969.48	856.4787	319.86667	615.0	234999	187.63234	63.429356	308.33572	-108.98211	187.63449	63.42457	311.97052	-111.866486	-190.41083	50.892326	1077.5085158348083	22.925713148522885
48	1184.8809	428.24637	2175.5728	778.8175	1383.811	590.18286	2802.847	799.8735	372.16666	493.0	239999	190.19879	64.42486	305.99786	-78.74514	190.19926	64.42802	314.28473	-91.88783	-193.03864	50.57561	1101.5842673778534	22.949672276775043
49	1273.6516	803.2094	2849.3975	70.70302	687.24023	323.95953	995.8731	58.28395	438.23077	208.3	244999	192.79741	64.916695	302.38522	-112.24308	192.79839	64.9211	307.58658	-97.728386	-195.72021	51.90676	1124.611795425415	22.95126117978777
50	1036.2144	290.04358	1596.5159	696.8569	450.4378	194.02922	580.3017	62.331852	330.2	178.1	249999	194.54512	66.03109	300.3449	-88.30639	194.54614	66.02993	306.46817	-88.32089	-197.45195	47.960762	1147.3180422782898	22.946360883712767
51	830.2079	402.96933	1548.4794	57.875546	1696.4332	599.37775	2728.987	1036.0063	258.25	597.9	254999	196.18102	66.391304	299.0748	-93.37969	196.18207	66.39088	303.7921	-76.5068	-199.0572	49.455574	1171.7084243297577	22.974675024256985
52	1173.0236	541.5017	2200.202	67.244896	1352.1682	193.46783	1773.1237	1179.1882	354.07693	399.6	259999	197.73903	66.74958	299.2925	-120.30211	197.74117	66.74733	298.50363	-94.559265	-200.61351	49.079094	1198.0591342449188	23.03959877674396
53	903.059	615.70264	2484.2673	52.293625	668.13635	61.031723	801.4713	621.7026	285.3158	235.9	264999	199.24336	66.62883	297.32776	-110.47152	199.24425	66.63189	297.34714	-125.77519	-201.96446	52.07453	1222.3689692020416	23.06356549712847
54	1096.4208	595.04083	2628.4866	58.63639	2056.4775	804.0733	3189.5288	1076.38	335.7143	635.3	269999	200.71101	66.83534	301.46695	-81.62062	200.71207	66.8386	299.3821	-81.13127	-203.26898	49.797333	1250.5070042610168	23.157537160096346
55	1287.2035	623.0183	3033.524	606.6811	1556.2603	661.2141	2954.9495	1032.0449	401.75	505.6	274999	202.39293	66.95067	302.32486	-87.119835	202.39334	66.955894	299.868	-99.48055	-205.27382	54.59082	1275.9910278320312	23.199836904352363
56	1522.7864	838.26605	3060.127	694.5837	2957.6094	6.840721	2970.9314	2951.151	486.27274	1000.0	279999	204.20885	67.21323	299.24588	-81.61813	204.20947	67.216805	297.77377	-100.38914	-207.04689	54.02891	1303.1370468139648	23.270304449966975
57	1681.3746	838.1329	3004.529	638.8576	2194.8538	679.8906	3117.8335	1281.0781	552.0	693.2	284999	206.20387	67.64664	296.9674	-148.93567	206.20483	67.64887	295.60773	-148.21889	-208.89299	51.343376	1329.2296152114868	23.31981785255566
58	2142.845	830.8032	3111.181	799.08154	2895.4595	303.70822	3103.8953	2286.5798	699.0	939.3	289999	207.95148	67.81086	294.50345	-75.59783	207.95215	67.81602	296.81177	-127.25814	-210.3546	52.336143	1357.5445742607117	23.4059409725255
59	2309.1438	639.3632	3009.5947	1191.204	2632.1	639.83044	3135.3684	1293.7334	755.5714	836.4	294999	209.1377	67.67832	293.1842	-92.06914	209.13803	67.67878	298.49872	-83.04205	-211.72728	51.124863	1384.4130992889404	23.464628841917392
60	1429.8784	567.0636	2728.7957	610.4842	2806.263	319.69202	2960.4421	1851.2429	470.6	958.9	299999	210.10306	67.49088	294.71075	-92.32583	210.1035	67.49573	301.0141	-105.178696	-212.81018	50.61403	1412.064348936081	23.534405851364134
61	2012.0784	701.3809	2894.6033	887.90393	832.81854	199.1029	1310.5034	684.1473	686.7143	274.8	304999	210.70486	67.58981	297.12506	-144.78355	210.70522	67.59572	303.0102	-110.8568	-213.19562	54.664574	1436.3016409873962	23.5459285759535
62	2048.4177	870.007	3011.565	893.57056	2707.1167	418.07748	2918.07	1647.3452	680.625	927.0	309999	212.01021	67.081764	295.1402	-131.08878	212.01033	67.083534	299.75858	-98.039444	-214.56248	51.351093	1465.112199306488	23.630841958907343
63	1841.0027	867.43536	2961.4465	709.7659	2276.7573	821.76	3063.7488	1010.50037	613.625	734.0	314999	213.23836	66.78735	293.47314	-103.2973	213.23901	66.78796	296.14853	-87.65308	-215.53775	50.999878	1492.3081049919128	23.687430272026667
64	1702.123	903.43604	3017.0845	967.20044	2834.7695	12.654878	2864.613	2818.4956	552.1111	1000.0	319999	213.98253	66.7022	291.2968	-94.75155	213.98285	66.70431	291.07147	-146.99844	-216.23892	52.91625	1519.8888494968414	23.74826330691576
65	2611.3467	519.3449	3019.4836	1625.196	2968.7385	13.956931	2995.8125	2945.0164	848.6667	1000.0	324999	215.03062	66.48688	297.07315	-93.138374	215.03125	66.48853	289.28543	-117.94712	-217.33916	49.438347	1547.5001573562622	23.807694757901704
66	2833.7485	249.24495	3071.064	2376.5857	3100.0327	18.20065	3127.5325	3074.0059	937.8	1000.0	329999	216.11035	66.12069	294.17532	-152.67229	216.1106	66.12406	292.51343	-115.56739	-218.51353	49.191063	1576.1331927776337	23.880805987300295
67	2269.613	837.0478	3059.5374	1183.9811	2833.7544	559.4664	3147.768	1465.7129	742.8571	909.2	334999	216.92812	65.98605	293.2683	-100.754265	216.9282	65.99091	292.95786	-94.19619	-219.45839	48.066673	1603.8362407684326	23.937854364736758
68	3038.7441	31.470732	3077.3943	3000.725	3163.3025	23.209467	3211.0981	3131.451	1000.0	1000.0	339999	217.79565	66.101585	293.4634	-91.6855	217.79517	66.10881	294.77228	-77.01738	-220.10863	48.21836	1630.4617156982422	23.977378203588373
69	2852.6443	300.78302	3129.4836	2446.9097	3136.1875	4.385074	3142.544	3128.6418	919.2	1000.0	344999	218.68835	66.15751	303.9871	-63.51049	218.68903	66.161446	294.05176	-78.46138	-221.29915	47.439766	1656.7208049297333	24.010446482810423
70	2412.5483	833.06366	3060.977	1136.9686	3060.9705	10.985294	3081.558	3047.3691	792.5	1000.0	349999	220.08675	66.05455	293.39145	-97.65706	220.08673	66.058624	293.23422	-80.26586	-222.45023	45.132973	1682.832410812378	24.040463038853236
71	2678.2344	760.9914	3052.265	976.9927	3049.6414	10.731033	3063.3293	3029.1357	884.6667	1000.0	354999	221.4282	65.8748	292.96335	-133.82446	221.42867	65.87719	294.43155	-87.951584	-223.62007	46.329666	1709.1564168930054	24.072625616906393
72	3070.7085	38.356327	3103.9062	3007.2664	3111.8354	6.1716514	3120.882	3101.7798	1000.0	1000.0	359999	222.86394	65.97833	296.16757	-133.86278	222.86444	65.97638	295.80814	-112.515175	-225.10764	42.816837	1735.133644104004	24.09907842013571
73	3085.6812	11.14312	3101.1523	3066.8765	3175.9526	3.316922	3181.8545	3171.323	1000.0	1000.0	364999	223.95177	66.19672	301.23615	-112.08511	223.95126	66.202324	294.77383	-119.86185	-226.1493	43.511555	1761.3754987716675	24.128431516150904
74	2850.7786	631.62744	3165.2454	1440.336	3163.584	9.443076	3175.6082	3144.2803	908.6667	1000.0	369999	225.09279	66.278366	299.33954	-123.20074	225.0928	66.284355	295.74857	-138.37622	-227.69261	45.5761	1787.382453918457	24.153816970618994
75	3124.6177	9.858376	3139.2856	3108.5913	3186.2625	2.2450957	3190.575	3183.0981	1000.0	1000.0	374999	226.59781	66.11468	299.2954	-117.36986	226.59798	66.11474	297.6202	-102.618034	-229.06934	42.968063	1813.7139830589294	24.182853136062622
76	2131.9937	983.11847	3151.8633	836.18286	3290.0234	9.790625	3304.247	3276.5784	674.5714	1000.0	379999	227.91138	66.2355	298.50107	-95.60505	227.91078	66.24185	301.3836	-107.23066	-230.14934	44.53	1841.9946978092194	24.23677236782877
77	2440.628	997.4636	3167.1116	987.6276	3217.5547	3.7452395	3224.1611	3212.3247	771.8333	1000.0	384999	228.88622	66.33439	300.0585	-134.69907	228.88562	66.33973	297.23538	-102.61844	-230.87482	42.498	1870.466329574585	24.29177053872641
78	3153.5537	24.415459	3183.9187	3124.6843	3165.9263	12.635209	3183.9934	3137.6626	1000.0	1000.0	389999	230.05896	66.46496	298.08206	-147.63533	230.05956	66.4648	298.2627	-124.10652	-232.37158	42.454205	1896.828369140625	24.318312452389645
79	3181.3782	26.982317	3225.7766	3150.9785	3050.625	2.1395378	3053.2017	3046.62	1000.0	1000.0	394999	231.18568	66.41676	298.47464	-175.49052	231.18549	66.41911	300.56866	-129.52019	-233.37085	41.281586	1923.845556974411	24.352475434918947
80	2289.35	1025.5756	3259.5134	972.4906	3053.6665	21.226873	3090.4773	3015.1113	719.7143	1000.0	399999	231.67674	66.6353	299.22867	-152.38145	231.67691	66.64154	299.35373	-101.60453	-233.77512	43.5398	1950.7874495983124	24.384843146800996
81	3147.758	61.68645	3222.3828	3053.706	2738.7026	886.69556	3039.8247	78.64638	1000.0	904.7	404999	232.58234	66.4802	307.59326	-89.44905	232.58165	66.484955	301.68057	-93.552765	-234.87459	41.387993	1977.2863037586212	24.410942048202326
82	3131.452	31.444187	3166.4583	3080.906	3127.2148	5.6038637	3136.4307	3117.9375	1000.0	1000.0	409999	233.23979	66.707146	305.9283	-93.47347	233.24007	66.70833	302.14206	-107.233055	-235.23099	40.89141	2005.037246465683	24.451673763554272
83	3121.5288	24.496017	3161.5542	3096.22	3164.9968	5.4994626	3177.0745	3157.8289	1000.0	1000.0	414999	234.33038	66.5586	304.30402	-103.94814	234.33047	66.56195	304.13458	-87.239685	-236.36195	44.361565	2033.1953661441803	24.496329738433104
84	3204.1245	36.97142	3260.2493	3171.8179	3129.942	12.7348795	3149.36	3113.9292	1000.0	1000.0	419999	235.33296	66.43898	301.77924	-138.28339	235.33252	66.44506	302.12234	-103.7932	-237.49278	41.04566	2060.707565307617	24.532232945873623
85	3202.374	14.655925	3218.7207	3182.535	3232.104	14.082414	3251.683	3208.0176	1000.0	1000.0	424999	236.1199	66.38581	301.67038	-137.22981	236.11949	66.38557	302.8951	-102.033585	-238.29474	42.423237	2087.237750530243	24.55573826677659
86	3209.148	25.348244	3242.2651	3166.099	3300.2163	6.8376684	3313.6882	3289.1282	1000.0	1000.0	429999	237.08513	66.46686	302.2166	-105.545456	237.0856	66.466576	302.41675	-105.591034	-239.26736	39.385777	2113.6858711242676	24.577742712442266
87	2877.9307	851.5336	3309.0225	975.4869	3243.9014	8.132554	3258.8887	3232.1992	880.3333	1000.0	434999	238.34227	66.55322	314.2198	-76.21051	238.34198	66.55517	306.53552	-106.5265	-240.48303	41.378094	2139.8759274482727	24.5962750555455
88	2892.039	813.72314	3304.3237	1074.0155	3174.4873	7.2533445	3186.9082	3163.031	884.8333	1000.0	439999	239.63374	66.4451	301.76385	-164.97655	239.63348	66.44761	301.7828	-149.40434	-241.59143	35.888012	2166.1688611507416	24.615555264733054
89	2588.2368	888.3096	3228.1458	1236.7522	3158.1523	3.1134043	3161.4688	3151.1638	795.1667	1000.0	444999	239.99039	66.738335	303.14108	-195.70369	239.99059	66.739914	302.30145	-80.195564	-241.9893	37.870564	2192.580329656601	24.63573406251629
90	3210.4282	50.086494	3274.3784	3125.0378	2860.7502	881.37933	3311.2441	1039.6814	1000.0	862.9	449999	240.69221	66.97509	303.86334	-90.107506	240.69147	66.97245	304.57315	-124.00018	-242.56975	39.662342	2218.4170291423798	24.649078125423856
91	1890.9679	970.19666	3298.692	993.96857	2498.4646	1112.2351	3423.326	1006.30865	576.6667	732.8	454999	241.58102	67.13269	306.71222	-118.58605	241.58034	67.137505	302.95987	-130.07843	-243.85585	37.037704	2243.709433078766	24.656147639830035
92	666.82104	1087.622	3311.6035	11.441649	3308.8223	48.718033	3341.0159	3166.6223	206.13637	995.1	459999	242.89221	67.16207	309.23602	-111.95587	242.89287	67.16467	307.45483	-180.75554	-245.06223	38.45159	2270.1247296333313	24.675268823685855
93	3270.3716	38.972332	3323.4204	3222.3647	2627.008	1059.4143	3333.7869	940.6848	1000.0	791.5	464999	243.59947	67.35578	304.95474	-116.36409	243.59875	67.35975	304.38803	-113.44575	-245.74059	41.696945	2295.6001405715942	24.68387250233722
94	2227.045	1074.277	3324.1802	948.42236	3234.4185	10.944093	3249.6868	3210.3794	670.375	1000.0	469999	244.68376	67.50005	309.83777	-123.99929	244.68335	67.50197	307.92035	-115.531334	-246.93185	39.88287	2321.8748457431793	24.700796254137728
95	3266.5364	11.901929	3277.6536	3244.1238	3229.3953	4.221537	3234.1702	3219.7717	1000.0	1000.0	474999	245.9372	67.6959	308.28314	-91.37725	245.9372	67.69708	307.7594	-129.36098	-248.0175	39.47442	2348.259665250778	24.718522814700478
96	3223.4492	32.994553	3256.3582	3179.853	3134.322	433.59753	3301.7324	1834.208	1000.0	955.3	479999	247.02779	67.57392	309.86212	-126.66111	247.02728	67.57335	311.14557	-101.42687	-248.98677	38.20149	2374.8244681358337	24.737754898766678
97	3232.401	31.553896	3264.6167	3175.718	3121.7817	19.976837	3173.8335	3103.659	1000.0	1000.0	484999	247.48643	67.93876	311.36993	-85.444336	247.4865	67.93908	311.37573	-90.129196	-249.52948	39.32269	2401.5859892368317	24.75861846540392
98	2811.264	847.6277	3276.6328	945.4137	3025.1733	565.75684	3226.1533	1328.0562	867.8333	940.5	489999	248.18274	68.04277	311.61847	-124.24466	248.18285	68.0457	310.1619	-127.518776	-250.33972	39.936626	2427.897175550461	24.774460994467443
99	3314.8892	35.030968	3381.1787	3286.6133	3303.0652	11.241271	3316.3403	3273.394	1000.0	1000.0	494999	248.81677	68.02859	326.8443	-143.55522	248.81664	68.029	311.08606	-140.51787	-250.47968	38.34896	2454.4574592113495	24.792499612076114
100	2513.6743	1078.9739	3293.5012	925.52545	3138.5918	7.196583	3147.7017	3123.786	764.8333	1000.0	499999	249.52228	67.89955	323.218	-102.19821	249.52174	67.89896	312.3734	-94.53306	-251.59206	38.265247	2480.9343643188477	24.809343662261963
101	2958.3242	767.0578	3340.499	1244.5552	3337.3718	4.2630687	3343.2263	3329.8857	894.6667	1000.0	504999	250.53882	67.695656	313.79807	-120.71218	250.53879	67.70165	313.25397	-120.272	-252.4685	39.454994	2507.293276309967	24.82468592058314
102	2349.4146	1135.1466	3336.0137	982.5572	3226.5913	5.6988406	3236.1228	3217.948	704.5714	1000.0	509999	251.17493	67.59965	314.0402	-83.54676	251.17473	67.601616	315.3661	-113.84426	-253.3563	41.37174	2533.6228218078613	24.839439448188333
103	2855.65	922.9322	3351.3843	1010.3303	3351.2812	6.1767735	3361.355	3342.2065	857.4	1000.0	514999	251.88661	67.65093	314.9122	-180.9227	251.88596	67.65284	333.8417	-169.34589	-253.68874	37.8189	2560.6817779541016	24.860988156309407
104	2680.3464	995.2103	3348.2493	1019.0762	3182.8025	673.7402	3421.7825	1161.7241	805.4286	934.2	519999	253.14133	67.13964	315.2543	-125.784775	253.14072	67.1444	318.18497	-217.14233	-254.9843	36.732555	2586.80286860466	24.87310452415393
105	2124.3687	1074.7616	3315.7373	719.572	1930.5945	582.5414	3296.8093	1259.8783	640.625	593.4	524999	253.92326	67.245476	315.85645	-199.5935	253.92332	67.246704	323.09888	-153.55971	-255.86183	39.773388	2611.3619890213013	24.870114199320476
106	3290.8608	36.55056	3361.922	3265.6555	3304.4563	6.4297705	3317.6758	3294.5308	1000.0	1000.0	529999	254.86082	67.360146	320.02292	-144.92351	254.86034	67.361725	318.66647	-116.07038	-256.63422	41.01198	2637.7698559761047	24.88462130528576
107	3293.3745	13.373369	3318.9714	3281.663	2709.1772	978.1911	3358.919	1188.2864	1000.0	809.1	534999	255.67809	67.52623	319.06705	-124.49862	255.67789	67.52877	332.44177	-81.356964	-258.0272	36.8257	2663.4030957221985	24.89161773485558
108	1970.1973	1167.4194	3333.7102	921.1553	2427.6177	1044.8195	3292.074	1090.668	596.5714	737.3	539999	256.3614	67.86056	322.45242	-171.50256	256.36084	67.864624	319.21652	-126.26896	-258.1853	38.68611	2688.5962500572205	24.894409740412677
109	3309.7883	27.998875	3342.2883	3266.0996	3271.2778	6.3831406	3281.835	3262.1084	1000.0	1000.0	544999	257.1977	67.69747	319.0657	-130.62778	257.19595	67.70457	320.46057	-120.27756	-259.05585	33.72017	2715.1666934490204	24.909786200304644
110	2368.8618	1169.6371	3358.9944	208.88461	3301.1519	2.0186918	3304.2644	3297.176	719.0	1000.0	549999	257.9609	67.90384	321.9516	-109.98801	257.9614	67.90853	320.91995	-130.52794	-259.93625	37.71196	2741.5996050834656	24.923632788658143
111	2569.8665	1173.078	3328.0193	706.9215	3270.5498	5.6832466	3277.8325	3258.3735	778.4286	1000.0	554999	258.67868	67.85326	321.52304	-162.76088	258.67804	67.85769	321.97943	-157.21562	-260.3458	37.816338	2767.9392302036285	24.936389480625188
112	2911.2468	847.866	3321.2434	1015.7457	3320.5007	2.5466294	3325.1685	3315.9956	884.1667	1000.0	559999	259.45206	67.66777	320.2522	-196.517	259.45166	67.67325	320.17374	-145.3827	-261.4726	34.959	2794.4036722183228	24.950032802564756
113	3305.0952	6.7048693	3312.7207	3292.73	3315.7644	2.9788957	3321.8958	3311.941	1000.0	1000.0	564999	260.02966	67.78058	349.52158	-75.38667	260.02924	67.78079	321.7394	-116.87382	-261.9883	37.55781	2820.985647201538	24.964474772985003
114	2867.8022	838.26904	3304.1948	1191.4039	3271.292	2.2753966	3273.8425	3267.975	871.0	1000.0	569999	260.99762	67.46046	335.82452	-164.42776	260.9972	67.46589	351.97696	-169.62741	-262.90756	37.45278	2847.3532507419586	24.97678291797638
115	3300.093	13.061536	3323.8809	3288.6296	3345.7214	6.538949	3350.8843	3328.8284	1000.0	1000.0	574999	261.7577	67.777824	321.88428	-167.24312	261.75742	67.78218	324.79633	-183.38336	-263.4487	37.866737	2873.9777734279633	24.991111089872277
116	3283.3977	16.994417	3310.1133	3258.898	3298.5063	4.835569	3307.9805	3292.9575	1000.0	1000.0	579999	262.58252	67.92704	323.5784	-167.99829	262.58157	67.93861	322.77097	-179.84085	-264.36	35.23107	2900.397426843643	25.003426109922344
117	3322.0122	38.022316	3370.164	3267.8782	3374.9507	2.8051667	3378.7942	3369.3638	1000.0	1000.0	584999	263.1068	68.21609	325.27417	-109.72609	263.10617	68.218376	326.40552	-87.87099	-264.83664	36.20972	2926.7987105846405	25.015373613080406
118	3323.2454	17.85509	3348.5146	3302.8074	3372.22	4.381338	3377.0212	3360.9128	1000.0	1000.0	589999	263.75925	68.38768	326.00455	-104.31523	263.75925	68.39196	326.37137	-135.21048	-265.47232	36.41148	2953.329344034195	25.028214798135274
119	3252.2944	179.85051	3378.096	2896.477	3326.5808	1.7435466	3329.7205	3324.7683	975.2	1000.0	594999	264.79758	68.24297	329.6347	-286.6296	264.79666	68.25202	328.23682	-247.79247	-266.48883	36.201126	2979.75416636467	25.03995099187899
120	3360.274	21.37282	3392.8486	3334.1697	3426.759	3.6539276	3432.9463	3419.5007	1000.0	1000.0	599999	265.49258	68.25491	329.76785	-134.35992	265.49283	68.25643	330.66882	-176.2069	-267.21548	38.206833	3006.216557741165	25.051804663737617
121	3354.0906	14.82674	3372.016	3329.6938	3250.2666	5.9248176	3263.8635	3243.532	1000.0	1000.0	604999	266.6802	68.23784	328.62518	-203.23723	266.67987	68.23912	330.0561	-247.99162	-268.5243	35.78165	3032.4914236068726	25.06191260755555
122	3351.6184	24.164438	3385.762	3325.7676	3425.455	3.6557763	3433.676	3420.9607	1000.0	1000.0	609999	267.31052	68.34088	331.58875	-234.54213	267.31085	68.34235	330.88318	-295.731	-269.19058	38.005196	3058.6392748355865	25.0708137457488
123	3364.4644	9.034408	3381.444	3356.0134	3385.175	8.465702	3398.734	3376.56	1000.0	1000.0	614999	267.78253	68.584236	331.80658	-257.31802	267.78137	68.58515	342.1285	-238.07593	-269.43036	37.533325	3084.872419834137	25.080263591394193
124	3357.6587	3.7822862	3363.13	3353.032	3414.778	4.0823755	3421.78	3409.9226	1000.0	1000.0	619999	268.1594	68.68775	340.2103	-129.59184	268.1597	68.684975	333.9171	-111.218285	-269.7399	35.693993	3111.2258579730988	25.090531129990854
125	3366.3462	6.710035	3376.9128	3358.5132	3441.166	4.2738447	3449.4827	3435.297	1000.0	1000.0	624999	268.78757	68.89236	347.7496	-166.27696	268.78662	68.89871	360.88235	-143.61377	-270.59943	34.220196	3137.612094640732	25.100896772384644
126	3380.741	12.357291	3395.3467	3363.7134	3376.7363	4.4258976	3383.226	3369.7708	1000.0	1000.0	629999	269.3247	68.88945	340.79413	-134.06964	269.32407	68.894516	335.57416	-101.73741	-271.05078	36.051308	3163.995049715042	25.11107183827294
127	3383.813	22.546684	3407.1248	3353.2087	3363.3647	2.9020882	3367.9736	3357.5833	1000.0	1000.0	634999	269.6917	69.11723	334.01953	-102.5966	269.69153	69.12168	333.38666	-164.26804	-271.5653	35.878002	3190.6569499969482	25.123283087737917
128	3385.2427	17.487007	3410.9531	3358.3762	3408.9668	2.4361005	3412.126	3403.7917	1000.0	1000.0	639999	270.241	69.24702	334.11816	-203.39796	270.2405	69.254776	336.35153	-213.76234	-272.1544	35.501617	3218.8073670864105	25.146932570263743
129	2857.914	1098.4207	3358.9624	401.82706	3367.5144	1.1904932	3369.6687	3365.9124	859.5	1000.0	644999	271.0108	69.12186	339.46347	-191.56403	271.01062	69.126015	335.94733	-208.81894	-272.75537	33.649414	3246.258754014969	25.164796557537343
130	3320.3716	74.258514	3374.8296	3173.308	3422.6882	2.5620546	3427.4155	3419.0254	989.8	1000.0	649999	271.61877	69.02407	336.5614	-105.424965	271.6187	69.02468	340.83722	-103.61344	-273.07605	35.383633	3271.831268787384	25.167932849663956
131	3353.4297	16.226969	3373.9907	3325.7607	3378.6606	2.392603	3382.9202	3375.1052	1000.0	1000.0	654999	272.44955	69.20524	337.77896	-132.05064	272.4493	69.20984	339.75275	-154.91252	-274.19614	36.084408	3298.079255104065	25.176177536258262
132	3356.795	10.57589	3373.8994	3345.1736	3445.0269	2.4417865	3447.93	3440.4333	1000.0	1000.0	659999	273.01083	69.53077	338.66766	-220.08644	273.0105	69.53409	337.33463	-218.16278	-274.66534	33.234444	3324.320098400116	25.18424318234126
133	3367.0425	21.003893	3384.5999	3326.0122	3392.7993	8.190331	3402.5742	3372.044	1000.0	1000.0	664999	274.02307	69.29427	339.77936	-177.11108	274.02237	69.30086	340.9126	-213.05884	-275.67404	33.47434	3350.0182778835297	25.18810736864133
134	3369.19	16.77132	3395.502	3344.447	3392.5593	1.7924016	3394.9363	3389.3257	1000.0	1000.0	669999	274.499	69.591034	338.5432	-130.88913	274.4984	69.598915	336.49396	-98.03293	-276.25607	33.7788	3375.959532022476	25.193727865147945
135	2988.332	819.60785	3371.264	1155.7812	3335.1511	2.8446472	3340.834	3331.802	888.6667	1000.0	674999	275.59924	69.39186	339.34634	-105.90362	275.59958	69.3918	342.16248	-129.5791	-277.3382	34.089584	3402.4099276065826	25.203036514918008
136	3373.261	18.678516	3388.7144	3338.5837	3127.7432	704.62915	3389.1003	1014.6939	1000.0	931.2	679999	276.44305	69.423836	338.81754	-223.14384	276.44278	69.422516	341.25824	-221.99432	-278.0268	35.29042	3429.721220254898	25.218538398251813
137	3376.429	13.957518	3395.4993	3355.3647	3432.9219	2.3967688	3437.5107	3428.7905	1000.0	1000.0	684999	276.99493	69.69369	341.3582	-227.16322	276.9944	69.69789	339.92245	-234.0403	-278.59674	31.590775	3455.98047208786	25.22613484842064
138	3367.6353	23.518818	3393.8987	3329.1353	3340.2527	3.7754982	3345.2014	3331.514	1000.0	1000.0	689999	277.34546	69.797325	342.275	-230.85239	277.34564	69.801445	347.128	-261.92706	-279.07852	33.004467	3481.5945451259613	25.22894599472267
139	3358.8848	12.513273	3373.2136	3339.892	3418.8364	3.5015278	3426.229	3413.5742	1000.0	1000.0	694999	277.88846	69.82578	343.64227	-166.12364	277.8887	69.82502	343.7255	-158.82948	-279.53806	33.44295	3507.4670491218567	25.23357590496969
140	3375.8765	22.94844	3397.063	3333.635	3415.0776	3.052148	3418.4143	3409.2234	1000.0	1000.0	699999	278.26422	69.77839	343.18826	-199.4404	278.2642	69.77809	342.67358	-182.43604	-279.78076	32.101818	3533.7869987487793	25.241335720675334
141	3391.8945	6.408945	3401.1934	3383.8064	3409.0613	11.036002	3429.4167	3391.1006	1000.0	1000.0	704999	278.84897	69.73956	341.95624	-202.37228	278.84888	69.73971	339.79245	-193.29817	-280.50815	31.704575	3559.44535779953	25.24429333294537
142	3055.885	703.19086	3409.6274	1485.0074	3431.3677	4.067146	3436.3584	3423.326	908.1667	1000.0	709999	279.64722	69.34544	341.0046	-152.0919	279.6467	69.35093	343.04556	-165.6605	-280.94632	33.76003	3585.0513682365417	25.246840636495133
143	3395.8867	12.976499	3420.175	3382.2024	3393.6868	6.556706	3407.403	3384.2559	1000.0	1000.0	714999	280.17102	69.40159	341.95648	-259.48193	280.17105	69.400696	342.54407	-197.91594	-281.87354	32.36187	3611.118904352188	25.252579765719968
144	3378.5737	12.996683	3395.492	3362.9407	3372.5176	3.1020634	3376.6655	3367.0005	1000.0	1000.0	719999	281.03433	69.201164	343.3061	-143.05525	281.03455	69.205444	343.51	-195.24084	-282.8798	34.583485	3637.4665513038635	25.26018439895577
145	3387.8984	11.573675	3398.546	3366.4788	3461.4253	2.5188043	3464.6067	3456.0159	1000.0	1000.0	724999	281.54767	69.21035	342.08298	-216.29199	281.54733	69.21128	341.84985	-229.76996	-283.06635	29.747084	3662.9760415554047	25.26190375130752
146	3373.1694	25.547953	3398.1394	3336.3745	3417.1348	2.2393107	3420.911	3413.5667	1000.0	1000.0	729999	281.82736	69.32872	344.43268	-91.3371	281.82776	69.32806	342.6538	-112.471405	-283.21313	30.494669	3688.72332406044	25.26522826168635
147	3394.442	12.144427	3415.198	3382.023	3357.9087	6.7033157	3367.9822	3347.2854	1000.0	1000.0	734999	282.20227	69.31954	343.49167	-226.30739	282.20245	69.316284	343.0195	-151.69836	-283.8122	31.539007	3714.73335647583	25.270294956609504
148	3372.5376	23.549625	3393.7456	3328.2441	3421.933	3.267999	3426.2673	3416.6855	1000.0	1000.0	739999	282.30646	69.39295	348.14096	-227.14296	282.30673	69.39369	345.47668	-197.00627	-283.86438	32.582176	3740.6799335479736	25.274864428752178
149	3389.181	17.706898	3416.8628	3364.525	3407.6465	4.75076	3412.4854	3395.776	1000.0	1000.0	744999	282.42862	69.42615	348.11044	-107.08842	282.42792	69.42969	345.37744	-106.697	-284.02817	30.021538	3766.5848627090454	25.279093054316988
150	3393.1477	16.85168	3417.7563	3364.775	3442.8992	3.2883375	3448.3508	3435.3303	1000.0	1000.0	749999	282.94308	69.14823	343.21426	-147.33424	282.94308	69.14809	344.1591	-169.79712	-284.53302	32.226242	3792.53488945961	25.283565945625305
151	2479.854	962.8566	3423.1106	1057.9403	3432.2583	2.2620575	3435.3909	3427.4631	731.0	1000.0	754999	282.6792	69.95383	345.41135	-144.15178	282.67914	69.9622	344.63745	-171.59587	-284.3688	30.550224	3819.738648891449	25.29628245877904
152	2875.2598	1002.9061	3418.5781	660.93146	3428.4062	2.8662834	3435.2693	3424.0667	850.1667	1000.0	759999	282.88336	70.01559	347.362	-154.32275	282.88312	70.018745	346.0634	-102.45364	-284.85428	29.876106	3845.2916221618652	25.297971212550213
153	3426.463	15.950165	3449.652	3402.533	3510.5125	4.6816196	3515.0742	3500.54	1000.0	1000.0	764999	282.91312	69.86424	346.83432	-130.4732	282.91354	69.86532	344.28708	-138.97731	-284.45145	32.135075	3870.9242448806763	25.300158475738726
154	3414.998	10.531291	3434.7964	3404.086	3454.4011	6.710257	3462.4404	3441.1196	1000.0	1000.0	769999	282.874	69.61224	348.13364	-135.28586	282.87457	69.61296	345.0963	-140.61992	-284.69678	30.094116	3896.751415491104	25.303580632457486
155	3428.1316	10.6745	3442.9146	3416.3298	3491.787	3.9888165	3497.2349	3484.8237	1000.0	1000.0	774999	283.19888	69.551575	346.8636	-175.22858	283.19836	69.55129	345.7729	-207.48842	-284.9743	32.249172	3923.114205598831	25.310414241975355
156	1710.3267	1061.8813	3446.7676	911.1421	3139.9792	948.8565	3458.7766	293.41373	500.18182	911.8	779999	283.67285	69.6254	348.21948	-258.69675	283.67303	69.62479	349.54025	-223.30907	-285.3637	31.3076	3948.2861528396606	25.309526634521973
157	2328.0613	1297.9047	3428.5232	189.39867	3454.1812	2.6112578	3458.3984	3450.9524	685.7143	1000.0	784999	283.80148	70.10052	349.0	-177.62569	283.802	70.10091	350.74194	-184.26709	-285.55914	29.420004	3973.9837996959686	25.31199873632686
158	2068.0803	1372.1548	3420.7998	191.22823	3415.3853	2.4987326	3420.9507	3411.2239	611.25	1000.0	789999	284.32654	69.73522	360.56427	-195.43088	284.326	69.73835	371.49155	-229.5576	-286.18198	30.079456	4000.1302530765533	25.31728009483482
159	3392.9036	23.991755	3418.0728	3356.9297	3385.692	2.66173	3389.5698	3380.5425	1000.0	1000.0	794999	284.1577	69.81321	349.46167	-149.2852	284.15775	69.81545	348.5938	-148.47943	-285.88272	29.345669	4026.220319032669	25.32214038477004
160	3407.564	14.376131	3431.579	3388.8225	3443.857	4.4524565	3450.2012	3433.9602	1000.0	1000.0	799999	284.64407	69.54705	347.8034	-487.37256	284.64417	69.54785	348.23425	-374.51706	-286.1494	30.680712	4052.3709745407104	25.327318604290486
161	3401.6118	8.588222	3412.1401	3387.196	3422.216	2.8735926	3427.3625	3417.8271	1000.0	1000.0	804999	285.16504	69.28639	360.83478	-238.96103	285.1643	69.2926	348.0699	-258.64075	-286.64328	29.872425	4077.963597536087	25.32896645765127
162	3429.6538	10.014672	3441.074	3411.8252	3461.202	2.3369796	3466.5056	3457.0188	1000.0	1000.0	809999	285.8112	68.891136	347.00577	-207.5017	285.8111	68.89766	344.90167	-240.7246	-287.50052	30.523859	4104.401732206345	25.335813173541315
163	3417.911	27.473383	3442.7483	3374.1638	3483.666	4.133265	3489.3035	3474.8928	1000.0	1000.0	814999	285.88693	69.18356	351.21356	-356.42682	285.88748	69.18353	425.73795	-292.00586	-287.7126	30.913065	4130.993003129959	25.343515371252423
164	3419.6653	12.5026245	3439.352	3400.1755	3452.2356	4.6570463	3458.0461	3443.1895	1000.0	1000.0	819999	286.37723	69.46842	356.8345	-235.30229	286.37732	69.46899	349.02927	-253.5025	-288.29178	33.633755	4156.629922866821	25.345304420808468
165	3419.853	13.438926	3437.7126	3398.683	3438.5789	2.6292129	3443.5522	3433.0632	1000.0	1000.0	824999	286.71967	69.521225	351.67307	-243.16328	286.71945	69.525215	347.1815	-214.82607	-287.90402	28.582918	4182.129842042923	25.346241478486494
166	3423.7222	7.712716	3432.7766	3412.0535	3488.7114	5.996456	3495.2356	3477.4165	1000.0	1000.0	829999	286.8401	69.5934	363.13638	-196.01921	286.84042	69.594666	347.16394	-205.2562	-288.6528	29.870413	4208.610600709915	25.353075920817364
167	3396.5105	22.969202	3424.887	3354.7588	3415.6118	3.844036	3419.4395	3408.424	1000.0	1000.0	834999	287.27725	69.12277	349.1971	-103.63993	287.27695	69.126335	349.7787	-119.47807	-288.95917	29.238644	4234.350074529648	25.355389680691108
168	3405.686	9.09916	3420.278	3393.308	3405.166	6.8638105	3415.2278	3392.6719	1000.0	1000.0	839999	287.6764	69.20966	352.57388	-258.66177	287.67618	69.21584	352.7956	-226.52145	-289.33527	29.064337	4260.131618499756	25.35792631194705
169	3388.2012	12.49236	3411.5027	3374.5806	3451.6028	2.426116	3455.2417	3446.9001	1000.0	1000.0	844999	288.12375	69.1872	351.9868	-316.59152	288.124	69.19029	351.6431	-284.85052	-289.96783	30.303394	4285.940864801407	25.36059684584127
170	1337.2072	1628.8877	3416.288	36.573402	3476.2922	3.8558948	3482.2732	3469.5835	406.30768	1000.0	849999	288.30093	69.46758	350.46573	-152.53722	288.301	69.46587	349.59735	-196.93423	-289.71295	30.71948	4312.350682973862	25.36676873319289
171	2865.1936	1252.4362	3431.2083	64.67216	3469.4622	2.738079	3473.5525	3464.691	840.5	1000.0	854999	288.4534	69.47993	355.13077	-178.92723	288.45325	69.48515	367.7027	-238.37396	-290.01114	31.606476	4338.057637214661	25.368758124914784
172	3406.7625	12.443672	3419.9028	3387.4814	3402.8672	3.362365	3409.5479	3397.5518	1000.0	1000.0	859999	289.00726	69.3187	352.93594	-228.99365	289.00778	69.32085	351.60825	-258.87872	-290.86676	31.36588	4363.844785690308	25.371190626953922
173	3373.3286	22.554583	3401.095	3335.7183	3422.2942	4.4358196	3429.2793	3413.6917	1000.0	1000.0	864999	289.4867	69.42232	352.61487	-151.43271	289.4872	69.42086	354.93634	-210.35869	-291.11874	32.95909	4389.6002368927	25.37341178634952
174	3399.7292	14.85374	3421.8904	3382.1467	3394.3523	4.503118	3401.9302	3385.4688	1000.0	1000.0	869999	289.91785	69.199135	390.42508	-315.85156	289.91776	69.20653	375.59692	-296.07635	-291.36835	27.625004	4415.9676513671875	25.37912444410653
175	3385.052	21.615677	3423.6343	3364.2314	3454.3882	2.7445445	3458.5188	3449.498	1000.0	1000.0	874999	290.1522	69.471405	403.22266	-141.4064	290.15237	69.47442	373.60748	-101.25985	-291.937	31.523138	4441.6375687122345	25.38078611782619
176	3391.3008	18.916348	3423.0034	3363.74	3403.5422	2.51473	3406.6692	3398.5466	1000.0	1000.0	879999	290.83673	69.132904	388.52542	-216.50436	290.83655	69.14383	403.49402	-261.01245	-292.5966	33.947323	4467.576090097427	25.383955070918258
177	3419.7083	9.231785	3436.3623	3410.2866	3472.7285	7.3153043	3488.212	3458.3884	1000.0	1000.0	884999	291.40512	69.41191	354.9343	-338.18134	291.40512	69.41336	356.9147	-313.2055	-292.93826	30.07745	4493.435058355331	25.386638758546216
178	3421.235	8.712581	3432.3767	3406.4292	3471.338	2.1816368	3474.7466	3468.0645	1000.0	1000.0	889999	292.28497	69.21042	361.04364	-140.26979	292.2855	69.20929	356.26794	-94.72736	-293.61322	30.790535	4521.716306447983	25.402900610077246
179	3422.725	19.591724	3443.2952	3385.5798	3473.7466	12.1654825	3493.2566	3458.7456	1000.0	1000.0	894999	292.8524	69.19551	353.2643	-121.03116	292.8529	69.19237	355.46643	-110.01999	-294.49557	30.299578	4548.476724624634	25.410484507097213
180	3163.3933	536.4197	3455.7383	2091.0767	3498.8062	2.9288678	3503.3855	3493.9644	922.4	1000.0	899999	293.763	68.900925	387.90103	-315.9738	293.7627	68.903656	388.08148	-275.17737	-295.5558	27.118187	4574.352769374847	25.413070952892305
181	3441.5112	17.95062	3474.1404	3424.4985	3514.8984	2.6109378	3519.5957	3512.5044	1000.0	1000.0	904999	294.34637	68.74055	386.3246	-254.40436	294.3468	68.73965	378.6858	-243.03369	-295.98395	30.989695	4600.218868017197	25.415573868303667
182	3028.7734	775.6953	3435.6584	1309.9393	3490.5051	4.715677	3496.0884	3482.2603	870.8333	1000.0	909999	294.3466	68.54028	377.43347	-330.882	294.34692	68.54697	353.72916	-313.03467	-295.90048	29.224487	4626.956448793411	25.422837642522957
183	2987.008	944.4057	3469.4348	1098.26	3483.0762	2.2199297	3488.2102	3479.6926	863.8	1000.0	914999	294.6276	68.55502	354.07385	-232.47531	294.62772	68.559135	353.77545	-253.68675	-296.3042	26.841131	4652.964617729187	25.426036174180076
184	3032.2512	864.38214	3440.777	1099.822	3457.2192	3.1742134	3462.9548	3452.4465	886.8333	1000.0	919999	295.04453	68.67692	399.48257	-113.43439	295.04462	68.67815	379.2943	-94.25627	-296.46198	28.501469	4678.624735355377	25.427308354688726
185	2334.5483	1185.9807	3460.0024	432.75833	3430.5867	7.70948	3439.491	3418.5212	682.5	1000.0	924999	295.30667	68.58582	388.41455	-162.67189	295.30627	68.58904	371.51855	-121.19388	-297.0217	29.348616	4704.552485227585	25.430013443972612
186	2481.2	1344.9198	3451.7075	434.1765	3488.571	4.387427	3493.2678	3479.3833	733.0	1000.0	929999	295.72537	68.64024	376.01562	-156.29214	295.72568	68.638405	360.40982	-239.7923	-297.18378	28.936237	4730.861999750137	25.434741944395086
187	2603.7075	1320.8903	3443.03	39.96676	3407.3047	6.994376	3418.2473	3391.6367	765.1429	1000.0	934999	296.05383	68.84158	377.93796	-157.8301	296.05396	68.841934	367.7922	-109.51592	-297.86664	28.24832	4756.613075971603	25.436433572820164
188	3390.4426	12.931325	3404.4043	3369.7231	11.083169	0.62425405	12.4124565	10.620913	1000.0	12.2	939999	296.5593	68.76467	359.15463	-205.08626	296.55988	68.76263	360.49908	-144.53357	-298.14966	28.579494	4777.777878046036	25.4137121286798
189	3415.8413	12.021083	3428.1145	3400.482	3468.9019	3.9839268	3475.3438	3462.4565	1000.0	1000.0	944999	296.94974	68.79426	355.69418	-117.964516	296.94904	68.79398	356.38504	-151.70985	-298.39853	27.920841	4804.466804981232	25.420459296968247
190	3420.3367	10.175649	3436.3308	3405.2678	3485.9524	5.8828197	3491.2502	3469.7817	1000.0	1000.0	949999	297.17844	68.77711	358.1607	-132.24408	297.1787	68.77543	356.25195	-98.669205	-298.63123	28.693544	4830.605675935745	25.424240409700495
191	3443.5757	19.11002	3471.9697	3414.4438	3519.8267	3.175547	3524.2249	3513.7478	1000.0	1000.0	954999	297.70447	68.53587	374.1142	-329.8871	297.7051	68.528885	357.40805	-290.54156	-299.1934	31.071379	4856.410807609558	25.426234606048823
192	3452.392	18.012285	3472.8196	3429.081	3477.8855	4.400724	3484.49	3469.2844	1000.0	1000.0	959999	297.59476	68.756836	356.23724	-94.24787	297.59442	68.75983	359.74118	-92.64175	-299.192	27.1798	4882.288200378418	25.42858438566327
193	3423.4038	10.125873	3438.2427	3409.3433	3502.9243	3.805142	3507.752	3494.0923	1000.0	1000.0	964999	298.13403	68.52278	354.76004	-264.49216	298.13425	68.523544	363.48367	-306.70175	-299.7807	27.558369	4908.787649393082	25.434132908292383
194	2981.5393	1034.2322	3456.7673	669.0705	3118.3555	1023.4538	3465.982	48.009373	870.1667	903.7	969999	298.47638	68.53269	363.2787	-121.81129	298.477	68.53156	362.3316	-88.412125	-299.91858	30.714512	4934.144373416901	25.433733894652928
195	3427.4272	12.405967	3441.7405	3407.389	3454.6536	1.116568	3456.5298	3452.3284	1000.0	1000.0	974999	298.67844	68.57656	357.8814	-245.3277	298.6787	68.58087	356.93878	-249.79932	-300.30994	29.740282	4959.919717311859	25.43548573958568
196	2467.6643	1537.4043	3457.3809	33.71533	38.230656	1.8926636	41.79131	34.88416	722.8571	30.9	979999	299.39075	68.24929	358.39893	-187.2519	299.3904	68.257065	361.76343	-269.81635	-300.78815	28.243494	4981.663901805878	25.416652572398284
197	1739.7343	1697.6973	3446.7095	36.64614	3439.2	2.1049774	3442.5344	3436.089	516.625	1000.0	984999	299.63226	68.21866	362.98602	-243.08379	299.6323	68.213425	360.77505	-208.88277	-300.92703	28.301031	5007.98786854744	25.42125822686907
198	2765.1772	1046.4607	3446.7463	1076.5092	3442.3203	2.9169257	3448.337	3436.7166	801.2857	1000.0	989999	299.76938	68.483765	376.73135	-135.41347	299.7697	68.48443	357.7287	-178.25778	-300.9858	27.752874	5033.890345096588	25.42368862243614
199	3427.479	5.974869	3436.4585	3420.163	3493.9634	5.1000075	3500.7239	3482.8574	1000.0	1000.0	994999	300.15292	68.25506	360.38315	-232.73526	300.15292	68.25815	358.5477	-261.88348	-301.31912	28.559397	5060.13768529892	25.427827573900846
200	3452.5593	10.998862	3468.6667	3435.689	3467.095	1.4162211	3470.1982	3464.347	1000.0	1000.0	999999	300.42487	68.14228	358.20807	-131.74007	300.42566	68.13775	357.86978	-120.55454	-302.00653	30.588276	5088.136471271515	25.4406823682785
