Epoch	AverageEpRet	StdEpRet	MaxEpRet	MinEpRet	AverageTestEpRet	StdTestEpRet	MaxTestEpRet	MinTestEpRet	EpLen	TestEpLen	Time Steps	AverageQ1Vals	StdQ1Vals	MaxQ1Vals	MinQ1Vals	AverageQ2Vals	StdQ2Vals	MaxQ2Vals	MinQ2Vals	LossPi	LossQ	Time	AVG Time Per Epoch
1	-33.999493	52.457733	19.482714	-257.71426	155.26453	288.34232	735.78485	-97.66072	124.85714	434.4	4999	0.3511737	2.4825819	18.729658	-12.626395	0.35069317	2.4824862	19.247961	-12.651454	-1.5154269	0.41794562	20.98787832260132	20.98788070678711
2	-139.69037	164.73126	38.647232	-387.16843	-27.790762	134.79944	270.36353	-265.56287	418.76923	520.2	9999	5.0878596	4.652268	42.49217	-15.350567	5.087178	4.6496015	42.72882	-15.087079	-7.8270693	1.7295455	46.41006922721863	23.20503580570221
3	20.543852	200.0178	526.8749	-418.04764	115.46067	245.82338	842.9548	-29.9174	432.0	193.4	14999	10.316243	5.809421	54.778713	-16.187971	10.317275	5.8084927	54.274994	-17.098917	-12.863384	3.2999282	71.04398345947266	23.681328614552815
4	136.24776	157.9908	438.38834	-42.52084	252.09041	328.1956	893.8667	6.5682764	590.5	363.8	19999	11.286124	6.191215	56.259087	-15.369021	11.286386	6.1919856	55.18772	-14.580662	-13.255673	3.316274	97.0093686580658	24.25234282016754
5	181.23409	138.5132	341.45697	-9.666033	334.54218	319.8955	753.1278	4.3121085	612.7143	535.2	24999	11.363585	6.1336765	52.801254	-11.655536	11.363294	6.1338944	51.48229	-11.50002	-13.081183	2.8608704	125.22914338111877	25.04582905769348
6	252.31862	276.8794	741.53986	0.4275067	481.8336	358.69388	823.60077	-2.506177	402.92307	631.7	29999	12.522003	6.7296314	50.113518	-12.975916	12.521944	6.729594	55.06417	-13.036808	-14.065474	2.7543452	153.88143467903137	25.64690617720286
7	460.0996	264.50616	793.7933	6.631879	444.77057	255.5035	798.1267	33.18102	691.75	751.6	34999	14.198281	6.8819027	48.674168	-15.836072	14.198064	6.8831415	47.451042	-12.210861	-15.678199	2.565697	185.5340895652771	26.504870346614293
8	521.4653	227.03835	804.4614	88.84832	568.3722	224.70778	803.0794	32.2569	860.6667	906.2	39999	15.884201	6.85168	44.90297	-13.359938	15.883754	6.853047	45.109203	-12.384168	-17.355686	2.2171745	217.23724961280823	27.15465646982193
9	621.91626	136.96394	795.5742	424.54633	505.80948	307.93707	850.15155	46.555042	1000.0	747.6	44999	17.546	6.7499595	47.340893	-9.473173	17.545797	6.7508574	46.076984	-9.212393	-18.920246	2.0888793	247.653502702713	27.51705609427558
10	413.24786	277.55112	829.06793	48.25525	652.4207	294.71906	873.3479	103.83332	607.7143	770.3	49999	19.114046	6.5868692	48.502106	-12.598638	19.114265	6.586722	46.212357	-9.40097	-20.514887	2.1704388	279.51906394958496	27.951906657218935
11	596.47723	362.98508	858.7555	10.392043	565.44824	409.87332	930.00946	40.567036	719.8571	625.6	54999	21.293846	6.614819	55.32407	-10.166368	21.29385	6.615542	51.8041	-7.955141	-22.688753	2.131573	310.9442801475525	28.267662026665427
12	509.38373	334.48044	865.00494	21.66499	677.3351	299.74667	916.4944	59.933517	679.875	872.1	59999	23.497206	6.517584	49.449886	-7.8571444	23.496763	6.5190067	48.92116	-12.278698	-24.816778	2.12879	341.82495188713074	28.485412816206615
13	419.8493	358.96466	850.1739	34.645756	597.1198	290.07965	887.0089	18.037561	546.75	768.6	64999	25.382765	6.662554	50.63327	-9.545194	25.382633	6.664212	51.755943	-7.4441257	-26.626894	2.116985	372.5533058643341	28.657946788347683
14	695.7458	298.79285	876.6212	33.6775	658.99255	264.1072	898.9668	49.23472	843.3333	906.3	69999	27.037867	7.103304	50.873653	-9.945714	27.03789	7.1032834	51.454826	-11.886667	-28.292477	2.047086	405.55902576446533	28.968501959528243
15	595.069	310.0449	891.2044	105.90616	619.35754	344.5818	947.8015	54.66125	755.1429	739.9	74999	28.580906	7.5574393	53.242287	-18.957205	28.581226	7.5566177	53.916676	-11.691978	-29.803368	2.1159902	436.52694272994995	29.10179632504781
16	510.12033	372.6036	891.6219	75.58156	594.6557	338.73483	874.6518	42.551815	578.0	717.7	79999	30.11652	8.104889	58.33678	-15.857475	30.116724	8.103749	56.727493	-12.275296	-31.342989	2.1757612	468.9789798259735	29.311186373233795
17	565.40967	357.19165	902.2035	5.864739	741.43677	343.16165	982.0308	18.299002	724.2857	813.4	84999	31.79418	8.585475	58.16986	-13.629152	31.794226	8.586299	58.239254	-12.384946	-33.00941	2.2526164	500.7947590351105	29.458515349556418
18	589.7184	368.99304	903.83813	-114.39188	729.3327	337.03427	1004.3471	54.652622	1000.0	813.4	89999	32.951183	9.02122	61.110954	-21.468443	32.95122	9.021788	62.01141	-14.012768	-34.077614	2.2701108	534.196769952774	29.67759843667348
19	817.3676	58.212387	902.06055	759.44696	669.7571	329.13034	954.42834	-3.1705232	1000.0	807.5	94999	33.72351	9.477062	64.03035	-21.539202	33.72359	9.477043	63.747826	-15.284863	-34.806614	2.2070773	567.0792033672333	29.846273974368447
20	783.2735	12.447478	795.0503	759.0964	726.94696	233.15253	889.841	47.106956	1000.0	904.1	99999	34.59429	9.732709	65.54838	-14.888615	34.59443	9.732331	64.71644	-12.61528	-35.71413	2.2602012	599.665323972702	29.983266294002533
21	554.9469	325.86557	862.7398	20.832083	690.57117	343.092	918.5492	15.312342	735.0	809.3	104999	35.394695	9.987328	66.93909	-25.303114	35.394627	9.988111	66.059875	-22.572964	-36.532642	2.3514712	630.7458643913269	30.035517442794074
22	606.6876	299.47098	892.98285	141.25322	431.66757	348.43253	863.65204	39.088146	719.5714	550.3	109999	36.202206	10.218352	70.527145	-16.044107	36.202374	10.218915	72.623726	-13.256893	-37.335793	2.3534575	658.3929815292358	29.92695381424644
23	566.9833	411.9525	948.25446	24.878132	578.87836	249.46205	853.74976	31.142067	639.375	833.2	114999	37.0759	10.38174	69.62257	-17.58336	37.07606	10.380517	69.33447	-20.30172	-38.16702	2.4217322	688.116043806076	29.91808895442797
24	479.42532	450.544	914.429	-185.6892	650.35236	277.04834	927.03815	19.976234	725.2857	840.0	119999	37.82699	10.695643	71.43354	-15.53787	37.82689	10.696583	71.223434	-20.393318	-38.901405	2.4744716	717.5702540874481	29.898760676383972
25	716.7828	301.76862	971.7716	143.29831	799.55505	455.3247	1290.3752	81.27562	904.1667	734.6	124999	38.36888	11.162267	72.42105	-22.538094	38.368843	11.162744	71.04385	-20.76338	-39.438988	2.3945837	746.2679867744446	29.85071954727173
26	589.3247	357.61053	1188.5602	231.0801	923.3636	345.38794	1301.749	194.50284	616.75	807.8	129999	39.457325	11.598518	72.215355	-23.69424	39.457363	11.599456	71.757355	-15.8873005	-40.463696	2.5456264	775.593688249588	29.830526553667507
27	593.1973	112.42064	753.01825	438.84244	691.92615	291.09082	1026.7189	17.874632	725.0	772.7	134999	40.379425	12.014581	72.767654	-14.776947	40.379562	12.016111	73.198456	-20.256283	-41.448696	2.6421185	804.9251341819763	29.81204206855209
28	614.11707	361.16153	1001.3192	71.991776	630.2822	437.85916	1390.2953	58.938423	677.625	582.5	139999	41.16188	12.440481	75.056244	-26.304356	41.161797	12.44128	73.85937	-18.504778	-42.29632	2.8556612	832.369925737381	29.72749742439815
29	973.3949	591.4425	1400.2635	35.221653	1127.2396	443.30225	1575.8833	456.0444	724.5714	1000.0	144999	41.94419	12.839649	77.62625	-22.851074	41.944283	12.840426	75.236885	-17.574238	-43.359158	3.0858293	862.2633333206177	29.73321844791544
30	1081.9918	345.39188	1513.7509	652.6951	739.6121	616.3145	1778.5675	71.05653	841.6667	516.0	149999	43.549107	13.758167	78.625145	-28.820381	43.548985	13.75915	76.680046	-24.517384	-45.074654	3.383553	888.825677394867	29.62752265135447
31	678.88184	425.3771	1287.5885	14.560748	553.09705	492.7095	1354.352	7.535156	597.875	455.5	154999	45.145596	14.883444	81.58365	-26.136114	45.145607	14.884271	82.54082	-30.277529	-46.615635	3.7286804	915.4177634716034	29.52960532711398
32	1336.1027	312.35248	1687.1149	970.70764	791.9417	548.4011	1752.3392	-242.1557	1000.0	902.2	159999	46.82989	15.928309	86.87029	-18.81586	46.829906	15.929691	88.095245	-46.069775	-48.18945	4.101092	944.9711799621582	29.53034943342209
33	897.8403	591.2406	1686.0836	92.41887	823.78796	637.6119	1829.5765	126.280266	648.7143	607.6	164999	47.90611	17.166529	89.45031	-18.32655	47.90611	17.167212	90.71713	-18.920788	-49.61193	4.4695444	972.162703037262	29.459475900187638
34	861.7091	577.4119	1841.2544	34.514988	1470.9591	370.74603	1879.9607	740.10724	740.125	941.1	169999	48.87904	18.587965	96.25893	-25.057959	48.87908	18.588467	94.770996	-28.317026	-50.879482	4.8760023	1001.7347214221954	29.462785973268396
35	1115.9392	332.56564	1460.8505	551.99915	1019.0211	499.26254	2019.7379	364.59116	936.4	798.3	174999	50.655525	20.330252	101.56529	-25.91084	50.65561	20.33248	102.11001	-47.85619	-52.65582	5.7050657	1030.480902671814	29.442311566216606
36	690.48474	500.14548	1543.7576	27.364775	1520.0054	708.83765	2145.6418	110.95433	625.5	852.2	179999	52.222248	22.060163	107.58996	-28.205551	52.221703	22.061846	104.324005	-23.170378	-54.246506	6.1890726	1059.5001230239868	29.43055902587043
37	967.20435	329.72098	1691.6273	712.79425	336.36456	242.50018	771.5004	40.095463	799.8333	227.8	184999	54.20635	23.760504	112.18791	-27.597013	54.207005	23.76144	108.92341	-28.710918	-56.41838	6.7613134	1084.5433270931244	29.311981864877648
38	1381.1078	533.5902	2159.8267	512.7382	1964.6306	519.9254	2369.8345	628.1833	879.6667	981.2	189999	56.548016	25.478321	114.78681	-25.603334	56.54867	25.477854	114.272156	-22.380379	-58.68036	7.3803906	1114.872095823288	29.338739420238294
39	1711.4183	386.40277	2276.237	1199.8882	1277.0836	774.7684	2287.4785	-176.2312	944.4	847.4	194999	59.140884	27.395676	124.51072	-26.80794	59.14097	27.39698	122.59215	-36.05592	-61.472145	8.051834	1144.355530500412	29.342449555030235
40	946.1567	763.4217	2367.0203	212.52109	951.1058	685.70056	2309.1924	171.38934	560.7778	434.4	199999	61.339657	29.435995	130.037	-32.365486	61.33937	29.436897	130.37137	-34.417923	-63.793537	9.436426	1171.1112067699432	29.277780228853224
41	627.74347	536.8099	1701.7228	56.129013	1281.6147	832.10675	2408.2864	199.51775	422.81818	652.7	204999	62.78411	31.735952	134.55748	-43.645157	62.78396	31.738255	134.58284	-35.137558	-65.470146	11.551417	1198.8901917934418	29.241224236604644
42	1604.2063	888.2939	2407.5605	51.05429	1939.0817	838.809	2855.4702	94.76219	770.0	736.5	209999	65.11202	34.136353	141.17444	-42.949482	65.111916	34.1392	139.49536	-41.6053	-67.918945	12.960198	1227.0301246643066	29.21500301361084
43	2074.09	727.7333	2591.0737	608.92755	2002.7063	647.8784	2649.1172	1127.3905	877.6667	950.2	214999	69.09115	36.145046	152.27345	-49.594063	69.09046	36.149204	149.67354	-59.590534	-71.89755	13.992518	1256.8405015468597	29.228848923084346
44	1210.2788	877.9297	2437.86	24.115366	1963.8711	605.0982	2604.5437	746.4992	615.875	906.5	219999	72.396935	38.2743	153.38664	-55.45099	72.397545	38.274853	152.75673	-68.39267	-74.96436	14.232922	1286.288083076477	29.233820124105975
45	2083.4146	516.7997	2497.2178	1063.0961	975.3107	1054.4226	2660.2107	-1234.9468	865.0	598.2	224999	76.0408	39.928864	159.20099	-83.12909	76.04064	39.929077	158.55077	-65.90581	-78.7813	14.866823	1313.540932416916	29.18979854053921
46	1926.884	1006.0954	2870.8914	392.8122	1895.363	1066.7373	2876.5103	253.21426	1000.0	748.3	229999	79.383865	41.7189	168.67265	-58.185852	79.38421	41.719692	165.67123	-78.35773	-82.0361	15.513021	1341.6728863716125	29.166801924290866
47	1551.2893	926.79816	2976.234	371.7385	2870.3528	125.38224	2995.7576	2566.1785	586.7	1000.0	234999	82.65112	43.8276	170.27652	-45.24922	82.651535	43.827793	174.39488	-50.539406	-85.506615	17.046719	1371.615582227707	29.183310305818598
48	1231.5215	849.7102	2318.4666	210.32518	1725.0647	905.3683	2568.4788	6.398007	699.1667	854.7	239999	85.7688	46.321465	184.05255	-57.406136	85.76936	46.321056	179.2102	-66.04715	-89.128	19.58785	1400.246737241745	29.17180707057317
49	1533.5034	949.14575	2929.3992	6.745265	2766.1892	597.943	3163.439	999.85144	726.75	930.5	244999	88.75689	48.99884	193.94246	-97.813896	88.756584	48.999996	194.20213	-101.90681	-92.2052	22.259092	1429.726725101471	29.17809647443343
50	1350.1761	1150.2963	2921.8457	-2.2073467	3055.2766	108.66661	3267.7842	2929.118	680.3333	1000.0	249999	91.79884	51.289696	194.4058	-74.43946	91.79933	51.289757	193.50499	-80.46078	-95.41394	24.159996	1459.4651355743408	29.18930274963379
51	2292.8445	991.4976	3098.0256	397.95102	2233.1274	1313.1161	3856.5454	541.7735	861.1667	935.6	254999	94.70529	53.311455	199.78357	-76.79594	94.70615	53.311733	200.11905	-81.20683	-98.52875	26.10836	1488.8597362041473	29.19332821228925
52	3140.548	139.70097	3324.7622	2891.6086	1896.4156	1020.22144	3550.633	600.67065	965.0	666.2	259999	98.11856	55.706627	208.78351	-78.152534	98.11903	55.706844	210.10861	-64.9007	-101.7011	27.330793	1516.468386888504	29.162853630689476
53	1614.9253	1094.6366	3356.3025	199.68056	2369.3464	1168.4663	3763.429	692.3669	585.0	666.6	264999	100.55422	58.712902	213.28961	-96.373276	100.553085	58.71459	217.25682	-96.33928	-104.39493	29.363295	1544.161731004715	29.13512703607667
54	1598.448	1274.9353	3592.7754	35.37304	3478.1477	135.43295	3694.8042	3241.3809	510.5	1000.0	269999	102.743416	61.819378	221.30392	-114.31921	102.74211	61.823452	219.11464	-118.27077	-106.800606	32.111355	1574.085652589798	29.14973435137007
55	1955.8372	1523.0532	3685.5046	163.1937	3085.8687	1225.7776	3991.512	153.56075	678.5714	830.6	274999	105.787766	64.705246	230.54205	-100.28844	105.78694	64.709274	223.27235	-102.96123	-110.27116	35.162045	1603.1838898658752	29.148798032240435
56	2070.65	1284.3698	3512.3765	98.62094	1198.8219	914.6826	3128.4456	120.404686	617.125	327.8	279999	108.499886	68.309296	231.3333	-72.82558	108.50048	68.30981	232.26666	-92.77806	-112.856804	36.665825	1629.1529281139374	29.092016616037913
57	1575.4691	1212.9899	3897.014	230.1657	3294.276	1510.9021	4095.241	-1217.5137	503.9091	1000.0	284999	110.677086	71.62641	235.70935	-75.67598	110.678	71.626976	235.12843	-67.96627	-115.05187	40.769314	1659.2909471988678	29.110367523996455
58	1361.7823	1357.5542	3634.1125	179.06058	3499.375	645.16736	3922.1306	1690.0244	396.27274	980.5	289999	113.459854	74.5853	242.26517	-86.900604	113.45502	74.59366	246.2016	-92.32506	-117.88388	42.910942	1689.2209758758545	29.124499621062444
59	3040.1208	1304.133	3739.09	130.43773	2991.971	1395.5826	3993.3845	56.075268	842.1667	857.3	294999	117.713486	76.85089	244.8378	-90.40032	117.714	76.850296	248.47534	-98.893776	-122.064354	46.714306	1718.5892553329468	29.128631478649076
60	2619.7473	1451.8961	3983.2705	-105.2274	3954.6047	272.95633	4294.562	3300.594	864.5	1000.0	299999	121.75013	78.69515	248.88681	-90.82699	121.751274	78.694084	250.3273	-107.54645	-126.56133	48.00567	1749.0137677192688	29.1502294977506
61	1918.4873	1437.8711	3880.2427	-0.8012687	4068.5261	87.71348	4186.57	3871.2104	519.9	1000.0	304999	125.24915	80.84737	251.86768	-98.61509	125.24716	80.850784	256.60446	-87.70729	-129.88007	50.297356	1779.392328262329	29.170366068355374
62	2387.9297	1551.5708	3947.0593	17.854395	3867.0671	133.85522	4041.4417	3590.6428	641.125	1000.0	309999	129.20625	82.71867	261.3818	-92.447975	129.20427	82.724846	259.67734	-125.342804	-134.18362	53.62031	1809.3143773078918	29.182490006569893
63	3091.3176	1320.1194	4048.7004	315.951	2043.9772	1943.6735	4336.771	4.6830115	807.5	495.5	314999	132.33028	84.86774	264.33615	-87.73041	132.3276	84.87517	262.86035	-143.00192	-137.25208	54.68195	1836.27805519104	29.147270751377892
64	3555.2493	1088.2738	4207.3335	1388.9752	3157.5413	1539.1769	4335.4233	713.2774	869.0	762.1	319999	135.2456	87.5984	266.31824	-115.93871	135.24222	87.60702	266.76382	-135.49448	-139.97371	53.864376	1864.3687572479248	29.130761865526438
65	2305.835	1511.0997	4036.1626	6.8142457	3496.108	1335.0901	4510.7876	893.14813	707.125	813.3	324999	138.52155	90.00977	269.60486	-129.34868	138.51962	90.01407	270.87366	-127.01961	-143.60121	56.602875	1892.8582236766815	29.120895785551806
66	3428.7603	973.85394	3953.645	1482.034	3477.7056	904.18243	4468.491	1916.2546	871.8	808.8	329999	140.76247	92.60711	274.7222	-100.24859	140.76086	92.61539	276.94778	-108.671005	-145.81726	58.037067	1921.1853332519531	29.108868718147278
67	3078.3782	1076.5885	4209.635	1165.0166	2519.6543	1739.945	4641.237	426.07745	796.0	652.9	334999	143.39104	94.37456	284.21707	-105.95223	143.3897	94.38007	281.13998	-121.06644	-148.62053	62.07145	1948.499647140503	29.08208431414704
68	2690.7844	1484.9258	4297.107	503.6472	3688.871	1307.5663	4570.2856	760.975	653.25	829.7	339999	148.06715	95.67411	288.3924	-171.29506	148.06606	95.678696	288.71542	-129.81924	-153.25993	61.90677	1977.1873524188995	29.076284625950983
69	2729.4172	1420.053	4386.5796	467.21097	4195.419	147.63387	4421.6226	4008.5967	754.0	1000.0	344999	152.13292	97.52731	291.77722	-114.79111	152.13118	97.5336	291.59705	-121.651955	-157.82393	65.4792	2007.0915801525116	29.088283804879673
70	2452.9875	1911.1882	4357.536	165.02425	3737.1118	1171.8606	4509.6826	721.2173	721.5714	875.2	349999	155.93077	98.789444	297.95963	-145.81618	155.93011	98.79548	298.59824	-137.07695	-161.28276	70.387184	2036.0892565250397	29.086989409582955
71	2399.073	1690.9875	4520.6294	11.920163	3020.276	1613.8423	4598.5996	181.21529	601.7778	735.2	354999	159.04596	100.769135	299.51105	-141.8915	159.04655	100.771324	303.322	-152.41536	-164.58864	69.47625	2064.056310415268	29.071215666515727
72	3533.2234	1497.7911	4282.574	187.4022	2788.1968	1642.1809	4489.7217	185.43494	843.0	641.6	359999	162.59032	102.56963	305.56552	-190.31447	162.5878	102.5738	304.92447	-174.69524	-167.35548	71.05847	2091.5846803188324	29.04978726638688
73	2706.4187	1578.1316	4273.582	398.36053	4267.7314	307.32422	4631.1973	3599.7095	810.3333	987.2	364999	166.43517	104.19826	309.52762	-177.66426	166.43225	104.2048	309.16403	-158.30753	-170.7483	71.37877	2121.489755630493	29.06150353118165
74	2659.196	1379.1444	4413.797	895.72833	1334.5099	1110.0647	3386.0999	30.958838	636.125	330.1	369999	168.0841	106.34795	317.93655	-157.34372	168.0813	106.35989	312.5849	-145.20384	-172.29659	74.00493	2147.03791308403	29.014025881483747
75	3521.8804	1222.7916	4545.0083	1419.8917	4691.958	322.23123	4895.8276	3745.016	930.4	981.7	374999	169.52962	108.06452	315.15115	-267.45422	169.52686	108.07109	316.20523	-176.07071	-174.94107	77.70449	2177.038558959961	29.02718081156413
76	2098.0845	1824.1394	4631.6016	169.00493	4245.7744	140.56697	4474.826	4065.4287	487.0909	1000.0	379999	171.1463	110.09114	317.27878	-185.4864	171.14357	110.10008	321.3259	-171.00493	-176.50816	78.743034	2206.773370027542	29.03649173284832
77	2577.0176	1617.5824	4697.5312	228.4604	4711.3853	71.13349	4804.906	4587.9224	602.0	1000.0	384999	173.90305	111.62039	323.27078	-202.50995	173.90335	111.624176	321.14282	-223.40938	-178.83597	78.750984	2235.8885231018066	29.037513314903556
78	3704.128	862.14	4592.2637	2466.4268	2575.666	1399.9902	4428.4175	144.76024	870.5	640.8	389999	176.91705	113.11752	324.44434	-209.0675	176.91582	113.12636	333.10596	-198.63835	-182.22453	88.89235	2263.85786986351	29.023818868857163
79	3962.8052	633.45306	4330.937	2697.3174	3985.0586	1482.4872	4906.9346	98.68665	930.8	851.7	394999	180.31667	114.06739	327.70724	-197.12384	180.31798	114.069725	328.82794	-201.4563	-185.51051	82.116165	2293.343226671219	29.029661127283603
80	3310.221	1583.6366	4712.306	1007.7245	4750.2812	159.32439	5066.652	4548.734	752.0	1000.0	399999	181.78465	116.05502	330.18555	-214.96297	181.78105	116.06241	329.64993	-201.16292	-186.71657	85.26643	2323.8642840385437	29.04830357134342
81	3520.7148	796.8744	4452.146	2455.318	4624.752	130.60498	4872.8623	4449.6	888.6667	1000.0	404999	184.8645	117.34955	332.9693	-215.05632	184.86223	117.35648	330.52197	-207.41403	-189.7679	86.226204	2354.009787082672	29.06184924679038
82	3609.5566	1307.7501	4579.8384	1276.8298	4541.3604	711.0945	5005.279	2757.6982	806.5	955.5	409999	187.48903	117.79172	334.34396	-235.82007	187.48795	117.79844	333.8185	-229.32556	-192.68896	87.82635	2383.908079147339	29.072049771867146
83	3120.1587	1906.9875	4433.4175	-581.3934	4184.4194	1114.9215	4907.698	1169.9585	941.6	923.7	414999	190.0062	118.31489	338.61133	-219.85858	190.00453	118.320656	336.33105	-215.58357	-195.06514	89.144585	2413.0536575317383	29.072935655892614
84	4041.2078	1017.7274	4605.953	1772.4125	4226.075	1755.4619	5142.9077	-1001.1306	897.0	988.5	419999	192.80963	118.81326	336.9297	-254.76895	192.80817	118.81863	335.25262	-243.60191	-197.27463	89.527565	2443.194813013077	29.08565256141481
85	2904.0276	1435.5962	4495.3286	1207.659	4478.602	689.7606	4961.627	2870.4146	781.8333	960.1	424999	194.85762	120.100266	342.29935	-283.20154	194.855	120.10732	339.9692	-258.04056	-199.4779	89.63557	2472.8542935848236	29.09240347918342
86	3722.867	1262.4303	4824.296	1420.6909	4521.6436	1269.7542	5063.354	715.7651	888.3333	916.5	429999	196.08466	121.23177	344.6066	-245.33379	196.08463	121.23567	341.91818	-231.94603	-200.57158	93.73457	2502.285410642624	29.09634200639503
87	3379.6204	1216.2233	4629.107	1409.7512	4256.6807	1187.0103	4831.1523	712.9392	818.3333	921.1	434999	198.22154	122.19368	341.9175	-277.374	198.22366	122.19264	344.39178	-283.73383	-202.52373	93.872536	2531.745710134506	29.10052542850889
88	3449.8923	1600.4025	4955.863	702.5077	4930.2324	156.67622	5218.261	4686.481	749.0	1000.0	439999	200.61806	123.3333	342.873	-312.59024	200.61707	123.34001	343.72397	-286.1729	-204.9382	91.7613	2561.8254783153534	29.111653181639586
89	4601.822	156.58604	4876.4634	4410.719	4290.7334	1590.3604	5296.212	17.15229	1000.0	855.3	444999	202.36894	124.20223	347.7816	-312.61224	202.37056	124.20584	347.03836	-333.51642	-206.96303	91.4437	2591.108706474304	29.113580993052278
90	3903.63	1239.6893	4879.6655	1202.7495	4925.555	149.00256	5211.1753	4686.8154	860.1667	1000.0	449999	204.93816	124.60021	345.3535	-363.3489	204.93864	124.60368	347.6224	-335.93445	-209.61143	94.417366	2621.050534963608	29.12278374565972
91	3310.7266	1869.8212	4815.86	58.671036	5135.0034	168.0165	5431.9233	4819.875	750.7143	1000.0	454999	206.25119	125.38708	348.58224	-386.84116	206.25174	125.39108	348.37103	-373.69223	-210.97289	91.19903	2651.0478315353394	29.13239377933544
92	2833.4944	1686.1426	4719.342	834.81555	5048.1904	114.17701	5191.334	4843.4653	623.1429	1000.0	459999	208.04153	125.599045	355.16382	-373.89355	208.03964	125.605316	352.91113	-382.98337	-211.8995	95.80161	2681.0885174274445	29.142266517100126
93	3371.1848	1754.4108	4650.824	296.41275	4501.244	1444.1614	5164.3564	185.01999	758.0	906.4	464999	211.70657	124.55764	353.4515	-305.6588	211.70743	124.564606	351.88297	-292.86145	-216.10754	95.555275	2710.5223598480225	29.145401739305065
94	4607.9116	66.97537	4714.7607	4538.6865	4893.5615	92.29169	5088.2603	4727.1196	1000.0	1000.0	469999	215.4418	123.143936	357.49747	-295.6214	215.4425	123.14825	356.40103	-287.96494	-219.38007	89.90136	2740.6769545078278	29.15613783674037
95	3110.1765	1268.7766	4736.8735	705.3741	4996.573	86.56994	5150.3047	4859.761	665.8571	1000.0	474999	218.06	122.800255	358.4216	-368.0944	218.06154	122.804146	356.72742	-364.0844	-222.12956	93.34087	2770.6027324199677	29.16423930870859
96	3899.6833	1654.67	4833.8345	207.58766	5034.8276	126.66874	5235.49	4836.225	844.3333	1000.0	479999	220.77716	122.704124	359.7891	-316.21857	220.77437	122.7113	359.22058	-294.1189	-225.69217	94.681114	2800.617864370346	29.173102773725986
97	4822.4277	179.0178	5081.309	4542.354	5070.0264	385.92325	5399.2666	4021.7031	997.2	975.4	484999	222.8349	122.85455	362.41113	-293.4074	222.83498	122.862885	362.39737	-281.94843	-227.52269	94.99914	2830.169906616211	29.17700936376434
98	3848.4238	1341.659	4809.911	1235.2421	1946.6117	2159.658	5093.3027	-1067.6538	820.6667	516.4	489999	224.99419	122.65178	365.983	-311.423	224.9948	122.65812	363.58823	-267.68076	-229.70071	93.129196	2857.281123638153	29.15592985250512
99	4818.3384	84.2362	4915.659	4713.829	4542.245	1507.0514	5179.1616	25.873116	1000.0	902.3	494999	228.21896	121.44804	362.9385	-295.06436	228.21782	121.45224	364.97778	-285.3687	-233.37968	98.146034	2886.680583000183	29.158389746540724
100	4847.7686	96.069016	4928.5713	4672.9004	5050.2334	149.0697	5349.8945	4759.85	1000.0	1000.0	499999	232.21335	119.23835	365.7028	-285.87463	232.21167	119.24715	365.75763	-268.56647	-236.95665	102.66626	2916.8241095542908	29.16824111700058
101	2775.3525	1898.6509	4952.2935	34.49548	2841.8438	1950.4357	5055.971	364.4902	593.1111	702.6	504999	235.60603	117.173035	367.09647	-261.55984	235.60341	117.179665	368.30704	-246.04436	-241.16531	95.119026	2944.8263375759125	29.156696430527337
102	4064.4392	1595.7109	4984.019	507.7739	5236.436	87.21284	5365.017	5063.525	853.5	1000.0	509999	236.87679	117.491486	367.83917	-191.13309	236.87506	117.5005	370.96222	-201.34698	-241.68687	98.5496	2974.6056339740753	29.16280035645354
103	4649.906	113.728745	4856.375	4515.054	5275.6562	453.66397	5596.4673	3947.875	988.8	974.0	514999	238.6232	118.07109	372.12024	-204.64719	238.62285	118.07439	373.03952	-199.96227	-244.75803	101.33562	3004.6294317245483	29.171159549824242
104	4480.507	586.6251	5098.4453	3363.1716	4930.4556	187.07625	5152.59	4515.8086	932.2	990.5	519999	242.09457	117.033615	373.6282	-162.34827	242.09164	117.04521	376.63147	-203.28957	-248.30629	104.3793	3034.5708022117615	29.178565426514698
105	4243.477	599.42926	4819.4614	3321.7769	3360.7026	1923.3035	5120.6323	44.276993	919.0	773.1	524999	246.09355	116.30737	375.97546	-229.1448	246.09392	116.31165	376.39044	-177.80452	-251.2911	104.79881	3063.5287029743195	29.17646385828654
106	3942.2805	1227.5732	4935.2344	1650.4506	3918.564	1526.2563	5212.5815	240.62663	828.5	784.1	529999	246.33151	116.91409	374.64798	-230.34097	246.33023	116.9236	376.51904	-181.52347	-251.36343	106.40545	3092.1545586586	29.17126944155063
107	4161.083	1093.2014	5000.9316	2001.0422	3380.7026	1557.2566	5261.5815	70.17758	879.8	680.3	534999	246.64319	118.54124	375.10257	-209.6734	246.63713	118.56285	382.3476	-207.05656	-251.61736	118.03016	3120.369363307953	29.162330518259065
108	3359.398	1806.7992	5002.474	714.59296	4735.779	739.2533	5146.027	2537.8035	703.2857	953.7	539999	247.503	119.09641	377.4841	-180.1257	247.50285	119.10065	379.60077	-177.93108	-251.80128	106.068214	3149.774181365967	29.164575773256797
109	4243.1694	940.7347	4941.315	2350.431	5002.7686	542.1956	5365.69	3426.4053	887.1667	966.3	544999	247.19196	121.09103	380.16388	-201.0932	247.18973	121.10068	379.6069	-200.76826	-251.65591	107.6738	3179.864278078079	29.173066791044462
110	4681.7744	160.67986	4874.7983	4478.6855	4800.1206	804.11914	5277.8584	2665.368	994.8	925.1	549999	248.60083	122.145996	380.076	-172.60556	248.59973	122.14891	380.1424	-186.09135	-252.79628	104.33161	3209.2522585392	29.17502055168152
111	4098.5796	1390.3676	4880.4272	1008.5294	4510.7856	1399.872	5303.445	452.52213	872.5	893.5	554999	249.46071	123.675865	378.65533	-210.62354	249.46251	123.67861	381.4088	-180.57652	-253.2872	99.16783	3238.362458705902	29.174436584249275
112	4460.3643	679.7562	4962.0986	3121.4097	5212.3867	189.30807	5418.819	4710.427	940.8	993.4	559999	249.99503	125.129105	387.8412	-191.4683	249.9952	125.13176	384.24728	-175.37704	-254.68402	105.56262	3268.491301059723	29.182958062205994
113	4609.876	440.12595	5014.363	3779.116	5256.273	106.107765	5494.7563	5113.0405	1000.0	1000.0	564999	251.49074	124.906	386.24573	-245.57346	251.49266	124.91009	385.81824	-221.4059	-256.23383	106.667015	3298.4969322681427	29.19023835342542
114	3725.679	1469.0422	5204.6875	858.8698	5047.7725	118.893845	5186.0522	4800.184	769.7143	1000.0	569999	252.7575	125.470985	387.39355	-271.6339	252.75804	125.47188	383.93826	-257.55136	-256.82745	105.98933	3328.352826356888	29.196077443005745
115	3068.3489	2024.6726	4928.1875	-230.29695	4552.085	1426.574	5306.729	314.69284	807.5	908.0	574999	254.42014	125.76507	385.1966	-291.28525	254.41942	125.76526	385.39246	-289.56973	-259.07718	106.812935	3357.9663372039795	29.199707296620243
116	4986.901	69.93494	5055.718	4851.807	5277.585	186.22775	5503.589	4842.8867	1000.0	1000.0	579999	255.60896	126.117546	385.6821	-221.51028	255.60928	126.12288	385.77847	-244.65076	-259.6811	110.76212	3387.8879070281982	29.205930253555035
117	3061.4917	1809.2515	4944.989	531.83215	5026.315	1197.4528	5644.0444	1457.0952	657.875	929.7	584999	257.35504	125.08716	386.03622	-200.44926	257.3524	125.09501	385.31207	-174.8665	-261.83417	110.91195	3417.516884803772	29.209546042303753
118	3373.8718	1766.682	4995.0537	506.15158	4555.389	1314.814	5637.5312	1659.7318	686.7143	859.4	589999	259.80936	124.099045	387.07794	-154.57516	259.80777	124.110916	387.40244	-175.15833	-264.91553	107.35219	3446.8902451992035	29.210934297513152
119	4763.3496	149.48311	4886.8325	4482.0444	4769.346	698.136	5106.4766	2708.856	986.4	958.2	594999	261.5188	124.16316	386.98453	-172.03423	261.5178	124.1782	388.04156	-210.52328	-265.74554	113.1218	3476.811357498169	29.216902181881817
120	4164.796	829.70074	4839.363	2643.2083	5170.331	134.11981	5456.8013	4991.389	878.6	1000.0	599999	261.18854	125.20314	385.6007	-185.04504	261.1865	125.21065	388.24582	-179.12059	-265.65717	115.41318	3506.8412597179413	29.223677178223927
121	3482.2805	1953.7722	4975.9927	357.96167	5211.6807	192.38242	5622.0273	4971.614	711.5714	1000.0	604999	262.11536	125.14745	386.62604	-186.91351	262.11353	125.15238	388.1379	-206.24265	-266.9044	113.8463	3536.7732741832733	29.229531207360512
122	4208.111	1064.9224	4826.0815	1849.2545	3752.3423	1470.6367	4827.488	635.90216	893.6667	804.4	609999	264.3594	124.63182	391.65958	-240.72226	264.3583	124.637596	389.60757	-241.89276	-268.69653	118.007	3565.7663068771362	29.227592696909046
123	4344.179	1088.1436	5036.9673	1966.8503	5398.624	134.58833	5575.591	5143.65	896.1667	1000.0	614999	264.6622	125.63688	388.51028	-303.88388	264.66187	125.64095	390.0558	-318.5274	-269.37524	119.30982	3595.800444841385	29.23414997356694
124	4275.9526	1224.4728	5061.596	1610.2001	5116.738	455.29596	5550.3174	3905.9177	866.5	1000.0	619999	264.59494	125.5938	390.01706	-262.43042	264.59344	125.59822	392.1325	-272.5271	-269.2529	121.8679	3625.9293785095215	29.241365971103793
125	3563.1003	1876.6826	4944.804	215.09471	5166.9326	154.1118	5442.6924	4976.4014	739.3333	1000.0	624999	266.28702	124.788734	391.02563	-269.3319	266.2869	124.7986	391.90036	-262.57236	-270.75308	125.04858	3656.0065970420837	29.24805278968811
126	5039.1787	106.59051	5185.924	4854.557	5195.187	92.47377	5318.5386	5007.968	1000.0	1000.0	629999	269.4037	123.706116	394.69434	-219.65984	269.40295	123.71043	391.517	-233.34048	-273.80798	113.73945	3685.8756864070892	29.25298165328919
127	4093.913	1106.2198	5018.8936	1902.9845	5083.175	138.29712	5336.2676	4917.4453	851.5	1000.0	634999	272.5756	123.088104	392.78537	-253.89299	272.57452	123.09489	392.4087	-215.76587	-277.03033	115.83208	3715.5404331684113	29.256223898234328
128	4372.828	959.68964	4971.608	2273.1445	4291.8423	2040.2971	5453.49	119.69057	908.0	809.4	639999	272.39386	123.91538	390.4295	-272.02966	272.39282	123.91886	398.89264	-264.17764	-277.22614	112.64883	3744.2278513908386	29.251780102029443
129	3358.4597	2076.4172	5072.169	112.721634	4795.262	1338.4413	5557.8174	1820.0323	688.2857	883.8	644999	274.0538	124.04674	398.45886	-307.00217	274.0526	124.05079	393.79382	-309.83597	-278.22488	117.06046	3773.6896283626556	29.25340798658918
130	4693.4624	602.5741	5053.673	3492.3748	5263.001	134.84163	5509.572	4979.469	951.8	1000.0	649999	276.26965	123.87488	397.53537	-318.78317	276.2696	123.88176	396.65997	-289.35843	-280.2955	113.33709	3803.946211576462	29.261124720940224
131	4086.5425	1940.1464	5132.3594	207.36139	4642.143	924.9213	5063.5635	1877.1931	1000.0	938.9	654999	277.20047	124.85788	394.35446	-258.82446	277.20114	124.8554	398.08545	-262.38177	-280.86713	114.03867	3833.5207884311676	29.263517481680136
132	4995.63	86.008286	5142.184	4880.581	4541.8926	820.3516	4947.442	2093.2532	1000.0	1000.0	659999	278.31015	125.48316	402.49698	-224.26427	278.3086	125.48878	403.06732	-244.81483	-282.44965	116.77349	3863.456957101822	29.26861332582705
133	4675.4985	510.397	5048.0317	3697.8809	5290.2876	114.278534	5505.543	5160.563	946.0	1000.0	664999	278.7666	126.4871	395.75992	-237.44118	278.7643	126.496735	396.85333	-252.65681	-282.77106	109.56345	3893.524243593216	29.27461838542967
134	4234.0654	952.14276	5139.153	2653.423	5213.137	89.04663	5347.548	5064.8647	957.2	1000.0	669999	280.30258	127.06409	396.78424	-340.90552	280.30038	127.07659	396.51416	-274.64203	-284.59714	114.45	3923.8260867595673	29.2822842455622
135	4237.4155	1781.548	5148.2964	258.85733	5125.006	94.16335	5283.5825	4964.746	844.3333	1000.0	674999	282.3313	127.52111	397.64993	-266.41394	282.3298	127.52623	401.3368	-299.24454	-286.58405	114.75586	3953.8767659664154	29.28797605832418
136	3706.6616	1618.1702	5229.6514	1017.0238	5221.914	208.06998	5553.175	4842.705	754.7143	1000.0	679999	282.93494	128.05296	398.67218	-250.90933	282.93243	128.05853	402.39078	-262.53583	-287.19452	120.66083	3983.8080656528473	29.29270637736601
137	3321.5972	2145.5486	5341.18	204.82765	5190.1064	81.6222	5306.796	5038.3916	677.125	1000.0	684999	284.35056	127.795845	401.55667	-219.86826	284.346	127.809395	400.72012	-222.69717	-288.73682	119.2822	4013.5086493492126	29.295683585814317
138	4387.7627	729.7093	5001.082	3213.0256	5131.712	85.52861	5231.515	4959.585	933.0	1000.0	689999	287.77274	126.12862	400.60516	-255.93074	287.76764	126.14654	401.0368	-318.60388	-292.20023	118.80535	4043.597775697708	29.301433172778808
139	4569.3525	498.47894	5077.527	3729.6023	5081.8296	128.4659	5247.9497	4858.3022	948.4	1000.0	694999	289.67694	124.01307	400.9284	-204.7443	289.67145	124.02657	402.96335	-243.36525	-293.76163	120.9752	4073.6852288246155	29.30708799259268
140	5050.4463	148.27444	5186.7495	4763.5957	5205.6772	122.36572	5389.7856	4928.6094	1000.0	1000.0	699999	288.97824	122.94883	402.46042	-289.81836	288.97522	122.95479	401.35434	-219.46727	-292.9994	112.66367	4103.453190326691	29.31037994282586
141	4960.992	128.7797	5113.856	4814.058	4269.481	1882.5131	5629.7363	328.9065	1000.0	885.1	704999	290.1949	118.8897	402.79938	-231.82253	290.1989	118.88503	404.74384	-225.26335	-294.35785	116.02512	4132.685966730118	29.309829564804726
142	4372.3105	1408.2976	5219.4556	1567.7623	5178.332	82.28961	5321.7744	5050.18	1000.0	1000.0	709999	291.64136	115.74849	404.37622	-218.6934	291.64252	115.74983	405.03436	-226.78215	-296.21048	120.52225	4162.8806302547455	29.316060791552907
143	4946.372	143.83192	5133.1455	4721.014	4554.4443	1165.986	5524.5117	2685.5793	1000.0	861.2	714999	291.6126	116.7048	405.96686	-225.69356	291.61038	116.71309	404.77496	-217.2727	-295.64758	115.44265	4192.024735927582	29.314858306537975
144	4971.3765	63.54298	5046.109	4876.3726	4917.911	1287.6798	5558.5894	1108.2611	1000.0	908.9	719999	290.9235	119.00058	408.29538	-221.8002	290.92252	119.0124	406.1919	-178.14445	-294.9158	116.87775	4221.3408217430115	29.314866832560963
145	4179.3877	1550.6786	5278.419	806.6972	5265.9463	282.15823	5527.9473	4469.4507	839.5	987.7	724999	291.3839	120.01258	406.56732	-205.73114	291.38275	120.020096	404.75568	-239.426	-295.6333	115.03005	4251.386228561401	29.31990504100405
146	5087.6245	54.91529	5180.165	5021.3086	5245.5015	129.35602	5483.3784	4965.94	1000.0	1000.0	729999	291.95682	121.42414	405.34213	-189.92305	291.95197	121.43866	406.06042	-218.312	-296.47736	116.28068	4281.39682841301	29.324635825745048
147	4430.321	985.40826	5098.117	2424.6875	5332.663	106.06599	5485.0664	5130.5986	891.1667	1000.0	734999	293.68222	123.509674	406.54892	-230.30717	293.67767	123.52632	410.72522	-255.07246	-298.27213	115.02365	4311.266901016235	29.328346280013623
148	4473.063	867.0855	5249.4033	3082.2078	5077.5254	87.691765	5210.684	4909.584	880.1667	1000.0	739999	294.95303	125.62166	406.14572	-187.9439	294.9469	125.6424	408.79663	-226.63083	-299.31375	118.21465	4342.256649255753	29.33957196731825
149	5032.173	86.03817	5160.852	4938.9424	5346.15	120.49035	5537.4277	5060.138	1000.0	1000.0	744999	296.32678	126.79221	408.03555	-200.3595	296.3231	126.80048	410.3641	-174.58694	-301.30252	129.3147	4372.736613750458	29.347225613242028
150	4271.0537	1894.8551	5250.4185	42.384624	5131.246	893.6492	5610.5874	2465.7827	839.6667	1000.0	749999	298.4207	126.82713	412.34412	-205.3634	298.4211	126.83338	410.42612	-236.56696	-303.51746	127.536385	4403.209093570709	29.354727301597595
151	4281.3037	1863.041	5284.6753	120.89031	4894.978	1619.1965	5551.2417	42.709366	840.8333	902.3	754999	297.4849	127.90483	413.0236	-232.2602	297.48337	127.91467	412.60767	-220.64957	-301.69525	120.40415	4432.401453495026	29.353652020953348
152	5078.0576	116.51663	5202.1357	4896.8267	4960.6396	771.9498	5471.003	3106.7043	1000.0	933.6	759999	298.8	128.48067	418.83957	-227.43259	298.79672	128.4886	419.23224	-237.53078	-303.9447	127.08611	4461.865095376968	29.3543756400284
153	5092.7217	72.03894	5216.7085	4992.2188	4853.3296	82.3051	4948.334	4632.159	1000.0	1000.0	764999	304.70697	130.2277	473.83984	-323.69598	304.7054	130.23383	474.07678	-205.3323	-310.05817	120.05395	4491.592316865921	29.35681253944347
154	4352.8623	1207.1697	5061.2715	1944.497	5468.7905	100.235176	5636.51	5293.96	883.0	1000.0	769999	307.20383	130.82892	470.1887	-201.27965	307.206	130.8318	472.18372	-205.67859	-312.18997	126.744774	4521.747362375259	29.36199587351316
155	4299.0103	1533.9108	5482.31	1006.2064	5305.0137	155.8609	5633.2373	5068.255	836.1667	1000.0	774999	307.75882	131.42151	452.70093	-219.96709	307.75806	131.42398	467.6237	-217.632	-312.14404	125.83692	4551.684077501297	29.365703738120295
156	3260.2874	1885.6399	5068.836	500.4527	5009.5674	1461.1326	5633.2188	639.34937	815.3333	1000.0	779999	306.7427	132.53412	439.80078	-210.13542	306.74033	132.54512	443.32275	-211.56137	-311.50082	126.0132	4581.768474578857	29.370310746706448
157	4308.409	1603.775	5238.9644	1104.7294	5179.3154	103.18783	5373.9307	4943.7295	1000.0	1000.0	784999	305.86185	133.71286	432.30057	-276.13684	305.8589	133.72458	438.73962	-234.97873	-309.50552	130.45435	4611.6673793792725	29.373677586294285
158	4950.219	72.23545	5039.593	4850.7026	5176.4355	206.86197	5465.553	4692.944	1000.0	1000.0	789999	305.46835	133.56622	415.38843	-270.51932	305.4672	133.58023	413.592	-226.58975	-309.489	125.52933	4641.472053527832	29.376405415655693
159	3647.704	2037.9347	5192.6777	407.6419	4532.1865	1540.0492	5141.702	-80.21932	875.3333	1000.0	794999	306.39316	132.34726	413.52258	-265.96982	306.39453	132.35104	416.74643	-268.18063	-310.66922	121.95779	4671.643335342407	29.38140463679092
160	3306.1555	1900.1042	5132.1963	677.29016	4940.343	1380.7026	5575.601	812.8514	685.0	917.9	799999	306.6468	132.29056	423.17102	-393.54752	306.646	132.29504	415.18768	-291.6102	-310.84946	125.10213	4701.073608636856	29.38171006590128
161	3658.7815	1865.6616	5108.2095	679.99146	5267.4644	86.25173	5406.774	5140.819	861.5	1000.0	804999	307.84656	134.29883	443.4608	-293.14377	307.84695	134.30264	435.71	-411.36298	-312.15405	128.49194	4730.785134792328	29.38375861156061
162	4595.8823	1182.2964	5233.789	1955.4027	4413.0566	1953.0089	5528.383	114.38166	901.6667	1000.0	809999	307.75912	134.61002	462.36954	-251.50647	307.75696	134.62192	465.6204	-199.74797	-312.98224	138.09323	4760.6703362464905	29.386853940692948
163	3897.0203	1734.6655	5182.1484	569.57	5343.012	103.43579	5571.6895	5172.0474	1000.0	1000.0	814999	307.51053	135.54662	451.98642	-205.22156	307.50934	135.55684	456.10013	-206.23921	-313.1537	144.06947	4790.353451967239	29.388671496163116
164	5130.997	85.5427	5286.056	5036.1865	5473.54	289.35815	5645.0415	4621.447	1000.0	1000.0	819999	307.5879	134.55168	427.8506	-246.5253	307.5877	134.55563	427.95474	-303.99896	-312.51093	134.927	4820.438764810562	29.392919312163098
165	3432.5957	2258.897	5111.9526	-777.4745	4859.0127	1104.1505	5337.6245	1556.2653	913.0	930.9	824999	307.31305	132.45882	420.38147	-245.26436	307.31223	132.46362	416.33157	-267.71738	-311.7092	127.19954	4849.9171369075775	29.393437206383908
166	4448.8296	1592.8751	5394.921	918.92334	5085.624	588.8013	5453.74	3359.2908	867.0	964.1	829999	306.39444	132.29715	415.0009	-299.71243	306.39108	132.3094	417.85837	-279.81754	-310.15677	136.69646	4879.404387712479	29.394002347107392
167	5108.7935	102.35024	5298.7124	4994.9297	5481.575	136.68242	5716.9834	5215.217	1000.0	1000.0	834999	304.6083	134.60532	417.62546	-350.0324	304.60733	134.6119	416.8702	-254.10654	-308.6007	129.92122	4909.3158276081085	29.397100774114005
168	3132.1262	1626.6072	5254.7925	735.48004	5473.6377	152.67592	5722.973	5200.9233	632.2857	1000.0	839999	305.67123	134.92973	415.9947	-467.3719	305.67007	134.93454	415.666	-422.27545	-309.41965	121.67538	4939.012610673904	29.398884600117093
169	5093.0454	51.79147	5182.2446	5021.796	5417.4907	108.49401	5578.852	5231.971	1000.0	1000.0	844999	308.5819	134.31792	421.91336	-330.2208	308.58096	134.3241	420.80038	-260.72928	-312.66147	126.56203	4968.504209518433	29.39943320511361
170	5052.918	188.06631	5300.7485	4731.142	5002.836	1002.5449	5456.847	2003.2683	982.4	938.7	849999	310.71893	132.39859	417.63882	-294.59598	310.71936	132.40242	419.1094	-289.9162	-314.69257	124.03284	4997.530309677124	29.397237128369948
171	4611.459	993.0903	5178.678	2407.3564	5369.7456	91.66022	5553.4663	5224.732	918.5	1000.0	854999	307.45245	132.07704	418.50967	-311.47406	307.45172	132.08011	419.61038	-340.36877	-311.48062	125.34495	5027.487939357758	29.40051428058691
172	5087.405	101.45625	5213.841	4912.871	5392.3345	111.859764	5548.6426	5176.7046	1000.0	1000.0	859999	304.3227	132.66396	425.74374	-428.6788	304.3225	132.67432	421.42532	-569.6493	-309.04578	129.53674	5057.10408449173	29.401767945566842
173	5094.9053	160.07094	5335.495	4865.263	5510.583	124.26759	5688.26	5212.694	1000.0	1000.0	864999	303.07794	134.02997	418.66763	-408.16254	303.07797	134.04114	420.8004	-438.57312	-307.77322	127.11883	5086.68812084198	29.402821518782247
174	3680.4343	1776.1097	5048.8745	790.6714	4857.2876	1451.1158	5502.608	509.92313	749.6667	910.7	869999	303.39752	133.63918	418.99036	-288.8638	303.39673	133.64148	421.7866	-378.5844	-308.03226	124.551186	5115.988391876221	29.402232148181433
175	5121.624	122.72822	5252.546	4891.179	5391.5557	396.49585	5690.5615	4220.1743	1000.0	972.6	874999	302.5118	135.17981	422.9794	-272.02676	302.5108	135.18657	419.84155	-357.85065	-307.03796	132.39584	5145.572717189789	29.40327267919268
176	5240.142	135.37917	5435.701	5011.1826	5332.2256	156.96663	5492.8447	4939.4194	1000.0	991.8	879999	303.1087	135.11716	418.42395	-253.04189	303.1079	135.117	419.02652	-279.3781	-307.17017	125.63259	5175.181748867035	29.404441765763544
177	5167.9805	91.42892	5246.812	5000.7	4036.2017	875.7045	4997.752	2771.5305	1000.0	822.7	884999	302.11768	137.35735	421.88208	-391.66873	302.11975	137.35622	419.74478	-252.29834	-306.65726	131.69362	5204.073539972305	29.40154543300133
178	5172.109	136.8117	5332.384	4994.792	5291.6514	112.72242	5507.2764	5139.6685	1000.0	1000.0	889999	302.6504	136.86267	419.62625	-290.43787	302.6535	136.86113	424.0512	-273.56702	-306.82315	126.3832	5234.031326532364	29.404670384492768
179	4281.6987	1522.6122	5320.1875	1107.2299	4596.016	1376.7765	5179.9287	473.71515	872.3333	911.0	894999	303.99957	136.39554	418.11105	-265.08282	304.00058	136.40091	420.58167	-253.1288	-307.8398	121.09895	5263.362082004547	29.404257452021763
180	4338.745	1881.6161	5351.361	137.49937	5252.776	135.88564	5451.3975	5052.033	840.8333	1000.0	899999	306.26218	134.4237	422.43207	-246.80212	306.2638	134.42169	422.86542	-241.69974	-310.66763	118.6927	5293.34054350853	29.407447475857204
181	5010.624	65.11554	5090.996	4934.727	4831.085	1467.6987	5596.9043	568.7393	1000.0	914.1	904999	308.84726	131.99467	422.9633	-249.76675	308.85052	131.99081	422.0238	-347.96054	-312.7645	126.399376	5322.688412189484	29.40711831124448
182	4371.089	1141.3208	5366.9775	2314.957	4680.5723	911.1758	5439.1597	2499.9888	858.6667	898.5	909999	310.40997	130.68712	419.17975	-269.99387	310.4123	130.69122	423.15143	-278.1195	-314.7198	127.30055	5352.081043958664	29.40703871485951
183	4000.3704	1893.6042	5324.652	82.37564	5441.7354	88.87815	5567.6655	5236.953	785.1429	1000.0	914999	312.1247	129.8225	423.46222	-281.0572	312.12683	129.82277	422.93228	-272.95834	-315.55646	130.35046	5381.957216501236	29.409602287688543
184	4884.3115	762.94305	5442.8926	3374.2036	4859.6396	1584.0472	5558.1494	114.89715	926.6	904.9	919999	313.41	128.95248	423.2284	-534.2637	313.41138	128.95462	422.97617	-497.45108	-317.08847	129.00005	5410.909960746765	29.40711936354637
185	4615.4165	1079.3674	5245.9814	2463.7744	5569.9556	108.33557	5740.8315	5429.16	897.4	1000.0	924999	313.96436	127.090576	422.2445	-487.26877	313.96414	127.08924	425.07706	-543.7974	-318.16843	126.15343	5440.691022634506	29.409140673199214
186	4509.1724	936.65314	5302.7505	2520.9092	4894.8	1804.5992	5657.439	-511.42575	920.3333	1000.0	929999	313.83115	126.50411	425.8014	-429.41034	313.8303	126.51028	426.65158	-349.32184	-317.67392	127.06855	5470.553909778595	29.411580171636356
187	4940.881	657.4019	5338.422	3630.5325	4580.549	1618.517	5827.666	275.74286	949.0	850.4	934999	313.32895	127.279976	422.51974	-242.19455	313.32806	127.28903	421.6423	-255.0916	-316.6537	113.27197	5499.404985904694	29.408582823799257
188	5057.6567	261.85757	5291.5864	4547.9463	5344.8945	117.79519	5528.899	5192.683	977.6	1000.0	939999	312.7931	129.74742	424.77527	-450.30505	312.79105	129.7542	427.10553	-290.116	-316.34372	114.50883	5529.1558475494385	29.410403453289195
189	5044.1875	140.14674	5254.224	4890.881	5544.909	131.91281	5728.7407	5250.691	1000.0	1000.0	944999	313.06537	131.28117	424.37253	-240.2365	313.0643	131.28761	424.85507	-227.50832	-316.3722	122.07603	5558.968115568161	29.41252972083117
190	5196.6035	95.03646	5348.19	5081.4053	4960.7188	1295.5554	5546.849	1092.9236	1000.0	922.3	949999	313.2746	131.53433	427.31906	-251.76656	313.27484	131.54012	424.51126	-329.55453	-317.1505	119.5572	5588.292069911957	29.412063535891082
191	5251.41	35.102333	5313.7583	5216.067	5452.4844	121.02815	5738.4443	5316.767	1000.0	1000.0	954999	313.63773	130.9846	426.8675	-240.04868	313.63885	130.98468	425.05655	-264.2293	-316.93896	119.62768	5618.319080591202	29.415283154442672
192	4819.0195	681.4367	5323.778	3367.5935	5266.7705	104.55833	5485.825	5032.256	931.6667	1000.0	959999	314.9123	130.17703	427.7597	-202.42662	314.90945	130.1872	425.8432	-262.39935	-318.92	118.19635	5647.958669424057	29.416451411942642
193	4666.0146	983.42456	5241.087	2702.7495	5476.8506	156.21321	5741.665	5247.8687	904.8	1000.0	964999	316.31772	128.90833	426.4231	-231.42322	316.31708	128.91618	425.17645	-221.52203	-320.64508	120.64057	5677.782745599747	29.418563458585986
194	5138.3545	116.25018	5320.2007	4995.1436	5558.325	130.32785	5801.1187	5341.915	1000.0	1000.0	969999	317.18726	128.33282	426.8508	-301.28543	317.18707	128.3387	425.94553	-269.43927	-321.37946	120.54371	5707.730640888214	29.421291974401967
195	5315.3813	106.362305	5430.251	5114.014	4543.795	1256.9873	5374.684	1930.6232	1000.0	881.2	974999	318.49362	126.75375	428.8759	-272.39917	318.4944	126.76	426.61258	-234.22365	-323.0499	125.73271	5736.704754114151	29.418998748828205
196	5105.8945	286.89328	5384.053	4552.1787	4949.945	1536.6881	5667.347	367.48892	972.4	899.4	979999	319.07324	126.60412	427.23785	-288.87906	319.06815	126.63086	428.16037	-257.08008	-323.27512	123.76825	5765.915469408035	29.417936079356135
197	4315.3296	1618.8451	5290.231	707.6078	5307.006	109.18644	5468.374	5121.61	857.3333	1000.0	984999	319.2506	126.81741	431.33896	-222.4942	319.24927	126.823326	425.56717	-236.96036	-323.118	118.2498	5795.747674226761	29.420038963937518
198	4369.201	1791.9508	5272.375	365.88693	5029.917	957.8098	5572.9644	2252.4912	848.5	932.5	989999	320.16754	125.512955	427.06934	-238.01273	320.16714	125.51676	427.96115	-221.16978	-324.56573	126.5626	5825.124624967575	29.419821349057283
199	4231.811	1715.4183	5380.1104	501.96823	5601.22	155.74037	5816.0376	5270.044	824.6667	1000.0	994999	321.15662	123.12001	426.71396	-232.42981	321.1564	123.12739	426.54572	-283.16763	-325.4786	126.73968	5855.091239929199	29.4225690556531
200	4711.5234	1342.6965	5459.875	1714.5665	5434.133	139.12703	5736.8604	5207.6816	887.0	1000.0	999999	322.14383	121.263016	427.65308	-267.33267	322.14407	121.26298	429.1168	-215.87822	-326.44897	119.17663	5884.91268825531	29.424563450813295
