Epoch	AverageEpRet	StdEpRet	MaxEpRet	MinEpRet	AverageTestEpRet	StdTestEpRet	MaxTestEpRet	MinTestEpRet	EpLen	TestEpLen	Time Steps	AverageQ1Vals	StdQ1Vals	MaxQ1Vals	MinQ1Vals	AverageQ2Vals	StdQ2Vals	MaxQ2Vals	MinQ2Vals	LossPi	LossQ	Time	AVG Time Per Epoch
1	-42.74542	4.003617	-33.752678	-52.920006	-9.868933	3.037604	-4.8535523	-15.022716	50.0	50.0	4999	-1.8682632	0.65684867	0.55759984	-4.909259	-1.8683115	0.6576186	0.9770013	-4.9079485	1.2010685	0.08405212	16.738826751708984	16.738829612731934
2	-43.20197	4.214704	-30.750282	-53.463467	-6.0482745	2.055916	-2.9229872	-8.397581	50.0	50.0	9999	-3.315485	1.0754257	0.14059716	-8.675524	-3.315413	1.0756773	0.15351647	-8.633015	2.6280017	0.15531868	36.44908165931702	18.224541902542114
3	-9.59455	3.0947073	-3.57443	-16.267206	-7.6087713	1.5085682	-5.9123545	-11.423132	50.0	50.0	14999	-4.3975797	1.5038178	0.87613666	-11.46099	-4.397493	1.5045695	1.0141978	-11.589976	3.7665212	0.2719187	58.33664083480835	19.445547819137573
4	-8.827397	2.724642	-3.1756895	-16.048489	-8.831053	2.5232239	-4.615389	-12.267587	50.0	50.0	19999	-4.873985	1.6743003	2.8755393	-12.298675	-4.873847	1.6749213	2.8886652	-12.732701	4.337954	0.3975101	79.78241777420044	19.945605039596558
5	-12.054879	4.9998055	-3.3066785	-26.119822	-9.040842	5.729372	-2.0705795	-16.709625	50.0	50.0	24999	-5.2124033	1.7724376	3.173984	-13.035849	-5.2122164	1.7729703	3.0298867	-12.787891	4.749369	0.53771037	101.02095818519592	20.204192399978638
6	-10.857512	4.713715	-2.9223087	-27.343632	-6.632142	4.200076	-2.2946806	-16.112003	50.0	50.0	29999	-5.5034356	1.8604025	4.930538	-13.1384945	-5.5033646	1.8606366	3.3145702	-13.174029	5.085407	0.62452674	123.13315439224243	20.52219279607137
7	-9.438537	3.0931537	-2.0234141	-18.59078	-9.505378	2.359556	-6.1720157	-13.40455	50.0	50.0	34999	-5.722982	1.9603521	3.125866	-14.104973	-5.7230234	1.9603759	2.374489	-13.610639	5.3266068	0.6751698	144.61739373207092	20.659628084727697
8	-9.724121	2.5816834	-3.4595747	-17.507402	-10.27097	2.2910016	-7.6941924	-14.503325	50.0	50.0	39999	-5.9075594	1.9580286	3.9746542	-14.54297	-5.907652	1.957334	3.2361264	-13.938848	5.5222487	0.746583	166.22780847549438	20.778476387262344
9	-9.420118	2.4199815	-2.668366	-17.547945	-8.49463	0.81217927	-7.139612	-9.733952	50.0	50.0	44999	-6.0886865	1.9880186	5.12273	-15.178836	-6.0887656	1.9880676	3.647234	-14.4771805	5.7275615	0.8111382	187.92867255210876	20.88096390830146
10	-9.295398	3.3433974	-3.4645195	-33.617107	-7.550477	2.0770638	-4.142328	-12.123368	50.0	50.0	49999	-6.176423	2.026987	4.7667785	-15.743665	-6.176421	2.0271864	3.8771534	-15.312307	5.8415623	0.83048713	208.6488037109375	20.86488060951233
11	-10.121124	3.5707219	-3.3705988	-22.128803	-8.470381	3.3204632	-2.9448102	-12.817422	50.0	50.0	54999	-6.273213	2.0432696	4.904505	-16.278883	-6.2730656	2.0452054	3.861514	-15.549984	5.9475517	0.8762903	230.56416964530945	20.96037927540866
12	-8.894678	2.531281	-4.3473997	-16.741037	-6.865252	2.0482621	-3.0198958	-9.316392	50.0	50.0	59999	-6.353875	2.0702124	2.9385648	-16.331886	-6.353777	2.0715294	4.854991	-16.881443	6.0374885	0.92042243	251.72348833084106	20.976957539717358
13	-8.693084	2.400449	-3.286203	-14.49458	-8.3797	2.3201997	-2.5676188	-11.275151	50.0	50.0	64999	-6.367745	2.048865	3.8376603	-15.862813	-6.3676825	2.05029	3.669601	-15.470974	6.069019	0.94245195	272.98668003082275	20.998975588725163
14	-8.465562	2.6357522	-3.5162113	-14.55543	-7.2515717	2.8542738	-1.8730301	-11.20438	50.0	50.0	69999	-6.370354	2.009203	3.790766	-15.92001	-6.370462	2.0105762	4.4368587	-18.649025	6.0744047	0.9888789	294.9673228263855	21.06909465789795
15	-8.231876	2.515914	-3.478452	-15.004863	-8.379315	1.9118676	-3.7638118	-11.142544	50.0	50.0	74999	-6.403036	1.995488	7.2086964	-15.82722	-6.4030213	1.9966027	4.0165887	-15.728698	6.115343	1.0078975	316.5637788772583	21.104252036412557
16	-8.394164	2.7280395	-3.1407807	-15.62747	-6.9569488	2.3189247	-2.5709825	-11.078421	50.0	50.0	79999	-6.4901605	1.988462	3.5764446	-15.673647	-6.4901366	1.990678	3.1470466	-15.790112	6.2215385	1.0788717	338.3043248653412	21.144020467996597
17	-9.027944	2.7063515	-2.3163292	-17.7778	-7.0349464	2.356194	-4.684073	-10.897725	50.0	50.0	84999	-6.537817	1.9911181	3.8761253	-16.864319	-6.5377617	1.9927396	4.68537	-15.378952	6.272102	1.0961366	359.70355248451233	21.159032625310562
18	-9.313344	4.4218183	-2.5838218	-26.08688	-10.171648	6.1792893	-1.8517103	-19.181698	50.0	50.0	89999	-6.6298475	2.001846	5.190128	-17.537382	-6.629967	2.002643	4.3446307	-16.019253	6.3593965	1.1466801	381.1990547180176	21.177725394566853
19	-9.299504	4.316186	-2.304266	-22.088385	-8.955589	3.8829124	-4.5424867	-19.41297	50.0	50.0	94999	-6.714527	2.0035498	4.3215346	-16.323854	-6.71448	2.0050578	3.7292933	-15.8993225	6.4359317	1.1812887	403.10720205307007	21.216168642044067
20	-8.02728	2.6163125	-3.2609916	-16.003548	-6.112529	2.3096333	-3.347753	-11.052489	50.0	50.0	99999	-6.8053284	2.0813136	4.3050623	-16.653805	-6.805288	2.082457	3.575324	-16.348104	6.5321484	1.2330939	424.20771288871765	21.21038576364517
21	-8.260025	2.7251103	-2.6372294	-14.03651	-8.369405	1.6662389	-6.301608	-11.625069	50.0	50.0	104999	-6.858771	2.0810082	3.4275227	-16.324184	-6.8586917	2.082676	3.8976092	-16.675817	6.5966144	1.2746885	446.14270067214966	21.24489058767046
22	-9.56582	3.2815802	-3.2422962	-17.432226	-6.0761805	2.951043	-2.7347822	-13.302416	50.0	50.0	109999	-6.848275	2.0570424	6.724486	-17.021568	-6.848297	2.057847	5.225048	-16.785297	6.577681	1.2725326	467.6206901073456	21.255486033179544
23	-8.611672	2.8477666	-3.2163157	-14.322899	-6.5634713	2.738628	-2.2744396	-10.674659	50.0	50.0	114999	-6.9154506	2.0859337	4.931611	-18.879822	-6.9154935	2.0864615	7.7417583	-17.823517	6.656111	1.3154197	488.6672911643982	21.246404056963712
24	-8.143164	2.5576437	-2.051432	-13.812044	-4.938199	2.0872686	-1.6852834	-7.7226534	50.0	50.0	119999	-6.9863133	2.1121306	4.1691394	-18.094946	-6.986507	2.1117747	3.5265381	-18.41552	6.692352	1.3834248	510.40209317207336	21.266753961642582
25	-8.650586	2.7020931	-3.240984	-19.633587	-6.729103	3.311292	-2.1683974	-12.799733	50.0	50.0	124999	-7.016449	2.1154816	4.485964	-17.619017	-7.0165014	2.1153955	3.5103488	-17.781773	6.7484374	1.3614146	531.8881418704987	21.275525751113893
26	-8.140191	2.2379382	-2.6495495	-13.175253	-6.9184823	2.458794	-2.5958152	-11.261327	50.0	50.0	129999	-6.9948955	2.1222236	3.932044	-17.858543	-6.994879	2.123318	9.0107355	-18.500496	6.7389946	1.3695127	553.8550846576691	21.302118704869198
27	-8.113571	2.6198866	-2.8121166	-19.223446	-5.472651	1.875343	-2.0480037	-7.659677	50.0	50.0	134999	-6.9547305	2.119277	7.00698	-18.028683	-6.9548993	2.119374	5.580679	-17.546227	6.7203608	1.3317277	575.148010969162	21.301778272346215
28	-7.9183226	2.5430777	-3.1802688	-14.826245	-6.0038657	2.174954	-2.2602227	-9.546948	50.0	50.0	139999	-6.928941	2.1145535	7.1115913	-18.84037	-6.92903	2.114511	11.894027	-18.78931	6.6917763	1.3194833	596.4735286235809	21.30262609039034
29	-8.070666	1.9367619	-3.3974617	-16.588522	-6.563895	1.455385	-3.7551255	-9.151919	50.0	50.0	144999	-6.9512486	2.1402457	10.897108	-18.812044	-6.9512916	2.141181	5.085202	-18.950163	6.710779	1.3152131	618.5715112686157	21.33005218670286
30	-7.875425	2.1972687	-2.5842097	-16.284273	-5.143636	1.7001761	-2.3737175	-7.577519	50.0	50.0	149999	-6.935771	2.15648	22.958538	-18.20135	-6.9357953	2.1558363	6.6214924	-19.198036	6.6907206	1.3060893	639.6868114471436	21.322893778483074
31	-7.6815367	2.4873517	-3.120861	-14.774212	-7.81978	3.1479764	-2.452515	-13.436606	50.0	50.0	154999	-6.9361753	2.1615329	5.262014	-19.859838	-6.9361796	2.1615808	4.6614156	-19.16562	6.7117095	1.3332968	661.809196472168	21.348683826385006
32	-8.527571	2.5194151	-2.8958862	-14.851172	-8.586364	2.0768466	-4.179205	-11.381092	50.0	50.0	159999	-6.9403176	2.1513872	4.86091	-20.006346	-6.9404025	2.1520495	10.705947	-18.970732	6.7084904	1.3146919	683.0095558166504	21.34404867887497
33	-7.942438	2.5560937	-2.6889396	-13.720694	-5.6703997	2.7443497	-1.9683971	-11.328552	50.0	50.0	164999	-6.9561324	2.1425128	6.544397	-19.264511	-6.956217	2.1429455	6.9945374	-18.795382	6.72152	1.3572344	704.1557011604309	21.338051629788946
34	-8.362814	2.747394	-3.235137	-15.238437	-7.7860284	3.956505	-1.736682	-13.17225	50.0	50.0	169999	-6.995918	2.1682134	5.010391	-19.408161	-6.996041	2.1683228	6.9619803	-21.299116	6.726009	1.396804	725.9226367473602	21.350665849797867
35	-8.961021	3.0226138	-3.1057892	-17.134804	-5.5775785	1.7526227	-2.4124181	-7.719423	50.0	50.0	174999	-7.018736	2.1968594	4.3115025	-19.3241	-7.0187507	2.1966884	5.6586194	-19.075388	6.7518764	1.444031	747.1899328231812	21.348283842631748
36	-8.524779	3.0416014	-3.714608	-19.58231	-7.5720224	2.0869741	-4.5373244	-11.748303	50.0	50.0	179999	-7.012667	2.1981318	5.3110933	-18.26849	-7.0126934	2.1977532	9.323125	-18.22753	6.7458353	1.4458201	769.2796306610107	21.368878682454426
37	-8.57475	2.7798657	-2.9538608	-15.218704	-5.459752	1.6937568	-2.7789402	-8.384873	50.0	50.0	184999	-6.967119	2.194174	5.123946	-17.82046	-6.9671664	2.1929846	4.1544585	-18.794113	6.7347746	1.3857486	790.263685464859	21.35847804353044
38	-8.251237	2.586603	-3.0669167	-16.153336	-6.86526	4.1684456	-0.962862	-14.379589	50.0	50.0	189999	-6.959473	2.1728604	5.5727115	-17.706263	-6.9595127	2.1727002	9.778139	-17.563755	6.7184577	1.3708102	811.7293977737427	21.36129999788184
39	-8.83164	3.5205781	-2.633161	-16.879951	-6.6476097	2.306033	-2.9223075	-9.831254	50.0	50.0	194999	-6.9449406	2.1598477	8.197672	-18.919338	-6.944946	2.158676	13.782618	-18.63784	6.712647	1.3413985	833.719836473465	21.377431747240898
40	-9.39177	2.703635	-4.1287293	-15.82179	-6.97731	0.9438217	-5.5967135	-8.346981	50.0	50.0	199999	-6.9168725	2.1757193	7.0334063	-19.712318	-6.9167156	2.175081	12.652829	-19.050709	6.7078724	1.3037478	854.9065766334534	21.372664469480515
41	-9.129534	3.87098	-2.0011227	-22.759043	-10.518245	4.032345	-7.4049163	-21.514143	50.0	50.0	204999	-6.905146	2.2012076	6.5736623	-17.694231	-6.905183	2.2013366	5.232138	-18.08294	6.697869	1.3116376	876.796525478363	21.385281155749066
42	-9.645184	4.5114446	-2.7950978	-26.049562	-6.210635	2.2085948	-2.382364	-9.628667	50.0	50.0	209999	-6.853822	2.2040327	20.18463	-19.141342	-6.853763	2.2045007	8.313671	-18.891407	6.6514378	1.294974	898.113278388977	21.38364953654153
43	-8.738803	3.0278928	-2.8029747	-21.205072	-6.7749977	1.6836587	-4.2645802	-9.443455	50.0	50.0	214999	-6.8244424	2.2126327	9.617843	-18.718216	-6.8244233	2.2131438	7.1184773	-18.760723	6.628713	1.2771636	919.297355890274	21.379008315330328
44	-7.7703676	2.325358	-2.9879444	-12.825081	-7.16475	1.1739509	-5.385918	-9.058591	50.0	50.0	219999	-6.7777076	2.2011094	4.4902887	-18.858067	-6.7776127	2.2011487	5.590121	-18.823166	6.5738535	1.2948359	941.2446393966675	21.39192367141897
45	-8.545531	2.541947	-2.0537462	-14.243791	-7.370871	1.442822	-4.5079885	-10.170731	50.0	50.0	224999	-6.740586	2.2068644	6.1166024	-19.97231	-6.7405396	2.206741	6.056116	-19.25825	6.551261	1.2668898	962.5042259693146	21.388982852300007
46	-8.108439	2.5626814	-2.2734177	-13.723437	-5.9303904	1.9243276	-2.4464676	-9.036633	50.0	50.0	229999	-6.710835	2.212593	6.782112	-19.963556	-6.710855	2.21271	10.640646	-18.92463	6.526466	1.2752655	984.4856061935425	21.401861045671545
47	-8.707621	3.358356	-2.4214494	-25.817944	-10.319391	4.3770747	-4.8331323	-17.907028	50.0	50.0	234999	-6.719795	2.2224584	5.4859624	-19.842766	-6.7198777	2.2222943	7.5202284	-19.699293	6.5298142	1.2340147	1005.5781180858612	21.39527915893717
48	-8.772938	3.3722887	-2.8711057	-19.9536	-6.389361	1.1996362	-5.0485725	-9.352438	50.0	50.0	239999	-6.71146	2.212793	7.450223	-19.751541	-6.711344	2.21264	7.476387	-19.967075	6.5207663	1.261276	1026.9822351932526	21.39546327292919
49	-8.359315	3.1347153	-2.5510716	-21.605568	-6.362467	2.0520408	-3.5576417	-10.789888	50.0	50.0	244999	-6.714314	2.1924286	6.8781266	-20.908604	-6.714259	2.1918368	8.557557	-19.717232	6.5378036	1.2747439	1048.6747388839722	21.401525327137538
50	-8.564049	3.1273909	-2.19076	-21.637583	-8.726921	3.8150423	-3.4003885	-16.302166	50.0	50.0	249999	-6.7069373	2.176722	3.5714333	-19.739038	-6.7066894	2.1771102	7.806218	-19.373163	6.512561	1.2670788	1069.7589964866638	21.39517997264862
51	-8.93488	2.8329313	-3.3185062	-18.524616	-6.926545	3.5771866	-1.9347804	-14.33792	50.0	50.0	254999	-6.707307	2.1760926	7.802233	-20.790203	-6.707396	2.1763284	9.465652	-19.849272	6.514416	1.2743237	1091.6259081363678	21.40442963207469
52	-8.230848	3.1861389	-2.7421002	-16.45286	-7.1237807	2.0788274	-4.5525074	-10.939176	50.0	50.0	259999	-6.7234464	2.1446335	9.48531	-20.31005	-6.723417	2.1438234	10.562689	-19.798061	6.531977	1.2764971	1113.1405382156372	21.40654884851896
53	-8.567246	2.722051	-2.230223	-15.320787	-6.5577326	2.6720083	-2.6073203	-11.080664	50.0	50.0	264999	-6.7359724	2.1335583	7.081272	-19.875355	-6.7359014	2.1334894	7.3775463	-19.72417	6.5519037	1.290497	1134.6413972377777	21.4083282857571
54	-8.820591	3.0392857	-3.4174187	-15.172937	-9.912905	4.07776	-4.4135447	-17.785046	50.0	50.0	269999	-6.7480264	2.1630743	9.204475	-19.666859	-6.7480946	2.162753	8.204225	-20.298752	6.5635233	1.2731045	1156.2122588157654	21.41133816595431
55	-8.225097	2.7646232	-3.1028779	-17.969883	-6.53722	3.611739	-1.9260912	-13.030344	50.0	50.0	274999	-6.717621	2.1406593	9.159798	-20.670275	-6.7174606	2.140467	9.508507	-18.184088	6.5312715	1.2613033	1177.2421872615814	21.404403443769976
56	-9.273713	3.5934546	-3.1702554	-19.019964	-6.993493	2.4650164	-2.8761158	-10.492342	50.0	50.0	279999	-6.6835475	2.1547787	6.9380836	-18.756098	-6.6834927	2.1543655	7.9778476	-18.341118	6.4931984	1.2635123	1198.9473268985748	21.409773732934678
57	-8.628974	2.4972165	-3.3265707	-16.2703	-7.685155	2.1201081	-3.845597	-10.640348	50.0	50.0	284999	-6.669868	2.1458807	9.409163	-19.072304	-6.6698165	2.1452658	9.726647	-19.399643	6.4784594	1.2790245	1220.0626621246338	21.404608145094755
58	-8.4997425	2.1858077	-3.431549	-14.024144	-7.4756675	1.1363238	-5.7061377	-9.251855	50.0	50.0	289999	-6.638452	2.1044312	5.2325077	-19.167282	-6.638361	2.1037896	6.2572913	-18.897348	6.4650507	1.2589976	1241.6327364444733	21.40746101017656
59	-8.504898	2.2117252	-3.0831978	-16.499743	-7.189147	1.879443	-4.380567	-10.7155285	50.0	50.0	294999	-6.6328273	2.0944965	7.97324	-19.811882	-6.632769	2.092786	8.0821085	-20.38954	6.4534626	1.2627577	1263.467036485672	21.4146955659834
60	-8.890726	2.764302	-2.4248323	-16.406067	-6.6427546	2.3910134	-1.5758779	-9.86667	50.0	50.0	299999	-6.615019	2.1114378	9.683115	-22.755707	-6.614879	2.1104403	4.096237	-18.7619	6.4299746	1.2100234	1284.63387966156	21.410564692815147
61	-8.603367	3.0283258	-3.3999035	-21.633917	-7.2263465	2.8228245	-2.961598	-11.186089	50.0	50.0	304999	-6.605607	2.132581	8.717146	-19.939966	-6.6056266	2.132501	7.0662785	-19.988853	6.4399123	1.2385179	1306.522961139679	21.418409230279142
62	-8.307782	3.038509	-3.582071	-16.874231	-5.839671	1.6657856	-2.6900418	-8.409637	50.0	50.0	309999	-6.613832	2.1602602	9.451173	-21.021448	-6.6139565	2.1595705	5.7731404	-21.025425	6.450811	1.2263545	1327.758954524994	21.41546703538587
63	-8.417539	3.1381829	-2.3574867	-16.76953	-7.604936	1.641538	-5.4883976	-10.695621	50.0	50.0	314999	-6.5890155	2.1481538	6.1756577	-23.113407	-6.5888963	2.1482904	5.6865253	-22.662548	6.4232616	1.2185874	1349.5083677768707	21.42076777654981
64	-8.3073435	2.65222	-2.846441	-18.94162	-8.98612	1.9248031	-4.671497	-12.092624	50.0	50.0	319999	-6.5411315	2.132152	7.096238	-22.744377	-6.5411773	2.1316597	5.82183	-21.875952	6.379992	1.2165378	1371.0211560726166	21.422205597162247
65	-8.261112	2.647271	-2.9566028	-15.071797	-9.070708	2.2698936	-5.793824	-13.227853	50.0	50.0	324999	-6.5047984	2.118774	10.570009	-21.84786	-6.5048304	2.1193056	9.699523	-21.772663	6.3416514	1.2046511	1392.1260406970978	21.41732372870812
66	-8.390834	2.6844232	-2.8910863	-17.649029	-5.8347864	2.0116742	-1.4803506	-8.37574	50.0	50.0	329999	-6.474825	2.089551	5.5325146	-25.162323	-6.4748645	2.0895004	9.384981	-22.342548	6.310556	1.192891	1414.0691723823547	21.425290523153365
67	-8.3693	2.4104946	-2.3415012	-15.656541	-6.803106	2.5092485	-2.2426372	-12.175699	50.0	50.0	334999	-6.4275064	2.0660896	5.868701	-22.309263	-6.427585	2.0657353	4.9973173	-23.07854	6.273336	1.1890332	1435.4828662872314	21.425117435740002
68	-8.044153	2.3870406	-3.4025352	-15.263356	-7.7285185	1.9354	-4.223477	-11.023526	50.0	50.0	339999	-6.4150887	2.0487158	12.61819	-21.467224	-6.414994	2.0494952	7.5815115	-19.65462	6.2611833	1.1688412	1456.954330921173	21.425799008677988
69	-7.678862	2.354479	-2.7754931	-13.615137	-5.6009965	2.1950114	-2.2233531	-9.0990505	50.0	50.0	344999	-6.442996	2.0493581	17.545385	-21.087252	-6.443099	2.0483446	9.343762	-22.255562	6.2840247	1.1739559	1478.4632632732391	21.427003839741584
70	-7.742022	2.4742746	-2.1840808	-13.499767	-7.8337874	3.0975118	-3.2837648	-13.245808	50.0	50.0	349999	-6.437068	2.058076	11.917734	-20.91374	-6.4369326	2.0582662	7.1037836	-21.454834	6.2883396	1.1853932	1499.6525993347168	21.423608595984323
71	-7.9489226	2.765716	-2.3761373	-17.816153	-6.9709435	2.2883153	-4.064085	-10.632484	50.0	50.0	354999	-6.423955	2.071527	10.575459	-21.424818	-6.424059	2.0708733	6.9370766	-19.808496	6.267896	1.169	1521.5407721996307	21.430151747985626
72	-8.190948	2.4858503	-3.4087498	-14.412931	-6.092872	1.7110107	-3.5026698	-9.150881	50.0	50.0	359999	-6.4070287	2.0593958	12.352728	-19.85976	-6.4069676	2.0591924	7.043523	-19.606813	6.235083	1.1722413	1542.78178358078	21.4275248017576
73	-8.341723	2.5180726	-3.6797445	-14.403643	-7.315299	1.649495	-5.3988943	-11.430773	50.0	50.0	364999	-6.3969665	2.0618577	6.269195	-21.5701	-6.396922	2.061581	9.330145	-21.995325	6.234798	1.1700152	1564.9117970466614	21.43714792761084
74	-8.15826	2.54344	-2.778409	-16.200245	-6.8271103	2.7158148	-2.514095	-11.366769	50.0	50.0	369999	-6.3980765	2.0544655	8.720038	-21.586843	-6.398088	2.0547185	7.909993	-20.259144	6.235772	1.1621578	1586.5138380527496	21.439376218898875
75	-8.1308975	2.2954676	-3.5621662	-14.654779	-6.6531854	2.3393962	-3.0184333	-11.857512	50.0	50.0	374999	-6.402938	2.039466	10.47175	-19.847528	-6.402898	2.0391014	9.892434	-20.231243	6.2531934	1.1611313	1607.8236820697784	21.437649126052857
76	-7.8740263	2.5282326	-2.6059659	-13.57102	-7.3131003	2.4675748	-4.683333	-12.104222	50.0	50.0	379999	-6.421639	2.060393	9.782216	-20.152061	-6.42164	2.0601172	7.647977	-18.98201	6.2761493	1.1744335	1629.8329536914825	21.445170468405674
77	-8.48512	2.2066348	-3.3231764	-14.302355	-4.8016257	2.3809445	-1.825662	-8.856178	50.0	50.0	384999	-6.42944	2.0847204	9.082539	-19.776003	-6.429433	2.0846937	7.4189196	-19.700113	6.289492	1.1753016	1651.0997960567474	21.442854519014233
78	-8.072686	2.5048764	-2.619145	-13.996242	-5.6946697	1.4866862	-3.40011	-8.435619	50.0	50.0	389999	-6.4167395	2.1013565	6.826049	-20.386393	-6.4167514	2.1007786	6.6518726	-21.877525	6.2631297	1.1509663	1672.8809974193573	21.447192299060333
79	-8.665332	2.6993258	-2.4922793	-14.68941	-6.883958	3.0975318	-1.9867439	-12.556276	50.0	50.0	394999	-6.3761115	2.1046882	5.064765	-21.986921	-6.3763137	2.103787	5.8132615	-23.75839	6.230503	1.1434859	1694.1832702159882	21.44535787196099
80	-8.442982	2.814937	-2.8330586	-18.226856	-6.6527076	2.6206267	-1.9418714	-10.109364	50.0	50.0	399999	-6.3288484	2.1119423	7.812727	-21.891235	-6.3289423	2.1114745	8.104923	-22.360258	6.18973	1.1420825	1715.2743859291077	21.440929850935937
81	-8.030268	2.6799316	-3.4991155	-14.577145	-6.413793	2.254638	-2.5078576	-9.858358	50.0	50.0	404999	-6.299881	2.0901225	4.6850767	-21.66225	-6.299747	2.090235	6.2531753	-20.71101	6.1605444	1.1359626	1737.1758315563202	21.446615230889968
82	-8.049061	2.389775	-3.4986238	-13.827111	-5.7292323	2.7731702	-1.5033431	-10.148904	50.0	50.0	409999	-6.296753	2.0810564	15.065661	-20.920176	-6.296734	2.0807283	6.4259586	-21.11126	6.1481204	1.1057771	1758.6766035556793	21.447275679285934
83	-7.6676326	2.4516826	-3.2563808	-14.197404	-6.332038	2.593954	-2.4378753	-10.5442	50.0	50.0	414999	-6.2995186	2.063225	6.933611	-20.468836	-6.299414	2.0632772	9.3995495	-19.812737	6.14345	1.1224048	1780.5369153022766	21.452252014573798
84	-7.9965305	2.6346343	-2.6518352	-13.81768	-7.5752664	2.727399	-2.5262558	-11.234608	50.0	50.0	419999	-6.2961836	2.0654428	14.164319	-19.556707	-6.2962604	2.0657935	7.459614	-19.747337	6.150828	1.1496646	1801.9061398506165	21.451263595195044
85	-8.789098	4.4382215	-3.2148352	-46.113476	-6.3714705	2.176922	-2.8562021	-9.607805	50.0	50.0	424999	-6.2843614	2.0646222	5.7935123	-19.236584	-6.284265	2.0645607	4.603995	-19.586512	6.1457434	1.0979766	1823.1589615345001	21.448928981668807
86	-7.8450665	2.0515993	-2.7077413	-13.44427	-7.172145	1.6130329	-5.076483	-10.593048	50.0	50.0	429999	-6.291942	2.0554829	8.597856	-22.111082	-6.2918115	2.0560207	8.966394	-29.76303	6.153872	1.0682317	1844.9484226703644	21.452888657880383
87	-7.7438602	2.2061307	-3.2968562	-12.797895	-7.651246	1.9749924	-5.3949137	-10.707222	50.0	50.0	434999	-6.279158	2.0541246	14.772373	-20.050735	-6.2791567	2.0539632	5.029072	-26.13752	6.140377	1.1113333	1866.288610458374	21.45159324558302
88	-7.8658357	2.5319877	-2.261881	-14.918055	-6.789707	1.0909306	-4.982069	-8.484633	50.0	50.0	439999	-6.254812	2.068273	5.8478994	-23.695705	-6.2545667	2.0686352	6.622588	-24.47806	6.126647	1.1152537	1888.1558837890625	21.456316885623064
89	-7.3787236	2.3528779	-3.2832527	-14.281982	-6.1831346	2.825949	-1.9670824	-9.772424	50.0	50.0	444999	-6.22639	2.0646863	8.55422	-26.141563	-6.2264643	2.06448	15.5782175	-27.94086	6.0904493	1.0911578	1909.5902590751648	21.45607035079699
90	-7.4886956	2.491972	-3.0710866	-13.4390545	-5.7422843	2.2754595	-1.6225412	-8.475499	50.0	50.0	449999	-6.2154217	2.0437949	7.3770924	-22.687283	-6.215511	2.0435362	6.14575	-22.406034	6.077226	1.0982941	1930.756417274475	21.452849104669358
91	-8.133467	2.568567	-3.0864804	-14.682362	-6.1303625	1.104255	-3.496613	-7.6203456	50.0	50.0	454999	-6.229169	2.0352783	12.730128	-21.614807	-6.229293	2.0358167	9.646929	-24.685198	6.092073	1.0880547	1952.8288464546204	21.45965767430735
92	-8.053403	2.4959846	-2.4025726	-14.110698	-6.1089487	1.8253472	-2.9515567	-8.927265	50.0	50.0	459999	-6.2511473	2.042399	6.6645236	-20.26733	-6.251042	2.0426488	8.173023	-26.764816	6.1134067	1.1161494	1974.0135900974274	21.45666948090429
93	-8.049015	2.324714	-2.7473657	-13.036079	-7.5264564	3.906799	-1.9048314	-13.877237	50.0	50.0	464999	-6.2288337	2.0519938	8.47138	-20.139755	-6.228897	2.0521195	8.034004	-20.335344	6.0931077	1.1078883	1995.5062255859375	21.45705621216887
94	-8.365211	2.368329	-3.9364827	-14.261963	-6.690383	3.0521057	-2.0256667	-10.944693	50.0	50.0	469999	-6.2056513	2.062569	8.693099	-20.086678	-6.2056103	2.0622075	3.7694921	-20.802698	6.0832043	1.1015205	2016.9573113918304	21.456992697208484
95	-7.8774276	2.547925	-2.3259068	-14.087951	-6.964299	2.871548	-3.2190747	-10.921124	50.0	50.0	474999	-6.1917844	2.0621014	7.8424006	-19.942348	-6.1919894	2.062656	8.005781	-19.985292	6.0634465	1.0651217	2038.0669622421265	21.45333646473132
96	-7.628902	2.3399425	-3.196051	-13.423568	-7.368558	3.3220448	-2.2501483	-12.829951	50.0	50.0	479999	-6.1750464	2.0497649	8.1857395	-19.997496	-6.174943	2.049716	5.7530622	-20.420263	6.053764	1.0763682	2060.2472834587097	21.460909222563107
97	-7.5876465	2.3631554	-2.8980734	-13.566009	-5.061995	2.3873966	-2.2317939	-8.423582	50.0	50.0	484999	-6.163099	2.0471158	11.710659	-20.624262	-6.163132	2.0466962	5.2167645	-19.623676	6.036484	1.0515977	2081.5540585517883	21.45932021091894
98	-8.039112	2.456846	-2.4986897	-13.087797	-5.6081405	3.3157551	-1.5223672	-11.864671	50.0	50.0	489999	-6.1500607	2.045714	6.1389093	-21.77097	-6.1501293	2.0456324	12.354073	-22.509638	6.031772	1.0547885	2103.3920905590057	21.463184619436458
99	-8.121439	2.427342	-2.7161822	-13.888504	-6.299071	1.5523727	-4.350565	-9.947314	50.0	50.0	494999	-6.144874	2.0455294	7.926433	-27.880196	-6.144774	2.0451858	6.3870792	-28.744524	6.023691	1.0756102	2124.814255952835	21.462770279007728
100	-7.8763857	2.331219	-2.5244749	-15.819576	-6.20996	1.936873	-3.2616985	-9.173865	50.0	50.0	499999	-6.1433525	2.0417945	5.443685	-21.53584	-6.143535	2.0412066	11.02354	-21.344355	6.0172944	1.0587645	2146.035134077072	21.460351359844207
101	-7.846931	1.9796801	-3.121433	-12.4272375	-7.504355	2.0396216	-4.4729733	-11.319431	50.0	50.0	504999	-6.123885	2.0348701	7.2841425	-21.515013	-6.1239514	2.0342488	7.831539	-20.944065	6.0008903	1.0542471	2168.187339782715	21.467201407593077
102	-8.127125	2.4037678	-2.8479807	-14.018544	-6.4335365	2.0084317	-3.5222476	-9.030267	50.0	50.0	509999	-6.109384	2.028983	7.4425445	-20.231817	-6.109448	2.029324	5.7151785	-19.729086	5.9861183	1.0568867	2189.3661477565765	21.464374018650428
103	-7.5909634	2.327932	-2.3312023	-13.00753	-6.308441	1.6312624	-3.0364435	-8.380089	50.0	50.0	514999	-6.125111	2.0324242	9.563135	-18.871655	-6.1249285	2.0329168	11.500755	-19.337885	6.0007043	1.0418665	2211.187617301941	21.46784096551173
104	-7.8621807	2.1688192	-3.801328	-13.802268	-5.7250714	1.5422146	-2.6566553	-8.362286	50.0	50.0	519999	-6.137782	2.053199	8.186993	-20.99598	-6.13782	2.0532486	7.2001195	-20.650307	6.024708	1.0858811	2232.8399381637573	21.469614810668507
105	-7.382923	2.0498989	-3.1211667	-13.136514	-6.1587543	2.3306177	-2.6964965	-9.799686	50.0	50.0	524999	-6.1140924	2.06484	10.089945	-19.552137	-6.1141076	2.0645037	7.306934	-20.563723	5.9901085	1.0618948	2254.0239481925964	21.46689476512727
106	-7.66677	2.1538806	-3.0424886	-14.514278	-6.2466073	3.0577202	-2.639625	-12.676601	50.0	50.0	529999	-6.0745807	2.0492597	7.93194	-21.477608	-6.074687	2.0481815	4.3258476	-21.61652	5.952862	1.0546511	2276.226458311081	21.473834532611775
107	-8.278233	2.5880666	-3.0962627	-16.150702	-5.0659823	1.7626742	-1.3630012	-7.38117	50.0	50.0	534999	-6.039495	2.0264254	8.677812	-21.01632	-6.039477	2.0263686	13.130017	-20.321146	5.918123	1.0330036	2297.692417860031	21.47376093240542
108	-7.7747145	2.273229	-2.707134	-14.515689	-5.866082	2.2599595	-2.7544782	-10.282732	50.0	50.0	539999	-6.05807	2.0149364	9.622565	-20.851233	-6.057859	2.014799	5.007487	-21.477097	5.939213	1.0232465	2319.287939786911	21.4748883512285
109	-7.716503	2.146675	-2.7859612	-11.6730175	-7.0541406	3.0006633	-2.4194026	-11.634447	50.0	50.0	544999	-6.089576	2.0073767	6.996866	-19.376547	-6.0894074	2.0076313	9.919841	-24.853346	5.9788513	1.0441573	2340.9335041046143	21.47645418359599
110	-7.972604	1.958823	-4.1097426	-13.795053	-6.8721466	2.3114812	-4.4076476	-12.017682	50.0	50.0	549999	-6.092183	2.0116823	9.054533	-20.066856	-6.091959	2.011604	11.134033	-18.72078	5.973116	1.048401	2362.149156332016	21.47408325888894
111	-8.17662	2.5640645	-3.4409392	-14.71119	-6.223586	2.2501678	-2.6332138	-10.470222	50.0	50.0	554999	-6.0801044	2.02655	8.513865	-18.937641	-6.0804205	2.0263383	8.057836	-18.908386	5.9637494	1.0515043	2384.3183076381683	21.480345131040693
112	-7.603614	2.378435	-2.605548	-13.216977	-7.0057116	1.7325242	-3.3992558	-9.372876	50.0	50.0	559999	-6.069991	2.0133183	5.9228067	-17.897846	-6.0698314	2.0135698	7.219496	-18.964018	5.9467554	1.0497295	2405.5684378147125	21.478289640375547
113	-7.9747715	2.1707826	-3.8689053	-17.309711	-7.2233186	2.8867974	-1.7576796	-12.163988	50.0	50.0	564999	-6.078511	2.010933	9.585862	-20.580753	-6.078503	2.0110955	4.666527	-18.91238	5.963176	1.0297772	2427.1858558654785	21.479520865246258
114	-8.226881	2.3924224	-3.0817912	-16.11604	-7.224294	3.0742445	-2.2933605	-13.81646	50.0	50.0	569999	-6.068125	2.0087755	10.714317	-19.015268	-6.0681343	2.0086763	7.986221	-19.619684	5.958956	1.0462108	2448.8719437122345	21.481332858403523
115	-7.899098	2.4719212	-2.907686	-14.717485	-6.2114854	1.7124771	-3.6522355	-9.96119	50.0	50.0	574999	-6.0398946	2.0163522	9.68397	-18.219093	-6.0399947	2.0162413	6.870742	-19.022757	5.922484	1.0367961	2469.850371360779	21.47695976962214
116	-8.290543	2.366112	-2.7119358	-14.415463	-6.468727	1.5139226	-2.989633	-8.958767	50.0	50.0	579999	-6.018873	2.0118694	8.6933	-20.861433	-6.0188503	2.011677	8.141353	-20.497538	5.9057965	1.0191087	2491.9304196834564	21.482158806817285
117	-8.2181425	2.4312918	-2.8182466	-13.547429	-6.6956344	2.2203937	-3.243237	-11.733503	50.0	50.0	584999	-6.0147367	2.018887	5.4442325	-19.120577	-6.01486	2.0195105	9.6426325	-19.362171	5.9022493	1.0090652	2513.148697376251	21.479903414718105
118	-8.221801	2.7799175	-3.2383385	-15.713115	-6.255665	2.7220216	-1.3835005	-10.8372135	50.0	50.0	589999	-6.0242934	2.0222075	8.552755	-22.403322	-6.0242205	2.0231771	7.4977894	-20.580936	5.911549	1.018455	2534.729110479355	21.48075519173832
119	-8.253591	2.745828	-3.1337204	-14.625482	-7.201125	3.0103695	-2.233615	-11.301372	50.0	50.0	594999	-6.0101957	2.0237665	17.352463	-18.87158	-6.0101104	2.0235357	14.217058	-18.665365	5.890993	1.0267363	2556.377384662628	21.482162914356262
120	-7.807671	2.6236794	-2.9606292	-16.08047	-6.147274	1.7910674	-3.1253166	-9.34345	50.0	50.0	599999	-6.004849	2.0117614	4.998173	-18.898964	-6.004971	2.0116916	5.08673	-18.819315	5.888125	1.029642	2577.408861398697	21.478407196203868
121	-8.260838	2.4658906	-3.1786995	-16.156837	-7.5973716	2.302444	-3.1612272	-10.412497	50.0	50.0	604999	-5.991442	2.0194635	7.0978312	-19.238941	-5.991506	2.0197425	11.631968	-19.413893	5.8835616	1.0137547	2599.5301134586334	21.483719963672733
122	-7.9232936	2.535722	-3.0612278	-14.052558	-7.4210997	2.0241463	-3.5721986	-10.458063	50.0	50.0	609999	-5.998705	2.0366113	7.127929	-21.93068	-5.9987545	2.0365455	9.782102	-25.967714	5.8890443	0.99876404	2620.701691865921	21.481161428279563
123	-7.9170046	2.4123127	-2.3994665	-15.326699	-5.260429	1.8772273	-2.3477354	-7.7416725	50.0	50.0	614999	-5.9954934	2.0345333	7.009261	-20.931814	-5.995609	2.0353663	19.101578	-22.544691	5.872624	1.0101049	2642.383439540863	21.48279220689603
124	-7.580459	2.085115	-2.8940077	-11.918485	-6.4814253	3.6580667	-1.8360544	-13.252942	50.0	50.0	619999	-6.0038724	2.0321069	6.3990517	-21.250427	-6.003888	2.0317671	9.451795	-21.863056	5.881789	1.0184602	2663.8357388973236	21.482546298734604
125	-8.027346	2.3300984	-3.3196344	-14.438635	-7.011388	2.1577795	-3.8213344	-9.794997	50.0	50.0	624999	-6.002248	2.0334237	6.5366287	-24.29235	-6.002401	2.0334792	9.757755	-22.953695	5.886659	1.007541	2685.0479638576508	21.480383728027345
126	-8.399387	2.4277558	-2.7075284	-14.510506	-6.825944	2.3005834	-3.4037218	-11.876253	50.0	50.0	629999	-5.9733205	2.0279126	8.352989	-27.678995	-5.973391	2.0277288	6.254491	-24.935884	5.8615336	1.0083241	2706.8795721530914	21.483171224594116
127	-8.249195	2.4551852	-2.3381822	-13.817857	-6.7668405	2.3313894	-3.6869578	-11.03418	50.0	50.0	634999	-5.982105	2.0288086	7.9161315	-21.713007	-5.981949	2.0291383	11.594221	-21.158072	5.871096	0.9916865	2728.218538045883	21.482035747663243
128	-8.464018	2.7376516	-2.2976024	-16.448555	-6.322118	2.66509	-2.47569	-11.9922905	50.0	50.0	639999	-5.9917154	2.0197647	4.9739637	-22.667929	-5.9918485	2.0197165	6.284385	-21.51707	5.8790636	1.0097545	2749.977066755295	21.484195848926902
129	-8.244761	2.4847329	-2.958642	-14.379032	-7.2969527	2.190899	-3.525502	-10.632101	50.0	50.0	644999	-6.0125804	2.009833	4.4921474	-27.765793	-6.0125647	2.0105016	11.807772	-28.357922	5.9026523	1.0162898	2771.3669095039368	21.48346442954485
130	-8.235568	2.7428005	-2.6741693	-17.067308	-5.7844024	2.0956123	-2.9877155	-9.211104	50.0	50.0	649999	-6.0312877	2.007674	8.01532	-22.906712	-6.0313616	2.0074363	6.081328	-21.520708	5.9233875	1.0361514	2792.6870942115784	21.482208433518043
131	-7.6765633	2.3490162	-2.904836	-13.445681	-6.4723635	2.348205	-2.3952768	-9.923648	50.0	50.0	654999	-6.038066	2.009807	7.118193	-21.266022	-6.037875	2.0099268	12.990578	-22.698391	5.931704	1.004073	2814.8292887210846	21.487246496986796
132	-7.4717193	2.3214805	-2.2982116	-14.312167	-5.2827077	2.5886235	-2.4091294	-9.310014	50.0	50.0	659999	-6.027928	2.024232	16.244568	-21.75524	-6.027839	2.023741	8.4461775	-20.458263	5.9264584	1.0298971	2837.0155086517334	21.49254174665971
133	-7.8627605	2.7956254	-2.5117252	-16.46819	-5.0765905	2.230882	-1.5076215	-7.72416	50.0	50.0	664999	-6.025587	2.024443	8.771662	-18.713224	-6.0255237	2.0243108	6.447112	-18.428879	5.9180923	1.0147057	2859.6541514396667	21.50115904951454
134	-8.216811	2.6262672	-2.845658	-17.00403	-6.790473	1.753126	-3.2181325	-9.091886	50.0	50.0	669999	-6.0205755	2.0440893	9.834072	-20.389679	-6.020668	2.0432928	5.101947	-20.761847	5.9102297	1.0243623	2882.256536245346	21.509377152172487
135	-8.18654	2.1829252	-3.251509	-12.732968	-7.246052	2.4886513	-3.0767357	-10.371207	50.0	50.0	674999	-6.0108175	2.0456157	6.8985085	-18.840445	-6.010818	2.0454946	6.5355206	-19.580606	5.896621	0.9948885	2904.371143579483	21.513860336939494
136	-7.7036657	2.5649545	-2.976849	-13.929845	-6.322604	1.8010749	-2.833063	-9.16738	50.0	50.0	679999	-5.9944034	2.0449586	8.316896	-19.196743	-5.9944515	2.0449193	7.6051626	-19.775997	5.88976	0.9944787	2927.1370992660522	21.52306692214573
137	-8.080526	2.110844	-3.296617	-14.002104	-6.0119867	3.0673084	-1.2440983	-9.735291	50.0	50.0	684999	-5.9864683	2.0498679	3.725811	-19.342588	-5.9865036	2.0501847	9.260269	-19.031918	5.87761	1.0004047	2949.4087088108063	21.528530736909296
138	-7.539232	2.3023188	-2.7617886	-12.889387	-6.5554914	2.2978852	-1.6362419	-9.373335	50.0	50.0	689999	-5.9922915	2.0380843	5.2685747	-20.07999	-5.9921913	2.0382147	13.470501	-22.312572	5.8891234	1.010419	2972.5287244319916	21.540063236070715
139	-8.022519	1.916259	-3.131	-15.36649	-7.466015	2.244565	-2.2168195	-9.9232435	50.0	50.0	694999	-5.9795027	2.0187187	13.221178	-20.073038	-5.979703	2.0180364	9.357117	-21.549965	5.876674	1.0124564	2994.4276666641235	21.542645101066974
140	-8.250023	1.5324984	-4.3430014	-11.0616045	-5.69566	2.5335321	-2.203937	-9.133734	50.0	50.0	699999	-5.9737024	2.0039027	6.1112537	-19.292719	-5.9739623	2.0040827	3.758781	-19.071041	5.8727617	1.0063732	3015.5743193626404	21.53981658220291
141	-7.7068005	2.20553	-3.0374725	-13.849299	-6.203986	2.7247682	-2.2886336	-12.252533	50.0	50.0	704999	-5.9937234	2.0037034	9.552194	-20.775375	-5.9937916	2.003726	5.149278	-19.735838	5.8876333	1.0167835	3037.624735355377	21.54343785630896
142	-7.8459306	2.122615	-2.5189035	-14.122296	-6.3388243	2.189298	-2.389882	-9.075569	50.0	50.0	709999	-5.9852285	2.002255	7.105592	-20.418602	-5.985097	2.0031145	6.6388865	-20.957747	5.886233	1.0106872	3058.8962693214417	21.54152303682247
143	-7.35267	2.09482	-2.2704952	-14.022952	-6.2374086	1.8321118	-1.997343	-9.597319	50.0	50.0	714999	-5.9832883	2.013829	8.938292	-19.68295	-5.983334	2.013437	10.10759	-18.958385	5.8819065	1.0123278	3080.617844581604	21.542782141612125
144	-7.682402	2.2901456	-3.1587305	-12.84455	-6.6362276	2.297585	-2.4715376	-9.727673	50.0	50.0	719999	-5.9552546	2.0095506	5.822771	-24.07084	-5.955381	2.0094264	8.846241	-19.01331	5.8522506	1.0079373	3102.174810886383	21.542880647712284
145	-7.7693505	2.3092453	-3.142898	-13.821295	-5.688861	2.3511095	-1.1606735	-9.284517	50.0	50.0	724999	-5.965339	1.9977574	5.3818493	-18.91784	-5.9652696	1.9980763	4.49777	-19.275589	5.8528595	1.0188812	3123.451657295227	21.541045925535006
146	-7.5352125	2.3608744	-2.9546506	-14.50052	-6.1011252	2.1738064	-2.4987268	-9.110918	50.0	50.0	729999	-5.962443	2.006218	4.718058	-21.136614	-5.962378	2.0064359	3.4752636	-21.609016	5.860098	1.0030398	3145.4972472190857	21.54450170634544
147	-7.8749824	2.6778846	-3.232989	-17.436583	-6.983072	2.0702755	-4.1828303	-10.38234	50.0	50.0	734999	-5.98189	2.0216568	4.2847037	-21.30447	-5.981861	2.0217226	6.9284363	-20.782276	5.868834	1.0383658	3166.95073056221	21.54388253380652
148	-7.7503567	2.2780697	-3.1453986	-13.921357	-6.4893217	3.2495897	-2.5868473	-13.588718	50.0	50.0	739999	-5.972976	2.019778	9.063565	-19.893017	-5.9730186	2.0197654	5.0373077	-21.120598	5.863495	1.027713	3188.692778110504	21.545221484996176
149	-7.83997	2.632405	-2.4814265	-14.256835	-7.991506	2.7582815	-4.4578953	-12.382007	50.0	50.0	744999	-6.11558	2.1115403	8.164654	-27.05488	-6.1156645	2.1164532	16.244802	-30.287148	5.8735156	1.3053377	3210.8743755817413	21.549492467969856
150	-7.788169	2.6839888	-3.6386254	-15.793828	-6.551844	2.9300282	-3.260354	-11.96216	50.0	50.0	749999	-6.08554	2.065711	13.316347	-24.78174	-6.0856366	2.065688	19.352772	-25.89634	5.979964	1.101795	3232.325864315033	21.548839106559754
151	-7.8312597	2.3953145	-3.1532512	-17.55323	-7.371746	2.6296325	-4.025971	-11.892123	50.0	50.0	754999	-6.0543814	2.0504012	16.529263	-24.19061	-6.054224	2.0508723	13.180292	-23.300776	5.9471445	1.0603201	3254.511225938797	21.553054490626252
152	-8.101952	2.4916208	-3.18376	-16.885841	-6.21013	1.7096872	-3.8344755	-8.499652	50.0	50.0	759999	-6.029983	2.0247355	11.584913	-23.386782	-6.029874	2.0243595	6.9644904	-23.231783	5.9369335	1.0349238	3275.7673366069794	21.551100911278475
153	-7.8882737	2.5442204	-3.3943033	-14.597332	-5.3837523	2.2879195	-2.3406973	-7.893529	50.0	50.0	764999	-6.01003	2.0115757	9.741436	-26.156837	-6.010055	2.0118067	6.807255	-23.378456	5.9170885	0.9922244	3297.4807302951813	21.55216164994084
154	-7.471108	2.5513346	-2.7240188	-14.963244	-7.03345	5.049152	-1.6924666	-17.000135	50.0	50.0	769999	-5.9742546	2.0223825	11.720917	-24.786167	-5.974213	2.022775	7.8842793	-23.284546	5.8766384	1.0018636	3319.056624174118	21.55231575377576
155	-7.7303243	2.27435	-3.0354536	-14.541858	-6.3322077	1.8967904	-3.313831	-9.8942	50.0	50.0	774999	-5.942902	2.0164218	6.726765	-25.846899	-5.9428115	2.0171826	5.830201	-25.301838	5.8519697	0.9997003	3340.3358130455017	21.55055364793347
156	-7.7396417	2.326196	-2.2627554	-15.364312	-8.420931	1.4485377	-6.6672926	-11.8056755	50.0	50.0	779999	-5.92198	2.0060384	5.2447	-23.244406	-5.9220614	2.0057108	6.4928536	-22.95347	5.8224344	0.9828612	3364.49782037735	21.56729373259422
157	-7.9913282	2.1575353	-3.7978134	-13.587447	-6.0256376	2.0653627	-2.674475	-8.614171	50.0	50.0	784999	-5.917646	2.011356	12.086339	-22.061544	-5.9174647	2.0121202	12.038921	-22.094248	5.829621	0.9897879	3385.9572784900665	21.566606879993607
158	-7.9883866	3.254981	-3.788751	-31.68423	-5.2680864	1.6210531	-3.506507	-8.988152	50.0	50.0	789999	-5.933873	2.0116117	5.821833	-21.721523	-5.933947	2.0116115	8.482466	-22.011972	5.8360524	0.99325293	3407.6022624969482	21.567102939267702
159	-7.4146943	2.3907316	-2.705074	-13.840327	-5.5073175	1.8096168	-2.8478475	-8.363035	50.0	50.0	794999	-5.934749	2.02087	9.301516	-23.886759	-5.9349437	2.0208836	9.299937	-21.628899	5.8426013	0.99142665	3429.3631830215454	21.568321919291275
160	-7.8964295	2.465573	-2.4955502	-13.0069	-5.9448524	2.6517377	-2.2799625	-10.384151	50.0	50.0	799999	-5.9576817	2.0221608	6.823662	-24.323223	-5.9577017	2.0221431	5.3668528	-24.871302	5.856526	0.9925002	3450.6882541179657	21.566801600158215
161	-7.5093513	2.235139	-2.6317282	-15.211463	-7.501664	2.0775661	-3.7719717	-11.102396	50.0	50.0	804999	-5.9702296	2.02251	6.995035	-22.285002	-5.9702234	2.0219913	4.3564777	-19.71195	5.8804126	1.0025657	3472.91978764534	21.570930368411616
162	-7.8025603	2.414868	-2.6011944	-13.958038	-6.558468	2.5350542	-3.1887798	-12.1288	50.0	50.0	809999	-5.9514356	2.020727	7.810733	-23.631462	-5.951329	2.0205238	5.4016457	-27.557903	5.838651	1.0201577	3494.0994136333466	21.568514910745034
163	-7.686	2.5024266	-2.9234467	-14.754498	-5.8846073	2.087539	-3.6455503	-10.723819	50.0	50.0	814999	-5.972633	2.0250318	5.727398	-22.985939	-5.9726515	2.0250416	4.777005	-24.662506	5.8576665	1.0755764	3515.7733685970306	21.569161780772767
164	-8.211023	2.6119876	-2.2452555	-13.605013	-5.69032	1.4798623	-3.732472	-7.743254	50.0	50.0	819999	-5.9629045	2.0153055	7.8737082	-22.842691	-5.9630003	2.0154889	4.421816	-23.70317	5.8600197	1.0408562	3538.936247587204	21.578879568634964
165	-8.5889435	2.3715382	-4.50319	-16.109194	-6.6817756	3.0736973	-3.3724492	-12.747797	50.0	50.0	824999	-5.95484	2.0019164	11.94602	-26.48608	-5.9548936	2.0031319	25.593966	-25.76182	5.8593	1.00497	3561.2526507377625	21.58334940997037
166	-7.5381074	2.4169247	-3.3638542	-13.137218	-6.6691694	2.9669154	-2.0039861	-10.766615	50.0	50.0	829999	-5.958104	2.0058286	8.935841	-27.91527	-5.9581227	2.00587	8.494096	-26.926714	5.853836	1.047194	3583.307736635208	21.586191196039497
167	-7.6198397	2.4149895	-3.5491624	-14.760414	-6.3184633	1.4934151	-3.959476	-8.775493	50.0	50.0	834999	-5.965436	2.013392	7.940881	-22.978392	-5.96554	2.0130692	6.5115	-26.355034	5.8552628	1.0332785	3604.592036485672	21.584383466286575
168	-7.6382465	2.2437348	-3.557916	-13.092297	-6.728053	3.1503341	-3.0709276	-12.056963	50.0	50.0	839999	-5.9571695	2.0086048	13.284426	-21.0138	-5.9570765	2.0081558	8.102911	-20.702518	5.854844	1.0341992	3626.221625804901	21.58465254732541
169	-7.9225254	2.7523472	-2.6306026	-16.623903	-7.5182686	2.945687	-3.6549468	-12.939981	50.0	50.0	844999	-5.954091	2.009958	11.556552	-22.972822	-5.9542427	2.0094626	4.9394436	-21.282492	5.857276	1.0276653	3648.078340768814	21.586262384109947
170	-7.90719	2.4369912	-2.0390983	-16.294216	-5.686361	2.3761752	-1.7956201	-9.312913	50.0	50.0	849999	-5.9595404	2.0134215	5.3388658	-26.071287	-5.9597263	2.0131686	3.6726346	-23.133837	5.8673663	1.0077258	3669.484300851822	21.585201783741223
171	-7.8941493	2.050717	-3.7272465	-13.126819	-6.034605	3.3421082	-1.2511246	-13.926428	50.0	50.0	854999	-5.940583	2.0027857	5.8896427	-23.040007	-5.940776	2.002558	7.150522	-22.623922	5.842199	1.0004348	3692.779004573822	21.59519887109946
172	-7.581151	2.333224	-3.4051769	-14.062773	-6.1253786	2.612418	-1.8455257	-10.173785	50.0	50.0	859999	-5.9240303	1.9823048	8.644995	-29.907043	-5.9240136	1.9821767	6.48945	-25.55297	5.8353996	0.9962219	3714.170653104782	21.594015437503195
173	-7.6943946	2.3400133	-3.2066371	-14.24699	-7.046234	2.407933	-3.1916912	-10.8796835	50.0	50.0	864999	-5.925383	1.9659932	9.08283	-20.574203	-5.925412	1.9661616	7.718761	-19.890175	5.8384123	0.9738047	3735.4960100650787	21.59246249832859
174	-8.139215	2.2999885	-3.1901414	-16.076069	-6.313485	0.850131	-5.084149	-7.573638	50.0	50.0	869999	-5.932926	1.9853712	10.322823	-23.553242	-5.9330635	1.9856822	7.0104165	-24.006363	5.8392067	1.0058758	3757.2249648571014	21.593246938168317
175	-7.8238726	1.9706246	-3.4630096	-13.2140665	-7.6313925	2.1217144	-4.050933	-11.845479	50.0	50.0	874999	-5.9285417	1.9901857	12.6486	-22.631733	-5.9286337	1.9903042	6.3724194	-23.279259	5.8377666	1.0175365	3778.4006822109222	21.590861053466796
176	-8.078661	2.4547162	-3.0842812	-14.921969	-7.199907	1.6097431	-5.379767	-9.914496	50.0	50.0	879999	-5.939427	1.9781612	9.9039345	-19.368618	-5.939281	1.9784542	4.026434	-20.670778	5.8435445	0.99507636	3800.2116787433624	21.592111824588343
177	-7.4303346	1.9040475	-2.7069054	-11.831563	-6.3774467	2.451652	-1.8052107	-9.704083	50.0	50.0	884999	-5.941818	1.9697046	10.894491	-18.77757	-5.941827	1.9697282	6.8100047	-23.327297	5.846475	1.0095037	3821.4366376399994	21.590037512913934
178	-7.736513	2.1487136	-3.2980824	-14.49745	-6.5531707	3.2444043	-1.8020604	-13.330007	50.0	50.0	889999	-5.931272	1.9721462	9.892999	-18.513803	-5.931186	1.9718676	11.040211	-18.143787	5.8467636	0.9882371	3843.061825275421	21.590234984172863
179	-7.6690536	2.3971355	-2.8797295	-13.704653	-5.0693216	1.8261088	-2.1024945	-8.380755	50.0	50.0	894999	-5.914929	1.9701747	7.0952845	-19.906368	-5.9146776	1.9704915	6.038151	-18.712593	5.8288255	1.0014657	3864.802425146103	21.591075011471798
180	-7.380748	2.4009774	-2.7644262	-14.845659	-5.8014364	1.5927128	-3.4759438	-8.706218	50.0	50.0	899999	-5.892292	1.9688083	7.0670466	-20.387592	-5.8923764	1.9686401	4.148574	-19.64908	5.806697	0.9641332	3885.984342098236	21.588801911142138
181	-8.00153	2.1311736	-2.5170684	-13.021178	-6.866847	2.8326266	-2.0258381	-10.42072	50.0	50.0	904999	-5.8869333	1.9672368	3.3401036	-22.870195	-5.8871274	1.967101	12.198948	-22.513557	5.805054	0.9525881	3908.098573923111	21.59170483884232
182	-7.8279266	2.2195086	-3.4065135	-13.950046	-6.465284	1.929604	-3.1809053	-9.368511	50.0	50.0	909999	-5.858065	1.9587353	8.965132	-23.350191	-5.858036	1.9590583	10.367162	-27.202473	5.7695155	0.97760457	3929.378837823868	21.589993624896792
183	-7.748167	2.2499568	-2.4841352	-13.846667	-6.718474	1.4933568	-4.2106442	-8.947554	50.0	50.0	914999	-5.8272395	1.9336884	7.162318	-23.88696	-5.827278	1.9336627	3.9888787	-22.282164	5.739708	0.965366	3951.7168917655945	21.594081386190947
184	-7.478223	2.104599	-4.0598516	-12.872438	-5.74233	2.4196806	-2.4576604	-10.468666	50.0	50.0	919999	-5.8231077	1.9255531	8.99381	-20.62135	-5.823182	1.9264078	7.886737	-18.539072	5.7414994	0.9525842	3973.65851187706	21.59597018490667
185	-7.043784	2.057735	-2.4004955	-14.244351	-5.3949933	1.1890285	-3.1983466	-7.437676	50.0	50.0	924999	-5.83399	1.942939	6.0934296	-20.957876	-5.834141	1.9424301	13.568403	-20.709702	5.7470875	0.96238554	3995.2027428150177	21.59569051330154
186	-7.547208	2.1444085	-3.4852037	-11.899734	-6.5393486	1.535808	-3.951039	-9.07062	50.0	50.0	929999	-5.8548164	1.9515368	7.489447	-22.659847	-5.854764	1.951623	8.431161	-22.48755	5.7691803	0.97224414	4017.5615453720093	21.599793266224605
187	-7.4878044	2.1757255	-3.005172	-13.643801	-5.699111	1.8816762	-3.0677974	-8.5841	50.0	50.0	934999	-5.8599186	1.9477795	9.762114	-25.982645	-5.859799	1.9478966	8.03389	-25.615448	5.772098	0.996778	4038.9446296691895	21.598634393457424
188	-7.803514	2.2923913	-3.4370544	-16.056667	-5.190316	1.4296892	-3.1248298	-8.3821535	50.0	50.0	939999	-5.874314	1.9726567	10.725868	-25.26154	-5.874096	1.972823	8.326347	-28.120949	5.7389774	1.031995	4060.607400894165	21.598975548084745
189	-7.3338933	2.317296	-2.5687282	-14.416687	-5.979823	1.9193575	-4.1895223	-10.598197	50.0	50.0	944999	-5.865703	1.9469362	9.860069	-23.436447	-5.865636	1.9469464	3.9891047	-23.719126	5.7447214	1.017333	4082.5286843776703	21.600680879814917
190	-7.501945	2.0321176	-3.444529	-12.61495	-5.6622214	1.5251924	-2.9300432	-8.06671	50.0	50.0	949999	-5.8589706	1.9316443	9.238785	-24.68186	-5.8591404	1.9311384	7.2496777	-26.181904	5.770789	0.99782217	4103.815101385117	21.599026860688863
191	-6.840401	1.9728054	-2.7389257	-12.5028925	-6.0364323	2.8711193	-2.9580238	-11.917211	50.0	50.0	954999	-5.8574414	1.9262114	3.3644266	-24.416037	-5.8575416	1.9264292	5.390511	-24.954683	5.770659	0.98477596	4125.726291656494	21.600661222847343
192	-7.552691	2.065688	-3.3670244	-12.691185	-5.639814	1.6768026	-2.6216877	-8.501427	50.0	50.0	959999	-5.8779526	1.9342877	8.349284	-32.59832	-5.8779	1.934732	11.402772	-23.655159	5.7807317	1.0145828	4146.987743139267	21.598894506692886
193	-7.313608	2.19173	-2.4894447	-12.887015	-6.5130796	1.78229	-3.1803768	-9.179167	50.0	50.0	964999	-5.8909674	1.9344412	4.568683	-25.449684	-5.891066	1.9340795	5.5005574	-20.695211	5.793911	0.9728453	4168.688755512238	21.599423613572984
194	-7.64536	2.0860996	-3.6529849	-13.183761	-5.2804017	2.3160138	-1.5649271	-8.643986	50.0	50.0	969999	-5.8968873	1.9322664	8.733738	-21.381495	-5.896883	1.9326993	5.199732	-21.490463	5.8174424	0.98731154	4190.626106500626	21.601165506028636
195	-6.919929	2.3827085	-2.4255264	-13.710988	-6.130395	1.8243786	-2.4822037	-8.975138	50.0	50.0	974999	-5.895444	1.9379308	4.5606427	-20.571854	-5.8953743	1.9385549	13.117706	-20.834137	5.817747	0.97734344	4211.802911520004	21.59898930085011
196	-7.721564	2.3404884	-2.8083222	-12.90774	-6.4167314	3.0872328	-2.3344402	-11.894263	50.0	50.0	979999	-5.9003167	1.9355001	12.77425	-21.706856	-5.9003406	1.9348972	7.308201	-20.493372	5.813518	0.99032277	4234.262551546097	21.603380377195318
197	-7.639202	2.3750098	-2.8106856	-12.637241	-7.8123293	2.1590104	-4.8420677	-11.327322	50.0	50.0	984999	-5.9374666	1.9463719	9.671099	-23.848179	-5.9375386	1.9463251	5.640809	-24.622066	5.8258467	1.0378419	4258.013267278671	21.614280555454002
198	-7.835314	2.4974844	-3.1563685	-14.073528	-5.5910654	2.7045813	-2.572881	-10.725479	50.0	50.0	989999	-5.9465113	1.9504914	13.659645	-19.984558	-5.946451	1.9504577	3.54495	-19.387968	5.854606	1.0352178	4280.730797529221	21.619852523611048
199	-7.2933235	2.3126655	-2.394115	-12.657936	-6.972604	2.1434848	-3.6010294	-9.45148	50.0	50.0	994999	-5.908146	1.9567481	8.10264	-20.080952	-5.9080076	1.95646	4.1861596	-24.566557	5.8143363	0.9973365	4304.651961565018	21.631416903069272
200	-7.8960576	2.39292	-3.0518413	-12.855759	-6.7347617	1.1810763	-5.011368	-9.225633	50.0	50.0	999999	-5.874795	1.9410323	6.228564	-19.32635	-5.8750334	1.940964	6.3118014	-19.975142	5.78137	0.99469453	4327.546161174774	21.6377308177948
