Epoch	AverageEpRet	StdEpRet	MaxEpRet	MinEpRet	EpLen	AverageVVals	StdVVals	MaxVVals	MinVVals	Time Steps	LossPi	LossV	DeltaLossPi	DeltaLossV	Entropy	KL	ClipFrac	StopIter	Time	AVG Time Per Epoch
0	18.992746	20.532146	214.17017	4.48647	19.07252	-0.019166183	0.110218614	0.33401084	-0.4270489	5000	1.5878678e-08	595.33167	-0.029145835	-266.49252	0.9189431	0.014514194	0.2438	79.0	5.055898666381836	5.05590033531189
1	40.215645	45.817867	258.09155	4.294284	31.967949	16.052519	6.3295317	22.325699	-13.689543	10000	1.1324882e-09	1232.8645	-0.031467818	-356.2577	0.91140515	0.0146382125	0.2378	79.0	9.851966857910156	4.925984263420105
2	74.35709	71.89244	260.62607	6.4579144	47.219048	34.63157	10.927447	44.26914	-5.264871	15000	2.7883052e-08	1835.9246	-0.030941209	-471.93225	0.904397	0.014053328	0.2096	79.0	14.632757425308228	4.877586364746094
3	137.163	79.8786	248.5808	10.379701	71.31884	54.25981	11.684293	63.157738	0.28510326	20000	1.0761618e-08	1904.9772	-0.026574166	-661.25256	0.8948243	0.011369547	0.1594	79.0	19.425697088241577	4.8564247488975525
4	171.31766	61.80216	238.41754	14.9193	82.35	73.95545	18.603176	86.543106	-14.626568	25000	4.2915342e-09	1099.3344	-0.023104314	-240.28345	0.8799973	0.011042898	0.1606	79.0	24.103119373321533	4.820624256134034
5	202.60146	47.02204	260.57007	39.18826	93.37736	77.554276	27.22048	100.091995	-4.1910763	30000	-1.4400483e-08	733.6083	-0.023179248	-241.48776	0.87550795	0.010939767	0.1506	79.0	28.588014125823975	4.764669378598531
6	215.27386	33.045242	246.24213	32.45517	97.117645	86.896805	32.90331	114.60519	-11.210093	35000	5.64456e-09	265.49988	-0.020155119	-90.00525	0.87612695	0.010943858	0.161	79.0	33.264729261398315	4.752104418618338
7	221.06776	13.855029	242.06842	159.75282	98.0	91.35319	37.202385	124.427475	-4.0489116	40000	2.3674964e-08	86.210335	-0.017349625	-25.670029	0.8613306	0.010703679	0.1474	79.0	37.709962368011475	4.713745504617691
8	224.77176	7.421726	237.07973	209.84021	98.9	94.11448	38.007877	129.3041	-0.074977845	45000	1.8686055e-08	25.396128	-0.021240469	-11.847933	0.8511098	0.010353273	0.139	79.0	42.15788292884827	4.6842094262441
9	229.5196	24.467852	253.99678	82.9371	101.77551	95.72897	39.153336	132.18752	-1.3614441	50000	5.622208e-09	133.43645	-0.019240245	-17.484482	0.8429034	0.012878346	0.1976	79.0	46.49339437484741	4.649339628219605
10	231.05756	23.039837	261.47827	127.40171	101.81633	96.703186	39.115406	133.74052	-3.2696445	55000	7.5936315e-09	155.60645	-0.021395154	-23.67009	0.8477995	0.009938523	0.173	79.0	51.38471865653992	4.671338233080777
11	247.85144	19.237375	296.07938	213.77812	106.71739	96.23666	39.496223	135.04282	-16.951311	60000	9.864569e-10	156.29478	-0.022878695	-76.802734	0.83041453	0.010051873	0.1386	79.0	55.969871044158936	4.664156059424083
12	264.5983	19.667858	312.06348	233.31679	111.40909	102.97288	40.050346	140.06734	-1.8544527	65000	3.5589935e-08	161.12343	-0.027524969	-71.52683	0.81911576	0.017465744	0.1904	79.0	60.56798815727234	4.659076140477107
13	280.28397	21.46399	335.77197	233.03918	115.976746	107.51885	42.92107	146.49109	-32.274757	70000	-5.7339666e-09	153.07343	-0.028406166	-64.004616	0.8014412	0.01663461	0.1734	79.0	65.150465965271	4.653604865074158
14	289.91968	52.13432	331.82565	66.041275	117.21429	113.94725	43.250748	152.305	-3.4478123	75000	-3.185272e-08	383.01492	-0.0199303	-68.6355	0.7841522	0.015043648	0.2004	79.0	69.7900960445404	4.652673180898031
15	305.95792	39.952236	338.25806	143.96593	122.875	119.082085	44.44909	154.72581	-1.7509886	80000	-3.2007694e-09	332.25064	-0.019756254	-54.084076	0.7595635	0.016215999	0.1976	79.0	74.46080327033997	4.653800323605537
16	309.08432	47.193897	353.62564	71.1763	124.175	122.17342	46.6485	161.2641	-8.2407	85000	8.52868e-09	332.92038	-0.02100318	-40.754486	0.7536329	0.014007599	0.1748	79.0	79.61035656929016	4.68296230540556
17	321.44797	41.807335	352.36157	78.60893	127.051285	122.9475	47.706615	162.89503	-5.4511824	90000	-1.46836046e-08	222.27084	-0.020195745	-41.483353	0.7313406	0.015071749	0.1624	79.0	84.21693420410156	4.678718712594774
18	341.49905	17.833006	398.193	306.64743	132.97298	125.63027	49.874775	168.29514	1.5274434	95000	1.0062382e-08	111.31191	-0.025661603	-62.227642	0.7236531	0.012664792	0.1502	79.0	88.76421880722046	4.671801077692132
19	354.71173	17.370663	394.10397	328.86063	135.83333	131.15303	51.898933	174.34917	-0.34618562	100000	-1.5363097e-08	77.5788	-0.024617905	-33.62527	0.7026548	0.01285199	0.1578	79.0	93.3159430027008	4.665797245502472
20	353.91364	51.851685	405.39078	66.24906	135.63889	137.26318	52.291172	179.20529	-1.932983	105000	-2.5715678e-09	291.84238	-0.019272283	-66.23927	0.68203324	0.017182674	0.1462	79.0	97.8492157459259	4.6594865549178355
21	382.95267	19.393013	415.7532	341.5503	144.05882	135.22993	52.038	179.62634	0.09092611	110000	3.5583974e-09	191.74101	-0.025170276	-141.38702	0.6855834	0.019986872	0.193	79.0	102.66094756126404	4.666406837376681
22	401.59573	45.012726	594.8227	312.85648	146.94118	142.94215	54.032215	188.15288	-5.7493057	115000	6.711483e-09	299.66934	-0.02425125	-138.65742	0.6742146	0.015504477	0.1866	79.0	108.02571940422058	4.696770502173382
23	402.24326	27.058304	456.35373	315.83728	146.64706	149.76328	56.81023	196.62834	1.5864855	120000	3.4153462e-09	132.36792	-0.02409603	-25.34967	0.6586513	0.0143816555	0.184	79.0	112.90098571777344	4.704207807779312
24	413.18808	46.860916	587.97986	363.403	150.06061	151.30017	55.78029	197.41248	-2.9399734	125000	-7.119775e-09	196.4676	-0.022751248	-45.241516	0.6375492	0.011327003	0.1542	79.0	117.4273796081543	4.69709529876709
25	470.3187	56.780094	616.97107	410.23325	164.26666	157.30502	54.19461	201.15749	3.3651369	130000	-2.7179718e-08	378.15286	-0.022834618	-215.82278	0.6237412	0.018468939	0.17	79.0	122.20421147346497	4.700162053108215
26	498.18628	81.62949	682.1419	409.84598	172.07143	170.56586	58.769577	216.26982	3.1424658	135000	-3.5166742e-10	291.6031	-0.022774346	-94.37727	0.60877794	0.01563493	0.1502	79.0	126.66197180747986	4.691184211660315
27	530.93365	107.74147	802.25323	416.66025	181.96297	177.93573	61.503345	227.48161	2.5730853	140000	1.6510487e-08	269.09772	-0.025293155	-62.1131	0.59689295	0.017777978	0.1902	79.0	131.2834484577179	4.688694638865335
28	612.0971	199.95067	1184.5691	367.60397	206.45833	192.38515	59.184193	237.6403	3.9450948	145000	-1.9574165e-08	1510.8763	-0.020722274	-332.3451	0.5877148	0.008116457	0.1744	79.0	136.02272129058838	4.690438730963345
29	744.7829	272.8085	1591.787	365.19315	247.7	205.87128	58.501934	248.91473	-1.3513842	150000	1.9317865e-08	1791.947	-0.02398213	-505.5183	0.5729261	0.01865883	0.197	79.0	141.01288080215454	4.7004294157028195
30	659.99805	217.97394	1252.2524	315.40347	224.77272	214.2722	61.459347	264.80798	3.7780566	155000	6.8902968e-09	3343.7646	-0.022199847	-1430.9294	0.56356233	0.006469747	0.1702	79.0	145.8126392364502	4.703633585283833
31	769.2244	252.00931	1490.7948	354.59998	258.42105	204.6446	55.069405	262.07443	7.979738	160000	-5.3822995e-09	2212.5059	-0.021605575	-867.7141	0.5600823	0.019373333	0.1872	79.0	150.2028772830963	4.693840004503727
32	675.7358	191.02339	1170.1511	246.48271	221.72728	210.45265	64.980736	275.96893	11.155855	165000	-4.2170287e-10	1231.7906	-0.022437286	-315.76947	0.561273	0.011827777	0.188	79.0	154.67725467681885	4.687189600684426
33	745.02405	235.93631	1650.0802	423.52325	244.25	209.8257	64.00474	275.3096	10.093555	170000	4.2915344e-10	1124.3112	-0.021100461	-441.758	0.5546875	0.016226448	0.1936	79.0	159.7883915901184	4.699658639290753
34	712.30963	159.73259	1283.0029	506.72424	231.4762	211.87338	68.03969	281.86404	10.23499	175000	-1.1074543e-08	196.8424	-0.022249881	-104.59249	0.55578566	0.015385974	0.1706	79.0	164.5308437347412	4.70088130405971
35	849.1168	172.48067	1388.8986	629.651	272.8889	224.22345	66.51693	290.88245	10.267433	180000	1.1914969e-08	823.9288	-0.018036947	-505.61914	0.5395714	0.014379886	0.1824	79.0	169.1110541820526	4.697529329193963
36	791.6872	181.43303	1281.8328	652.0838	256.57895	228.50314	69.70752	298.015	7.6446085	185000	-5.9068204e-09	1298.0599	-0.01691402	-670.16437	0.52409893	0.008620351	0.1642	79.0	173.7570538520813	4.696136635703009
37	863.5969	153.62166	1180.1599	591.89343	275.77777	224.02345	68.07725	292.24603	9.013717	190000	-1.6182661e-09	662.8724	-0.023912532	-556.836	0.5277091	0.017084401	0.203	79.0	179.302716255188	4.718492589498821
38	788.6941	183.7852	1227.4008	310.61707	255.36842	227.94466	71.1277	296.65936	9.180702	195000	4.5597554e-10	884.6119	-0.023271237	-529.15625	0.5139063	0.012476546	0.1842	79.0	183.88321089744568	4.7149541683686085
39	849.4015	125.6695	1040.8331	636.10266	270.3889	224.89246	70.33462	295.64542	9.815044	200000	1.2943149e-08	135.84198	-0.021869252	-71.745865	0.5077555	0.018719936	0.1848	79.0	188.98333144187927	4.724583339691162
40	901.1788	303.9823	1864.0084	377.91364	287.17648	235.1235	70.30436	301.08478	7.8969126	205000	1.1622906e-09	560.3256	-0.01870433	-148.577	0.5041227	0.014641907	0.1958	79.0	193.54814052581787	4.720686406624027
41	909.4014	202.58507	1264.5165	364.6092	291.0625	239.65268	70.63546	309.24106	6.4250007	210000	-5.517155e-10	841.1719	-0.019179527	-453.70676	0.49621642	0.012956836	0.1908	79.0	198.14981174468994	4.717852700324285
42	816.4999	266.9278	1585.9899	58.70828	263.1579	233.68225	72.06577	305.05792	6.418735	215000	2.0474196e-09	1269.3293	-0.02181125	-529.201	0.4794862	0.01345847	0.2166	79.0	203.2582311630249	4.726935647254766
43	921.9651	183.96713	1344.1909	709.08496	292.0	227.7987	69.8492	301.575	8.106114	220000	6.1571597e-09	388.2386	-0.021367589	-262.9095	0.46333906	0.020709598	0.2014	79.0	208.02395129203796	4.727817112749273
44	927.8249	251.47502	1563.4021	682.9884	292.47058	234.88145	73.7178	310.16867	7.847272	225000	-3.862381e-09	149.91104	-0.026500985	-70.23326	0.4468787	0.012916246	0.2322	79.0	212.76019620895386	4.728004397286309
45	1063.5626	347.19708	2054.9297	650.89984	339.14285	257.53186	67.30039	316.70688	6.6969337	230000	-7.224083e-09	1741.0092	-0.016271014	-855.29803	0.43982035	0.00773122	0.1726	79.0	217.13819003105164	4.72039548728777
46	1043.3661	229.82085	1766.6619	819.78	329.35715	247.29735	68.131775	312.5011	6.5389705	235000	-1.2743473e-08	886.3515	-0.015172828	-265.76782	0.4266544	0.018606411	0.1636	79.0	221.71042346954346	4.717243088052628
47	1126.4192	470.7673	2716.3408	655.5634	354.64285	249.1289	68.020294	312.7522	8.170409	240000	-1.0062754e-08	691.9976	-0.01844385	-337.93863	0.42770585	0.014116834	0.1694	79.0	226.181316614151	4.712110802531242
48	1130.2811	232.22493	1614.8428	742.98566	356.2857	253.54495	69.72813	315.4138	8.977844	245000	-1.3277679e-08	783.7618	-0.017380685	-378.53177	0.41775838	0.015068991	0.1896	79.0	230.6575789451599	4.7072975635528564
49	1108.5144	441.21118	2512.854	653.81836	348.85715	250.77458	69.42818	312.41714	9.870512	250000	-1.7249585e-08	717.2047	-0.016603002	-429.90735	0.40769583	0.013104106	0.1494	79.0	235.32923364639282	4.706584715843201
50	1034.9962	267.76266	1596.8069	705.08295	325.0	243.0101	74.896545	318.98956	9.748338	255000	-6.1839818e-09	1051.158	-0.022909125	-933.76935	0.41293684	0.028398275	0.2338	79.0	240.10824012756348	4.70800474578259
51	1082.5619	192.92241	1562.7616	761.82117	338.2857	248.95535	71.57356	320.53644	9.418637	260000	-9.894371e-10	103.7867	-0.025131546	-38.497345	0.3911478	0.01711511	0.1866	79.0	244.856543302536	4.708779715574705
52	931.19446	191.31454	1249.6503	391.23648	292.375	248.79218	74.0982	316.2161	7.592041	265000	-2.771914e-08	965.1817	-0.018644571	-260.33795	0.3816437	0.0062014363	0.1746	79.0	249.32696223258972	4.704282342262988
53	1050.1708	195.53699	1437.305	667.3158	326.86667	244.97867	70.02279	311.6268	8.287539	270000	2.3412705e-08	114.083984	-0.023910763	-66.17164	0.37019742	0.018236548	0.1848	79.0	254.46959257125854	4.712399897751985
54	1075.1752	274.80164	1519.0992	680.30396	333.92856	251.26062	71.45079	315.2599	7.493913	275000	5.4486096e-09	102.89109	-0.024918372	-42.153202	0.36899206	0.013709912	0.172	79.0	259.0168025493622	4.709396444667469
55	1091.2462	262.45627	1558.0939	380.0327	341.0	257.9001	71.20258	323.8719	8.789315	280000	-7.1421264e-09	817.5003	-0.019087126	-271.46973	0.3662953	0.009327823	0.1938	79.0	263.64364767074585	4.70792230963707
56	1212.992	398.30972	2128.356	643.0259	379.84616	257.7364	69.57903	320.74228	7.0829635	285000	-7.2970985e-09	1018.1367	-0.017836692	-265.13098	0.3632101	0.011060837	0.193	79.0	268.388179063797	4.708564578441152
57	1389.4868	468.6896	2129.8408	655.90985	438.18182	270.5373	57.777386	319.94327	7.913995	290000	2.8944015e-08	2166.0698	-0.016473627	-940.2717	0.36376917	0.010111488	0.1718	79.0	273.21023511886597	4.710521328038182
58	1279.3495	386.99103	2163.888	930.66864	397.25	262.90524	68.28328	325.94986	7.3995786	295000	4.5225024e-09	722.59827	-0.017001174	-375.73898	0.34361482	0.013673142	0.1818	79.0	277.82697463035583	4.7089318016828114
59	1629.8129	677.98224	2962.463	953.681	498.8	261.7448	65.989265	324.80807	9.159941	300000	-1.1849403e-08	1233.7856	-0.019148348	-1171.9594	0.3505537	0.026480233	0.281	79.0	282.822003364563	4.71370009581248
60	1186.0326	278.9935	1747.0641	862.04285	366.0	265.03122	73.67986	337.06647	9.044441	305000	-8.5830685e-09	108.72619	-0.020872254	-49.133865	0.3210141	0.016377024	0.2124	79.0	287.48138761520386	4.712809672121142
61	1472.4058	811.46936	3115.159	834.1442	451.18182	269.67725	70.12291	329.44055	9.960244	310000	-2.5171042e-08	127.04074	-0.025854265	-50.923683	0.32370654	0.01725328	0.1944	79.0	291.99372267723083	4.709576202977088
62	1129.9745	296.99725	1631.0983	661.4042	352.84616	265.86966	72.1248	336.49042	7.886048	315000	1.6924739e-08	1041.8302	-0.015688712	-298.76245	0.31107095	0.0110645285	0.1796	79.0	296.84864568710327	4.711883298934452
63	1276.0256	341.8318	1984.5338	924.9358	394.58334	262.31177	66.94691	320.758	7.618977	320000	1.35537235e-08	813.3437	-0.0152267795	-197.60132	0.30747917	0.011907241	0.1448	79.0	301.5922386646271	4.71237875893712
64	1198.413	309.17407	1859.8582	777.99994	375.69232	263.15335	66.54956	327.1682	10.227232	325000	-7.2404744e-09	1353.3469	-0.018198378	-267.85657	0.3210177	0.015563742	0.1912	79.0	306.36392641067505	4.713291201224694
65	1199.663	292.973	1850.4254	803.9441	368.53845	253.69785	70.60557	320.2336	9.563045	330000	1.5816093e-08	210.93997	-0.020924604	-142.73749	0.31341028	0.0129597	0.1584	79.0	310.9649147987366	4.711589643449495
66	1501.7634	566.5431	2777.442	761.2222	459.4	271.7725	68.672424	330.62366	13.06054	335000	1.3974309e-08	133.68794	-0.021082602	-71.70154	0.30998975	0.026943421	0.242	79.0	315.6325879096985	4.710934172815351
67	1216.0765	271.5719	1850.4783	955.0294	373.53845	265.64526	76.210175	334.67938	10.312524	340000	-1.8942355e-08	84.92585	-0.026050206	-49.551918	0.28751066	0.018421588	0.2076	79.0	320.77160382270813	4.7172294925240905
68	1551.5221	763.002	3265.1646	724.83704	478.0	280.921	62.553646	332.01334	11.267365	345000	1.1186302e-08	855.7618	-0.015283931	-189.40112	0.281281	0.013606418	0.19	79.0	325.34476351737976	4.715141527894614
69	1566.2793	694.4203	3157.8071	724.11444	476.9	274.10098	68.71639	333.9821	9.704501	350000	-3.6358833e-10	122.52119	-0.02669931	-54.377365	0.28375778	0.014836044	0.1782	79.0	329.9350218772888	4.713357486043658
70	1455.3973	543.4036	2717.348	980.4961	444.27274	272.6554	72.159195	341.1291	10.235065	355000	-9.667874e-09	106.25765	-0.022029037	-44.498222	0.27642864	0.009139046	0.1666	79.0	334.8065116405487	4.715584697857709
71	1355.2108	354.71173	2178.406	882.802	414.33334	268.2999	73.95405	337.44565	7.877344	360000	-7.969141e-09	75.06867	-0.022892408	-19.994854	0.26637888	0.017366733	0.2228	79.0	339.62963795661926	4.717078331443998
72	1188.9607	366.42847	2025.0925	657.32306	371.46155	274.6992	69.36037	333.7567	12.147267	365000	-4.220009e-09	2747.1035	-0.020978222	-1701.8413	0.24909413	0.013409653	0.1776	79.0	344.5211672782898	4.719468071036143
73	1309.8086	406.1139	2189.8577	913.25775	400.5	259.11386	69.573425	322.56265	15.208698	370000	-2.2220611e-08	396.79807	-0.020672673	-322.92865	0.2538529	0.026207086	0.2446	79.0	349.31716227531433	4.720502218684635
74	1330.7456	433.5978	2255.5332	773.9907	405.5	266.6528	72.2847	330.00742	13.963215	375000	-4.914403e-09	77.475	-0.02679101	-25.43745	0.23727486	0.014174106	0.1996	79.0	353.9290552139282	4.719054094950358
75	1413.9131	341.31577	2054.5007	902.8501	432.27274	274.74933	70.72184	334.69977	13.415504	380000	-1.8572807e-08	76.647514	-0.026020266	-30.497513	0.23210146	0.01599649	0.1946	79.0	358.5861749649048	4.718239169371755
76	1657.2522	540.4329	2717.5566	997.85016	503.0	278.35568	69.59662	332.81522	13.553016	385000	8.445978e-09	69.28837	-0.026314225	-30.542282	0.23680532	0.012199901	0.1882	79.0	363.1057415008545	4.715659002204994
77	1149.2859	241.51202	1594.7704	798.1274	351.7857	260.6062	77.15499	337.1767	12.458501	390000	1.30176545e-08	77.08689	-0.02742523	-34.573673	0.22919324	0.00968173	0.1656	79.0	367.6262538433075	4.713157125008412
78	1185.0284	385.70395	1903.1344	210.35484	367.23077	268.9672	69.869446	333.87625	12.356054	395000	-1.3777614e-08	1762.1404	-0.018368881	-594.18933	0.21703327	0.006663062	0.1736	79.0	372.1722230911255	4.711040819747539
79	1229.9904	333.8135	1996.6465	820.54486	375.92307	258.69476	69.105286	322.62076	12.600693	400000	2.5874376e-08	250.67368	-0.02767467	-155.93651	0.22395167	0.025620544	0.2244	79.0	377.13224840164185	4.714153131842613
80	1309.4247	402.62564	2355.0403	864.97644	398.83334	267.36868	73.05	333.74463	12.483335	405000	9.806641e-09	81.84972	-0.02698784	-23.24646	0.21493809	0.020940315	0.2636	79.0	381.86466670036316	4.714378627730005
81	1325.1603	500.7533	2531.6287	877.7925	404.83334	270.1218	72.05311	337.09985	11.263607	410000	6.560236e-10	102.59503	-0.026419723	-36.97351	0.20513919	0.016589973	0.1808	79.0	386.7727949619293	4.716741425235097
82	1461.9901	692.5882	3346.5713	904.64325	444.2	276.63336	69.93748	337.03888	11.394054	415000	-3.2743813e-08	173.40694	-0.02062153	-95.51291	0.20554152	0.018045576	0.2338	79.0	391.4349856376648	4.716084184416806
83	1202.3008	248.51575	1601.8134	746.18176	368.07693	263.51852	75.579254	337.11514	12.018175	420000	6.866455e-09	63.45395	-0.025184123	-25.654686	0.20816955	0.012703986	0.1888	79.0	396.17903113365173	4.716417060011909
84	1301.9296	454.0994	2393.8674	932.9351	398.5	272.0908	70.915215	332.46805	10.561154	425000	-7.325411e-09	743.65485	-0.019597903	-480.87363	0.20195214	0.01041196	0.1864	79.0	400.6860225200653	4.713953225752887
85	1457.5258	304.31122	2061.8152	1025.858	443.0909	271.2614	70.97302	335.9145	9.582353	430000	4.247427e-08	162.92819	-0.021886501	-105.57695	0.20686105	0.022026941	0.2684	79.0	405.27797293663025	4.712534588436748
86	1713.7927	419.69214	2428.8289	1257.0396	518.0	282.17654	68.282104	335.12152	11.252528	435000	-4.5120716e-09	72.63386	-0.022456879	-31.811356	0.18895037	0.023016196	0.2244	79.0	410.0471725463867	4.713185910520883
87	1704.6245	649.2424	3112.5225	1147.8042	513.44446	285.72064	69.39333	340.96442	10.523749	440000	8.535385e-09	44.05186	-0.02539263	-10.613304	0.17313205	0.012822476	0.1634	79.0	414.6245608329773	4.711642755703493
88	1472.87	471.7379	2449.8533	1002.3186	449.36365	282.19064	72.302605	341.30334	10.849185	445000	1.2338162e-08	1123.7997	-0.011607457	-338.6571	0.1676977	0.012968692	0.2038	79.0	419.6713013648987	4.715407901935363
89	1677.0269	346.84006	2442.1882	1182.2756	503.55554	279.33966	65.14976	333.8598	11.523361	450000	-3.2401086e-08	161.86171	-0.021805804	-129.09778	0.1644254	0.024289122	0.2068	79.0	424.2883896827698	4.714315462112427
90	1340.4679	330.0699	2166.4392	1006.32196	407.63635	277.89078	73.99091	342.08636	10.185666	455000	-1.2470782e-08	90.04196	-0.025790002	-41.00919	0.15210475	0.017657315	0.197	79.0	428.92978715896606	4.713514165563898
91	1358.2847	376.95853	2407.7512	978.00745	411.33334	271.7084	75.495995	340.13678	10.430682	460000	2.0101666e-08	74.28227	-0.017846394	-35.25812	0.14930935	0.015065245	0.2518	79.0	433.3762876987457	4.710611843544504
92	1428.122	496.18283	2419.3274	651.7562	438.54544	281.0716	66.80116	338.30365	11.003413	465000	-1.9197167e-08	1712.139	-0.017311338	-1084.7213	0.15155962	0.0073865484	0.1842	79.0	438.02093386650085	4.709902535202683
93	1437.6118	646.21466	3304.301	937.9816	439.72726	274.9958	68.72513	337.67633	11.576159	470000	2.1003187e-08	423.8485	-0.021137388	-135.13135	0.14073528	0.017413769	0.224	79.0	442.69250869750977	4.709494793668706
94	1216.6316	220.98418	1774.0414	964.62775	371.0	265.4871	75.81684	343.59003	13.23461	475000	4.9233435e-08	52.445656	-0.026216298	-22.450237	0.12565203	0.018604374	0.2254	79.0	447.52210807800293	4.710759060006392
95	1816.2009	729.2806	3064.2405	913.45044	545.2222	279.124	67.75118	336.94174	12.482912	480000	-3.4081935e-08	292.64	-0.02204714	-242.66685	0.107849464	0.025947757	0.2312	79.0	452.57083344459534	4.714279534916083
96	2025.3285	675.559	3305.9924	1344.8134	607.625	296.1691	65.27512	346.10526	12.344864	485000	3.0942262e-09	63.198776	-0.02086069	-34.452362	0.08442087	0.019669298	0.2194	79.0	457.1152994632721	4.712528880109492
97	2038.7772	922.27594	3287.6013	662.69965	621.1429	313.8544	53.285942	350.83206	12.73487	490000	-2.2107363e-08	1189.34	-0.016179468	-550.96265	0.07099658	0.01067738	0.1806	79.0	461.4767532348633	4.708946481042979
98	1800.4193	549.1425	3115.5845	1213.0908	540.1111	284.68845	72.69437	349.01105	13.278925	495000	3.5636127e-08	541.14624	-0.018370144	-501.4936	0.08308779	0.017926773	0.2082	79.0	465.9292941093445	4.706356525421143
99	1742.522	893.4952	3305.5144	990.77356	528.55554	296.4059	64.88824	344.70102	14.454352	500000	7.098913e-09	67.539635	-0.022228591	-26.009113	0.060625166	0.021233128	0.2032	79.0	470.3793897628784	4.703793919086456
100	1647.414	573.3978	3048.81	997.46387	497.33334	283.1438	72.88721	350.13287	13.052357	505000	3.6239625e-09	53.83407	-0.025737323	-19.988842	0.05857532	0.01542479	0.17	79.0	475.05607867240906	4.70352555265521
101	2090.9946	749.9686	3327.616	1255.9121	631.7143	304.529	56.89054	346.01883	12.293633	510000	-4.9888342e-08	1019.6606	-0.01326337	-284.8203	0.04975511	0.013402617	0.1758	79.0	479.82121419906616	4.704129572008171
102	1463.5458	552.6586	2822.884	965.44366	447.1	282.73056	69.817894	345.19974	14.610595	515000	-2.8577446e-08	856.2228	-0.01786688	-129.81079	0.06937908	0.008259615	0.169	79.0	484.5415852069855	4.704287253537224
103	1538.3824	490.368	2491.789	660.5413	466.3	280.33636	67.83893	340.94907	12.547483	520000	1.719594e-08	821.41705	-0.018077517	-269.5171	0.07177175	0.011900797	0.165	79.0	489.1221487522125	4.703097600203294
104	1651.3438	447.18463	2823.3477	1285.5109	496.6	278.95804	70.97203	343.45132	13.410012	525000	4.8556924e-08	83.88777	-0.022364363	-53.201782	0.0855823	0.018415274	0.1954	79.0	493.71063232421875	4.702006040300642
105	1569.0361	424.00888	2150.272	677.2189	475.8	285.45825	69.23433	344.80908	11.3792095	530000	1.3899803e-08	983.9918	-0.01514964	-215.73798	0.08151253	0.0070870477	0.179	79.0	498.5227007865906	4.7030443650371625
106	1414.6747	591.88544	2977.498	660.51404	431.0	274.92984	70.54506	340.72797	11.924868	535000	-1.1719763e-09	653.9705	-0.022665296	-216.78137	0.073214576	0.015138196	0.2032	79.0	503.15598011016846	4.702392357532109
107	1349.3405	374.90527	2178.2349	951.83795	409.16666	268.41595	74.06928	339.47305	14.636101	540000	-5.0187112e-09	68.05605	-0.028946405	-28.44524	0.07755511	0.019917144	0.218	79.0	507.8734931945801	4.702532366470054
108	1592.2858	740.0947	3347.72	799.6512	481.2	280.4997	71.89937	341.5615	13.504803	545000	5.4687264e-09	71.08343	-0.024855152	-22.048542	0.06643422	0.014935257	0.2462	79.0	512.4805719852448	4.70165664340378
109	1641.2642	687.3079	3297.8403	1015.1824	498.8889	290.39145	68.25785	343.27975	11.299424	550000	-8.958578e-09	79.601265	-0.020920638	-36.63197	0.053296696	0.019606402	0.202	79.0	517.2512030601501	4.702283681522716
110	1910.834	807.6408	3028.058	954.30194	572.1429	295.68005	64.67235	350.23886	11.782678	555000	-2.3959577e-08	60.712986	-0.022111941	-40.31195	0.04332035	0.022819728	0.2418	79.0	521.834986448288	4.701216109164126
111	1589.6902	548.76	2394.5715	926.06775	477.3	283.65393	72.78216	348.2922	10.924566	560000	3.9422513e-08	45.10126	-0.027693555	-14.203764	0.033910733	0.014262221	0.1886	79.0	526.7489039897919	4.703115231224468
112	1985.2214	827.62885	3302.3442	1007.2257	603.375	307.2698	57.77942	347.7718	11.643923	565000	-1.0438264e-09	1088.1115	-0.015877157	-469.6277	0.027565444	0.0073011597	0.2066	79.0	531.6663496494293	4.7050119606794505
113	1935.8921	713.7085	3299.7117	949.8914	581.75	296.46423	66.468956	347.73242	10.436172	570000	-4.2009354e-08	89.13998	-0.022288747	-50.571014	0.028683156	0.024103472	0.216	79.0	536.3685836791992	4.7049875949558455
114	1604.283	501.6278	2199.46	865.79114	483.0	288.84525	71.203514	350.08023	13.317484	575000	1.07288365e-08	42.828686	-0.028658584	-18.284758	0.023270655	0.02051243	0.1894	79.0	541.7668919563293	4.711016466306604
115	1934.4772	777.56323	3329.9272	968.79584	582.75	297.24844	67.08598	350.69122	12.623341	580000	-4.144609e-08	1198.8187	-0.018117087	-803.0707	0.006892391	0.010930031	0.1564	79.0	546.4150826931	4.710474867245247
116	1927.0504	926.76715	3288.9756	958.93286	588.7143	299.70404	57.946133	346.11612	12.682937	585000	-9.635091e-09	1037.5758	-0.0172004	-482.4599	0.013738939	0.022314768	0.248	79.0	551.0004596710205	4.709405654515976
117	1766.4633	602.5475	3226.915	1204.3256	527.7778	287.91885	69.61008	347.3122	12.676853	590000	1.8501282e-08	36.330433	-0.025092436	-19.24868	-0.0062224935	0.01739436	0.1826	79.0	555.582067489624	4.708322622008243
118	2246.9272	747.3353	3332.9316	1291.5723	675.2857	304.31296	58.087666	347.41165	12.148401	595000	2.746731e-08	63.667145	-0.022660673	-19.118	-0.014237582	0.016150434	0.185	79.0	560.2203769683838	4.707734276266659
119	1647.1451	495.6012	2466.53	1040.6367	495.1	286.31216	74.33624	351.488	11.861294	600000	-1.28060575e-08	76.95808	-0.025895922	-30.514618	-0.020175936	0.0133007765	0.227	79.0	565.0950105190277	4.709125101566315
120	1971.2747	618.58887	3108.375	1057.2589	588.125	290.65216	68.35718	348.3957	11.020737	605000	-2.1392108e-08	71.214676	-0.018346658	-40.728226	-0.032455627	0.017110368	0.1404	79.0	570.076770067215	4.711378282751919
121	2755.9895	484.10205	3329.081	1995.6144	820.8333	309.6104	58.858265	354.6006	11.555314	610000	4.001856e-08	45.92572	-0.021614999	-26.482794	-0.040303305	0.023014547	0.1964	79.0	574.8394067287445	4.711798429489136
122	1967.5033	818.54944	3312.3005	1202.1039	592.375	304.43527	63.10117	350.84897	12.651602	615000	5.686283e-09	27.83188	-0.025313942	-12.950212	-0.045127895	0.022277463	0.2228	79.0	579.3105397224426	4.709841807683309
123	2105.65	807.0509	3294.45	1042.4729	631.8571	304.7094	63.46325	353.55954	9.286367	620000	-2.014637e-09	27.532896	-0.02695229	-7.7610435	-0.05301397	0.017902113	0.207	79.0	584.0297112464905	4.7099170415632186
124	2109.1892	824.3697	3369.3096	1239.3478	636.2857	310.50317	57.005928	350.78613	10.786307	625000	7.656217e-09	1180.34	-0.016134806	-535.45435	-0.06884528	0.009835107	0.1784	79.0	588.3758261203766	4.707006622314453
125	1765.8639	584.663	3314.3652	1234.996	532.3333	292.0662	67.56061	347.9823	11.883068	630000	5.249679e-09	128.30832	-0.020540332	-87.572716	-0.06307347	0.029133294	0.2668	79.0	592.9921913146973	4.706287253470648
126	2058.6455	827.1625	3318.4695	1201.5325	617.875	301.69724	62.684036	347.35507	14.277233	635000	2.5978684e-08	45.337986	-0.023823857	-17.437504	-0.07550052	0.016586032	0.19	79.0	597.8393898010254	4.7073967832279955
127	1908.8911	697.4051	3301.4966	961.43646	572.75	299.57605	66.24959	352.6158	13.677157	640000	-3.4688412e-08	36.410023	-0.027968522	-12.769985	-0.07747254	0.018762602	0.1986	79.0	602.6022727489471	4.707830270752311
128	2359.77	965.6057	3334.3765	1191.3147	707.5714	315.05704	53.87598	352.2175	13.03538	645000	-1.3828277e-08	35.729233	-0.026227724	-10.164074	-0.0783394	0.012928189	0.2158	79.0	607.1653370857239	4.706708054209864
129	2510.369	780.35596	3315.1277	1249.9518	752.1667	314.36917	55.05513	353.64798	11.28936	650000	-1.7085672e-08	1180.5089	-0.015755912	-472.56793	-0.08701725	0.013971187	0.2288	79.0	611.6719996929169	4.705169243078966
130	1844.0422	446.97098	2700.5542	1417.725	554.25	297.3163	68.59211	349.06992	12.071734	655000	2.1393737e-08	337.72534	-0.01857432	-197.6044	-0.08210214	0.01928199	0.2694	79.0	616.2188537120819	4.703960729919317
131	2287.1584	951.06506	3356.3943	657.6411	689.0	307.4052	58.49794	345.77466	10.130675	660000	-6.0111285e-09	704.4429	-0.02094845	-296.3406	-0.09903803	0.028817393	0.2722	79.0	620.6980440616608	4.702257924007647
132	2322.325	696.4539	3316.6768	1266.233	695.0	307.68552	58.247402	348.59573	14.631321	665000	3.9553644e-08	63.965294	-0.021847475	-47.79521	-0.10880592	0.01041596	0.1958	79.0	625.4444086551666	4.70258955489424
133	2390.6477	625.825	3314.7852	1189.6493	710.7143	307.33694	63.01543	353.40497	12.486548	670000	-3.4728647e-08	18.368881	-0.018898292	-7.613983	-0.11615592	0.035199277	0.2988	79.0	630.2239058017731	4.70316349036658
134	2702.0684	822.0314	3342.9106	1290.3488	811.0	324.3313	42.273014	352.23035	12.19973	675000	7.6770785e-09	29.80696	-0.022767395	-18.283718	-0.13393527	0.023656191	0.2316	79.0	634.9503965377808	4.703336283012673
135	2032.4116	661.8762	3312.2947	1225.2408	607.875	303.62106	68.95579	356.24426	12.23056	680000	6.2078236e-09	44.2083	-0.028246578	-24.138205	-0.14662427	0.016163927	0.1966	79.0	639.4144253730774	4.701576674685759
136	2630.8347	853.8014	3312.5813	1254.3083	786.0	316.74994	54.40066	352.31186	11.735054	685000	9.584427e-09	15.013553	-0.027429791	-5.212921	-0.15799719	0.020984072	0.2522	79.0	644.0146586894989	4.70083693866312
137	2865.2998	585.6883	3321.2358	1880.1815	860.8	326.4801	42.183205	352.59464	11.436957	690000	1.1499971e-08	16.282715	-0.020503305	-6.12914	-0.17409907	0.015773235	0.2206	79.0	648.4736804962158	4.6990846533706225
138	2267.1257	811.04065	3317.3806	1347.1792	679.3333	318.26556	54.877724	353.5125	11.942559	695000	1.0268391e-08	12.022677	-0.024251012	-3.5144558	-0.1830871	0.014980618	0.174	79.0	653.3302669525146	4.70021776158175
139	2254.7817	579.8053	3313.3513	1704.6888	672.3333	313.40384	60.788975	353.12805	11.173134	700000	-5.120635e-08	19.862928	-0.022634622	-5.9855585	-0.18464226	0.012919725	0.212	79.0	657.9674088954926	4.699767220020294
140	2844.2222	613.66833	3331.0422	1823.558	859.0	332.15524	32.5543	353.60272	13.005099	705000	-2.0231306e-08	1182.5981	-0.012507971	-651.89526	-0.19608067	0.0052285097	0.198	79.0	662.5345096588135	4.69882632316427
141	2665.6514	932.3297	3329.4739	1180.8511	802.5	325.07004	40.585594	351.84076	15.229976	710000	-1.3098121e-08	55.72017	-0.023023406	-41.888054	-0.17246391	0.019101003	0.2056	79.0	666.9079406261444	4.696534813289911
142	2368.1108	848.9578	3313.9822	967.49884	712.4286	316.81244	55.870766	357.65622	12.914299	715000	-7.596612e-09	664.9457	-0.017354768	-322.8091	-0.18626393	0.012620304	0.1938	79.0	671.5054006576538	4.695841975979038
143	2458.5737	793.76495	3322.2148	1447.6183	734.6667	314.77094	53.091606	352.2559	15.355148	720000	-3.5323202e-09	102.903755	-0.01721651	-94.08785	-0.16995028	0.014462442	0.22	79.0	676.0781817436218	4.694987388120757
144	2646.8557	819.6502	3384.6057	1368.4303	790.3333	318.92368	51.60742	358.68546	14.905716	725000	-7.343292e-09	20.273006	-0.024240837	-7.8065395	-0.19056694	0.018348966	0.211	79.0	680.5743191242218	4.6936160071142785
145	2184.9294	786.8004	3340.322	1463.2438	654.7143	312.9785	60.05894	355.6406	14.591761	730000	5.194545e-08	33.446182	-0.023905179	-17.115747	-0.1926429	0.014834389	0.244	79.0	685.0043244361877	4.6918104593067955
146	2737.4236	742.38275	3315.0562	1300.9442	821.5	321.3239	48.674526	353.35394	13.564902	735000	3.118217e-08	24.648424	-0.025790883	-18.674784	-0.19889012	0.024803925	0.1894	79.0	689.7354712486267	4.692078047058209
147	3092.9233	426.3203	3309.1953	2240.2908	932.8	333.5896	32.051727	355.02298	15.831976	740000	1.732111e-08	4.9966655	-0.023818199	-1.760936	-0.20629907	0.012259951	0.2	79.0	694.2216196060181	4.690686630236136
148	3063.6199	515.60565	3347.374	2032.802	918.0	329.4887	41.72766	354.50784	14.641106	745000	1.2159347e-08	5.4382825	-0.027385434	-2.2119308	-0.21238765	0.014392038	0.1838	79.0	699.1022415161133	4.691961365258134
149	2745.7827	713.518	3332.7568	1716.3768	823.4	327.1555	40.871956	353.57217	13.713176	750000	-4.673004e-09	25.13068	-0.02476022	-18.342041	-0.21628523	0.020915646	0.2108	79.0	703.6991031169891	4.691327366828919
150	2637.8625	981.0116	3323.904	966.32465	799.5	334.20868	33.02952	354.76508	13.272128	755000	-1.1587143e-08	1162.1926	-0.015722485	-822.7444	-0.22680336	0.0111273695	0.2324	79.0	708.5949416160583	4.692681743609195
151	3082.0945	481.97488	3346.722	2118.4634	925.8	328.6431	33.687794	351.93314	17.996641	760000	-9.003282e-09	91.50931	-0.021490254	-86.867165	-0.21731439	0.01932157	0.227	79.0	712.9594967365265	4.690523017393915
152	2593.0159	731.1975	3327.7317	1617.2112	773.6667	318.0994	56.422543	353.10696	14.9469795	765000	-8.012354e-09	15.968519	-0.021734945	-6.205844	-0.21874884	0.024825439	0.2502	79.0	717.7727994918823	4.691325497783088
153	1972.7068	449.76813	2738.2803	1330.5685	589.5	302.6497	68.02589	356.32474	12.841555	770000	5.591959e-08	1251.2592	-0.014804315	-902.768	-0.21917251	0.009410487	0.2172	79.0	722.3172643184662	4.690371857061015
154	2735.6453	659.7098	3386.9692	1612.669	816.5	310.6656	53.20808	348.6779	13.015632	775000	3.0890853e-08	367.86295	-0.01711492	-360.41315	-0.218219	0.021874616	0.265	79.0	726.8657217025757	4.689456279816166
155	2233.6921	727.39825	3345.0662	1567.1464	667.5714	309.42236	60.56823	354.8554	13.510875	780000	-1.3256073e-08	18.070433	-0.025348106	-4.1616783	-0.2255053	0.020972796	0.2908	79.0	731.515656709671	4.68920293985269
156	2752.2087	383.78113	3322.2449	2172.2578	814.8333	313.25037	60.49235	355.5927	12.848643	785000	7.066131e-09	13.69276	-0.02396388	-3.4859505	-0.2397599	0.028600048	0.2726	79.0	736.0648124217987	4.688310916256753
157	2528.7034	666.7831	3326.7417	1437.1311	749.8333	314.49695	58.904648	357.1379	12.883468	790000	-1.5044213e-08	20.263975	-0.024264175	-4.552305	-0.25263748	0.017596783	0.1864	79.0	741.8317837715149	4.69513788404344
158	2415.739	852.1215	3325.6362	1306.9381	722.6667	319.61026	55.94813	357.68686	12.914698	795000	3.2675267e-08	21.946072	-0.026051523	-8.8599205	-0.2566999	0.018471831	0.2084	79.0	746.5299618244171	4.6951570046023
159	2511.4172	826.30536	3328.8076	1439.3855	753.0	322.99985	48.87237	354.5075	13.164713	800000	6.778538e-08	18.161007	-0.022153765	-8.285833	-0.25066575	0.02074913	0.1772	79.0	751.0453653335571	4.694033545255661
160	2691.424	751.9247	3330.2861	1123.362	801.1667	319.388	55.729927	355.80795	12.62428	805000	-7.4118374e-09	19.499678	-0.027246764	-3.1631603	-0.25391456	0.016798751	0.1984	79.0	755.7345581054688	4.69400347685962
161	2196.7576	1391.0586	3332.482	76.25299	663.8571	328.27695	42.62176	357.1032	14.480941	810000	-2.6100874e-08	1114.4553	-0.01743376	-257.35693	-0.26197264	0.014231565	0.1386	79.0	760.3604457378387	4.693583010155478
162	3333.582	23.337006	3379.852	3316.2488	1000.0	334.6882	32.856995	354.60526	101.34693	815000	1.6710162e-08	159.34033	-0.016383953	-148.8556	-0.26064622	0.029294623	0.2248	79.0	764.9860284328461	4.6931658288452525
163	2782.2424	1060.1531	3318.2468	661.9512	847.2	340.3046	18.441177	356.4853	247.25523	820000	-3.1948089e-09	1245.3193	-0.0153381545	-878.4862	-0.27366537	0.025733398	0.2858	79.0	769.8409278392792	4.6941520106501695
164	3025.2393	593.9503	3327.0007	1837.3702	909.6	331.72104	33.80851	356.38663	14.469599	825000	-3.0815603e-08	50.39603	-0.024244167	-41.34311	-0.27514532	0.017208686	0.2512	79.0	774.6606743335724	4.694913190783876
165	3064.4924	525.8847	3339.1338	2012.8077	919.4	332.42416	33.79302	356.87302	15.089334	830000	-3.6793946e-08	29.206232	-0.027503487	-14.254076	-0.29131383	0.016610544	0.2344	79.0	779.4190816879272	4.695295682872635
166	2217.1326	890.8422	3336.3938	1270.0574	663.8571	309.7651	59.640957	358.55466	12.7319355	835000	-6.727967e-08	16.4282	-0.029776795	-8.045822	-0.2869206	0.019856485	0.239	79.0	784.3247957229614	4.696555674432994
167	2520.3352	873.7221	3320.1633	1290.3761	755.0	318.26074	56.24138	355.099	11.210471	840000	4.3663384e-08	11.373291	-0.027786758	-3.2546968	-0.2982177	0.010179529	0.166	79.0	789.0302603244781	4.696608703760874
168	2909.8333	807.3865	3316.0098	1295.0681	878.8	333.79428	32.678993	358.1925	12.064972	845000	-3.3184886e-09	42.160793	-0.021840518	-11.184084	-0.30664572	0.020337902	0.2062	79.0	794.2089529037476	4.699461272482336
169	2962.8394	429.76175	3344.3604	2434.045	887.6	326.4327	43.067062	358.83182	10.800012	850000	7.518232e-08	1179.6376	-0.015400025	-475.52136	-0.31164387	0.006842631	0.2142	79.0	798.8744041919708	4.699261212348938
170	3024.4756	585.16907	3325.1582	1854.2036	916.0	333.29413	21.053844	352.0527	61.507164	855000	-1.0487438e-08	661.01465	-0.017936694	-252.10818	-0.3138193	0.020087162	0.2706	79.0	803.6000733375549	4.699415641918517
171	1851.4796	668.06335	3326.6604	1026.7177	554.3333	300.28937	69.33542	357.45282	16.541832	860000	1.8620119e-08	91.8279	-0.024643859	-56.27642	-0.31507316	0.02880336	0.2528	79.0	808.4877152442932	4.700509983439778
172	2550.7341	688.3841	3306.8647	1412.6787	757.5	307.68204	63.11469	353.54083	14.265813	865000	-3.490448e-08	34.857506	-0.023273023	-21.390972	-0.3113943	0.019891933	0.2556	79.0	813.3329546451569	4.701346571045804
173	2243.2922	604.2051	3310.3967	1508.7142	669.0	308.03656	64.22753	354.47266	13.408146	870000	1.475215e-09	16.05814	-0.022926262	-4.4056034	-0.33842504	0.02601322	0.2646	79.0	817.7598969936371	4.699769533913711
174	3261.7175	100.49343	3315.623	3060.7852	980.8	332.44977	32.17725	353.4535	15.147376	875000	2.026558e-08	12.807898	-0.023267118	-6.6536417	-0.33849242	0.017009994	0.2294	79.0	822.2048008441925	4.698313159942627
175	3164.8137	192.88037	3328.6357	2867.0166	945.4	328.5889	41.371994	359.85327	13.861974	880000	-3.361404e-08	20.463348	-0.028483316	-8.900231	-0.35233128	0.020641716	0.1932	79.0	826.8420686721802	4.697966308756308
176	2854.735	784.6046	3323.6143	1304.3221	856.2	330.4016	42.261486	356.05566	14.215102	885000	4.9352646e-09	9.709789	-0.02863712	-3.4901547	-0.3592297	0.021284757	0.2624	79.0	831.2966949939728	4.696591506570073
177	3198.4202	207.62546	3325.665	2788.187	954.8	329.8059	42.670574	357.48495	13.35155	890000	-3.990531e-08	13.856647	-0.017026624	-4.0156126	-0.36838958	0.01959936	0.3044	79.0	836.0167098045349	4.696723099504964
178	2582.3042	1198.6759	3327.0833	74.00443	781.0	333.46884	32.841488	355.38153	12.810433	895000	1.0354817e-08	540.54663	-0.013653085	-76.54999	-0.38033676	0.0073460173	0.1452	79.0	840.6484930515289	4.696360307032836
179	2692.6409	706.95386	3322.9297	1500.4867	806.3333	322.7002	51.48611	354.8459	17.062078	900000	-1.5409292e-08	77.9265	-0.022294708	-70.16055	-0.37753883	0.03439219	0.2386	79.0	845.3047316074371	4.696137407090929
180	2102.9536	482.20096	3048.0906	1537.896	624.375	297.0883	71.909706	353.624	12.668664	905000	1.5044213e-08	32.60442	-0.023541955	-17.618559	-0.38121352	0.020037191	0.2892	79.0	849.9175703525543	4.695677194806094
181	2603.5107	640.2273	3329.6316	1673.4371	775.8333	317.48596	55.051205	352.48166	12.362347	910000	-2.122745e-08	26.657822	-0.021793973	-7.8625393	-0.38399088	0.0194539	0.209	79.0	855.0233242511749	4.697930363508371
182	2285.6125	831.77386	3315.7246	1265.6786	679.8571	308.44006	64.95252	353.5441	11.973514	915000	4.5293568e-08	17.86776	-0.028234435	-5.667796	-0.39692527	0.023540366	0.2612	79.0	859.4656183719635	4.6965334428464125
183	3325.1265	3.8164856	3329.8894	3321.2566	1000.0	339.71384	15.101318	354.54892	252.11964	920000	-1.1503697e-08	6.8487396	-0.017548079	-5.2510247	-0.3982549	0.028289083	0.2948	79.0	863.9382269382477	4.695316461117371
184	3199.7637	236.30083	3322.4001	2727.228	966.4	340.7149	16.716816	356.12634	252.59042	925000	-3.5005808e-08	1140.9259	-0.014045486	-846.1238	-0.40230262	0.01257589	0.2146	79.0	868.5638108253479	4.694939528284846
185	3047.8604	567.2107	3336.9448	1913.461	914.4	332.06827	31.986483	358.76547	12.769907	930000	-2.566576e-08	64.999916	-0.002154256	-52.779472	-0.3940836	0.03689354	0.3106	79.0	873.1520609855652	4.694365930813615
186	2008.5054	602.54095	3335.0679	1275.2415	598.5	304.19077	69.426926	356.5985	11.613081	935000	-6.5276026e-08	34.88847	-0.026902627	-17.156044	-0.39463907	0.01830366	0.2794	79.0	877.7567615509033	4.693886434330659
187	2327.229	726.3172	3337.419	1247.303	690.1429	307.84427	64.03074	354.74918	10.882336	940000	-4.0334463e-08	14.265777	-0.022593133	-3.4543982	-0.40985274	0.02239274	0.2438	79.0	882.3222918510437	4.6932036889360305
188	2361.2405	656.9803	3325.6128	1457.4313	700.5714	306.83966	63.327427	353.63513	10.643368	945000	-3.9480625e-08	49.542248	-0.018070579	-37.62906	-0.40789768	0.025017196	0.206	79.0	886.9479396343231	4.692846252804711
189	2100.2856	702.6672	3327.412	1301.1628	626.8571	308.32156	65.52974	356.1015	10.670031	950000	-2.6553868e-08	12.032985	-0.026483716	-6.7130218	-0.4094655	0.016591692	0.2306	79.0	891.7429509162903	4.693383968503851
190	2959.3762	731.2034	3329.4211	1496.9783	889.4	335.71082	32.87669	356.91077	12.252277	955000	-2.6404857e-08	8.176226	-0.024400627	-2.4669123	-0.4210539	0.019526042	0.2172	79.0	896.6901018619537	4.694712582683064
191	3009.959	270.63123	3326.8958	2646.7686	893.0	326.5865	47.79117	355.3177	10.822947	960000	1.2552738e-08	19.331823	-0.028166754	-6.507406	-0.41418174	0.016333263	0.2134	79.0	901.5067086219788	4.695347448190053
192	3319.9648	2.4205313	3323.7896	3316.5605	1000.0	339.7403	16.245552	357.96014	231.40973	965000	2.3515522e-08	57.226475	-0.013352192	-55.45056	-0.42696872	0.03152472	0.2724	79.0	906.6964066028595	4.697908853619827
193	2200.2698	634.95654	3328.8176	1293.607	654.5714	310.94962	65.05793	354.20383	10.525561	970000	5.2199514e-08	66.28286	-0.022277357	-52.472168	-0.43534824	0.017215159	0.2378	79.0	911.2950265407562	4.6973970550851725
194	3191.3618	303.66385	3384.8496	2585.5889	951.8	330.36417	38.284245	354.52322	10.454931	975000	-2.5504827e-08	12.775037	-0.023236526	-4.5966988	-0.44010413	0.01805235	0.21	79.0	915.7434604167938	4.696120319610987
195	2721.2117	630.258	3329.7266	1772.8386	813.3333	324.9812	49.744728	355.36633	10.700135	980000	3.9025394e-08	8.572163	-0.026769055	-2.1871214	-0.44338885	0.015058845	0.207	79.0	920.2974789142609	4.695395310314334
196	2381.7605	784.8465	3333.2292	1251.0552	710.5714	314.35703	60.988586	356.27704	10.583187	985000	-2.3077241e-08	14.743732	-0.024373297	-4.407278	-0.45663044	0.022887439	0.2616	79.0	924.9337322711945	4.695095096142764
197	2298.3425	1283.6385	3407.4897	77.167534	688.1429	322.0911	47.09327	354.34845	10.9598255	990000	4.5597552e-09	568.5864	-0.016103044	-91.43771	-0.46199661	0.008139148	0.1624	79.0	929.8020746707916	4.695970083727981
198	2189.2463	702.1065	3326.362	1246.7448	651.5714	306.23807	66.83129	357.8323	12.429406	995000	3.517121e-08	116.724335	-0.021765012	-106.46492	-0.4556714	0.033353474	0.1944	79.0	934.2345650196075	4.694646063761495
199	2529.9412	848.91736	3331.475	1292.1997	754.3333	319.4271	55.68367	356.62244	9.464628	1000000	3.7658214e-08	13.043252	-0.021615226	-2.6765156	-0.4652408	0.029743673	0.28	79.0	938.7537362575531	4.693768690824509
