Epoch	AverageEpRet	StdEpRet	MaxEpRet	MinEpRet	AverageTestEpRet	StdTestEpRet	MaxTestEpRet	MinTestEpRet	EpLen	TestEpLen	Time Steps	AverageQVals	StdQVals	MaxQVals	MinQVals	LossPi	LossQ	Time	AVG Time Per Epoch
1	-259.2105	62.03606	-158.38417	-341.23874	-44.422905	412.04303	515.9339	-632.41583	1000.0	1000.0	4999	4.02018	6.1194243	33.477833	-8.486917	-5.0582314	0.46277133	18.562417030334473	18.562418699264526
2	-296.94498	87.73006	-207.72604	-442.75723	-722.7296	100.61935	-461.23724	-823.52936	1000.0	1000.0	9999	53.24816	32.697895	162.26997	-3.2919376	-58.36246	3.8909328	40.84476041793823	20.422381162643433
3	-449.10336	252.20505	-53.39003	-840.927	-573.93085	21.04574	-529.2806	-585.8445	1000.0	1000.0	14999	185.1963	35.085983	254.48575	63.28304	-190.50467	17.001091	64.39533543586731	21.465112527211506
4	-643.41626	94.07693	-539.12103	-808.14606	-40.171745	242.02562	252.95743	-487.9216	1000.0	1000.0	19999	175.38004	27.50078	235.04274	101.3746	-176.50217	7.5334444	87.83823299407959	21.95955866575241
5	-294.05795	218.42778	54.447456	-533.96014	-430.23175	108.217094	-274.1076	-646.7177	1000.0	1000.0	24999	151.19905	25.56225	223.77107	93.88311	-152.13702	5.352339	111.38505506515503	22.277011394500732
6	-267.1837	170.45932	-44.047085	-484.49185	-504.3642	118.120094	-229.57964	-656.4235	1000.0	1000.0	29999	133.2689	26.215313	194.60028	76.49286	-134.35002	4.7444935	134.96846532821655	22.494744578997295
7	148.67142	264.65775	518.20245	-216.15913	157.45877	436.00223	818.965	-352.59177	1000.0	1000.0	34999	116.22972	30.837938	176.74551	56.088093	-117.177925	3.5627868	158.36280226707458	22.62325780732291
8	636.60236	182.1204	848.0448	372.41025	750.1741	257.2288	1106.244	284.08862	1000.0	1000.0	39999	106.04492	35.136257	173.24455	41.88893	-106.964134	3.922386	181.9012815952301	22.737660467624664
9	974.1624	241.8943	1234.3458	599.5614	871.9845	524.1067	1564.6074	61.76083	1000.0	1000.0	44999	104.10163	38.557262	186.25787	35.390987	-105.17262	4.8177705	205.3179214000702	22.813102589713203
10	1387.0377	498.3181	1847.1261	443.80255	1880.8821	442.4836	2187.1812	629.2896	1000.0	1000.0	49999	107.85296	42.65007	203.11345	30.165785	-109.00288	5.811083	228.83504176139832	22.883504390716553
11	2223.0083	140.28139	2373.6016	1997.0842	2357.0632	168.63889	2606.9001	2002.389	1000.0	1000.0	54999	118.95777	50.06385	228.76266	26.320665	-120.34042	7.142035	252.4101173877716	22.946374503048983
12	2541.598	71.86741	2625.1228	2433.0774	2635.6333	205.19743	3015.9456	2347.5823	1000.0	1000.0	59999	139.31778	60.53307	254.27461	20.816475	-140.92285	8.371366	275.8306305408478	22.985886017481487
13	2534.3523	61.331123	2611.511	2443.0906	2441.4128	621.12836	2981.2993	1210.6392	1000.0	1000.0	64999	161.32469	70.14812	276.2111	19.322674	-162.95735	9.480578	299.20357275009155	23.015659607373752
14	2752.8079	126.78937	2897.1917	2541.2322	2773.084	459.95752	3094.622	1427.3541	1000.0	1000.0	69999	181.84608	77.01654	299.99677	19.617344	-183.45563	9.803243	322.63366508483887	23.04526194504329
15	2787.392	127.58559	2952.6914	2649.0786	2406.2874	824.038	2965.2354	-16.903168	1000.0	1000.0	74999	200.43745	81.417175	316.23163	19.539295	-202.02222	10.079902	346.05920696258545	23.070613940556843
16	2001.2891	858.94946	2883.2852	522.5319	2811.748	441.4573	3039.158	1518.538	1000.0	1000.0	79999	213.91191	86.77059	331.12708	3.3795652	-215.4234	10.639512	369.44077491760254	23.09004856646061
17	3048.4246	73.0464	3155.423	2951.727	1800.4043	1207.3942	2941.502	-531.33386	1000.0	1000.0	84999	225.98154	92.41051	344.44757	-2.1331344	-227.4529	11.269348	393.2228512763977	23.13075608365676
18	2612.714	613.67114	3085.824	1404.7609	3121.6724	132.33711	3303.8154	2871.8308	1000.0	1000.0	89999	237.77731	97.13787	355.95276	-8.3582115	-239.2404	11.346949	416.64080142974854	23.146711296505398
19	2497.914	1066.437	3174.062	372.45227	3290.4023	87.82439	3407.5923	3152.5745	1000.0	1000.0	94999	248.43039	100.70202	363.76993	0.5826211	-249.90535	11.65856	440.2012732028961	23.16848816369709
20	2514.2485	904.04004	3108.8904	727.7992	2166.2097	816.51996	2950.5986	553.1844	1000.0	1000.0	99999	254.57918	105.14007	372.27783	-8.741741	-255.97157	12.014958	463.93424105644226	23.196712160110472
21	2528.4626	1213.0946	3303.637	112.58487	3203.603	172.80916	3478.8057	2949.195	1000.0	1000.0	104999	260.04956	108.48269	379.86996	14.635263	-261.4108	12.712577	487.41869854927063	23.21041430745806
22	3074.9272	71.04155	3150.5317	2960.655	2832.5906	663.1605	3275.3804	944.96857	1000.0	1000.0	109999	267.00305	110.33314	387.1847	-6.045662	-268.3632	11.923769	511.0298864841461	23.228631301359698
23	2652.1482	1068.817	3361.493	524.71533	2969.409	1082.5885	3477.549	-262.35342	1000.0	1000.0	114999	273.92712	111.68169	393.15393	-43.37198	-275.30084	12.231063	534.4344546794891	23.236280731532883
24	2800.3257	550.66254	3395.1628	1763.2236	3205.1797	275.89282	3556.276	2526.4802	1000.0	1000.0	119999	279.41086	114.27018	402.7669	-108.515755	-280.799	12.810997	557.7201445102692	23.238339444001515
25	2783.2666	488.51584	3233.0156	1851.9192	3275.7837	424.1537	3560.801	2015.3339	1000.0	1000.0	124999	286.12024	116.192085	405.4759	-40.521214	-287.52036	13.914731	581.3078715801239	23.252314958572388
26	3195.099	298.99182	3427.197	2609.0852	3430.4233	126.90659	3614.3772	3224.5159	1000.0	1000.0	129999	292.6101	117.58587	413.2654	-48.830807	-293.9819	13.864781	604.7992074489594	23.261508061335636
27	3400.894	214.07762	3632.8782	3091.8972	3718.7227	123.286766	3927.6448	3558.7332	1000.0	1000.0	134999	299.17645	118.5733	420.29434	-35.81238	-300.5657	14.459435	628.255469083786	23.26872115665012
28	3436.0593	127.67489	3570.138	3266.916	3958.2493	112.68905	4112.5	3749.522	1000.0	1000.0	139999	306.52023	119.13377	425.46005	-18.748697	-307.94586	13.890265	651.5981960296631	23.27136422055108
29	3704.7356	161.96689	3864.1294	3419.6733	3789.5789	554.8243	4198.9604	2247.4038	1000.0	1000.0	144999	314.8777	120.272095	440.3415	-15.92576	-316.3625	14.942414	675.0882499217987	23.27890524370917
30	3888.7148	30.520586	3939.4795	3849.849	3713.2544	700.87213	4100.3066	1643.0576	1000.0	1000.0	149999	324.17746	122.32961	444.10394	-30.246923	-325.71353	15.096726	698.4112122058868	23.2803738117218
31	3882.3137	108.85508	4006.4163	3728.2893	4022.522	50.81046	4102.1606	3934.009	1000.0	1000.0	154999	332.61798	124.50773	454.6369	-16.516977	-334.0988	15.329228	721.8177525997162	23.28444370915813
32	3893.4492	23.716616	3925.8662	3856.328	4189.6226	62.556355	4310.357	4076.3716	1000.0	1000.0	159999	340.7159	125.29489	462.06555	-0.08757925	-342.1945	14.441309	745.3918101787567	23.29349412024021
33	4010.5376	71.527985	4148.617	3941.337	4281.791	90.94368	4443.3223	4154.955	1000.0	1000.0	164999	347.6532	126.62917	465.9283	-19.942133	-349.1387	14.517737	768.76233959198	23.295828544732295
34	4023.149	108.01401	4152.5625	3823.7422	4283.7627	102.547226	4401.3965	4069.5315	1000.0	1000.0	169999	354.22086	127.23248	469.72913	-30.743122	-355.684	14.5749655	792.4029002189636	23.30596771660973
35	4063.02	71.25678	4132.562	3930.6821	4088.1047	455.42838	4372.427	2741.97	1000.0	1000.0	174999	360.59857	126.812164	477.83646	-7.4113274	-362.05786	13.290617	815.7345926761627	23.306702702386037
36	2852.0122	1562.8635	4214.645	851.86414	4249.2617	63.26439	4330.7134	4101.48	1000.0	1000.0	179999	364.76294	128.24559	482.14294	5.382909	-366.2263	13.769482	839.0872747898102	23.30797991487715
37	4105.7603	64.23013	4204.0005	4027.1416	4275.8174	65.20182	4388.364	4179.724	1000.0	1000.0	184999	368.94476	129.35378	484.8671	0.8444083	-370.3651	13.7871685	862.5593860149384	23.31241588979154
38	4114.226	82.84336	4233.5513	3996.349	3967.6626	763.7649	4313.7393	1682.8191	1000.0	1000.0	189999	373.03098	130.03429	489.92413	-24.570208	-374.4369	14.130977	885.903148651123	23.313240804170306
39	3844.2708	516.99365	4135.9395	2810.937	4129.532	722.2121	4567.2954	2001.786	1000.0	1000.0	194999	378.3191	129.88808	492.70255	-10.179462	-379.77835	14.579439	909.2785158157349	23.31483378777137
40	4098.4346	61.632427	4216.71	4043.1868	4056.114	1158.5272	4632.249	622.9715	1000.0	1000.0	199999	382.2238	130.49416	496.37115	13.072204	-383.6288	13.998001	932.9615774154663	23.324039494991304
41	4165.5713	99.39511	4256.926	3976.836	4358.2266	68.80147	4534.187	4285.2534	1000.0	1000.0	204999	386.13376	129.11748	495.81348	-2.9744353	-387.50876	13.255531	956.4696791172028	23.32852881710704
42	4226.471	64.982735	4332.041	4150.959	4512.992	94.85575	4708.6895	4380.2334	1000.0	1000.0	209999	389.57285	128.82007	501.9898	15.12803	-390.93134	13.360379	979.9039497375488	23.33104646205902
43	4205.9155	152.49959	4444.323	3980.8572	4114.07	340.30875	4363.8687	3121.3677	1000.0	1000.0	214999	392.7296	128.7557	502.70145	10.733546	-394.0799	13.9904175	1003.4238376617432	23.335438135058382
44	4222.282	87.4224	4366.217	4102.3135	4417.3813	282.72882	4665.4336	3602.7751	1000.0	1000.0	219999	396.73837	128.42238	508.4765	21.056185	-398.1002	13.791225	1026.9120321273804	23.33890986442566
45	4318.366	55.5088	4400.5957	4261.604	4513.788	91.07842	4628.513	4327.4	1000.0	1000.0	224999	400.39743	127.41911	509.26236	10.351902	-401.74283	12.798461	1050.5579402446747	23.345732063717314
46	4282.083	79.63309	4332.9844	4125.9375	3702.939	1404.0597	4589.7236	757.566	1000.0	1000.0	229999	404.12357	126.625435	510.99338	-8.634246	-405.46686	12.641343	1074.059532403946	23.349120311115097
47	3845.7922	952.009	4346.516	1941.9835	4627.8115	79.68588	4761.8916	4499.6113	1000.0	1000.0	234999	406.5402	126.87897	511.78122	-3.3957608	-407.875	12.661142	1097.4500954151154	23.35000207576346
48	4167.171	318.58878	4509.5015	3600.7585	4203.245	998.0297	4796.397	1224.914	1000.0	1000.0	239999	408.55374	127.381386	514.56506	17.454697	-409.8558	12.497452	1120.9256236553192	23.352617199222248
49	3514.871	1073.6953	4368.805	1515.1569	4580.662	110.40634	4742.466	4376.0967	1000.0	1000.0	244999	409.66095	129.09297	515.77344	-47.71762	-410.9575	13.420214	1144.3520522117615	23.35412355831691
50	4419.6094	81.76662	4557.582	4326.6016	4184.4966	1202.164	4709.0645	593.60803	1000.0	1000.0	249999	411.6873	129.71133	521.9863	-33.55677	-412.9778	13.16743	1167.5902926921844	23.351805896759032
51	3731.2378	1258.9073	4425.5586	1214.8055	4515.1675	245.2038	4768.1167	3889.3796	1000.0	1000.0	254999	414.671	129.58545	517.5743	-30.839138	-415.96005	12.743577	1191.1527745723724	23.35593679372002
52	3960.5112	788.44165	4397.9824	2384.313	4634.245	77.85341	4817.91	4533.53	1000.0	1000.0	259999	415.19803	131.38004	521.4051	-17.91084	-416.46265	13.23309	1214.6500203609467	23.358654278975266
53	3757.7192	1405.5739	4549.9585	948.8228	4548.5347	135.33665	4710.8066	4248.4985	1000.0	1000.0	264999	416.28455	132.68117	523.0093	1.2529078	-417.52982	14.547206	1238.3617596626282	23.365316260535764
54	4310.812	93.65914	4414.716	4180.3394	4608.686	72.09447	4706.5527	4472.4395	1000.0	1000.0	269999	418.24902	132.31947	522.4879	-3.9379888	-419.5017	15.75664	1261.8074793815613	23.366805209053886
55	4378.9585	103.69205	4560.464	4265.9854	4218.2793	699.21344	4565.5938	2134.5498	1000.0	1000.0	274999	420.29605	132.17618	527.1004	-5.138758	-421.5151	14.689926	1285.44686293602	23.371761174635452
56	4442.5737	47.484707	4500.927	4366.969	4733.8877	82.32978	4859.247	4548.8887	1000.0	1000.0	279999	422.60645	131.89984	526.85425	0.49458575	-423.86057	14.051993	1309.18057513237	23.37822459425245
57	4526.104	70.6893	4652.852	4441.9673	4364.5977	629.9509	4755.507	3042.5078	1000.0	1000.0	284999	425.49472	131.44437	529.10175	10.611723	-426.7591	13.346172	1332.5717298984528	23.37845144355506
58	4516.4727	62.586906	4617.014	4421.4688	4736.579	128.51846	4904.7583	4468.781	1000.0	1000.0	289999	428.0877	130.75165	530.97064	-10.200751	-429.3251	13.712678	1355.990972995758	23.37915473559807
59	4430.014	120.597404	4615.0337	4246.7573	4559.2905	151.71356	4738.1177	4231.467	1000.0	1000.0	294999	430.28705	130.06108	535.6281	-36.246307	-431.50745	13.801462	1379.5643863677979	23.382447266982773
60	4442.3706	50.284237	4515.333	4385.6455	4810.028	98.77875	4949.0796	4634.3438	1000.0	1000.0	299999	431.748	130.42812	535.75586	-37.282394	-432.9455	14.209134	1402.7895770072937	23.37982631524404
61	4543.349	56.30678	4650.723	4496.829	4882.673	91.67612	5080.9404	4708.072	1000.0	1000.0	304999	433.42508	130.54181	535.2569	3.7922716	-434.6347	13.737228	1426.1634833812714	23.37972927093506
62	4449.5986	71.301575	4576.215	4384.5723	4747.6665	68.5602	4859.1934	4649.291	1000.0	1000.0	309999	434.66663	129.74692	535.5322	-33.76463	-435.85226	13.170801	1449.648936510086	23.381434494449245
63	4529.9243	43.911583	4605.313	4487.429	4909.7656	140.1425	5166.0303	4747.943	1000.0	1000.0	314999	436.93417	128.67328	537.74585	20.480438	-438.1528	13.486653	1473.0919017791748	23.3824111771962
64	4502.664	134.27522	4738.366	4366.8096	4703.4326	214.45036	4851.642	4071.4465	1000.0	1000.0	319999	438.90662	127.93274	536.6109	14.059044	-440.0996	12.874739	1496.52459192276	23.383196782320738
65	4628.5024	62.71775	4696.3447	4524.317	4789.006	81.223305	4920.493	4653.573	1000.0	1000.0	324999	440.9979	127.12237	542.1714	8.220967	-442.17905	12.365792	1520.1190342903137	23.386446710733267
66	4519.8604	82.29814	4664.338	4439.698	4920.9155	63.382545	5050.971	4836.177	1000.0	1000.0	329999	442.00308	127.91592	541.61646	-8.273088	-443.1675	12.806395	1543.4523317813873	23.385641426751107
67	4514.6963	80.43513	4628.183	4377.3228	4906.2876	88.77749	5060.8433	4796.743	1000.0	1000.0	334999	443.8512	126.979355	541.7815	-22.698322	-445.00665	13.315471	1566.88734292984	23.386378288269043
68	4580.388	81.045265	4675.2935	4467.398	4877.378	85.25358	4958.8726	4675.066	1000.0	1000.0	339999	444.71198	127.25128	542.08716	-10.295076	-445.86096	12.598821	1590.4656722545624	23.38920109762865
69	4552.4775	33.918472	4589.977	4501.484	4809.084	83.70189	4917.088	4631.7607	1000.0	1000.0	344999	446.87317	125.973145	543.0847	12.602092	-448.03024	12.555248	1614.10830783844	23.39287405428679
70	4644.1133	83.101	4715.04	4489.8647	4858.728	106.07344	4992.899	4662.142	1000.0	1000.0	349999	448.70267	124.9692	544.00696	20.051807	-449.8735	12.57295	1637.613793373108	23.39448278631483
71	4672.0127	70.39575	4771.3516	4592.146	4783.4717	68.34187	4904.765	4673.127	1000.0	1000.0	354999	450.67908	123.7799	545.68274	-19.754673	-451.8159	12.472922	1661.1788721084595	23.396885552876434
72	4663.3735	115.41896	4781.288	4479.393	4969.6787	63.80691	5078.135	4871.571	1000.0	1000.0	359999	451.6036	123.49812	545.8564	12.424751	-452.73895	13.411589	1684.7963778972626	23.399949726131226
73	4591.1924	41.53885	4659.212	4547.773	4010.4897	1581.4349	4906.807	306.4046	1000.0	1000.0	364999	453.84158	122.93103	547.05615	6.9330835	-454.9939	12.762548	1708.3404688835144	23.40192425740908
74	4616.764	65.64037	4736.0103	4556.668	4866.048	59.78294	5003.6	4787.9214	1000.0	1000.0	369999	455.56506	122.54133	547.56323	12.560347	-456.70566	12.006057	1731.8041863441467	23.402759303917755
75	4583.251	75.83217	4713.72	4505.6543	4902.0894	101.23725	5033.6104	4685.807	1000.0	1000.0	374999	456.9561	121.67156	547.5839	-13.223238	-458.07095	12.200015	1755.3833820819855	23.40511178970337
76	3947.0483	1218.5864	4654.379	1513.4677	4768.3237	90.714836	4918.7153	4615.349	1000.0	1000.0	379999	457.81033	121.874535	554.0478	21.315575	-458.9509	12.872088	1778.9623019695282	23.407398741496237
77	4704.63	99.47996	4899.463	4623.239	4948.278	45.5048	5027.6396	4880.0645	1000.0	1000.0	384999	459.2877	121.78869	555.2169	-11.987913	-460.4155	12.040756	1802.5069603919983	23.40918133165929
78	4642.4287	91.575905	4789.0977	4510.6167	4712.8726	613.5019	5148.6206	2897.2603	1000.0	1000.0	389999	460.64447	121.950386	556.1996	-12.716272	-461.77664	12.6793375	1825.9648184776306	23.409805395664314
79	4739.0117	105.8042	4899.31	4580.817	4872.327	73.38671	5007.1177	4744.4893	1000.0	1000.0	394999	462.027	121.84883	556.82245	20.882778	-463.13666	12.697993	1849.5348920822144	23.41183410113371
80	4699.3604	52.169952	4778.8584	4633.0107	5005.335	104.687675	5262.6353	4824.802	1000.0	1000.0	399999	463.45007	121.81568	560.0334	16.244501	-464.59705	12.900476	1873.0253686904907	23.412817135453224
81	4580.3237	108.29665	4707.231	4420.336	4907.7144	96.878365	5065.4683	4744.5547	1000.0	1000.0	404999	464.7352	121.552315	556.0083	-49.2412	-465.8534	13.482584	1896.6400096416473	23.415308784555506
82	4618.632	196.20287	4838.149	4270.578	4942.374	58.70123	5036.0757	4828.7524	1000.0	1000.0	409999	465.95966	120.854645	560.89514	6.4963684	-467.0617	13.477231	1920.1214804649353	23.416115641593933
83	4622.923	54.966667	4694.3022	4532.612	4900.6216	80.50231	5029.566	4779.608	1000.0	1000.0	414999	467.4752	119.550224	559.3213	10.1766	-468.60324	13.128278	1943.7296986579895	23.41843012729323
84	4599.893	89.36809	4696.7837	4457.1655	4145.8203	1290.3347	5123.751	887.36224	1000.0	1000.0	419999	469.08676	117.64254	559.1803	4.9489527	-470.21564	13.139416	1967.3517711162567	23.420854443595523
85	4646.824	64.80984	4756.3633	4576.521	4158.2896	1604.1813	5009.204	869.3136	1000.0	1000.0	424999	470.72653	115.27678	560.22894	37.046757	-471.873	14.653959	1990.6269223690033	23.41914028560414
86	4729.897	82.705345	4890.8604	4668.6885	4851.452	53.733753	4987.9263	4801.7207	1000.0	1000.0	429999	473.67575	109.14067	672.9299	46.0818	-474.9497	15.312956	2014.1867444515228	23.420776123224304
87	4776.9688	100.796295	4935.6875	4657.778	4847.8486	103.593445	5060.049	4668.511	1000.0	1000.0	434999	479.00064	98.21563	949.7317	94.49188	-480.29504	16.070614	2037.940141916275	23.424599354294525
88	4675.134	99.37244	4788.0356	4500.0737	4916.593	130.57335	5153.548	4720.944	1000.0	1000.0	439999	482.40955	90.90639	1179.4065	133.2333	-483.7029	17.903515	2061.4886095523834	23.426006951115347
89	4828.5444	78.38236	4942.7026	4715.1978	5084.3203	100.395485	5285.9917	4939.073	1000.0	1000.0	444999	486.2117	83.89732	1481.9713	163.59636	-487.55716	22.368547	2084.9475479125977	23.42637696962678
90	4507.087	768.89545	5024.452	2976.3813	4530.5005	1236.8185	5103.817	830.4901	1000.0	1000.0	449999	492.36487	77.00127	2015.1145	188.67363	-493.8938	33.006317	2108.3595173358917	23.42621688048045
91	4681.9033	111.43605	4786.507	4474.4697	4788.028	133.22415	5036.231	4501.9556	1000.0	1000.0	454999	499.30502	73.5867	2090.487	233.27708	-500.78635	39.959442	2132.0314836502075	23.428917428949376
92	3780.3071	1814.863	4758.624	151.37085	2205.6255	1564.0133	4878.83	-12.639143	1000.0	1000.0	459999	504.50378	80.1435	2706.47	222.00952	-506.2263	57.756508	2155.389933824539	23.428151477938112
93	876.3921	1986.2588	4638.827	-534.04254	-418.95953	50.790688	-360.48364	-544.2221	1000.0	1000.0	464999	570.9747	121.74594	3044.4094	134.62686	-581.6876	225.12793	2178.8567373752594	23.4285670890603
94	-517.2846	63.695583	-416.0636	-585.1663	-211.71652	688.59546	1622.7035	-888.3937	1000.0	1000.0	469999	832.70166	142.67393	3187.2727	54.821804	-842.3229	169.98964	2202.4209883213043	23.43001053434737
95	-263.2804	237.36053	201.75299	-442.8027	189.8951	633.7844	1355.2148	-694.2281	1000.0	1000.0	474999	810.83624	163.6543	3197.955	231.50504	-812.2956	83.78027	2226.0276725292206	23.431870262246385
96	3247.798	1924.3505	4440.5127	-570.1568	4018.3203	1076.7767	4694.1963	1561.1694	1000.0	1000.0	479999	741.8727	161.87442	2804.8296	188.98645	-743.0719	61.268936	2249.823884010315	23.435665478308994
97	3715.1074	1490.6124	4617.2793	740.0406	4882.062	80.46296	5007.4272	4777.366	1000.0	1000.0	484999	683.6804	151.18857	2329.4434	181.4736	-684.7142	42.169125	2273.2011494636536	23.435063418653822
98	4397.8374	344.7454	4586.395	3709.7673	3557.6504	1742.7961	5034.726	-226.05696	1000.0	1000.0	489999	635.0443	141.47064	1803.3866	130.40714	-636.059	33.038742	2296.798486471176	23.436719274034306
99	4572.823	76.98969	4689.007	4449.0894	3721.6997	1456.1653	4895.4365	678.0866	1000.0	1000.0	494999	597.7204	136.87357	1503.1405	134.92638	-598.7823	28.586422	2319.849608182907	23.432824346754288
100	4026.7117	1095.0518	4660.7456	1842.2267	5037.6274	90.61016	5216.013	4895.794	1000.0	1000.0	499999	569.88684	135.95773	1454.0979	102.97584	-570.9957	30.113081	2343.3477392196655	23.433477411270143
101	4795.268	61.261425	4872.181	4715.203	4931.161	117.103775	5130.7534	4755.418	1000.0	1000.0	504999	549.69904	142.1676	1922.1946	101.35861	-550.8942	38.41491	2367.024066925049	23.435881869627696
102	4670.4556	78.579765	4826.3457	4619.982	4913.6904	109.67146	5044.138	4725.3887	1000.0	1000.0	509999	534.87036	149.80283	2008.0776	84.54475	-535.99915	36.670326	2390.5227167606354	23.436497241842982
103	4734.8467	95.99934	4849.6514	4622.7417	4966.33	111.3927	5116.6357	4789.6436	1000.0	1000.0	514999	521.65845	144.31375	1682.2004	71.36122	-522.75116	28.821575	2414.205432653427	23.43888771649703
104	4764.6445	152.19778	4893.585	4466.8115	4608.1143	1499.4026	5325.7017	117.135025	1000.0	1000.0	519999	511.72882	141.57639	1767.9972	47.480957	-512.8583	27.855679	2437.870988845825	23.441067221073006
105	4553.0454	128.07906	4712.9863	4386.032	3528.4465	1916.3541	4940.1294	218.15132	1000.0	1000.0	524999	505.58823	138.38826	1665.5659	41.17526	-506.7338	38.812656	2461.5050344467163	23.44290511267526
106	4588.71	93.16124	4680.732	4409.3374	5056.721	68.08709	5176.653	4962.489	1000.0	1000.0	529999	500.67154	135.09084	1720.5859	61.209812	-501.8259	33.64446	2485.105920314789	23.444395494910907
107	4779.8584	20.226212	4798.8516	4753.9604	3766.8027	1685.5145	4896.1206	517.93866	1000.0	1000.0	534999	497.60962	134.47844	1693.0455	43.469418	-498.7524	34.21881	2508.6323323249817	23.445162004399524
108	4343.991	520.8518	4732.815	3325.7463	4867.046	188.74548	5066.389	4373.7817	1000.0	1000.0	539999	493.9423	128.45485	1585.7722	54.66289	-495.0452	28.628544	2532.1863729953766	23.446170137988197
109	4830.093	78.535385	4969.574	4766.1177	5041.0093	77.97802	5170.2144	4912.381	1000.0	1000.0	544999	491.31293	125.02673	1478.7961	34.4025	-492.4141	24.421711	2555.773338317871	23.447461841303273
110	4727.3706	164.64777	4925.5117	4425.1953	5106.7837	72.82836	5217.883	4952.495	1000.0	1000.0	549999	489.0745	122.29268	1362.4418	42.843483	-490.13315	22.626318	2579.288706302643	23.44807916771282
111	3954.4836	1320.571	4702.0625	1317.078	4709.7256	95.74618	4926.442	4554.383	1000.0	1000.0	554999	486.9014	123.14359	1450.628	16.506258	-487.9256	22.589083	2602.7646605968475	23.448330292830597
112	4784.9976	56.97399	4879.3867	4700.3706	5095.612	104.9297	5233.2354	4950.531	1000.0	1000.0	559999	485.99286	126.93707	1448.1202	2.6160831	-487.0582	25.330774	2626.2465903759003	23.44863029037203
113	4772.8433	88.73201	4914.1304	4660.5137	4743.4756	1111.5867	5238.16	1416.9503	1000.0	1000.0	564999	487.49866	129.65038	1533.0148	28.134478	-488.63336	34.1637	2649.748727798462	23.449103802706286
114	4856.2056	37.790115	4929.9907	4830.2163	5251.8447	61.83004	5364.762	5146.0425	1000.0	1000.0	569999	487.87567	129.69649	1672.0459	-31.852964	-489.0431	35.883823	2673.1640746593475	23.448807689181546
115	4740.7104	104.405685	4872.7554	4587.3105	5068.9175	87.70453	5224.4526	4902.661	1000.0	1000.0	574999	491.1323	133.83392	2215.3699	44.87748	-492.45154	46.128925	2696.6002464294434	23.448697811624278
116	4678.875	247.90523	4948.1577	4224.687	4933.9067	102.384514	5081.986	4753.606	1000.0	1000.0	579999	498.82867	151.49352	3124.1357	72.16083	-500.3426	67.05152	2720.121180534363	23.449320538290614
117	4690.2295	15.4505825	4711.1743	4671.322	1955.6351	1915.1799	4833.035	39.18311	1000.0	1000.0	584999	505.12375	157.58376	3139.903	141.23804	-506.6937	71.503624	2743.627620458603	23.449808738170525
118	4070.0112	945.43835	4638.629	2181.909	2717.0554	1786.7527	4848.0767	-340.1055	1000.0	1000.0	589999	519.2182	198.40201	5024.64	200.12497	-521.4968	215.41267	2767.1703085899353	23.450595857733386
119	788.85455	1746.9059	3994.4944	-565.8029	-756.6326	188.51183	-545.0734	-993.1273	1000.0	1000.0	594999	614.9929	297.0714	5522.919	-12.1195	-634.23505	764.6576	2790.855455636978	23.45256687212391
120	-490.76318	47.521797	-406.75348	-551.3129	-542.3682	73.04981	-458.635	-710.3376	1000.0	1000.0	599999	1361.5312	320.55225	4953.0244	-32.739624	-1397.5531	1061.424	2814.4453585147858	23.45371133883794
121	-364.12006	178.57524	-73.18695	-543.16595	-271.88095	473.91702	1122.6045	-548.6724	1000.0	1000.0	604999	1603.3406	224.92079	4315.806	305.99506	-1611.3772	491.2151	2838.0731201171875	23.45514976879782
122	-490.19403	155.70331	-258.0993	-715.6058	-362.83038	169.93913	71.560455	-507.09644	1000.0	1000.0	609999	1750.1235	277.84442	4128.0073	454.39462	-1777.384	764.2581	2861.5500826835632	23.455328564174838
123	1176.7324	1051.6826	2369.3293	-156.00703	496.4567	1090.2535	2640.1138	-715.9546	1000.0	1000.0	614999	1733.1106	194.01146	3768.1633	455.071	-1735.865	303.2446	2885.0689702033997	23.455845305590124
124	581.89514	691.2592	1817.5702	-228.90735	859.9793	1282.2592	3906.4563	-267.4666	1000.0	1000.0	619999	1483.9475	126.959366	2918.1304	500.56012	-1485.7146	133.1212	2908.821188688278	23.458235602225027
125	2713.9873	2193.2068	4524.4697	-270.32834	4372.5146	818.191	4855.03	2072.8674	1000.0	1000.0	624999	1271.0126	85.31454	2111.9048	452.4682	-1272.401	70.05118	2932.1563181877136	23.457250562667845
126	3019.2903	994.7336	4563.6514	1964.4603	4182.4185	1545.5066	4971.3784	71.090324	1000.0	1000.0	629999	1097.5955	70.668236	1673.8983	424.40472	-1098.6265	46.315964	2955.809595346451	23.458806327411107
127	2865.4946	1664.2646	4632.0464	62.445312	5027.0796	68.48244	5135.8203	4891.9907	1000.0	1000.0	634999	955.81793	73.51633	1282.8141	316.99802	-956.6555	32.95483	2979.2724719047546	23.458838376473253
128	4598.602	175.97404	4793.387	4343.717	4849.9385	93.787865	4972.627	4646.0454	1000.0	1000.0	639999	843.41986	84.9977	970.83264	217.84096	-844.2658	25.268385	3002.7325446605682	23.458848021924496
129	4577.3726	73.560394	4643.743	4440.5405	4937.1807	97.94322	5135.7954	4732.4727	1000.0	1000.0	644999	757.0263	96.96689	876.66046	257.35135	-757.90576	22.537687	3026.3173880577087	23.459824730259502
130	4682.2744	49.119892	4747.305	4611.0845	5104.5586	83.47169	5230.8027	4963.039	1000.0	1000.0	649999	690.5416	109.7356	807.6861	108.42958	-691.4775	21.833385	3049.7328662872314	23.45948360333076
131	3888.8691	1650.4034	4852.4014	592.39606	5019.303	74.42003	5135.183	4884.558	1000.0	1000.0	654999	639.5534	121.43581	754.46545	-98.17743	-640.45416	20.15387	3073.307976961136	23.460366354643842
132	4721.8438	105.327156	4894.2734	4617.8438	4966.6494	48.383343	5052.056	4881.4478	1000.0	1000.0	659999	598.4319	133.53555	714.14166	-240.2811	-599.2675	20.533352	3096.917241334915	23.46149427059925
133	4686.0146	69.19771	4791.1655	4595.4307	4877.75	116.409485	5070.3257	4650.3794	1000.0	1000.0	664999	567.3033	141.34145	681.259	-355.52887	-568.233	19.973513	3120.4344458580017	23.4619131446781
134	4715.806	139.58997	4863.7163	4508.1895	4909.792	89.45864	5000.813	4757.377	1000.0	1000.0	669999	542.89026	149.96643	658.60547	-531.54584	-543.6815	20.178843	3143.8998725414276	23.461939363337276
135	4693.732	76.422646	4824.711	4615.6167	5136.8555	77.97884	5239.2446	4953.4585	1000.0	1000.0	674999	522.7699	157.45903	638.0736	-513.17224	-523.6705	19.94682	3167.6249277591705	23.463888369666204
136	4786.0273	77.05789	4894.144	4660.426	5078.555	116.24728	5235.3286	4817.4937	1000.0	1000.0	679999	510.34235	157.16861	625.2675	-496.77695	-511.2859	19.192871	3191.2044026851654	23.46473827256876
137	4836.05	37.659573	4894.3203	4792.732	5065.198	95.81257	5255.2075	4877.4917	1000.0	1000.0	684999	501.66254	154.0624	611.89526	-451.2323	-502.7068	18.263575	3214.7458140850067	23.46529792869178
138	4766.846	91.40846	4866.848	4618.4805	5196.4688	76.14992	5303.8223	5085.433	1000.0	1000.0	689999	496.11783	149.6109	602.9416	-407.3007	-497.1765	17.943325	3238.2889292240143	23.465861823247828
139	4830.6323	110.81299	5040.3687	4747.906	5174.7446	94.87313	5349.4385	4983.8657	1000.0	1000.0	694999	492.86655	146.88902	598.3782	-368.3191	-493.90866	17.639206	3261.808777332306	23.466250210357227
140	4842.7026	61.376286	4891.642	4728.976	5138.39	105.85064	5331.45	4945.5615	1000.0	1000.0	699999	490.02963	143.91408	593.9133	-334.4446	-491.08545	16.38257	3285.263002872467	23.466164321558818
141	4764.757	107.86872	4852.096	4572.2104	4373.651	1278.3003	4970.1875	555.20703	1000.0	1000.0	704999	488.24625	139.7867	590.80023	-241.32939	-489.3009	15.143085	3308.7307543754578	23.466175578164716
142	4901.286	58.147457	4956.867	4803.8228	5050.4214	74.45083	5168.9517	4910.949	1000.0	1000.0	709999	486.73108	137.23216	588.39606	-130.58365	-487.82144	15.176581	3332.273470878601	23.466714598763158
143	4798.382	64.32084	4866.308	4693.3013	5229.2407	90.138596	5380.838	5073.598	1000.0	1000.0	714999	486.9387	132.989	587.8703	-40.056564	-487.9889	15.034028	3355.6579196453094	23.46613931322431
144	4873.913	122.84363	5004.766	4666.919	5043.7637	233.50327	5209.0566	4372.4185	1000.0	1000.0	719999	484.8327	134.86517	585.0947	-79.33657	-485.8602	15.170228	3379.0352697372437	23.465522721409798
145	4887.8066	53.76091	4937.539	4783.2495	5303.349	97.86121	5397.626	5094.1743	1000.0	1000.0	724999	485.1731	133.56207	584.9964	-87.48218	-486.2335	14.420944	3402.519414663315	23.465651150407464
146	4969.2197	66.19039	5040.7837	4845.4473	5269.8555	90.409256	5465.92	5173.886	1000.0	1000.0	729999	486.03323	131.57253	586.022	-61.367622	-487.15036	14.226332	3425.890682220459	23.465004685806903
147	4907.751	86.519196	5009.1123	4788.92	5131.289	103.859886	5262.1826	4966.1	1000.0	1000.0	734999	487.1496	129.55727	585.0373	-47.31247	-488.24414	14.219617	3449.400990486145	23.465312875047022
148	4924.661	97.53913	5017.2134	4743.655	5386.5825	60.059513	5467.5103	5273.7153	1000.0	1000.0	739999	486.59354	131.21356	584.1233	-45.861015	-487.6207	13.481983	3472.719067811966	23.464318038644016
149	4975.8765	57.683758	5085.599	4927.458	5344.3823	68.581345	5467.087	5234.7905	1000.0	1000.0	744999	485.5111	135.80647	585.94604	-67.22409	-486.50204	13.9550905	3496.129264354706	23.46395480872801
150	5049.2993	44.89734	5104.0747	4989.312	5266.087	94.85914	5380.2104	5112.8457	1000.0	1000.0	749999	484.81046	138.91183	587.6707	-55.787548	-485.7975	13.9934435	3519.473078250885	23.463153870900474
151	4989.102	133.25166	5213.868	4873.1553	5269.632	98.702286	5447.1978	5148.684	1000.0	1000.0	754999	485.25595	139.53407	589.0285	-52.740643	-486.31726	13.633412	3542.783259868622	23.462140809621243
152	4988.985	139.75389	5147.7065	4778.827	5496.0127	106.79674	5612.364	5273.4814	1000.0	1000.0	759999	485.9948	138.38098	587.383	-37.700367	-487.01566	13.368106	3566.2915637493134	23.462444512467634
153	4962.8486	57.682945	5027.212	4870.645	5249.2363	97.32564	5396.0723	5121.052	1000.0	1000.0	764999	486.32217	137.41527	589.903	-15.621735	-487.36185	13.146996	3589.6127755641937	23.461521422940923
154	4988.6304	170.79247	5313.64	4820.7495	5426.1255	103.366684	5591.581	5241.7705	1000.0	1000.0	769999	487.38184	136.71011	588.9698	-5.9286227	-488.41714	13.861514	3612.985023021698	23.460941721866657
155	5132.322	119.33978	5367.289	5033.6113	5121.5537	752.9202	5477.7305	2869.335	1000.0	1000.0	774999	488.15985	137.9264	589.6904	-20.102308	-489.18164	13.479106	3636.504658937454	23.4613203940853
156	5036.6265	104.81531	5218.5835	4897.851	4879.087	1212.2572	5483.804	1250.3428	1000.0	1000.0	779999	488.4974	138.29472	592.4392	-76.38826	-489.5292	13.340925	3660.0688240528107	23.461979655119087
157	5101.8896	94.141	5254.3916	5011.3877	5463.997	123.42694	5650.222	5207.353	1000.0	1000.0	784999	489.3331	137.70029	590.8866	-55.97257	-490.3607	12.461842	3683.7123997211456	23.463136317623647
158	5075.552	89.60836	5176.307	4940.9604	5022.4385	785.73285	5390.0186	2674.0037	1000.0	1000.0	789999	489.5046	138.12442	591.8893	-37.461216	-490.5238	12.80914	3707.180252790451	23.463166167464436
159	5054.9307	90.68793	5216.9365	4947.3613	5385.837	107.020485	5561.8105	5232.829	1000.0	1000.0	794999	489.77988	140.37024	595.78906	-63.344826	-490.8013	12.203231	3730.8207936286926	23.464281734430564
160	5155.122	56.499268	5233.018	5089.587	5431.8447	91.03257	5539.731	5218.3857	1000.0	1000.0	799999	490.66534	143.32536	594.0012	-126.70489	-491.6835	12.519961	3754.155680656433	23.463473016023634
161	5099.005	91.53112	5191.0234	4934.225	5336.703	80.71753	5465.047	5203.772	1000.0	1000.0	804999	490.89774	147.28287	603.3186	-131.72112	-491.9055	13.132328	3777.5968387126923	23.463334416750797
162	5080.197	46.091827	5125.6104	5018.917	5342.0615	118.038376	5571.9136	5150.1577	1000.0	1000.0	809999	491.48376	149.45511	600.066	-159.87753	-492.5005	13.217875	3801.254542350769	23.464534226758982
163	5120.2617	64.10966	5247.0635	5071.1514	5503.947	133.99559	5684.765	5206.4487	1000.0	1000.0	814999	492.42886	150.13678	605.19653	-150.66429	-493.50714	12.673224	3824.8467094898224	23.465317250760787
164	5133.3916	107.04651	5305.2993	4981.2876	5346.825	100.965416	5545.2124	5215.1587	1000.0	1000.0	819999	494.15884	149.74072	601.7934	-153.27989	-495.2082	13.165871	3848.294769525528	23.465212022385945
165	5169.8525	64.278786	5281.666	5099.8677	5516.3154	99.69239	5678.2334	5358.152	1000.0	1000.0	824999	495.10953	150.3977	609.17	-163.47594	-496.1413	12.210002	3871.846457719803	23.46573611895243
166	5163.2764	107.867134	5301.4385	5014.6187	5418.878	138.67305	5632.208	5114.544	1000.0	1000.0	829999	496.10184	150.843	608.1123	-174.88518	-497.14926	13.219191	3895.3950831890106	23.466235453823963
167	5152.9927	85.14626	5259.569	5047.4976	5358.918	90.7358	5517.1743	5214.236	1000.0	1000.0	834999	497.24158	151.22375	607.35315	-186.46146	-498.3043	13.569696	3918.720393896103	23.465391591637434
168	5189.6426	86.79446	5295.7544	5063.806	5315.8438	93.96493	5461.973	5161.8745	1000.0	1000.0	839999	499.9332	146.68681	607.72754	-130.81018	-501.1012	13.032298	3942.2626674175262	23.465849222171876
169	5240.3047	68.88808	5321.113	5137.0947	5439.7715	164.32263	5741.626	5218.2974	1000.0	1000.0	844999	503.46274	140.40822	614.07263	-85.167435	-504.62805	12.963597	3965.6245577335358	23.465234082126052
170	5205.3135	52.09614	5272.9126	5141.0977	4800.7617	1099.2012	5410.5347	1525.5304	1000.0	1000.0	849999	505.41647	137.66551	617.1892	-119.205154	-506.55615	13.144514	3989.1967628002167	23.465863324614133
171	5063.4414	122.37858	5185.481	4867.728	5515.7783	105.726875	5725.1846	5377.5664	1000.0	1000.0	854999	507.0496	137.07375	616.6589	-118.43048	-508.1669	13.699716	4012.632802963257	23.465688920160485
172	4679.944	965.37164	5309.8516	2771.277	5766.9355	91.47505	5923.9287	5615.1353	1000.0	1000.0	859999	508.0369	138.99039	620.306	-76.22386	-509.2099	13.471866	4036.070690870285	23.4655272863632
173	5237.5957	40.233574	5299.906	5175.9214	5062.132	1525.3556	5769.477	503.82224	1000.0	1000.0	864999	510.65768	134.76425	619.69885	-88.061935	-511.8324	13.441095	4059.3462524414062	23.464429215888757
174	5155.64	160.35234	5324.8433	4905.1245	5685.7866	119.400925	5889.107	5487.0347	1000.0	1000.0	869999	512.6384	134.48291	623.3145	-81.94647	-513.7931	13.093164	4082.807971715927	23.46441364151308
175	5123.354	117.439514	5292.0996	4949.289	5720.7705	148.81567	5896.1777	5438.5215	1000.0	1000.0	874999	512.78125	138.58101	625.11615	-137.65594	-513.85254	13.913304	4106.250550985336	23.46428887639727
176	5162.1846	70.56541	5240.577	5053.12	5596.1533	78.43452	5744.313	5473.6577	1000.0	1000.0	879999	512.06775	142.72426	622.85565	-247.08171	-513.1257	14.691797	4129.937015295029	23.465551235459067
177	5218.3047	43.714306	5279.9546	5164.949	5631.2456	59.13173	5719.821	5534.6074	1000.0	1000.0	884999	513.2051	140.76173	624.9106	-231.87192	-514.3678	14.554744	4153.65660572052	23.466986485120266
178	5206.04	113.843864	5368.5264	5066.775	5292.4385	112.35127	5432.1104	5122.585	1000.0	1000.0	889999	514.1283	138.19063	623.9286	-222.05367	-515.2311	13.265669	4177.1549916267395	23.4671628863624
179	5174.6475	111.00279	5318.089	5018.1094	5738.5273	130.854	6015.5293	5526.2134	1000.0	1000.0	894999	514.12683	140.04538	625.7527	-249.30057	-515.1791	14.87234	4200.63065123558	23.467210352753792
180	5128.8257	131.07762	5293.14	4982.286	5678.1543	94.293976	5832.4424	5535.6543	1000.0	1000.0	899999	515.29297	139.62341	628.9	-197.87729	-516.4601	13.793899	4224.310313940048	23.468390644921197
181	5271.311	114.60338	5376.6147	5067.2524	5656.5737	84.18934	5808.482	5518.6475	1000.0	1000.0	904999	516.92773	137.09125	629.03217	-173.23001	-518.10974	13.3169	4247.781183004379	23.468404339163342
182	5219.1587	87.21985	5353.0874	5117.7153	5681.881	77.01295	5807.443	5561.2285	1000.0	1000.0	909999	519.2223	132.17023	629.0775	-160.5127	-520.442	13.029197	4271.3136739730835	23.468756462191486
183	5289.6753	72.879875	5336.002	5145.65	5360.6587	881.7088	5758.9297	2723.027	1000.0	1000.0	914999	522.407	125.97951	629.0471	-148.31184	-523.63556	13.017131	4294.7782330513	23.468733526969867
184	5314.9062	119.20185	5458.716	5107.1323	5668.6025	90.43569	5792.159	5508.064	1000.0	1000.0	919999	523.4239	125.82438	628.68024	-73.63089	-524.5677	12.527811	4318.157687425613	23.46824831029643
185	5195.1523	136.2939	5440.8545	5077.311	5663.0347	176.12827	5877.509	5344.3257	1000.0	1000.0	924999	524.12396	125.4751	628.7867	-51.436382	-525.3002	13.065276	4341.581890106201	23.46801022838902
186	5273.0703	69.447334	5341.23	5154.7856	5547.376	103.41973	5734.03	5398.704	1000.0	1000.0	929999	525.2555	123.47892	631.75287	-37.29919	-526.4322	12.994368	4365.111315727234	23.46834041995387
187	5299.0513	108.09127	5498.3823	5197.189	5814.831	142.95529	5971.132	5473.2104	1000.0	1000.0	934999	525.1016	123.536835	630.62225	-74.97955	-526.2897	12.624173	4388.433332204819	23.467557938978633
188	5243.631	48.650806	5303.742	5187.393	5520.9624	94.54718	5697.9814	5380.103	1000.0	1000.0	939999	526.72943	120.60354	629.01465	-114.43175	-527.9062	13.17143	4412.001007795334	23.468090475873744
189	5230.4614	143.42184	5418.5723	5001.037	5267.4277	231.66602	5631.948	4931.197	1000.0	1000.0	944999	528.23663	119.7046	633.22815	-139.96448	-529.4658	13.012076	4435.532082557678	23.468423727328183
190	5373.3203	121.581665	5494.253	5167.05	5503.5186	152.31935	5707.1196	5198.7886	1000.0	1000.0	949999	529.9479	117.59318	631.7462	-92.414856	-531.1566	13.348929	4458.916483640671	23.467981502884314
191	5355.7915	96.20419	5520.1787	5234.022	5693.6514	114.87932	5862.6426	5436.5747	1000.0	1000.0	954999	530.5225	116.923645	632.88806	46.846848	-531.68146	12.676522	4482.417731285095	23.46815567241289
192	5197.822	211.25996	5429.83	4859.43	5507.6436	98.672745	5633.448	5350.6973	1000.0	1000.0	959999	531.242	116.8563	632.71985	54.54749	-532.4132	12.228276	4505.911182403564	23.46828741952777
193	5347.589	108.20095	5531.5454	5202.8125	5650.0747	83.967545	5861.2437	5545.3755	1000.0	1000.0	964999	531.564	115.18928	633.1476	51.7585	-532.7601	12.196675	4529.377722024918	23.468278362343348
194	5355.414	201.06174	5579.743	5014.2617	5708.8857	115.34889	5922.6133	5574.3535	1000.0	1000.0	969999	533.0524	113.80674	633.4024	19.221577	-534.26715	12.3302	4552.973103761673	23.468933535605363
195	5325.632	88.19801	5452.4316	5227.3667	5471.7363	117.85413	5670.463	5309.509	1000.0	1000.0	974999	534.2436	112.85187	634.1712	55.555885	-535.48126	12.3828945	4576.6066954135895	23.46977793620183
196	5255.768	122.53432	5411.6406	5056.44	5769.2944	55.669052	5844.4175	5674.4155	1000.0	1000.0	979999	535.3227	112.957535	634.0547	38.79231	-536.50085	12.298156	4599.929508447647	23.4690281140561
197	5342.369	120.59636	5542.586	5191.863	5893.8164	137.5846	6062.4204	5549.962	1000.0	1000.0	984999	535.4183	113.80966	634.0726	39.71424	-536.5709	12.117734	4623.359228134155	23.468828578890882
198	5346.6777	157.80502	5614.853	5180.3794	5733.879	63.722626	5899.8735	5683.4385	1000.0	1000.0	989999	534.7809	117.50471	639.39154	-15.598415	-535.89075	12.296342	4646.795721054077	23.468665269890217
199	5187.8677	106.71886	5375.893	5044.8813	5714.0024	89.12841	5860.707	5527.7695	1000.0	1000.0	994999	535.12195	118.423004	637.8317	-70.34238	-536.30884	11.967736	4670.44374537468	23.469566569256422
200	5317.545	126.384186	5437.1074	5104.4297	5823.7725	95.8298	5954.7383	5597.0586	1000.0	1000.0	999999	535.6049	118.81826	639.23096	-119.08847	-536.8058	11.90913	4693.993827342987	23.46996914744377
