Epoch	AverageEpRet	StdEpRet	MaxEpRet	MinEpRet	AverageTestEpRet	StdTestEpRet	MaxTestEpRet	MinTestEpRet	EpLen	TestEpLen	Time Steps	AverageQ1Vals	StdQ1Vals	MaxQ1Vals	MinQ1Vals	AverageQ2Vals	StdQ2Vals	MaxQ2Vals	MinQ2Vals	AverageQ3Vals	StdQ3Vals	MaxQ3Vals	MinQ3Vals	LossPi	LossQ	Time	AVG Time Per Epoch
1	-286.78595	56.330746	-203.50365	-350.1895	-571.82355	1.4440521	-569.9719	-574.3821	1000.0	1000.0	4999	-0.48939443	1.4408643	6.081019	-6.5790963	-0.48976594	1.439115	6.343501	-6.8399353	-0.48957184	1.4396776	5.968926	-6.4435616	0.1296068	0.24478403	19.94919729232788	19.949199676513672
2	-262.56906	74.45886	-177.20523	-377.2729	-575.97217	16.928482	-534.06854	-595.0692	1000.0	1000.0	9999	-0.029011713	2.884702	11.895007	-9.290442	-0.029331468	2.8829699	11.94121	-9.550946	-0.029023489	2.8839965	12.035418	-9.553992	-0.8446136	0.5581225	43.85682916641235	21.92841601371765
3	-234.69356	155.62415	-86.47664	-524.1002	-264.58557	95.37206	-171.08113	-468.66595	1000.0	1000.0	14999	0.0831841	4.55983	20.931852	-12.3605385	0.08257545	4.557585	20.832829	-12.398854	0.08323302	4.558758	20.966377	-12.551266	-1.174585	1.044751	68.89880609512329	22.966269493103027
4	191.58394	372.30826	643.50397	-369.21927	-8.957599	187.69562	357.40463	-328.81442	1000.0	1000.0	19999	-0.3157304	5.783886	26.259342	-15.829907	-0.3162648	5.7826667	27.122213	-15.744395	-0.31609553	5.7829227	26.73013	-15.732372	-0.65590936	1.3590106	94.00476908683777	23.50119286775589
5	119.71043	137.67723	292.61697	-57.70132	673.78625	137.70915	868.15765	451.26932	1000.0	1000.0	24999	0.75877583	6.088122	32.77954	-17.095327	0.7587279	6.0856223	32.74961	-16.640278	0.7588478	6.086626	33.57024	-17.23774	-1.8103266	1.8207828	118.8749725818634	23.774995040893554
6	1213.8606	443.98132	1878.4698	528.96686	1562.8855	409.05325	2007.1504	927.0163	1000.0	1000.0	29999	3.2883234	7.5835476	47.267036	-18.388996	3.2885902	7.5812345	47.401512	-18.385967	3.2881927	7.582143	47.526466	-18.893023	-4.3889685	2.5994155	143.81470561027527	23.969118038813274
7	1939.321	540.5201	2571.887	955.08185	1956.7574	264.38458	2564.3716	1537.3732	1000.0	1000.0	34999	8.857917	11.859051	60.588715	-19.857124	8.858233	11.857175	61.3895	-18.930397	8.858303	11.85749	62.990334	-18.671997	-10.176181	4.038705	169.04436421394348	24.14919526236398
8	2657.3003	297.3143	3042.143	2227.8396	2469.4138	426.04013	2840.6318	1479.9655	1000.0	1000.0	39999	17.304548	17.829056	84.3763	-16.712063	17.304123	17.828316	84.54277	-16.9554	17.304487	17.82792	85.23462	-16.729536	-18.843441	6.5237217	194.0490744113922	24.25613459944725
9	3164.9326	210.8465	3426.642	2796.9426	3130.4219	788.7322	3700.7104	1188.557	1000.0	1000.0	44999	27.820982	24.524796	109.810394	-15.353201	27.820435	24.523134	109.20378	-15.638912	27.820187	24.523443	108.74826	-16.208212	-29.446045	9.292734	218.89460945129395	24.32162348429362
10	3553.7163	230.8161	3826.117	3173.768	3694.8892	389.18286	3990.033	2554.3022	1000.0	1000.0	49999	39.440968	31.027704	124.91244	-13.5362	39.44047	31.025267	126.37227	-11.546242	39.440125	31.026539	125.82957	-12.49052	-41.27663	11.893667	243.7094428539276	24.37094452381134
11	4086.2864	110.70573	4237.8687	3920.3665	4491.8486	103.03203	4740.2207	4334.1196	1000.0	1000.0	54999	52.48342	37.762108	148.51782	-11.389741	52.48328	37.76037	149.33487	-10.823003	52.482815	37.761623	149.06328	-12.5906725	-54.622078	15.217666	268.54192090034485	24.412902095101096
12	4313.366	255.44699	4629.017	3912.8237	4709.9927	78.721535	4855.265	4593.6655	1000.0	1000.0	59999	66.39094	44.49266	173.34619	-11.267138	66.39068	44.491848	172.56772	-10.989372	66.38992	44.493454	172.94885	-10.433809	-68.70252	18.726389	293.46061420440674	24.455051362514496
13	4494.343	575.23724	4929.189	3376.1292	5353.5464	64.91896	5466.5215	5237.611	1000.0	1000.0	64999	81.18946	51.00723	195.86859	-7.7073555	81.18936	51.005898	199.1588	-7.4207764	81.18884	51.00716	197.15614	-8.237361	-83.690834	23.059322	318.3710775375366	24.490083070901726
14	4297.505	1347.1074	5044.29	1608.1251	5149.204	1478.5681	5853.832	726.9561	1000.0	1000.0	69999	95.53494	57.56019	214.14568	-4.4139795	95.53583	57.55776	213.95674	-7.5981455	95.53504	57.559933	212.66327	-4.6143436	-98.26808	27.155888	343.2105438709259	24.515039035252162
15	5198.9634	49.662766	5261.99	5132.116	5780.1665	44.85568	5835.8354	5711.361	1000.0	1000.0	74999	109.374985	64.00752	231.93832	-4.5908947	109.37523	64.00574	232.66428	-2.0432851	109.37502	64.007195	230.26651	-3.328188	-112.09373	31.044918	368.35231947898865	24.556821457544963
16	5478.7837	93.40316	5662.7905	5413.4165	5843.587	103.00256	6015.833	5670.314	1000.0	1000.0	79999	124.904305	70.156425	251.95282	-5.867841	124.90488	70.153435	249.92928	-9.201466	124.90467	70.155975	250.84758	-4.2373466	-127.6038	34.341476	393.44825744628906	24.59051625430584
17	5617.7783	70.52099	5706.167	5506.115	6138.672	82.8368	6300.811	6001.4277	1000.0	1000.0	84999	140.59761	76.08777	268.95065	-9.075367	140.59772	76.08522	269.40704	-10.197654	140.59831	76.08623	270.0761	-10.651444	-143.47575	37.860912	418.1809051036835	24.598876911051132
18	5735.882	26.06885	5782.23	5706.486	6288.065	128.39117	6445.3613	6015.8286	1000.0	1000.0	89999	156.15227	81.26599	290.1711	-10.752165	156.15268	81.26271	290.6652	-8.83573	156.1523	81.26453	289.50916	-21.521595	-159.12364	40.47325	443.2279620170593	24.62377581331465
19	5918.3237	139.49773	6061.533	5681.984	5028.839	1476.2614	6315.007	1381.0419	1000.0	1000.0	94999	171.77458	85.97298	305.71313	-16.21961	171.77483	85.970055	307.65118	-14.898847	171.77507	85.97226	306.6042	-18.91968	-174.97923	42.83074	468.41526317596436	24.653435042029933
20	5992.038	154.47174	6222.703	5797.738	4660.1343	1367.9646	5999.719	1431.8431	1000.0	1000.0	99999	186.90324	90.59298	326.56528	-13.221714	186.90363	90.58949	328.97397	-11.60981	186.90361	90.59111	328.5148	-20.52094	-190.02193	47.130127	493.4606308937073	24.673031651973723
21	5093.4795	1987.7554	6181.8145	1120.7908	5820.8325	590.87787	6293.942	4145.4746	1000.0	1000.0	104999	200.58426	94.89848	343.66992	-32.83599	200.58447	94.89463	346.28394	-33.09019	200.584	94.89667	343.56335	-37.856102	-203.76927	49.37335	518.5594081878662	24.693305253982544
22	6185.6714	133.41109	6332.5996	5981.181	6693.585	71.05311	6789.378	6577.6167	1000.0	1000.0	109999	213.57304	99.16699	355.54123	-31.637182	213.57306	99.16371	354.99014	-34.019257	213.57393	99.16497	354.4013	-35.314957	-216.38596	54.019913	543.4526515007019	24.7023933800784
23	6259.4185	118.93994	6431.0664	6079.236	6418.927	107.86587	6618.9116	6247.4717	1000.0	1000.0	114999	226.74472	103.07681	384.68613	-43.280727	226.7452	103.071754	383.21103	-41.16153	226.74487	103.07552	385.7184	-44.874756	-229.7099	55.199474	568.0912494659424	24.69961963529172
24	6270.3613	158.95389	6546.3506	6102.967	7100.1157	66.97557	7220.8447	6968.8535	1000.0	1000.0	119999	239.87996	106.35315	395.85193	-47.56585	239.87953	106.34998	396.2345	-49.401733	239.87978	106.353226	396.08975	-52.136814	-242.86206	61.93115	592.9581775665283	24.706590831279755
25	6501.4688	182.50473	6710.4976	6183.562	6690.3647	128.25122	6875.6284	6523.256	1000.0	1000.0	124999	252.4184	109.42053	405.7012	-55.83567	252.41919	109.415306	405.69882	-44.047375	252.41833	109.41842	408.0714	-44.76027	-256.02856	64.21423	617.8465664386749	24.71386273384094
26	6473.997	166.46272	6642.152	6193.305	6980.788	118.68144	7148.0386	6802.003	1000.0	1000.0	129999	264.71887	112.24697	421.45032	-60.01946	264.7191	112.2435	418.85965	-47.47115	264.71915	112.24618	420.5915	-57.171436	-267.54196	63.735725	642.8028788566589	24.723187749202435
27	6596.689	146.79468	6756.067	6351.0303	6810.677	137.64214	6977.9883	6573.19	1000.0	1000.0	134999	276.6191	114.656105	426.8113	-46.738567	276.6193	114.65065	428.43643	-43.48507	276.6188	114.65473	427.79053	-47.63859	-279.73837	67.990135	667.6812508106232	24.72893530351144
28	6670.5063	182.5432	6940.2236	6394.265	7224.043	69.46288	7321.466	7105.474	1000.0	1000.0	139999	287.94986	117.11888	437.61755	-59.903034	287.94992	117.11494	437.24664	-53.15027	287.95023	117.1173	437.37366	-57.26225	-290.7759	67.83811	692.6542131900787	24.73765059028353
29	6687.2983	142.37769	6827.0977	6429.4736	7276.6797	116.28088	7480.7563	7037.578	1000.0	1000.0	144999	299.3637	119.22929	447.07986	-77.746254	299.36444	119.224625	447.55865	-75.75189	299.3634	119.22819	446.43948	-73.87776	-302.13528	69.165344	717.5599443912506	24.74344643231096
30	6792.6875	70.22337	6875.373	6667.4106	7132.69	125.63185	7334.669	6900.709	1000.0	1000.0	149999	310.28918	121.026535	460.3095	-64.75836	310.28867	121.022995	459.74368	-56.936687	310.28876	121.0256	459.77783	-70.79712	-313.11212	66.35466	742.2391765117645	24.741305955251057
31	6701.1445	34.123608	6738.7656	6638.743	7314.466	95.75799	7482.972	7165.3174	1000.0	1000.0	154999	320.20978	123.182106	473.23068	-53.36356	320.21045	123.17775	474.08194	-50.14862	320.21042	123.17986	473.0175	-58.25936	-323.08963	73.24399	767.4094882011414	24.755144857591198
32	6769.378	99.17383	6891.461	6636.3926	7505.1523	105.94425	7715.235	7344.7783	1000.0	1000.0	159999	330.85178	124.463326	479.6348	-51.518444	330.8519	124.460075	479.16122	-68.083275	330.85175	124.4631	480.03583	-52.846027	-334.42465	72.79352	792.4577870368958	24.764305911958218
33	6708.339	104.028366	6886.713	6621.354	7232.708	136.03398	7397.829	6983.5786	1000.0	1000.0	164999	340.54208	125.53403	487.35507	-43.543247	340.54166	125.531006	486.58832	-49.11324	340.54214	125.5322	487.83533	-38.946358	-343.74896	74.587234	817.4846136569977	24.772261077707466
34	6932.251	187.74924	7232.278	6698.3857	7675.7554	93.45648	7766.1294	7438.2476	1000.0	1000.0	169999	349.8498	126.640755	497.39597	-56.787025	349.85004	126.63762	497.79572	-50.54629	349.84967	126.63968	495.67194	-52.793266	-352.60342	71.25721	842.2994167804718	24.77351232135997
35	7023.8306	187.80069	7235.1104	6670.3877	7604.241	94.19825	7810.4473	7438.458	1000.0	1000.0	174999	358.73608	127.74978	504.17087	-45.897186	358.73602	127.74614	500.99747	-42.481514	358.73566	127.7485	501.72784	-53.80274	-362.28424	72.565384	867.0078945159912	24.771654197147914
36	6964.237	17.086847	6983.7217	6933.694	7505.3633	59.223743	7593.648	7394.39	1000.0	1000.0	179999	367.4715	128.7146	513.8454	-43.968464	367.47137	128.71199	513.24286	-41.902794	367.4709	128.71382	513.33514	-39.09716	-370.89413	70.000175	892.0553798675537	24.779316167036693
37	6985.874	237.93715	7189.7017	6519.2915	7818.643	121.070755	8091.019	7600.2812	1000.0	1000.0	184999	376.28656	129.20276	522.68414	-52.933113	376.28665	129.19899	523.8379	-64.43484	376.28665	129.20026	521.5058	-62.3922	-379.7012	70.41964	916.9364013671875	24.782064966253333
38	7063.6265	28.49574	7102.777	7023.246	7890.7705	109.39256	8066.777	7675.667	1000.0	1000.0	189999	383.9581	129.9364	535.6959	-50.9788	383.9581	129.9329	533.1025	-48.78324	383.95813	129.93541	530.7732	-49.43036	-387.8322	73.78225	942.0039384365082	24.78957738374409
39	7088.875	89.00026	7231.84	6979.4326	7698.1733	159.71037	7990.286	7443.651	1000.0	1000.0	194999	391.59576	130.48912	540.6449	-61.91026	391.5957	130.48598	538.2979	-54.432533	391.59528	130.4872	538.7789	-57.692123	-394.45804	74.621414	966.8691000938416	24.791515435927952
40	7197.3955	123.433464	7351.6294	7001.354	7788.079	66.831795	7861.7793	7606.8955	1000.0	1000.0	199999	398.7089	131.11853	546.6808	-59.14583	398.7084	131.11621	547.18115	-67.80713	398.70862	131.11641	549.9705	-78.230965	-401.1529	70.192375	991.7714157104492	24.79428544640541
41	7056.9795	75.7452	7171.684	6959.998	7909.678	146.08194	8289.894	7737.4507	1000.0	1000.0	204999	405.88126	131.55809	553.6858	-67.506355	405.88153	131.55522	551.7318	-58.958633	405.88083	131.5567	553.0551	-66.82936	-408.53098	72.36748	1016.7591152191162	24.79900286837322
42	7172.1313	106.23982	7311.424	7007.8477	7766.686	100.59679	7935.457	7640.5107	1000.0	1000.0	209999	412.45905	131.84238	558.1496	-55.612686	412.45847	131.83984	558.35	-58.14089	412.45853	131.84149	558.6283	-85.0772	-415.49692	73.11295	1041.8732731342316	24.806506554285686
43	7243.7803	67.646194	7335.9766	7164.9805	8076.4463	152.2254	8282.101	7803.7163	1000.0	1000.0	214999	419.36502	131.82553	567.05927	-54.301422	419.36484	131.82397	567.49493	-45.662666	419.36536	131.82454	569.96765	-60.09965	-422.31448	73.58051	1066.809829711914	24.80953097343445
44	7275.888	103.70909	7449.498	7148.8877	7902.4766	108.34138	8079.2954	7720.4946	1000.0	1000.0	219999	425.3726	132.08482	570.03186	-57.12614	425.3722	132.08156	573.1849	-55.380962	425.3724	132.08257	573.02954	-59.71898	-428.47934	74.32299	1091.6279718875885	24.809726677157663
45	7257.8086	81.59471	7403.283	7155.6196	7695.198	113.766106	7879.4136	7516.786	1000.0	1000.0	224999	431.6447	132.00067	574.1139	-64.519905	431.64444	131.99796	573.0518	-55.871254	431.6444	131.99834	572.9821	-46.747986	-434.4763	71.57572	1116.7625949382782	24.816946601867677
46	7305.552	68.51612	7384.5645	7214.2544	7715.689	192.99289	8033.226	7395.6934	1000.0	1000.0	229999	437.51044	132.06425	576.334	-64.40382	437.5097	132.0633	577.0714	-52.921066	437.50998	132.0641	576.2769	-57.33455	-440.40414	71.53137	1141.5343525409698	24.815964232320372
47	7402.2188	101.889656	7581.675	7285.216	7984.107	87.368996	8104.677	7817.426	1000.0	1000.0	234999	442.8863	132.55318	583.8706	-44.88058	442.8862	132.55177	581.1884	-39.496826	442.88617	132.55176	581.99396	-42.64398	-445.79236	70.0785	1166.510358095169	24.819369361755697
48	7337.357	41.93457	7399.6045	7274.4585	7881.047	134.04056	8074.239	7631.4062	1000.0	1000.0	239999	448.62622	132.45818	585.07654	-49.719185	448.62598	132.45535	586.81305	-61.338696	448.62598	132.45671	586.2415	-51.863384	-451.90744	69.62787	1191.5002253055573	24.82292140026887
49	7421.194	75.05053	7509.889	7296.17	8016.8604	87.65425	8203.083	7879.197	1000.0	1000.0	244999	453.40585	132.98056	590.2728	-59.653625	453.40585	132.97815	590.8702	-71.06214	453.40558	132.979	590.9289	-62.28067	-455.64038	71.17255	1216.3494617938995	24.823458442882615
50	7538.9014	115.74927	7669.094	7326.137	7942.3906	119.66911	8084.8213	7730.1113	1000.0	1000.0	249999	458.29688	133.68509	594.05286	-71.89473	458.2966	133.68236	596.7875	-59.46155	458.29642	133.6828	595.6062	-80.85089	-461.75424	70.04041	1241.3696568012238	24.82739317893982
51	7431.6797	103.7623	7582.8535	7288.844	7969.582	142.79636	8160.1377	7614.889	1000.0	1000.0	254999	463.07724	134.45787	603.3357	-73.19254	463.07864	134.4522	604.29944	-64.65993	463.07758	134.45767	604.3464	-95.072365	-465.64316	71.26668	1266.4264442920685	24.831891101949356
52	7542.142	186.59567	7797.9463	7309.8745	8272.769	86.31231	8431.177	8114.184	1000.0	1000.0	259999	468.06778	134.60225	608.8723	-75.15981	468.0689	134.59598	610.1894	-75.6738	468.06732	134.60141	608.0064	-69.55263	-470.25476	72.24383	1291.2431864738464	24.831599781146416
53	7600.007	78.274605	7709.595	7505.191	8404.193	112.42865	8613.981	8198.299	1000.0	1000.0	264999	472.34952	135.49431	611.283	-70.51611	472.35162	135.48318	609.34357	-60.690403	472.3489	135.4925	610.7279	-60.60698	-474.66367	75.361664	1316.103553533554	24.832142564485657
54	7561.7876	169.32487	7764.478	7332.4565	8287.778	108.01063	8405.016	8057.0537	1000.0	1000.0	269999	477.18906	135.5698	617.3596	-76.61671	477.1922	135.55585	615.5988	-80.39354	477.1889	135.56744	616.4084	-92.586464	-480.27237	72.5307	1340.9887557029724	24.83312515417735
55	7612.8765	157.652	7768.438	7330.2407	7801.9336	71.20527	7923.3916	7686.5605	1000.0	1000.0	274999	481.30396	136.11127	617.8678	-102.52267	481.30637	136.09995	616.61237	-102.07223	481.30368	136.11101	617.52936	-110.96014	-484.08096	73.74631	1365.902088880539	24.834583473205566
56	7664.702	54.774918	7759.277	7593.754	7917.69	69.34355	7974.4854	7764.5693	1000.0	1000.0	279999	485.92923	136.1804	622.0207	-82.18065	485.93002	136.17554	622.8984	-100.94698	485.92938	136.17815	620.5337	-97.2389	-489.1423	74.016716	1390.9047634601593	24.837585095848357
57	7753.672	178.94698	8085.3223	7541.0586	8394.47	78.74151	8534.073	8235.419	1000.0	1000.0	284999	489.94083	137.20953	623.65094	-97.03237	489.94098	137.20558	627.021	-78.82457	489.9407	137.2072	623.4055	-113.16759	-492.42163	72.83931	1415.9144580364227	24.840604568782606
58	7694.3047	64.10318	7756.068	7570.464	8328.711	96.5042	8500.54	8185.373	1000.0	1000.0	289999	494.28354	137.4955	626.03705	-83.95119	494.28406	137.49059	631.23267	-86.76617	494.2835	137.49352	628.00275	-81.96473	-497.06516	73.02254	1440.7341933250427	24.840244749496723
59	7746.314	80.818405	7858.415	7644.717	8179.4697	119.50751	8386.596	7948.9116	1000.0	1000.0	294999	498.3129	138.03545	633.16315	-107.34837	498.31317	138.03215	633.82935	-112.87569	498.31317	138.03328	634.0494	-110.02781	-501.47653	73.93593	1465.646454334259	24.84146536406824
60	7724.7017	116.66517	7930.2285	7578.0137	8329.645	121.995735	8548.807	8101.513	1000.0	1000.0	299999	502.513	138.00919	635.2643	-109.52574	502.51328	138.00548	635.8205	-116.20428	502.513	138.00676	634.9892	-108.74608	-505.1647	74.17426	1490.427663564682	24.840461095174152
61	7821.0127	121.14821	8022.7437	7676.744	8515.186	33.595413	8562.058	8457.998	1000.0	1000.0	304999	506.0573	138.67236	639.2612	-122.49741	506.05792	138.66798	637.8529	-131.08463	506.05777	138.66908	636.84235	-129.23592	-508.25586	74.060425	1515.431842803955	24.843145003084278
62	7842.2344	142.74733	8005.6675	7596.885	8405.223	122.17398	8648.955	8206.255	1000.0	1000.0	309999	510.0032	138.68253	643.1505	-117.667435	510.00345	138.67836	643.93176	-111.21268	510.00305	138.68002	643.4597	-120.24412	-512.4154	74.14951	1540.3571727275848	24.844470566318883
63	7949.5664	158.42249	8247.479	7790.693	8446.838	136.58098	8645.885	8148.1753	1000.0	1000.0	314999	513.95734	138.41824	650.2859	-118.21491	513.9576	138.41547	649.5456	-132.62524	513.9576	138.41608	647.3562	-115.1617	-516.89606	75.55849	1565.2602741718292	24.845401207606
64	7909.173	123.20325	8074.116	7713.479	8337.462	133.1181	8513.914	8034.872	1000.0	1000.0	319999	517.618	138.6917	656.88763	-126.54672	517.6182	138.68787	657.59296	-131.07787	517.6184	138.6878	655.6085	-94.3504	-520.2236	76.40229	1590.0876696109772	24.84511987492442
65	7849.126	125.32432	7988.1943	7644.95	8089.367	103.585045	8282.247	7922.32	1000.0	1000.0	324999	520.83936	139.16594	659.18353	-122.7529	520.8396	139.16217	657.18976	-125.08227	520.839	139.16414	656.9247	-126.86513	-523.7459	75.81339	1615.305006980896	24.850846294256357
66	7925.7607	75.06383	8027.3594	7812.7896	8544.096	118.99118	8759.197	8347.822	1000.0	1000.0	329999	524.10944	139.8001	662.1199	-159.95857	524.11053	139.79497	660.93774	-165.53954	524.1103	139.79681	660.67737	-129.49753	-526.5479	79.580696	1640.2382264137268	24.852094372113545
67	7917.525	188.6912	8173.7065	7634.0815	8523.781	58.008984	8582.012	8408.524	1000.0	1000.0	334999	527.51636	139.75652	662.0457	-142.82181	527.5165	139.75395	659.3879	-144.61195	527.51666	139.75444	658.51886	-167.96336	-530.2152	77.329796	1665.4307260513306	24.857175047717877
68	7947.6914	125.2005	8157.6665	7772.949	8283.104	128.99808	8445.879	8011.4624	1000.0	1000.0	339999	530.9143	139.27298	666.60675	-147.51338	530.9147	139.27026	664.4073	-145.4749	530.9149	139.27013	664.29504	-157.07964	-533.35443	80.29307	1690.3998527526855	24.858821402577792
69	8041.8774	85.915215	8198.052	7935.0957	8630.116	52.83888	8701.905	8527.534	1000.0	1000.0	344999	533.94574	139.56445	667.8745	-153.55115	533.94635	139.56052	667.02783	-167.3844	533.94556	139.56174	665.17566	-163.55035	-536.9596	78.37615	1715.6162300109863	24.864003368045974
70	7906.806	92.97728	8031.885	7769.289	8366.486	95.183266	8533.266	8227.468	1000.0	1000.0	349999	537.2372	139.07304	672.88074	-177.41876	537.23706	139.07062	677.0302	-177.633	537.2373	139.07059	674.0788	-157.53162	-539.9504	81.074936	1740.631775856018	24.86616826057434
71	8072.3486	140.12521	8290.098	7879.78	8752.604	96.46673	8950.495	8644.768	1000.0	1000.0	354999	539.72754	139.21912	675.9117	-126.36454	539.7283	139.21654	674.5806	-114.41573	539.7276	139.21619	675.7652	-127.11463	-541.9461	80.319374	1765.9053802490234	24.87190680100884
72	8090.0015	23.73793	8115.6353	8050.2666	8796.635	127.6393	8987.076	8501.434	1000.0	1000.0	359999	542.8148	138.56876	674.6125	-145.42853	542.8146	138.56653	675.62683	-161.2665	542.8148	138.56625	676.6546	-139.61491	-545.08777	79.89254	1791.1220927238464	24.87669576207797
73	8074.0522	123.04162	8215.42	7903.145	8796.268	67.07641	8917.061	8682.422	1000.0	1000.0	364999	545.51263	138.0189	683.12646	-199.73927	545.5131	138.01521	681.38055	-181.48917	545.5131	138.0172	681.9971	-188.41125	-547.9469	80.742874	1816.1103568077087	24.878224091987086
74	8037.6533	198.45201	8343.53	7808.3374	8680.228	82.85148	8777.151	8500.719	1000.0	1000.0	369999	547.9253	137.86044	684.1441	-274.69553	547.9252	137.85838	682.2827	-239.21356	547.92535	137.85715	681.3323	-248.65031	-550.4124	80.221214	1841.1426453590393	24.880306050584124
75	8188.654	96.10862	8267.915	8012.4683	8613.472	136.28706	8806.879	8374.304	1000.0	1000.0	374999	550.4765	137.75565	686.1495	-176.4819	550.4772	137.7508	684.058	-163.7019	550.4764	137.75389	685.1678	-164.63506	-552.3934	80.32636	1866.0540280342102	24.880720399220785
76	8137.5654	111.39947	8243.0625	7990.8755	8392.231	84.326706	8492.114	8184.558	1000.0	1000.0	379999	552.76685	137.99628	685.72485	-199.81282	552.76697	137.99416	685.64197	-159.29819	552.7666	137.99483	685.2054	-196.23938	-555.3848	81.1187	1891.0589072704315	24.88235407440286
77	8276.112	114.57157	8457.457	8139.921	8842.437	92.08346	8948.366	8652.807	1000.0	1000.0	384999	555.3569	138.06218	686.6344	-160.72905	555.35693	138.05853	688.9518	-146.97636	555.35767	138.05795	688.4125	-142.44133	-557.1766	80.35594	1916.0504508018494	24.883772116202813
78	8136.904	127.73732	8302.033	7928.918	8514.858	56.661644	8608.779	8438.734	1000.0	1000.0	389999	558.1986	137.88014	689.1362	-167.70999	558.1993	137.87617	690.40454	-164.50827	558.19904	137.8765	688.3322	-185.23703	-560.4064	80.14431	1940.9354648590088	24.883788041579418
79	8101.6885	201.90503	8357.153	7739.968	8838.92	115.15253	9056.896	8664.406	1000.0	1000.0	394999	560.56836	138.09612	695.61206	-209.97124	560.5686	138.09248	691.7287	-196.34947	560.5687	138.0933	691.5219	-216.76915	-562.879	79.66256	1965.9370493888855	24.885279130332076
80	8033.9814	114.34457	8187.433	7852.446	8734.415	114.438225	9004.097	8575.088	1000.0	1000.0	399999	562.8503	138.00192	693.6383	-180.55328	562.8512	137.99817	695.2905	-178.05048	562.85095	137.998	692.0547	-183.8226	-564.769	76.752815	1990.9091873168945	24.88636486530304
81	8190.4155	124.99645	8353.035	7999.0776	8983.229	118.722725	9211.045	8733.633	1000.0	1000.0	404999	565.2659	137.55939	697.51825	-184.00253	565.2662	137.55637	698.80505	-201.88927	565.26587	137.55756	693.2929	-190.40424	-567.502	79.87437	2015.697632074356	24.885155975082775
82	8186.5806	120.44561	8314.061	7992.2095	8790.6	108.752785	8937.183	8547.25	1000.0	1000.0	409999	567.4547	137.43605	697.1917	-204.01582	567.4554	137.43318	697.0116	-173.33847	567.45483	137.43326	699.3871	-215.24126	-569.6264	79.2024	2040.4707136154175	24.88378921369227
83	8138.5103	123.123505	8348.001	7990.078	8739.788	112.31524	8911.264	8518.518	1000.0	1000.0	414999	569.55707	137.65369	698.47906	-158.51299	569.5573	137.65073	700.549	-186.32666	569.5575	137.64958	698.41705	-181.31145	-572.2963	81.64617	2065.6022181510925	24.886773741388897
84	8255.674	88.85157	8367.831	8138.299	8839.115	70.70385	8941.676	8740.871	1000.0	1000.0	419999	572.31006	136.58617	704.1433	-182.55861	572.31055	136.58238	703.3912	-185.25099	572.3098	136.5846	704.0269	-196.30959	-574.1709	79.99537	2090.6723041534424	24.888956024533226
85	8193.814	209.23766	8334.659	7785.284	8559.589	87.8243	8665.133	8411.641	1000.0	1000.0	424999	573.8245	137.22612	704.63214	-188.56003	573.8248	137.22319	701.4225	-207.0101	573.8248	137.22316	704.2199	-201.36485	-576.48126	80.85861	2115.309518814087	24.88599436423358
86	8261.01	90.18308	8426.014	8156.977	8916.694	141.90932	9110.35	8651.685	1000.0	1000.0	429999	576.14825	136.99147	705.4187	-220.90344	576.14874	136.98688	705.5577	-219.54797	576.14886	136.98668	716.7241	-209.59573	-579.4284	83.491615	2140.205271244049	24.886107832886452
87	8295.139	99.17539	8446.868	8139.409	9058.267	112.8584	9284.145	8849.042	1000.0	1000.0	434999	578.5544	136.23169	708.0517	-199.89937	578.55457	136.22826	712.9014	-179.26721	578.5546	136.22871	709.9125	-202.28117	-580.96857	81.75937	2165.1446993350983	24.886720706676616
88	8294.439	150.49718	8480.732	8036.6885	9143.012	81.964676	9309.727	8990.347	1000.0	1000.0	439999	580.27954	136.65623	709.799	-167.28975	580.2806	136.6519	712.72943	-171.20258	580.28	136.65266	715.3474	-176.88226	-582.61816	79.67632	2190.2559626102448	24.889272329482164
89	8300.522	190.80434	8579.302	7985.6475	9093.154	74.80437	9179.406	8951.533	1000.0	1000.0	444999	582.5119	136.1289	708.7483	-197.47925	582.5125	136.12512	708.5794	-200.13293	582.51196	136.12573	708.5236	-204.73773	-584.1718	79.43507	2215.305320262909	24.89107103562087
90	8238.951	156.84798	8493.179	8023.7266	8919.57	55.86517	9037.019	8816.506	1000.0	1000.0	449999	584.04486	136.51607	710.6537	-233.09778	584.0452	136.51308	711.0901	-260.30597	584.0459	136.51091	709.8964	-247.08627	-586.2811	82.821686	2240.3133585453033	24.892370676994325
91	8326.881	43.4821	8400.538	8273.1045	8834.025	108.8742	8991.938	8692.246	1000.0	1000.0	454999	586.3658	135.38136	711.45575	-197.19621	586.3662	135.37607	711.2474	-201.5195	586.36566	135.3774	711.33795	-198.41325	-589.195	80.219826	2265.399085998535	24.894495476733198
92	8378.09	184.42294	8562.785	8048.4746	9087.749	110.90173	9283.682	8890.8	1000.0	1000.0	459999	588.07983	135.39511	712.8102	-189.72205	588.08044	135.3894	714.03467	-160.49617	588.08014	135.39005	713.15784	-187.3525	-590.61945	78.913216	2290.6554877758026	24.898429238277934
93	8377.049	161.80019	8576.793	8138.076	9064.229	108.59575	9183.048	8842.587	1000.0	1000.0	464999	589.75183	135.67392	715.13226	-203.5798	589.7521	135.67097	715.7737	-206.81474	589.75214	135.67047	715.1101	-214.19337	-592.1545	77.4058	2315.601789712906	24.898943995916714
94	8370.04	61.837803	8478.381	8297.387	9204.364	81.00944	9299.144	9065.664	1000.0	1000.0	469999	591.8487	135.17052	717.38776	-184.44823	591.8493	135.16687	720.647	-210.23505	591.84894	135.16766	720.6567	-179.42471	-593.828	76.726875	2340.636157989502	24.9003846822901
95	8422.425	101.85787	8589.776	8318.801	9209.002	116.273	9411.581	9037.014	1000.0	1000.0	474999	593.80414	134.31287	717.5199	-217.99303	593.8042	134.31038	720.9126	-220.13509	593.8047	134.30946	719.5742	-200.91757	-596.3711	78.7065	2365.593350172043	24.900982653467278
96	8457.05	189.12477	8763.335	8261.475	9016.05	145.64795	9326.288	8824.018	1000.0	1000.0	479999	595.2127	134.95813	721.8293	-199.25467	595.21344	134.95355	720.8269	-224.11389	595.21344	134.95241	722.1787	-243.94473	-597.4519	82.26465	2390.686646938324	24.90298593044281
97	8434.602	170.32722	8725.376	8226.943	9019.928	152.50035	9259.662	8769.343	1000.0	1000.0	484999	596.89606	134.3584	721.07153	-237.37503	596.89667	134.35405	721.6196	-264.70587	596.8961	134.35463	723.2373	-266.452	-599.4876	78.874855	2415.7606313228607	24.90474879864565
98	8406.596	202.81763	8562.292	8021.8574	9220.819	88.32927	9386.288	9063.852	1000.0	1000.0	489999	598.6734	134.0947	722.16003	-207.84195	598.6741	134.0913	722.09045	-196.96968	598.67365	134.09334	721.35315	-204.5956	-601.0967	78.66294	2440.8909542560577	24.907050575528825
99	8387.039	90.54275	8456.414	8215.663	9115.117	160.42842	9338.529	8848.821	1000.0	1000.0	494999	600.57404	133.83266	724.17505	-222.50601	600.57416	133.82861	725.7749	-215.72806	600.5739	133.82999	723.7045	-257.24072	-603.0981	80.057625	2465.761558532715	24.90668242868751
100	8496.667	65.208694	8617.869	8426.701	9023.703	109.30387	9186.709	8851.007	1000.0	1000.0	499999	602.0883	133.61201	724.20605	-228.75056	602.0887	133.60703	724.75525	-211.0082	602.0885	133.6072	724.2556	-211.90584	-604.1777	82.58457	2490.6326818466187	24.90632683992386
101	8403.197	161.24355	8647.322	8186.849	9020.462	94.67953	9160.228	8866.247	1000.0	1000.0	504999	603.8388	132.82	726.3484	-193.56662	603.8395	132.81664	727.39154	-250.67076	603.8393	132.81621	728.46375	-183.99358	-605.86774	84.7635	2515.8589763641357	24.909494839092293
102	8360.465	165.53357	8550.963	8059.7173	9176.922	85.3707	9291.386	9066.203	1000.0	1000.0	509999	605.66394	132.2038	726.49023	-206.4394	605.6644	132.19798	727.0598	-231.27974	605.66473	132.19942	727.317	-222.8728	-607.71454	83.10045	2540.7475185394287	24.909289416144876
103	8416.732	57.247517	8493.784	8315.71	9178.377	87.025925	9338.354	9056.626	1000.0	1000.0	514999	606.46277	133.08025	728.50867	-216.16461	606.4631	133.07663	728.0221	-218.98026	606.4633	133.07527	727.7742	-217.90657	-608.5857	84.92687	2566.0175931453705	24.9127921872926
104	8411.176	112.48714	8563.031	8260.581	9292.189	102.50928	9434.961	9129.223	1000.0	1000.0	519999	608.29846	131.90346	728.76434	-231.59981	608.29865	131.90038	730.79285	-206.00903	608.2987	131.89902	731.0302	-218.40326	-610.6344	86.62561	2591.5780143737793	24.919019389611023
105	8429.954	116.09484	8516.744	8200.522	9063.541	66.96741	9166.509	8923.172	1000.0	1000.0	524999	609.61993	131.42953	728.6704	-186.91429	609.62067	131.42345	727.8054	-201.42902	609.6202	131.42502	729.1282	-204.9931	-612.3964	83.335526	2616.6627485752106	24.920597625914073
106	8387.304	119.765335	8512.463	8170.273	9014.189	77.25519	9108.168	8886.384	1000.0	1000.0	529999	610.7038	131.63637	733.0337	-209.4135	610.70416	131.63275	738.3621	-207.46953	610.704	131.63321	733.737	-202.02327	-613.4824	83.10175	2641.54940032959	24.92027738184299
107	8519.875	51.364822	8589.582	8444.498	8825.162	93.64946	8963.385	8634.12	1000.0	1000.0	534999	612.8757	130.35481	729.97144	-232.65349	612.87616	130.35136	731.45135	-280.705	612.87573	130.35321	731.3463	-227.99467	-615.1173	83.07106	2666.3267266750336	24.918941390848605
108	8433.13	293.30612	8757.128	8061.7153	9222.696	96.95995	9417.784	9099.954	1000.0	1000.0	539999	613.7633	130.31126	731.7231	-190.79646	613.76385	130.30673	732.42365	-193.5366	613.7639	130.30664	730.9915	-198.25511	-615.90186	80.622765	2691.543218612671	24.921696490711636
109	8469.602	82.6179	8593.819	8355.252	8931.436	95.49265	9027.158	8676.477	1000.0	1000.0	544999	615.16766	130.18236	733.6873	-181.12929	615.1683	130.1758	735.6406	-182.7295	615.1683	130.1764	732.0521	-205.21832	-617.2114	78.393974	2716.4017140865326	24.921116662681648
110	8609.847	80.00413	8681.579	8467.967	9132.044	109.62299	9267.924	8950.812	1000.0	1000.0	549999	616.787	129.69405	737.6759	-168.56802	616.7874	129.69069	736.7374	-186.71048	616.7879	129.6887	736.35974	-175.87415	-619.03766	81.11063	2741.354311466217	24.921402851018037
111	8440.846	126.03442	8622.057	8237.312	9203.757	98.72608	9330.501	9070.9795	1000.0	1000.0	554999	618.0861	129.50858	739.1458	-244.97414	618.0859	129.50717	741.23126	-223.85931	618.08606	129.50545	740.729	-234.68626	-620.1623	81.55761	2766.1818521022797	24.920557247625815
112	8404.535	153.81186	8686.01	8254.111	8675.698	129.0125	8913.881	8537.462	1000.0	1000.0	559999	619.6558	129.13687	738.45166	-230.77658	619.6563	129.13336	740.7848	-225.61127	619.6558	129.13387	740.35583	-227.318	-621.4422	80.52363	2791.3016545772552	24.922336218612536
113	8520.742	74.698364	8604.34	8406.032	9217.642	96.11739	9358.782	9066.864	1000.0	1000.0	564999	620.6927	128.92212	741.463	-228.91597	620.69305	128.91779	745.0765	-239.03076	620.6927	128.91956	744.07477	-236.80716	-623.1528	79.70673	2816.200392484665	24.92212738611002
114	8549.771	117.207466	8771.516	8442.575	9176.06	109.25553	9359.636	9045.214	1000.0	1000.0	569999	621.85315	128.59274	740.2764	-184.43059	621.8539	128.58691	741.4218	-188.05605	621.85425	128.58798	739.78125	-197.93726	-623.37463	79.51305	2840.739916563034	24.91877121883526
115	8593.2705	70.38254	8704.323	8494.153	9196.779	118.48994	9372.378	8996.564	1000.0	1000.0	574999	622.9786	128.57225	742.0607	-185.02141	622.979	128.56773	742.60474	-172.30464	622.97906	128.56839	741.48834	-211.23885	-625.0157	80.8625	2865.7623608112335	24.919672725511635
116	8611.535	122.73179	8758.439	8473.1045	9283.656	115.095894	9433.143	9074.666	1000.0	1000.0	579999	624.5439	127.8651	741.5855	-231.99713	624.5445	127.85954	743.274	-225.77219	624.5442	127.86107	742.7405	-239.60924	-626.48926	79.220345	2890.756266117096	24.920312657438476
117	8525.908	155.94504	8721.912	8281.913	9037.4	97.17621	9211.188	8916.395	1000.0	1000.0	584999	625.5486	127.59472	743.60675	-296.33426	625.5489	127.59077	747.86395	-228.73497	625.5484	127.5927	745.2033	-250.52626	-627.4875	80.6808	2915.62136554718	24.919840747474606
118	8506.393	156.2117	8730.801	8295.931	9207.402	83.1364	9329.259	9105.638	1000.0	1000.0	589999	626.6036	127.20692	746.3145	-228.66469	626.60376	127.2033	743.702	-246.11385	626.60394	127.20437	742.812	-248.131	-628.866	78.48998	2940.5769441127777	24.920143610340055
119	8647.091	142.70699	8857.203	8465.927	8992.174	43.521263	9044.953	8926.36	1000.0	1000.0	594999	627.68756	126.63196	743.60516	-227.22563	627.68823	126.62898	746.7493	-248.18353	627.6879	126.62816	743.6095	-262.37592	-629.5307	78.21909	2965.1327946186066	24.917082327754557
120	8642.283	85.28025	8779.808	8545.507	8843.24	105.16575	9004.622	8623.716	1000.0	1000.0	599999	628.3214	127.343636	744.9534	-219.36903	628.3219	127.33824	745.63684	-224.47218	628.3218	127.339195	744.63806	-214.25592	-630.53656	80.00759	2990.19566988945	24.918297266960145
121	8558.152	218.20769	8850.247	8221.827	9063.115	75.81047	9179.21	8936.627	1000.0	1000.0	604999	629.77716	126.409744	747.52924	-279.34003	629.77783	126.40638	745.67285	-272.36786	629.77783	126.40571	746.4974	-303.98642	-631.91064	78.74162	3014.991336584091	24.917283795096658
122	8492.127	183.76352	8746.673	8241.04	9137.046	116.988495	9379.145	8951.652	1000.0	1000.0	609999	630.8401	125.94834	746.65546	-235.74567	630.8401	125.94511	746.50085	-240.3684	630.84015	125.946304	745.7024	-219.9503	-632.8675	81.43589	3039.9789204597473	24.917860021356677
123	8486.547	138.74432	8654.826	8290.354	9104.341	67.72501	9194.147	8987.614	1000.0	1000.0	614999	631.8521	125.61564	752.41626	-140.70258	631.8523	125.61204	751.8815	-153.41945	631.85284	125.61125	749.47906	-139.77797	-634.0624	80.25037	3064.9969985485077	24.91867480433084
124	8516.588	49.297943	8596.796	8466.752	9293.049	111.616356	9500.1045	9103.681	1000.0	1000.0	619999	633.18146	124.81219	748.8309	-192.92703	633.1824	124.80696	752.52966	-162.58475	633.18225	124.80661	752.8083	-203.98442	-635.5859	79.88945	3089.9835488796234	24.919222185688636
125	8531.053	159.16199	8827.936	8359.692	9219.303	116.42014	9424.948	9031.94	1000.0	1000.0	624999	634.013	124.36305	750.3126	-173.15233	634.0129	124.36059	748.3659	-205.6068	634.0133	124.35907	749.75006	-192.9843	-636.5824	79.43695	3114.8790321350098	24.919032272338868
126	8633.051	133.49786	8849.644	8487.955	9156.654	135.31989	9418.933	8966.16	1000.0	1000.0	629999	635.13434	123.6355	748.14557	-192.98567	635.1347	123.62981	748.86584	-210.48125	635.1346	123.6325	749.4694	-208.01094	-636.97943	80.49146	3139.839619398117	24.919362075745113
127	8671.504	53.623608	8730.166	8588.36	9230.422	97.47174	9407.216	9022.558	1000.0	1000.0	634999	635.53546	124.21236	750.63116	-140.30708	635.53656	124.207184	748.67413	-148.13754	635.5357	124.20772	750.7207	-143.1352	-637.03235	79.21224	3164.6308240890503	24.91835296435619
128	8574.081	107.12557	8756.877	8443.874	9219.83	83.81925	9306.448	9024.841	1000.0	1000.0	639999	636.4895	123.54216	750.3156	-222.88664	636.48975	123.539955	751.33636	-188.31796	636.48975	123.540634	749.2279	-254.59427	-638.3742	80.15651	3189.435307264328	24.917463356629014
129	8500.128	177.82236	8733.786	8274.979	9356.732	98.33396	9493.07	9120.657	1000.0	1000.0	644999	637.346	122.96733	751.19165	-245.67035	637.34625	122.96298	750.5113	-232.76767	637.34644	122.96192	752.10425	-306.28845	-638.9691	81.47354	3214.5647325515747	24.919106472370235
130	8540.252	234.86014	8842.677	8248.335	9211.721	88.44191	9328.526	9068.31	1000.0	1000.0	649999	638.4223	122.6391	753.38403	-232.44266	638.4226	122.63415	754.05896	-213.95563	638.42303	122.63406	753.7392	-198.7128	-641.0275	80.171425	3239.5446343421936	24.919574128664458
131	8635.472	88.12351	8743.863	8541.509	8993.715	96.24609	9099.794	8775.169	1000.0	1000.0	654999	639.3373	122.11191	753.5622	-229.62915	639.3372	122.10865	753.7141	-243.94565	639.3377	122.10793	752.22034	-208.24895	-641.6736	81.963776	3264.6776258945465	24.921203265663323
132	8639.893	163.27356	8811.833	8334.678	9192.865	78.5919	9329.942	9067.075	1000.0	1000.0	659999	640.18225	122.00653	752.7454	-193.54309	640.1828	122.00297	751.6086	-170.21509	640.1822	122.00416	750.9813	-142.6993	-642.0921	81.15161	3289.584591627121	24.921095407370366
133	8632.572	90.60685	8793.178	8540.122	9174.476	93.0879	9319.162	9035.352	1000.0	1000.0	664999	641.2224	121.322845	753.8723	-223.67097	641.22266	121.318726	755.27545	-199.85715	641.22284	121.31884	752.76465	-249.86536	-643.545	83.237335	3314.6143007278442	24.92191205347391
134	8608.72	162.79318	8806.523	8327.001	8919.695	93.13577	9044.41	8744.105	1000.0	1000.0	669999	642.02264	121.07069	757.1051	-205.44296	642.02234	121.069145	754.79	-211.25241	642.02295	121.068115	754.03406	-206.97234	-644.42725	82.46231	3339.899462223053	24.92462286842403
135	8680.6875	157.27792	8946.627	8527.529	9224.132	72.63452	9376.598	9149.379	1000.0	1000.0	674999	642.58136	120.98244	752.36316	-176.0192	642.5814	120.97857	753.1284	-203.22357	642.5815	120.9803	751.98206	-182.18616	-644.2906	82.596924	3365.1293675899506	24.92688421849851
136	8685.876	97.44652	8844.685	8599.196	9396.089	105.24506	9578.282	9181.686	1000.0	1000.0	679999	643.19794	120.35957	753.5314	-244.90002	643.1982	120.35617	753.0735	-223.25316	643.19806	120.35603	752.014	-285.58658	-645.21735	80.916985	3389.9103355407715	24.92581130476559
137	8688.359	168.85481	8941.456	8517.394	9235.309	101.27055	9381.225	9052.946	1000.0	1000.0	684999	644.18756	120.33648	756.29083	-206.66583	644.1883	120.33156	756.46405	-220.16695	644.18805	120.3313	757.33594	-234.03555	-646.06335	81.273865	3414.7661530971527	24.925300403232992
138	8635.33	95.59674	8763.653	8488.623	9090.355	141.24518	9281.138	8826.209	1000.0	1000.0	689999	645.1368	119.58896	754.1124	-187.30956	645.137	119.58586	754.3324	-201.35991	645.13745	119.58591	754.86414	-192.58765	-647.2716	81.39004	3439.79447221756	24.926046958868053
139	8723.453	196.84685	8966.66	8448.865	8947.952	131.08064	9146.917	8764.216	1000.0	1000.0	694999	645.7538	120.1778	757.9678	-174.79427	645.7539	120.17421	755.77496	-159.81693	645.75366	120.17554	756.2809	-180.94281	-647.74115	81.17669	3464.8817462921143	24.927206825009353
140	8632.379	187.41095	8894.943	8318.781	9346.822	88.04697	9427.565	9147.01	1000.0	1000.0	699999	646.75464	120.03154	754.9188	-185.40422	646.7552	120.02705	756.0823	-217.35426	646.75507	120.02748	755.45496	-210.97734	-648.7874	83.02391	3489.771143913269	24.926936759267534
141	8683.639	105.68946	8880.351	8591.248	9310.557	76.30769	9409.018	9178.982	1000.0	1000.0	704999	647.41486	119.7457	755.92676	-247.3282	647.41534	119.74138	757.8513	-176.504	647.4152	119.7436	755.9486	-211.99644	-649.33923	84.249954	3514.75359582901	24.927330482090618
142	8827.47	122.05615	8982.276	8664.013	9210.876	103.53195	9393.405	8979.784	1000.0	1000.0	709999	648.59204	119.08239	756.6056	-215.92577	648.5926	119.07665	757.24335	-217.65034	648.5928	119.07727	756.7536	-217.7162	-650.49146	83.22778	3539.880666732788	24.92873710645756
143	8641.867	75.37763	8723.401	8513.906	9187.658	114.19626	9437.176	9035.159	1000.0	1000.0	714999	649.5711	118.62302	758.9858	-110.97361	649.5718	118.62057	757.26263	-101.52521	649.572	118.61955	759.793	-96.909584	-651.5477	83.8146	3564.9884400367737	24.92998910783888
144	8610.401	62.811443	8686.955	8517.027	9113.756	95.511086	9250.888	8979.179	1000.0	1000.0	719999	650.25433	118.732025	761.14655	-226.05257	650.25476	118.72847	758.7218	-179.2086	650.255	118.72816	758.7291	-180.72423	-652.31714	82.5005	3590.1916575431824	24.931886525617706
145	8747.138	129.55124	8977.688	8607.877	9178.752	85.01545	9288.451	9008.202	1000.0	1000.0	724999	651.01196	118.88729	760.6949	-161.98961	651.0121	118.88353	759.6293	-215.28279	651.0119	118.88505	761.0286	-214.8147	-653.02954	84.07617	3615.231335401535	24.93262991576359
146	8558.253	153.68999	8737.113	8299.671	9304.986	117.16266	9512.077	9140.042	1000.0	1000.0	729999	651.70135	119.03737	760.462	-171.77303	651.70197	119.03367	762.86334	-179.9094	651.7025	119.03272	762.83636	-211.25525	-654.25055	81.9747	3640.448587656021	24.934579383837033
147	8706.291	185.32365	8880.763	8389.357	9128.5205	97.97545	9234.41	8929.509	1000.0	1000.0	734999	652.4443	118.8294	762.7698	-141.36763	652.44434	118.82726	761.29486	-119.195145	652.44415	118.82818	762.24097	-130.48059	-654.75165	81.79432	3665.5431518554688	24.935667717537914
148	8826.325	151.55481	8958.53	8602.228	9022.422	116.67608	9205.368	8801.488	1000.0	1000.0	739999	653.1631	118.3349	762.85004	-192.33247	653.16296	118.3326	761.4283	-199.82124	653.1633	118.33311	763.88794	-198.31444	-655.1896	82.554184	3690.615043401718	24.93658814398018
149	8675.925	74.71783	8784.77	8609.145	9453.806	126.37275	9658.914	9184.361	1000.0	1000.0	744999	654.4347	117.384895	766.2062	-210.63243	654.43506	117.38146	766.4733	-206.31776	654.4351	117.382095	766.7676	-234.64622	-655.9854	81.60386	3715.651049852371	24.937255384137966
150	8678.174	85.36497	8819.224	8564.315	9284.845	83.920006	9445.776	9120.83	1000.0	1000.0	749999	655.05634	117.9119	765.74316	-187.41971	655.05646	117.908226	766.19434	-160.6242	655.05676	117.91083	766.5632	-192.1095	-657.0942	82.26716	3740.5229387283325	24.93681960741679
151	8715.875	197.98827	8953.305	8446.391	9144.842	82.76489	9276.239	9017.752	1000.0	1000.0	754999	656.1269	117.21113	766.1325	-111.52451	656.12726	117.20835	764.5308	-114.42225	656.127	117.208855	766.2967	-112.94797	-658.8841	80.86957	3765.601639986038	24.93775921941593
152	8840.174	131.94566	9068.468	8686.763	9509.919	107.9503	9719.093	9342.14	1000.0	1000.0	759999	656.65686	117.120125	764.9829	-172.9014	656.65735	117.11735	765.78107	-180.3808	656.65735	117.11701	766.9249	-185.68065	-659.0488	81.993835	3790.6177701950073	24.938274819599954
153	8728.449	71.70452	8805.756	8610.695	9140.803	117.49858	9379.554	8981.153	1000.0	1000.0	764999	657.5181	116.23765	769.0864	-226.3959	657.5183	116.23399	767.34973	-279.6357	657.51825	116.23344	765.62964	-206.86906	-659.56445	81.10883	3815.672735929489	24.939037505318137
154	8687.668	89.43667	8858.833	8603.848	9460.256	131.05725	9588.071	9165.868	1000.0	1000.0	769999	657.619	116.97666	769.30743	-200.85538	657.6191	116.973236	766.85846	-247.43927	657.61945	116.97357	767.47864	-242.83792	-659.7597	82.9513	3840.6557338237762	24.93932295929302
155	8589.869	183.83073	8820.512	8288.266	9522.666	53.788418	9612.32	9422.256	1000.0	1000.0	774999	658.36725	116.32636	766.7781	-238.42957	658.36755	116.32192	767.94696	-237.8097	658.36755	116.32395	766.1313	-249.80223	-660.54	81.26028	3865.764905691147	24.940418760238156
156	8819.646	145.6479	9002.644	8594.301	9414.695	97.72419	9615.381	9216.692	1000.0	1000.0	779999	659.17816	115.83308	766.5772	-191.20274	659.1783	115.83142	766.90326	-184.26367	659.1781	115.83268	766.2286	-230.09659	-661.10223	81.328224	3890.8388373851776	24.941274613906177
157	8441.727	962.2453	9050.595	6522.8496	9354.83	147.50926	9547.468	9110.467	1000.0	1000.0	784999	659.7982	115.81171	767.3753	-165.09158	659.79834	115.80778	767.8391	-156.38048	659.7982	115.80877	767.25195	-154.08762	-662.0915	79.66798	3915.6858870983124	24.940674455302535
158	8883.753	67.00239	8991.033	8811.623	9552.251	64.89144	9696.672	9440.478	1000.0	1000.0	789999	660.3099	116.326454	769.1721	-160.91736	660.31024	116.321915	768.986	-148.29454	660.31036	116.32192	766.3918	-134.83191	-662.8749	80.994484	3940.6732473373413	24.940969933437394
159	8793.192	123.29594	9000.626	8654.807	9299.156	99.6759	9453.146	9155.299	1000.0	1000.0	794999	660.7419	116.90503	767.7725	-133.01587	660.7419	116.90022	768.67413	-177.66788	660.7422	116.90229	767.8924	-167.10231	-662.55505	82.4646	3965.308623313904	24.939047958865856
160	8975.469	120.61781	9103.362	8751.969	9496.075	52.514812	9563.695	9400.421	1000.0	1000.0	799999	661.73676	116.703026	776.2007	-227.56883	661.7373	116.69962	773.9143	-173.62474	661.7377	116.69887	773.97986	-214.06871	-663.8434	81.82973	3990.1831436157227	24.938644661009313
161	8775.604	163.28365	8982.939	8558.983	9478.662	75.79537	9589.744	9335.869	1000.0	1000.0	804999	662.3664	116.39566	772.18396	-138.7053	662.36664	116.39087	773.8652	-131.71902	662.366	116.39485	772.8103	-132.48093	-664.27216	83.10977	4015.2237651348114	24.939278057643346
162	8862.028	62.517242	8973.172	8805.264	9293.364	134.95105	9494.889	9027.473	1000.0	1000.0	809999	662.91254	116.724655	772.2474	-241.43542	662.91327	116.72042	771.8243	-247.27354	662.91296	116.721115	774.8728	-194.78453	-664.75903	85.94291	4040.184739112854	24.93941198307791
163	8927.182	82.98337	9043.824	8824.326	9413.702	88.23237	9599.724	9282.861	1000.0	1000.0	814999	663.9406	115.770744	773.5452	-182.48457	663.9407	115.768295	774.1934	-164.97795	663.9412	115.76902	772.3805	-179.24754	-666.01025	82.56027	4065.1638107299805	24.939655296641625
164	8858.952	91.395584	8993.172	8764.199	9233.652	179.604	9456.756	8956.808	1000.0	1000.0	819999	664.6428	115.892586	775.0375	-169.85535	664.6426	115.88922	774.47815	-212.00552	664.643	115.8879	777.52875	-178.42747	-667.1274	85.04424	4090.2309815883636	24.94043282910091
165	8933.479	50.966976	8991.614	8869.642	9580.403	59.057484	9677.223	9486.749	1000.0	1000.0	824999	665.0636	116.4408	777.82184	-237.32123	665.064	116.43506	775.79974	-209.91806	665.06433	116.43585	774.74243	-241.66306	-667.02686	87.94435	4115.145016908646	24.940272842754016
166	7552.639	2662.8271	9103.8125	2236.7937	9502.393	162.03723	9836.633	9222.177	1000.0	1000.0	829999	665.58325	117.25456	774.77246	-472.3473	665.5841	117.25061	775.9377	-589.5604	665.58417	117.24844	774.1466	-468.65448	-667.5025	90.80291	4139.856231689453	24.938892973474708
167	8689.533	95.2982	8811.073	8529.6045	9482.0205	62.999508	9630.86	9400.603	1000.0	1000.0	834999	665.73175	117.61458	777.13477	-599.9989	665.7329	117.60576	777.3587	-594.01697	665.7322	117.61091	777.1933	-519.47345	-667.5905	92.614876	4164.297430753708	24.9359127732808
168	8826.724	135.71826	8998.416	8630.94	9458.9	90.5469	9544.459	9210.871	1000.0	1000.0	839999	666.2435	118.00691	773.22064	-664.6611	666.24493	118.00085	773.67865	-661.4338	666.2441	118.0059	773.37836	-626.30115	-668.29126	89.46199	4188.95999789238	24.93428571593194
169	8828.16	73.58654	8965.135	8743.324	9048.8955	114.20054	9220.889	8838.853	1000.0	1000.0	844999	666.7199	117.97521	776.2683	-656.09094	666.7203	117.968925	777.3205	-683.3914	666.72015	117.97086	777.9082	-643.44543	-668.5603	98.86188	4213.9974319934845	24.934896059995573
170	8840.027	84.13891	8958.28	8728.628	9065.339	72.20544	9202.816	8964.411	1000.0	1000.0	849999	666.9702	117.746895	778.19574	-554.5268	666.9715	117.740425	776.62256	-690.2116	666.97144	117.74071	778.1075	-581.947	-669.1448	92.504166	4239.091794490814	24.935834096459782
171	8773.933	140.74863	9004.935	8598.745	9191.551	674.97284	9572.928	7201.312	1000.0	1000.0	854999	667.2827	117.24348	775.88574	-442.40338	667.2834	117.239204	774.9749	-354.6573	667.2829	117.24305	775.90356	-402.6101	-669.03815	91.82069	4264.240505456924	24.937078991828606
172	8948.296	158.37341	9226.636	8758.012	9264.836	76.02051	9378.5205	9142.203	1000.0	1000.0	859999	667.636	117.38892	776.2937	-514.3226	667.63696	117.383865	778.2862	-706.4745	667.63684	117.38317	778.8147	-517.0868	-669.81104	94.93317	4289.233976364136	24.937406850415606
173	8874.737	73.81406	8967.265	8750.157	9323.054	131.9469	9623.208	9197.523	1000.0	1000.0	864999	667.9316	117.23355	776.97314	-443.99286	667.93176	117.23102	776.47235	-530.0254	667.93176	117.2331	777.0984	-544.3828	-670.0336	89.934105	4314.219103813171	24.937682692026126
174	8925.684	184.51077	9141.95	8586.889	9534.797	105.232735	9666.417	9341.83	1000.0	1000.0	869999	668.4503	117.33876	777.9486	-388.57706	668.44965	117.33898	774.87115	-370.52728	668.4503	117.33532	776.7251	-287.74707	-671.26636	87.57646	4339.271370887756	24.938341225700817
175	8876.052	82.65697	8985.431	8771.809	9455.318	141.64676	9714.271	9192.021	1000.0	1000.0	874999	669.072	117.383675	777.03	-378.46204	669.0732	117.3783	775.90594	-365.2826	669.07263	117.37751	775.8035	-330.9092	-670.5973	88.77943	4364.287979364395	24.93878846713475
176	8844.233	49.46855	8898.281	8756.06	9336.896	90.31138	9472.87	9205.447	1000.0	1000.0	879999	669.7589	116.90946	777.5568	-319.81985	669.75854	116.907234	777.3702	-367.1408	669.7593	116.90837	777.5196	-302.04327	-671.8726	89.40388	4389.308335065842	24.93925191597505
177	8874.019	153.18533	9037.921	8668.407	9451.238	76.98619	9548.0	9304.316	1000.0	1000.0	884999	670.55206	116.711586	779.8263	-283.9423	670.5526	116.707184	781.10956	-294.4416	670.5528	116.70823	783.47205	-263.96136	-672.8411	87.679	4414.345931768417	24.939807537585327
178	8945.635	165.03487	9129.401	8652.121	9684.609	202.94194	9934.844	9149.563	1000.0	1000.0	889999	671.3822	115.67294	780.6373	-322.01147	671.3828	115.67065	779.1004	-502.70883	671.3826	115.66876	781.80853	-361.6729	-673.361	87.284424	4439.2576105594635	24.939649508240517
179	8903.417	133.01707	9069.217	8682.5625	9539.7	129.0215	9712.013	9337.632	1000.0	1000.0	894999	671.67505	116.491165	779.9349	-431.88638	671.6755	116.49102	780.708	-455.53058	671.67535	116.488716	781.0887	-439.49942	-673.48615	93.61734	4464.099150180817	24.93910140964572
180	8909.86	214.04393	9174.503	8610.989	9556.456	119.15469	9701.02	9340.452	1000.0	1000.0	899999	672.49646	115.80549	779.8661	-382.14288	672.49756	115.797485	778.5815	-412.77197	672.4969	115.80194	778.34656	-399.33533	-674.61676	90.20743	4488.865798950195	24.938143339422012
181	8947.278	30.388515	8977.721	8901.331	9494.1	117.87903	9635.794	9266.465	1000.0	1000.0	904999	672.8505	116.168175	781.2046	-327.719	672.85095	116.16315	781.92456	-332.57083	672.8508	116.16351	779.5977	-415.4572	-674.3501	90.72778	4513.781959533691	24.938021887731814
182	8862.086	77.280334	8958.544	8771.915	9434.307	156.40376	9634.694	9114.874	1000.0	1000.0	909999	673.72296	115.0557	779.616	-322.06848	673.7231	115.05234	779.6854	-334.52954	673.7226	115.05493	779.0911	-307.67078	-675.24945	88.7529	4538.818350553513	24.93856237746857
183	8951.194	145.25877	9159.35	8717.334	9419.351	115.82075	9588.097	9242.331	1000.0	1000.0	914999	674.33545	114.991684	780.80023	-286.10767	674.336	114.98555	781.22644	-302.0298	674.3355	114.99004	781.4858	-288.05856	-676.79065	86.35375	4563.674493312836	24.93811199834438
184	8872.936	91.91204	8969.229	8739.973	9520.018	95.20957	9668.237	9345.219	1000.0	1000.0	919999	674.7607	115.22645	782.9426	-356.21652	674.76056	115.22785	782.26105	-410.21103	674.76117	115.226654	783.7261	-347.38904	-676.52966	86.650764	4588.8572289943695	24.939441474883452
185	8864.057	83.5959	8992.439	8736.485	9673.397	117.029785	9811.024	9452.066	1000.0	1000.0	924999	675.4561	114.90558	791.52014	-311.2809	675.45624	114.90356	781.60785	-331.0452	675.4565	114.900955	783.3246	-312.75708	-677.3409	85.96297	4613.683532953262	24.938829919454214
186	9134.483	120.90422	9301.234	8955.391	9667.209	50.083443	9748.064	9569.388	1000.0	1000.0	929999	676.04645	114.32841	785.9148	-241.67816	676.04767	114.32153	785.5904	-254.94342	676.047	114.32368	786.1356	-239.38448	-678.0748	88.334885	4638.51663684845	24.93826150125073
187	8977.99	118.575356	9127.856	8856.505	9651.438	59.989204	9734.292	9506.39	1000.0	1000.0	934999	676.7202	114.291565	787.12805	-278.91006	676.72107	114.284294	787.3453	-299.73193	676.7209	114.2871	784.184	-315.58334	-678.8113	91.1157	4663.4932317733765	24.93846649282119
188	9007.783	198.74379	9216.6455	8673.038	9824.455	109.996506	10004.99	9665.626	1000.0	1000.0	939999	676.9268	115.27994	787.4703	-351.70416	676.92847	115.27104	787.512	-338.25763	676.92804	115.27412	789.08026	-347.57285	-678.9831	91.74172	4688.54323220253	24.939059757171794
189	8937.938	118.53377	9114.234	8803.533	9355.712	129.43611	9534.157	9147.726	1000.0	1000.0	944999	678.2539	114.09641	788.712	-402.21484	678.2533	114.09703	786.37305	-313.95633	678.254	114.09476	789.288	-378.1326	-680.15875	91.96311	4713.477654933929	24.9390352226439
190	8965.201	185.0781	9208.865	8694.726	9351.631	82.501656	9480.019	9243.927	1000.0	1000.0	949999	678.1198	115.4818	788.3748	-252.5785	678.12006	115.47717	786.4214	-250.46161	678.12	115.48004	791.2611	-286.83002	-680.1561	93.139114	4738.356716156006	24.938719570009333
191	7777.9546	2512.7974	9241.876	2771.463	9784.588	83.03447	9928.8	9643.21	1000.0	1000.0	954999	678.3798	115.31775	786.34106	-268.80212	678.38116	115.31043	788.5159	-305.9428	678.3808	115.31264	786.7308	-245.93869	-680.85486	92.37194	4763.461514949799	24.939589095989447
192	9016.861	77.80202	9084.482	8882.248	9705.957	81.13487	9848.021	9533.985	1000.0	1000.0	959999	678.10986	116.791916	786.38855	-398.17944	678.10974	116.794464	787.7403	-517.28644	678.1102	116.79045	786.92865	-488.09958	-679.85944	95.230934	4788.566797494888	24.940452082703512
193	9038.07	182.51144	9363.162	8796.491	9570.629	83.455894	9721.98	9423.763	1000.0	1000.0	964999	678.82623	116.49647	794.75586	-514.13965	678.827	116.48802	788.52686	-544.82806	678.82654	116.49152	792.4003	-475.3357	-680.72565	93.52157	4813.692488670349	24.941411869513555
194	9068.178	111.559044	9234.254	8934.321	9747.667	59.31245	9831.834	9621.038	1000.0	1000.0	969999	679.4393	116.398155	787.53564	-388.50494	679.4402	116.391785	788.44836	-408.35016	679.4396	116.3971	787.7314	-430.22614	-681.44434	92.85887	4838.774425506592	24.94213622501216
195	9106.361	103.474434	9217.576	8947.617	9811.354	71.63789	9912.169	9653.194	1000.0	1000.0	974999	680.0952	115.90876	793.6331	-413.03506	680.0958	115.9034	790.4988	-467.59055	680.0954	115.903336	795.56934	-439.68982	-682.71857	92.28775	4863.761962175369	24.9423690478007
196	8955.5205	113.62561	9156.262	8823.402	9702.875	95.98072	9879.776	9560.553	1000.0	1000.0	979999	680.8462	116.147316	790.91003	-331.2511	680.84686	116.14321	790.0982	-335.84665	680.8473	116.14291	793.53467	-344.0952	-683.07477	89.722374	4888.693332672119	24.94231293396074
197	9228.354	36.281693	9272.129	9181.328	9704.898	90.83908	9843.994	9519.571	1000.0	1000.0	984999	681.2524	116.44745	791.78516	-473.56442	681.253	116.43935	790.6488	-466.7067	681.25287	116.44262	792.6951	-519.6335	-682.77893	91.2884	4913.526360034943	24.941758183658425
198	9003.845	140.81097	9181.204	8834.751	9641.906	94.2159	9739.713	9401.202	1000.0	1000.0	989999	681.7221	116.40881	792.3473	-669.91504	681.7229	116.4019	794.93365	-567.45905	681.7223	116.40694	793.89044	-597.11584	-683.61584	92.31877	4938.370006084442	24.94126266782934
199	9175.848	74.97116	9322.075	9119.257	9885.495	82.85934	10048.846	9727.506	1000.0	1000.0	994999	681.97003	116.3923	793.985	-594.5892	681.9702	116.38759	793.86475	-678.8266	681.9704	116.38921	795.53955	-586.2448	-684.2746	91.39673	4963.689494848251	24.943163300279398
200	9081.089	129.57964	9234.858	8892.807	9766.427	55.266037	9867.863	9703.007	1000.0	1000.0	999999	682.5818	116.66408	796.8927	-484.311	682.5827	116.658966	795.4146	-549.76074	682.58234	116.66025	795.9465	-493.77597	-684.8793	92.10497	4988.7725529670715	24.9438627743721
