Epoch	AverageEpRet	StdEpRet	MaxEpRet	MinEpRet	AverageTestEpRet	StdTestEpRet	MaxTestEpRet	MinTestEpRet	EpLen	TestEpLen	Time Steps	AverageQVals	StdQVals	MaxQVals	MinQVals	LossPi	LossQ	Time
1	1.7950232	5.7449365	31.60304	-9.9078	-35.951706	3.684913	-29.701874	-41.92349	19.665354	83.7	4999	35.83613	29.214169	101.84812	-86.6868	-42.006947	6.98332	30.62266755104065
2	1.8933567	5.88745	35.503323	-8.951032	1.2488315	0.66843474	2.0300126	-0.103315845	20.281633	38.9	9999	157.48474	70.75295	419.50934	-186.39899	-172.21791	98.090294	66.29518294334412
3	2.9674203	43.639545	273.06323	-96.14525	-58.689278	13.828994	-35.93093	-75.211624	45.429905	120.0	14999	371.0902	68.50811	623.00476	-293.00034	-388.28265	364.39554	103.41079211235046
4	33.391502	108.058136	318.042	-143.29373	73.06346	92.53121	287.10922	-5.685563	166.16129	120.1	19999	433.9154	69.42449	733.3329	-395.67642	-447.5219	355.06534	140.40974473953247
5	36.697067	81.74501	244.40225	-85.69299	89.105286	73.14213	196.35115	-63.60955	118.35714	139.2	24999	457.31683	73.08893	761.3337	-540.557	-469.2512	365.34204	177.73461484909058
6	63.001434	106.079506	486.79803	-98.94558	33.90502	25.021624	107.19789	18.036879	120.09524	52.3	29999	468.78784	77.903305	773.2473	-472.32562	-479.6529	378.10828	214.94573736190796
7	40.747955	103.29207	398.04868	-116.58893	131.36203	130.13893	384.61853	6.6764364	108.695656	139.1	34999	478.5145	81.840836	803.112	-582.509	-488.84744	382.2934	251.18599438667297
8	81.51727	85.29507	292.12473	-159.54916	60.39674	65.01294	189.85886	14.000346	112.83721	54.9	39999	481.61057	82.9483	797.67487	-483.52557	-490.99835	381.32922	288.3453245162964
9	104.35637	120.252556	671.5319	-51.44561	110.09767	79.910545	264.62833	8.348383	127.1	100.5	44999	475.9187	79.01375	786.68756	-1424.3466	-484.5272	380.74646	325.2930226325989
10	136.12665	76.651726	354.84448	-81.417885	7.158656	4.1211557	14.693326	2.3961568	145.26471	24.3	49999	470.67047	74.62314	777.1662	-478.08215	-478.6669	338.41116	362.84993600845337
11	67.639336	87.77554	316.7445	-118.50813	-9.591803	37.790363	23.090242	-117.02806	89.51786	82.6	54999	469.50253	74.34783	710.8737	-656.64185	-477.7039	376.72284	401.2584629058838
12	100.68296	96.92321	371.21048	-1.0526515	38.28857	25.11153	68.65861	2.2066238	122.95122	115.8	59999	467.76215	72.76066	680.80566	-730.503	-475.49814	352.8047	439.59056401252747
13	140.56786	144.79504	534.1672	-2.218994	73.162865	95.754944	274.7674	-3.8898196	123.80488	78.0	64999	464.6188	70.14649	647.12177	-380.0625	-472.0574	343.8897	477.95841884613037
14	68.5399	80.63712	282.4964	-61.676994	20.641996	58.22115	162.00221	-71.39848	104.702126	80.3	69999	447.77365	67.12589	616.0421	-365.62027	-454.16534	307.22552	517.3494720458984
15	83.073685	74.45651	232.42809	-27.396473	221.58272	75.38865	405.3247	118.19354	123.8	119.3	74999	424.27377	63.248055	597.5396	-468.984	-429.83685	260.7189	559.022337436676
16	159.3034	131.81818	480.71896	-18.154112	99.83858	78.42796	237.75114	-5.8269596	118.39535	246.4	79999	398.17245	61.01401	573.3655	-435.94998	-403.34036	231.0166	601.7728164196014
17	132.2495	131.36017	503.51898	-21.706305	141.20114	82.466354	276.71	3.3199334	119.21429	144.1	84999	371.9518	58.261265	519.0652	-287.7441	-376.63406	196.98528	643.7215621471405
18	153.88995	115.88824	440.34024	-10.561155	342.67377	136.514	634.1951	137.13301	153.28125	236.5	89999	350.4503	55.279896	483.43082	-265.82938	-354.94943	165.4842	686.4265863895416
19	230.96333	180.1859	565.6621	9.40522	151.51468	195.08803	576.91315	8.883567	163.35484	108.7	94999	330.2954	54.83282	449.5632	-426.82736	-334.4156	143.77055	728.975499868393
20	154.79024	161.37645	727.5281	-31.296186	299.49707	67.073364	404.92285	191.58836	104.8125	125.4	99999	311.42923	53.28235	417.57965	-288.06284	-315.23685	133.93346	771.0089695453644
21	157.8829	102.8842	350.73886	-26.86662	329.38455	240.57556	715.7767	64.219025	129.1892	185.9	104999	292.686	52.02873	416.91727	-253.79012	-296.24115	116.8904	814.2353897094727
22	111.201935	141.19594	823.6225	4.132928	184.83972	106.51289	399.17517	19.18442	99.13461	156.1	109999	281.14017	53.227055	466.78268	-219.83376	-284.79428	114.29993	855.5902006626129
23	211.39496	152.34229	539.93866	10.832093	211.96036	235.45287	859.4476	21.86533	153.96875	248.5	114999	276.57404	53.25606	421.26993	-216.25575	-280.23627	105.16895	898.118674993515
24	387.36053	449.47485	1313.7416	-12.947962	261.54913	104.3188	382.904	94.114655	380.84616	241.5	119999	270.18195	51.58087	386.8731	-228.60832	-273.62625	92.61121	941.4466655254364
25	101.51248	140.4416	810.5532	2.1649024	297.74588	286.6812	993.8396	47.52239	94.41818	289.1	124999	262.89462	49.218433	365.5982	-341.7324	-266.175	93.74506	984.7441906929016
26	302.9052	272.17517	983.5094	-59.487118	277.6882	124.882706	436.02756	144.08049	313.75	177.8	129999	256.5396	47.02387	367.0484	-183.88637	-259.6238	86.61966	1027.9355084896088
27	258.276	174.15991	812.7138	6.856904	124.30038	105.13037	288.7452	28.925669	133.02702	69.0	134999	251.17294	45.748367	358.015	-262.53015	-254.1309	83.4434	1070.870185136795
28	329.83096	223.9654	961.1616	11.793351	269.97495	185.0599	549.905	-20.927134	253.65	266.5	139999	247.09224	44.333	349.2168	-170.8441	-249.95285	73.27304	1114.046709060669
29	215.16469	222.53801	617.83795	-112.96332	465.63165	236.67397	831.8706	63.41048	178.21428	181.2	144999	242.75583	42.513638	338.389	-210.40303	-245.44208	70.65026	1157.4016144275665
30	240.49388	193.68436	989.2606	-4.479582	546.3446	227.78314	954.03455	208.81659	121.82927	321.3	149999	238.07411	42.27129	321.85532	-218.4516	-240.67778	70.425	1200.1993894577026
31	243.36588	154.97891	816.9816	-0.43495542	310.65692	186.45616	703.0645	131.18538	154.46875	219.6	154999	237.06154	41.44977	333.93457	-156.96782	-239.67908	70.583534	1243.856772661209
32	255.09169	139.82399	511.24765	9.090711	184.0418	120.46151	346.691	11.756999	159.19354	131.7	159999	237.12129	41.6867	336.10962	-160.57814	-239.75826	72.097435	1286.9687194824219
33	188.28836	181.4765	968.2241	-56.600464	252.43484	200.32954	693.7973	17.162788	137.32433	153.4	164999	235.24538	41.177624	342.80725	-198.73831	-237.68324	65.966805	1330.0889999866486
34	255.99883	170.61522	664.8092	2.0557835	417.24658	198.74434	703.50916	192.06908	143.57143	201.8	169999	235.11162	41.955288	347.50113	-350.45102	-237.64735	66.64714	1373.9595046043396
35	258.07532	208.63795	925.9767	15.134167	1028.6067	566.7513	2200.3188	323.00012	119.82051	465.4	174999	237.75749	42.09348	354.15292	-331.74377	-240.345	68.50683	1416.7317056655884
36	426.05698	440.13937	1832.7664	24.077852	884.5255	405.77844	1475.7848	185.06374	197.73914	520.1	179999	241.77043	44.053295	370.73553	-375.3995	-244.46616	71.48003	1461.6526432037354
37	422.5785	468.4644	1835.2189	55.503803	828.5754	298.59442	1096.7922	202.38751	252.61905	654.9	184999	247.47249	46.399883	384.76166	-312.55493	-250.24216	71.87208	1505.928920507431
38	273.94003	299.89896	1302.4537	9.990131	70.761536	38.8107	122.075516	30.642572	138.35898	43.1	189999	257.67224	49.968338	404.85504	-187.79343	-260.76755	77.6675	1546.857505083084
39	407.8809	275.04492	1055.3168	25.144156	749.9969	281.21075	1438.714	519.7299	144.6	219.5	194999	269.06134	52.57326	433.82077	-230.64381	-272.36646	86.88641	1590.789431810379
40	531.3933	308.78552	1373.6979	49.453228	386.91068	433.9769	1308.0771	21.005009	182.1923	127.1	199999	283.7438	55.84461	444.89407	-311.34702	-287.3947	89.97881	1629.678361415863
41	585.04877	391.62607	1952.0344	22.381601	542.06793	177.40175	896.93604	360.72574	200.76923	174.4	204999	298.43665	58.14397	450.6257	-279.84088	-302.2278	95.083084	1673.7788591384888
42	450.21216	287.69864	1391.658	18.038519	316.92786	355.01254	1210.961	61.350815	153.51515	114.7	209999	312.99725	59.48184	461.22537	-227.01675	-316.8539	98.02541	1717.1807370185852
43	543.62616	349.57608	1437.2612	67.49839	655.979	386.6842	1337.5045	129.44995	184.34782	225.7	214999	319.99054	59.910576	457.10876	-198.67012	-323.76807	98.9235	1761.4234569072723
44	385.81033	324.36157	1181.4355	13.962388	583.33215	134.17331	868.2801	404.86884	167.14706	214.4	219999	326.21683	59.67253	459.50107	-249.64703	-329.96933	108.18109	1804.8742847442627
45	576.4537	525.9419	2275.6086	33.027344	1081.2018	265.96042	1512.0527	657.83453	229.85715	409.4	224999	331.61932	59.290283	460.56848	-283.42007	-335.30185	109.71705	1849.6246311664581
46	596.0539	542.83057	1926.9506	1.9148915	621.5193	195.57202	1078.3315	372.74136	274.0625	245.4	229999	335.52246	58.273407	463.68027	-331.12732	-339.22137	109.26186	1892.6613686084747
47	488.76657	322.18762	1297.195	21.204176	84.107895	132.11375	466.22525	22.345568	214.14815	49.2	234999	339.66046	56.474316	488.45758	-232.70358	-343.29996	110.4354	1936.429838180542
48	272.3883	330.88766	1153.4264	5.298697	344.1084	500.65866	1700.0541	96.51494	126.475	166.8	239999	341.9911	56.20961	499.17728	-179.90735	-345.49704	108.41146	1979.5636401176453
49	495.93216	404.51743	1547.6249	22.100706	643.2008	419.0709	1806.999	210.5504	201.84	279.6	244999	341.1928	55.838398	484.94757	-273.56757	-344.47226	113.18409	2022.0616495609283
50	434.11743	218.46362	951.1995	17.042442	1471.08	793.5798	2930.483	552.9445	174.64285	536.2	249999	336.78183	53.422775	469.57678	-219.81328	-339.8528	107.11672	2067.2104613780975
51	499.5879	442.31503	1582.1096	24.116737	104.720314	117.402565	362.4526	35.63928	188.38461	49.9	254999	332.29153	52.94813	450.74573	-303.87704	-335.2314	103.5203	2111.1571719646454
52	262.77994	382.31384	2031.5544	4.725216	576.84344	333.925	1154.5487	22.249966	124.42857	220.7	259999	329.2071	54.33324	472.031	-307.05582	-332.3109	105.88095	2155.0413756370544
53	336.25995	297.65497	1405.4862	13.34024	385.4245	135.7755	606.0836	215.48027	126.26316	155.4	264999	331.13403	56.18628	474.9627	-260.8567	-334.2861	100.85673	2199.3772370815277
54	632.1978	411.2024	1479.4493	119.91106	701.0003	332.66675	1371.4147	326.27737	204.68	229.4	269999	334.56448	57.385876	477.10275	-321.95712	-337.81726	100.748116	2243.09974527359
55	367.7548	301.10693	1150.5756	25.15656	267.89227	236.26598	800.02856	13.47373	136.75676	113.7	274999	338.02042	56.57429	481.16995	-217.0001	-341.2702	112.718124	2287.5173304080963
56	431.60464	309.1475	1167.8447	6.9206038	429.9577	373.87656	957.8864	19.346066	173.39285	133.2	279999	341.8258	56.12574	476.25128	-317.23715	-345.04367	105.81712	2332.062919616699
57	602.072	556.3462	2531.019	18.111673	394.97598	342.7594	1048.1688	72.108734	217.36363	185.4	284999	343.62143	54.74188	464.5261	-198.32657	-346.6818	104.97475	2376.548308134079
58	842.21484	781.1564	3172.1294	28.472311	472.91168	360.7236	1094.3314	43.61336	254.7619	140.3	289999	344.25186	53.33796	464.224	-300.5711	-347.25085	105.87246	2421.0031414031982
59	375.17905	384.09564	1792.1569	25.298466	938.74255	595.3352	2622.7236	496.98602	137.88889	263.5	294999	344.487	53.325264	465.65643	-183.39111	-347.45444	109.0476	2465.534220933914
60	570.2765	573.869	2409.989	10.487649	37.6561	7.863185	44.24299	25.62199	184.40741	32.2	299999	347.20734	51.978214	461.67947	-318.86136	-350.21484	106.6313	2509.4494466781616
61	732.25336	427.4124	1499.1716	3.9601743	491.94745	299.704	1081.903	224.45508	239.80952	167.4	304999	350.3476	49.68619	480.05725	-290.5235	-353.27875	103.846756	2553.2926042079926
62	383.9729	452.76584	1530.3953	7.3510528	61.032734	5.9469686	72.78566	56.111286	132.71053	34.2	309999	352.1422	47.53548	480.26636	-202.55714	-354.93866	109.109215	2596.87481546402
63	796.5794	877.5134	4000.6777	2.355212	279.4655	231.98619	797.4402	58.885952	230.2381	106.1	314999	350.9386	48.780655	475.2731	-174.22833	-353.6311	105.60013	2639.2429814338684
64	473.29614	517.7546	1834.1444	16.424662	713.7894	577.9618	1643.209	55.934235	152.66667	206.4	319999	352.0747	49.226265	470.02032	-208.42253	-354.81934	106.41205	2683.6838657855988
65	436.84003	373.0144	1238.9772	-0.51861316	379.0646	500.918	1449.8685	4.925954	142.61111	157.7	324999	355.70218	51.12773	479.35162	-254.79668	-358.60126	111.09064	2728.6013720035553
66	648.02716	809.1085	2889.806	9.660526	642.3243	623.2944	2260.171	65.28663	196.33333	217.3	329999	360.0604	53.10644	487.08353	-247.74588	-362.98575	117.75627	2769.7652966976166
67	519.0549	716.6544	2577.2334	14.609362	318.21942	699.70374	2360.549	19.116228	167.67741	102.4	334999	364.21704	54.460815	500.90555	-298.37527	-367.14185	119.1126	2813.9171113967896
68	481.71524	530.4968	1923.3162	11.953979	643.93866	423.2431	1546.8496	67.53735	153.32259	176.3	339999	366.56854	54.65941	501.38416	-272.85315	-369.2916	118.56759	2858.4114339351654
69	652.1598	646.1643	2776.9775	19.78946	954.61414	405.57614	1922.7305	479.66803	181.14285	234.8	344999	370.84723	54.81219	505.65976	-251.25937	-373.7499	119.79828	2903.2589502334595
70	633.27405	625.16205	2323.7156	19.312822	326.76324	444.69214	1599.3164	91.50508	184.25	100.5	349999	374.80988	54.759357	501.3756	-215.73833	-377.65662	125.82527	2945.5407421588898
71	769.9829	540.41345	1910.8983	21.67007	617.8581	956.7672	3357.924	42.85503	210.04167	168.8	354999	377.7559	54.924892	500.32446	-201.96744	-380.5684	125.12575	2990.66210269928
72	437.93338	566.2739	2161.813	-8.046451	20.864292	1.0491998	23.411802	19.710752	131.55263	25.1	359999	379.89633	56.03823	507.1356	-173.30762	-382.7813	126.62665	3035.295373439789
73	404.59003	465.27707	1912.7681	29.055534	2186.2522	1289.1931	4383.6465	596.65576	130.77142	507.5	364999	383.49533	55.103676	514.95386	-233.2439	-386.4008	130.55067	3080.452078819275
74	883.1934	1200.3326	4819.2153	28.953466	1011.94806	826.3728	3041.2988	256.06113	236.13043	301.8	369999	386.6895	54.081158	515.47394	-256.3485	-389.4995	126.250984	3124.9200785160065
75	375.88208	344.72162	1455.7743	9.118016	302.83716	341.38345	1216.0355	35.742657	128.46153	239.2	374999	388.87988	53.930714	518.49927	-235.38058	-391.74805	133.0035	3169.0711183547974
76	916.99414	833.9805	2921.126	145.46384	21.38111	6.5872335	34.04735	7.868324	289.0	25.3	379999	393.1381	56.25866	530.04736	-209.59058	-396.05447	132.61795	3213.997874736786
77	474.10986	398.0244	1565.2953	27.153366	2212.5398	1306.2736	4242.8516	188.5179	137.45946	553.7	384999	396.77625	57.448326	531.8108	-204.90431	-399.5294	133.75826	3259.8784058094025
78	740.202	785.713	3342.4927	17.896013	1938.9059	1152.116	3654.4062	336.95007	199.64	512.6	389999	399.04407	56.771267	537.71844	-264.93576	-401.87457	133.65614	3306.346751689911
79	830.21326	638.7573	2502.2307	48.098923	865.9791	522.2066	2172.4377	358.19214	225.72728	211.2	394999	401.43872	57.706593	541.47174	-311.28256	-404.23083	133.38937	3350.9816892147064
80	628.17694	502.982	2171.881	35.899082	525.7756	1018.6522	3253.6501	19.399626	175.22223	160.1	399999	403.22467	58.4758	544.913	-221.4784	-406.0969	136.95026	3395.3748800754547
81	327.23618	509.84064	2023.2053	2.8398678	2391.846	1561.7899	4488.362	556.9382	99.81132	557.0	404999	406.14346	57.83183	551.774	-282.2356	-408.98044	148.94316	3439.115800142288
82	581.0735	612.0062	2552.668	-5.1120334	1259.704	1057.1849	4305.244	566.29926	151.0	288.3	409999	408.10544	56.937542	556.9796	-309.4877	-410.87955	145.899	3484.5681595802307
83	1168.4814	693.385	2342.7139	314.60822	785.7835	1010.9809	3214.1592	37.942787	281.64706	217.2	414999	409.83423	58.08071	557.0098	-365.08813	-412.65967	143.02057	3529.917817592621
84	792.6249	1321.3983	4291.935	19.267992	2603.6448	1620.6133	4649.942	356.0942	204.96297	611.5	419999	412.14886	59.54579	564.19604	-379.65186	-414.97784	143.79747	3576.9360525608063
85	653.59216	903.6198	3621.9268	10.80586	1470.5522	797.09033	2995.2156	584.67615	170.7931	354.3	424999	414.84106	61.058117	563.4602	-238.10542	-417.63766	155.25276	3622.336572408676
86	948.1645	561.84717	2070.2188	57.917603	986.67615	727.781	2539.0544	199.05185	278.6111	311.5	429999	418.98193	63.107464	590.4871	-253.07068	-421.8443	141.87825	3667.836785554886
87	592.7795	432.11237	1775.4202	142.78268	545.41425	719.6128	2378.7993	16.776077	194.96153	172.8	434999	423.52512	64.64748	595.5816	-282.00143	-426.37015	144.4371	3712.348005771637
88	1430.6733	1086.1185	4194.306	105.96531	623.34393	673.0609	2223.3193	155.72095	372.25	171.5	439999	425.84708	63.57992	596.07355	-475.52155	-428.6018	157.1529	3757.2056097984314
89	278.178	506.4897	3756.714	4.60268	442.21875	94.97721	724.04553	381.36856	103.13207	193.6	444999	434.39966	62.61316	776.97064	-230.6557	-437.6383	190.45337	3802.910651922226
90	207.13875	103.22325	514.55414	97.37114	443.93695	362.64752	1312.534	130.01709	105.020836	173.2	449999	448.75253	66.41561	716.7948	-332.99164	-452.1577	188.14476	3847.3472266197205
91	568.13104	456.7597	2023.394	135.90111	966.7954	673.126	2549.0764	14.342033	187.16667	279.1	454999	456.7797	68.03363	643.93604	-455.61783	-459.9088	176.74318	3892.793100118637
92	942.98865	1197.3746	3878.8035	-7.899957	725.0737	538.4978	1746.8582	220.4603	236.91304	172.8	459999	453.57568	67.09302	636.0197	-376.28168	-456.4425	180.14563	3937.7035603523254
93	559.5136	1076.1078	4267.794	12.601666	1465.5183	174.20267	1765.847	1203.3947	156.2	321.5	464999	449.52148	65.500275	630.64825	-436.98276	-452.3737	176.48543	3983.2103147506714
94	848.9	771.79095	2510.3037	-6.87379	680.6283	353.1359	1282.511	89.31198	231.60869	164.5	469999	447.1179	65.77016	653.75745	-558.8989	-449.95776	175.4389	4027.9032583236694
95	941.9653	1142.161	4214.7866	14.97467	1816.7028	884.7523	3126.6426	726.7424	228.86363	415.1	474999	445.08783	67.573265	637.71844	-474.0639	-447.9377	181.07848	4073.862228155136
96	256.2157	507.6558	2171.0022	-6.4595585	942.86096	907.06854	2578.7786	58.198578	82.20339	223.6	479999	445.38376	66.809425	640.3666	-433.22632	-448.2431	177.798	4119.733372926712
97	1015.5137	952.69525	3401.561	61.878765	2195.3572	1504.3895	4572.7153	845.0923	251.4	479.1	484999	444.5518	67.54076	635.92236	-666.68243	-447.3258	175.68742	4166.232995271683
98	1930.1543	1167.0507	3899.8882	300.7214	2049.5466	1495.7439	4837.9688	52.85017	464.9	512.3	489999	443.92242	67.20243	642.8281	-404.32013	-446.7305	167.0646	4212.49022436142
99	1420.0798	996.67303	3601.08	33.186134	1086.5223	831.3066	2633.1194	122.83469	363.2	280.9	494999	445.95633	67.62686	693.4437	-331.91736	-448.73404	169.20851	4258.0458562374115
100	558.35626	612.62524	2295.5051	30.064922	1612.7797	1792.7361	4387.5625	18.636131	153.57576	432.8	499999	446.93628	67.60746	644.5488	-451.38147	-449.69736	181.08235	4304.384544849396
101	1045.6586	1188.8964	3832.4363	48.377533	2977.91	1164.9077	4927.2603	1097.192	273.22223	637.4	504999	448.04425	67.89794	648.45135	-294.4978	-450.77884	180.95001	4351.249492406845
102	1468.1912	1149.2892	3917.5208	321.2676	1132.5322	1176.6111	3375.656	22.54086	365.46155	338.2	509999	446.46454	67.7894	637.16864	-369.98257	-449.1396	176.22942	4397.576524972916
103	811.20074	919.53455	3984.9414	64.38263	1017.3136	865.7096	2754.0947	45.828194	221.47826	272.8	514999	447.5594	67.53511	631.92236	-264.7335	-450.46304	168.1246	4443.403105735779
104	885.12714	945.4769	2826.4417	-8.537675	881.3908	801.5057	2971.3096	94.41775	232.04546	263.2	519999	449.6483	67.48901	628.0203	-215.3055	-452.36816	188.01068	4489.670360088348
105	1058.4443	1081.318	3118.4597	28.958023	1153.2604	1530.3125	4401.626	129.17776	268.1875	282.8	524999	448.18246	67.81651	628.8198	-456.41718	-450.8039	168.14922	4535.737009048462
106	1503.8241	1385.7911	4015.9038	42.345325	2032.5961	1333.3766	3959.7493	237.8165	358.6875	465.1	529999	447.30704	67.705086	630.269	-233.43259	-449.965	170.2682	4581.713402032852
107	1145.668	1269.6189	4266.891	150.8177	1997.9564	945.8834	4609.96	1157.2003	307.4375	447.7	534999	448.9501	67.897675	632.44476	-255.56041	-451.6493	158.78506	4627.985643863678
108	1151.602	1101.8268	4305.8037	148.31828	501.17276	384.8282	1596.5643	259.11066	297.94116	147.5	539999	451.3418	69.574005	636.64307	-360.07343	-454.03134	173.56798	4673.026151180267
109	600.66394	674.44824	2165.7395	16.186348	2057.7588	1374.103	3729.5454	400.57205	159.93103	534.5	544999	453.24805	70.68194	679.6772	-217.7971	-455.81656	166.99637	4719.158528089523
110	1864.287	1281.9104	4542.6724	49.288944	965.78845	580.16504	2322.5107	226.7452	476.45456	274.7	549999	455.35538	70.23934	647.1081	-316.1725	-458.0967	169.37634	4764.659807920456
111	1486.0125	888.5187	3126.83	189.42519	949.26483	768.60175	2668.0537	63.17152	359.5	239.9	554999	458.01907	67.64696	638.45856	-402.2378	-460.72885	175.07124	4810.34609746933
112	1134.5659	1228.4734	4269.931	33.93721	2617.5142	1222.995	3956.8992	294.86957	290.16666	701.5	559999	457.738	68.60415	637.99304	-300.15872	-460.3595	173.1085	4855.214053153992
113	1333.5544	692.92096	2808.093	271.35312	792.71326	476.3017	1510.8403	212.157	345.35715	192.6	564999	456.4435	69.96315	632.3892	-331.18094	-459.0745	165.84334	4901.232383012772
114	575.4215	538.295	1718.6023	21.412663	1323.8237	1054.9178	4250.0522	364.94394	153.57576	305.7	569999	458.6798	69.66707	632.46277	-307.43704	-461.3334	171.07283	4945.367087125778
115	2492.2039	1453.9199	4607.0537	139.60493	770.546	736.42224	2680.5864	267.74976	549.0	190.8	574999	459.0661	69.94135	643.55994	-335.0086	-461.66556	179.0085	4987.862476110458
116	1700.8746	930.66016	3836.6096	366.0384	2352.7942	1151.6515	3883.1045	361.1448	392.18182	624.3	579999	460.27625	70.081314	638.3083	-385.7946	-462.9592	168.19955	5034.736959695816
117	1368.4658	1508.8137	4484.4	65.23013	2506.3079	1448.0537	4987.5312	333.60825	331.75	524.0	584999	462.16727	69.09961	639.14935	-298.73282	-464.75226	170.44334	5079.326549291611
118	1301.6005	1287.6687	4741.152	32.882572	1769.7504	1160.5613	4392.6636	331.12225	323.25	388.0	589999	460.96957	70.53842	692.0823	-300.08865	-463.4883	175.75432	5125.922549724579
119	1770.7644	1264.0857	4461.964	146.59468	1732.0358	1284.4331	4016.5156	238.28232	407.46155	403.3	594999	461.2638	70.48145	749.64624	-292.70956	-463.8541	169.99236	5172.624853372574
120	1122.6149	1203.1382	5259.518	44.356625	1760.4059	991.28345	4334.074	403.19254	255.73685	425.8	599999	461.5632	69.97257	864.78064	-460.467	-464.0641	169.41306	5218.928951501846
121	1861.4408	1185.5486	4579.0874	377.7939	1502.4622	989.38	3711.9727	118.41112	434.5	340.9	604999	459.78156	69.536896	952.71313	-212.11668	-462.137	154.87468	5265.299572467804
122	1277.4352	1176.4153	3696.8008	39.687378	518.8648	516.23804	1422.1652	26.389946	293.88235	135.4	609999	458.91965	69.02623	1145.4769	-375.02704	-461.35974	164.53757	5310.72146987915
123	1499.4148	1498.4917	4458.838	35.210583	1243.7495	1465.6616	4450.356	88.92368	366.69232	308.7	614999	459.51053	66.366745	1443.3022	-388.7928	-461.874	166.39737	5356.959183454514
124	93.28589	326.78693	2449.3596	-4.299314	1927.2045	957.09033	3375.3381	698.89294	35.882355	593.3	619999	465.3657	64.52651	2518.9573	-307.96985	-468.52335	273.6667	5403.3667068481445
125	53.536526	462.30316	3312.1616	-136.63817	-35.15466	20.21385	-9.070656	-70.17323	100.31373	93.6	624999	501.38272	80.230095	1947.1917	-617.96844	-507.9661	320.0507	5449.197147846222
126	188.43025	411.20618	1248.4767	-101.66657	552.0666	446.46075	990.9559	-2.284565	283.5	628.6	629999	545.39557	92.55676	959.1161	-668.5546	-550.6879	308.4936	5496.202862501144
127	350.72702	436.4237	953.361	-28.704348	285.02588	235.0823	942.4561	61.12443	437.18182	341.0	634999	552.7814	83.402084	766.0432	-485.16492	-556.94116	294.86597	5541.832013130188
128	211.66525	357.68964	1134.1334	-134.43105	128.22055	136.60928	415.17615	-18.141459	273.55	195.7	639999	544.8477	76.3318	712.94916	-717.9166	-548.2524	262.80286	5587.7596118450165
129	281.8147	217.5793	1139.22	41.18132	487.26483	166.65816	873.6414	336.1344	159.66667	188.9	644999	526.2997	78.069435	795.1836	-721.0498	-528.97906	232.4685	5633.760108470917
130	849.5153	594.6313	2297.314	146.40964	1479.877	507.01923	2526.729	783.52826	278.1111	364.5	649999	508.68243	77.03674	1297.0605	-521.8914	-511.20245	228.67725	5679.981152534485
131	1001.57336	894.9135	3305.5515	103.42182	725.7887	464.22992	1580.2725	100.956375	283.77777	230.7	654999	496.08548	74.367584	972.6807	-426.887	-498.6895	207.88322	5725.523078203201
132	848.9866	730.71796	3368.8835	109.2694	1307.0212	1158.037	3808.0156	128.71077	259.10526	306.5	659999	485.23474	74.95511	865.7816	-291.72385	-487.644	199.46237	5771.901656866074
133	773.2724	664.9245	2650.183	55.921173	2580.1104	1169.8726	4892.5786	1398.5372	212.625	582.4	664999	476.1483	74.96067	662.2983	-326.75635	-478.6352	210.24895	5815.210293292999
134	1191.3188	1356.8153	4117.013	44.160862	1184.294	1083.2153	3380.7925	59.532722	306.06668	321.8	669999	469.34158	74.24435	643.6125	-404.87924	-471.7243	169.05138	5861.213057756424
135	1406.2488	1320.0922	4084.6436	82.8513	1261.7308	512.55096	1883.3878	539.8126	379.6154	322.2	674999	464.2685	73.830444	647.18195	-404.8282	-466.60416	178.56927	5907.142091751099
136	1427.392	1252.3684	4422.868	43.288204	2064.5444	1150.7034	3819.0808	365.84274	349.2	491.7	679999	461.0645	74.44994	636.45764	-430.22574	-463.4692	186.06145	5954.023092031479
137	1661.179	1511.105	4842.5835	215.39743	1104.6227	826.58716	2807.0657	266.68555	399.76923	297.4	684999	459.11765	74.48732	636.04614	-414.69553	-461.5067	172.64592	6000.3200507164
138	1382.2848	1125.9713	4356.1133	24.262245	1539.951	696.7951	2813.3044	493.0301	330.2	372.6	689999	458.34073	74.59749	634.5345	-490.36377	-460.6808	172.58391	6046.8026921749115
139	1756.9557	1278.6942	3854.91	50.151325	1873.2719	1455.3864	4237.1514	557.9938	423.0	459.8	694999	455.6398	75.119446	635.9149	-485.78394	-457.90466	181.45058	6091.953977584839
140	2509.4888	1637.801	4414.616	191.33696	970.33154	726.0877	2226.0657	211.85846	623.0	298.8	699999	453.4075	76.49466	634.40393	-363.70825	-455.75586	166.36584	6137.960643768311
141	1465.6733	1513.2068	3787.2256	8.828442	1200.196	688.2502	2110.7048	38.297512	358.6154	308.4	704999	454.2514	76.64117	628.9091	-271.95035	-456.4996	164.68808	6184.762333393097
142	1375.3977	1283.9341	3969.9548	26.648136	2284.5513	1378.6365	4528.9863	167.76874	313.46667	534.0	709999	452.39813	76.36389	637.3242	-305.39215	-454.57925	173.12338	6231.820657014847
143	1905.5458	1344.6864	3802.451	185.70343	3071.7285	1501.4594	4571.038	356.0516	446.58334	694.8	714999	452.8494	75.57396	627.45026	-486.30893	-455.1245	174.35287	6279.918882369995
144	1317.2871	1351.1407	4075.1184	36.8139	1125.1646	825.0419	2450.3447	194.67662	313.25	268.0	719999	454.25766	72.93468	635.92163	-334.25488	-456.47806	161.18338	6325.400409936905
145	1463.747	899.41895	3585.763	478.5051	1717.7041	759.21423	2791.5996	367.59024	356.14285	398.1	724999	455.663	73.30525	635.1834	-285.28232	-457.8817	156.41377	6372.49503493309
146	1965.9468	1531.5255	4817.5083	29.240276	1616.537	1312.6278	3506.0928	177.006	436.9091	394.0	729999	456.91144	74.09608	626.5696	-354.2009	-459.2142	156.1567	6419.497053861618
147	1552.8481	1454.0731	4081.0583	204.81866	3770.7397	1051.8732	5300.909	2301.8457	402.84616	802.2	734999	458.51892	74.541405	628.74805	-317.98926	-460.70694	152.13254	6467.4090576171875
148	2495.7065	1586.0829	4870.8833	277.96664	1105.8103	1093.3416	3775.0232	194.09329	580.5	324.8	739999	457.7129	74.57793	624.4659	-325.28314	-459.8914	162.74013	6514.091331958771
149	777.633	1295.7072	4779.6074	21.555256	717.89734	666.6596	1926.5383	40.947628	200.60715	173.3	744999	455.74008	76.42601	632.5305	-332.92944	-457.7865	152.7426	6559.107163906097
150	1486.0698	1598.2388	4915.669	36.047577	691.083	732.39856	2102.779	33.134716	324.4	180.9	749999	454.67343	76.69816	634.0954	-350.96204	-456.8189	167.00792	6605.546339511871
151	1481.0228	1065.4364	4255.593	189.72255	760.8351	729.77405	2657.6736	201.41223	345.07144	223.9	754999	455.31992	74.88165	624.31537	-439.73645	-457.4565	170.93242	6651.1310522556305
152	1805.0028	1484.9767	4598.744	10.150121	1550.698	1470.4432	4665.597	252.41217	397.6154	309.5	759999	454.64304	76.15955	623.42346	-560.3351	-456.7918	159.48547	6698.110461235046
153	1272.2723	1303.4856	4425.5835	43.852398	680.4914	1072.3661	3502.6897	44.239967	305.86667	175.1	764999	456.9455	74.760345	627.0043	-415.21338	-459.1524	166.77275	6744.330196380615
154	1720.6302	1940.8291	5170.78	28.261415	2633.0288	1592.4224	4357.5376	203.83849	389.16666	643.5	769999	458.19525	74.34994	617.10516	-409.6513	-460.26984	161.2533	6792.294910430908
155	734.79694	1113.6047	4456.0635	27.24646	312.65594	615.3727	2126.3704	34.699135	195.96666	108.4	774999	457.03186	73.21751	617.22906	-323.61484	-459.07166	153.82855	6835.552448987961
156	1380.4275	1611.7886	4847.1157	33.345432	1799.1774	1265.9551	4213.5195	194.3417	309.13333	419.3	779999	456.1076	74.16023	625.0953	-417.5993	-458.17	162.72176	6882.759272098541
157	1515.0734	1553.1924	4880.653	173.2091	2629.11	1833.312	5000.4834	171.76909	383.75	593.9	784999	456.2942	74.46446	619.5877	-343.58786	-458.35135	149.81886	6930.052344322205
158	2343.922	1335.359	4792.412	678.79834	965.98663	1224.3195	3252.949	63.878372	525.0909	247.4	789999	457.6141	73.80028	917.3785	-310.26544	-459.5937	156.08798	6976.025109291077
159	1187.6265	881.0889	2596.4648	17.950886	1478.7053	1330.2168	4757.0566	15.098994	289.05884	325.9	794999	458.06937	73.86706	1021.8851	-254.7055	-460.1521	165.67189	7022.764081478119
160	1969.6454	1173.6781	4307.015	385.3895	1280.9204	596.23486	1883.262	390.03296	442.81818	273.8	799999	457.76108	73.7994	947.594	-382.20007	-459.77634	158.96465	7068.834393262863
161	1686.2369	1258.7018	3892.2095	64.509964	3037.884	1631.068	5507.2695	418.38885	355.0	567.7	804999	458.0227	73.83983	847.3788	-370.19366	-460.06686	153.53961	7116.151362895966
162	1808.7592	1445.7928	5115.9624	60.704784	1083.7097	872.86505	2749.7131	260.12695	366.57144	250.8	809999	459.31763	74.49928	918.5753	-371.28125	-461.31924	154.20805	7162.722847700119
163	2037.6472	1538.1589	5002.828	157.1113	1250.0374	1514.6156	4754.6655	163.5052	461.72726	326.9	814999	459.39078	75.52213	1131.3667	-416.2936	-461.3592	159.63918	7204.908507823944
164	431.16846	827.3685	3236.2505	-10.01064	765.67316	580.6064	1580.5377	33.83389	111.577774	208.6	819999	459.35876	75.22789	1248.4435	-315.9758	-461.3442	167.6717	7251.224787473679
165	776.82007	755.75336	3158.6968	131.81476	1617.439	824.4041	2901.9673	78.531815	197.72728	354.7	824999	460.1632	74.5356	1131.8367	-427.1431	-462.239	161.20854	7297.694561481476
166	1759.5789	1608.2395	4747.619	213.50769	2087.127	1653.8723	4828.629	318.74423	404.0	457.3	829999	460.27756	75.23315	1036.8516	-238.8494	-462.2131	160.51817	7344.769313812256
167	1132.511	906.37915	2747.2202	62.340477	1954.2258	1172.2278	4644.865	317.57758	285.88235	434.5	834999	461.26758	74.25163	1170.9199	-478.5209	-463.3599	163.08334	7391.703454732895
168	980.45715	882.2726	2947.9382	60.64551	1646.2135	1226.1761	4272.5034	244.96942	249.36842	405.3	839999	461.68375	72.918846	1498.3354	-280.399	-463.59964	159.73083	7438.327600002289
169	1927.0188	1240.4762	4585.5444	134.41641	1917.8258	1389.038	4781.5884	254.7306	406.15384	410.7	844999	460.60226	73.53444	1214.6696	-453.6969	-462.5525	148.89723	7485.877768754959
170	1140.9504	1061.6171	4002.235	30.954199	3704.5886	989.2326	4708.219	1966.1638	275.88235	821.2	849999	462.4894	72.79955	1736.8324	-617.9621	-464.5549	167.3534	7534.316174983978
171	1135.9594	1191.7423	4174.2354	85.71948	1525.6902	945.5501	4010.9248	553.161	274.8421	345.6	854999	462.83023	74.109886	799.7868	-448.06165	-464.8477	162.57414	7579.766341209412
172	1934.4326	1374.2446	4934.698	410.13	1363.4349	753.9574	2675.1375	187.05066	418.25	304.3	859999	462.94955	73.12755	831.3101	-419.38626	-464.9179	153.1166	7626.410801649094
173	1314.0754	1256.5476	4497.1763	29.390795	567.8296	823.0168	2670.1106	94.26142	317.5625	190.9	864999	463.06033	73.73546	739.98956	-480.85315	-465.03076	148.57512	7672.109927892685
174	2125.9507	1548.9115	4494.62	33.672424	1460.607	636.6895	2669.7441	616.92896	475.4	352.3	869999	463.1809	74.47331	1006.10443	-305.96207	-465.1386	156.33739	7718.3881821632385
175	1181.148	926.72394	3389.195	30.78522	2316.6663	1345.581	4831.116	938.52	290.82352	487.0	874999	464.66925	73.19506	738.01904	-467.24597	-466.6869	153.08072	7766.047170877457
176	1706.8248	1704.5508	4661.467	31.32019	2253.3281	1171.7118	4528.6143	645.1126	401.08334	487.1	879999	465.06082	73.5369	888.02106	-343.53433	-466.95706	154.86865	7813.808101177216
177	1655.0293	1019.4533	3813.6528	21.071835	892.70654	789.4801	2523.2998	19.665855	366.8	243.0	884999	465.05078	74.76866	681.21423	-412.97656	-466.9144	154.00128	7860.41498208046
178	817.6202	643.8169	1664.3275	10.255935	35.36639	6.686533	47.353073	25.125893	186.1923	35.0	889999	464.6735	75.78475	629.4381	-403.46545	-466.65085	162.28606	7906.702965259552
179	679.941	590.3493	1947.8511	27.512041	1701.6975	1557.9716	4429.226	225.57715	168.59259	387.5	894999	466.0752	76.19522	635.75104	-384.2925	-468.0449	159.53186	7953.922801733017
180	1286.859	1621.7672	4683.33	21.023365	1021.3179	749.7961	2379.9414	50.07702	295.78946	239.1	899999	467.25467	74.315125	633.34375	-370.52448	-469.2283	147.47086	7999.423323392868
181	1448.6903	1173.0123	3406.3596	1.7164564	1481.2463	1532.5171	4489.001	56.317623	331.46155	393.4	904999	467.53574	74.47343	631.8308	-419.67404	-469.4558	161.71875	8046.62011051178
182	1183.8373	1414.4945	4773.4287	30.14147	372.7144	656.6433	2322.5054	61.392315	272.9	107.7	909999	467.4384	75.13903	635.81506	-295.5229	-469.3322	159.53578	8093.521998167038
183	960.33356	1076.2374	3489.83	31.282133	758.0964	884.82526	2725.1396	86.21908	235.22728	192.2	914999	468.18372	75.4991	637.54175	-428.64258	-470.1749	162.02347	8139.282027244568
184	1218.2079	1689.4869	4994.2	22.037497	3051.8342	1267.9702	4914.604	1018.63776	263.72223	687.7	919999	468.52264	74.13394	631.71515	-344.2269	-470.3759	157.3175	8187.622999429703
185	3087.4685	1271.4679	4791.713	991.36804	4199.3633	1149.1887	5480.566	2478.026	654.75	815.3	924999	466.396	74.84098	636.6745	-282.84183	-468.2624	154.82433	8236.271821022034
186	2068.0085	1797.8129	5011.154	41.733807	758.07916	931.4221	2680.425	37.44513	443.4	168.2	929999	465.80634	75.76742	635.1791	-396.35733	-467.7277	166.6576	8283.259327173233
187	1886.3622	1570.4348	4494.457	51.995136	3078.847	971.81976	4501.377	1675.8817	427.92307	645.0	934999	466.68854	74.75248	1076.1304	-372.13873	-468.57635	158.2046	8330.68064570427
188	2710.9768	1214.9778	5067.921	728.77747	674.2904	751.7676	2201.6626	42.790325	569.44446	192.5	939999	467.63742	75.08993	638.0819	-217.34534	-469.5529	153.30127	8377.857714414597
189	1160.5151	1375.2661	5285.133	79.48612	1426.6055	1781.8805	4649.737	77.142	272.0625	324.3	944999	469.0484	75.94226	648.8646	-255.8195	-470.9666	156.08122	8425.447870731354
190	1711.1536	1544.5654	4788.5234	57.53918	113.83992	186.45415	672.0416	34.89156	394.64285	53.6	949999	469.74338	75.386444	636.8446	-560.3419	-471.5597	158.43898	8471.694758415222
191	1003.982	1020.86847	3282.8594	17.398348	1989.1191	919.60736	3771.941	988.2981	232.54546	483.3	954999	468.84213	74.92466	654.78705	-254.34137	-470.6468	153.13579	8520.0222594738
192	1883.0625	1494.5015	4446.7466	130.84116	1356.2839	1789.2537	4503.6553	30.719536	455.0	321.2	959999	468.31177	74.67937	683.7749	-292.35513	-470.154	154.84042	8567.599467754364
193	758.9035	1137.4707	3394.0874	30.471113	1624.9635	1697.0826	4963.4585	37.829105	199.43478	350.4	964999	469.96503	75.09343	897.4708	-377.9116	-471.8672	145.20659	8615.203713655472
194	904.7385	1184.7045	4475.841	30.721622	2333.599	1347.0544	4751.9067	33.328068	215.64	497.2	969999	471.63754	74.03478	634.0702	-468.40417	-473.41626	153.5124	8663.48399233818
195	3402.8542	988.3041	4895.835	2303.9192	2794.5461	2053.297	5633.9854	145.44281	709.5	578.1	974999	472.0766	74.56023	632.2499	-383.18967	-473.92166	144.52524	8711.500192403793
196	1181.3367	1060.3514	4401.525	161.44917	1856.651	1747.9664	5122.3013	102.50867	279.15	410.6	979999	473.13364	74.49369	849.63684	-262.95764	-474.9378	149.61943	8759.388939619064
197	812.2576	818.3915	3068.8657	30.379398	695.36487	666.3672	2464.9036	53.2995	212.125	205.2	984999	471.57077	75.44197	1005.2799	-277.22705	-473.2519	159.86285	8806.516254663467
198	1825.686	1232.4011	4647.523	95.02135	1839.47	1143.2294	4568.306	390.5841	407.66666	406.5	989999	469.42737	77.185715	1001.38324	-350.29367	-471.2377	163.09341	8854.312480688095
199	1317.2194	1162.8159	3744.6597	38.729637	1012.5591	1001.81354	3822.2688	58.448044	314.86667	272.2	994999	469.4844	76.69775	1342.6818	-220.22406	-471.2543	156.0096	8901.781128644943
200	1237.6527	1351.7485	4445.112	31.872295	540.7002	668.5711	1855.1351	29.705639	305.5	165.5	999999	470.08963	76.17602	1385.1417	-360.91364	-471.9072	154.43736	8949.253122091293
