Epoch	AverageEpRet	StdEpRet	MaxEpRet	MinEpRet	AverageTestEpRet	StdTestEpRet	MaxTestEpRet	MinTestEpRet	EpLen	TestEpLen	Time Steps	AverageQ1Vals	StdQ1Vals	MaxQ1Vals	MinQ1Vals	AverageQ2Vals	StdQ2Vals	MaxQ2Vals	MinQ2Vals	LossPi	LossQ	Time	AVG Time Per Epoch
1	54.838707	16.229015	120.02672	26.89115	149.1672	35.188656	195.20872	91.891	6.036276	16.1	4999	23.877613	13.561304	61.094563	0.047039837	23.87397	13.566266	60.600483	-0.06434477	-25.549158	2.793284	13.613228797912598	13.61323094367981
2	55.26349	18.344004	194.25037	26.81467	452.67667	196.00813	859.1267	222.31512	6.0838394	48.6	9999	47.906628	33.09094	131.48454	3.6334145	47.90668	33.090603	131.06367	3.5635228	-57.89116	6.0961146	30.69701075553894	15.348506450653076
3	484.48074	300.6449	1717.9075	166.00577	1209.8054	1286.7256	4675.9624	297.39133	52.041668	129.9	14999	78.76995	61.476776	195.39352	1.2233081	78.76765	61.479465	197.03851	0.3118	-95.522224	29.081438	48.994030475616455	16.33134428660075
4	1142.9246	870.1151	4742.8413	278.7435	9317.22	0.468564	9318.44	9316.64	122.53846	1000.0	19999	119.17108	86.03832	257.97284	3.1013496	119.169975	86.04222	257.50467	3.503099	-136.98611	84.72684	69.6563708782196	17.414093255996704
5	9328.729	4.072189	9334.59	9322.415	9314.384	3.4885728	9319.29	9311.109	1000.0	1000.0	24999	159.88182	105.95769	306.25217	3.961956	159.8813	105.96111	305.4106	2.935401	-178.84807	196.79283	90.37956714630127	18.075913763046266
6	7834.006	3325.4426	9322.628	398.09	9310.487	0.37142757	9311.318	9310.207	840.5	1000.0	29999	200.8966	121.62753	339.8479	4.0719924	200.89362	121.63367	341.75922	3.8598678	-219.99614	335.41626	110.86090922355652	18.476818561553955
7	9319.166	1.0507076	9320.907	9317.808	9310.045	0.039849255	9310.088	9309.976	1000.0	1000.0	34999	237.944	131.57347	373.43216	5.1899605	237.94324	131.57124	378.28986	2.893779	-256.92844	456.9721	131.3607771396637	18.76582564626421
8	9318.309	0.61948955	9319.205	9317.438	9309.508	0.02742385	9309.562	9309.462	1000.0	1000.0	39999	269.02875	137.9358	398.58014	4.6053905	269.02814	137.93262	401.9509	0.015822798	-287.896	635.1178	152.13064980506897	19.016331493854523
9	9317.552	0.8874902	9318.9795	9316.233	9310.588	0.07149745	9310.747	9310.51	1000.0	1000.0	44999	296.88763	142.48311	418.9947	3.3790412	296.88715	142.48315	421.85028	-2.540412	-314.5961	694.7513	172.87143850326538	19.20793784989251
10	9317.707	0.687268	9318.448	9316.88	9312.181	0.48777512	9312.741	9311.075	1000.0	1000.0	49999	322.924	145.702	439.13577	4.1913886	322.92307	145.70407	441.30417	1.1255388	-340.24353	718.5814	193.43625926971436	19.343626165390013
11	7851.6665	3271.2344	9317.572	536.9643	9310.778	0.8263273	9312.501	9309.854	843.0	1000.0	54999	341.2812	144.58897	457.4209	2.150417	341.28064	144.59044	457.48407	-0.441246	-358.7462	1240.4832	214.1979694366455	19.472542827779595
12	9312.518	2.6850133	9316.345	9308.756	9308.028	1.637802	9311.069	9305.824	1000.0	1000.0	59999	342.4936	136.85802	463.35458	1.6640254	342.49246	136.85043	469.0222	0.42224792	-361.6283	2268.6897	235.04976987838745	19.587480982144672
13	3450.5881	2887.729	9312.783	538.6326	9316.9	0.4045801	9317.523	9316.078	370.76923	1000.0	64999	337.52704	129.81598	480.08282	-1.8805107	337.52884	129.788	481.19418	0.4331238	-357.4723	2644.5857	255.86798477172852	19.682152839807365
14	7282.1367	2954.1746	9343.619	2125.5642	9354.256	0.6030901	9355.182	9353.125	780.8333	1000.0	69999	355.95697	134.45116	496.46298	-0.34863818	355.95856	134.44868	494.41763	-6.4539123	-369.7162	862.7672	276.5590515136719	19.754218084471567
15	8311.024	2301.677	9341.678	3164.3186	9354.757	0.30074447	9355.363	9354.345	889.8333	1000.0	74999	373.20526	137.38	506.10934	-2.1231966	373.20346	137.38992	503.50748	-4.6142845	-386.77985	1004.3237	297.14174461364746	19.809449752171833
16	9334.58	2.3466957	9336.824	9330.662	9354.713	0.4304625	9355.144	9353.626	1000.0	1000.0	79999	384.90643	137.00732	507.4442	1.1768658	384.9049	137.0171	510.095	-3.3956406	-399.1865	1315.9618	317.69134187698364	19.855708986520767
17	8458.041	1733.9733	9327.279	4990.095	9312.927	0.05771724	9313.015	9312.822	907.2	1000.0	84999	387.6958	132.29892	508.21228	-0.44475096	387.69293	132.30173	510.59396	-6.1498504	-402.45505	2329.0613	338.2034101486206	19.894318342208862
18	5724.1313	4066.4197	9320.177	623.1837	3391.2332	3881.821	9312.48	678.4309	614.3333	364.3	89999	371.15298	123.49693	507.1039	-1.3443954	371.15204	123.49055	509.74173	-5.0431757	-389.39853	3763.3816	356.8301012516022	19.823894606696236
19	3212.2456	2861.0354	9316.065	529.688	9306.107	0.07173116	9306.245	9305.999	344.92307	1000.0	94999	374.01428	120.59574	505.2135	-4.368428	374.01715	120.57943	505.43195	-6.26482	-386.89713	1500.213	377.4617521762848	19.866408109664917
20	3726.3157	3671.8347	9320.11	501.87354	2261.471	1226.8651	5791.095	1292.7838	400.07144	243.0	99999	382.16983	120.60862	504.1113	-5.2395267	382.17245	120.61616	504.8716	-8.8973	-392.29153	769.67755	395.9287269115448	19.79643644094467
21	7769.3057	2697.965	9318.472	2411.5127	9308.359	0.91228646	9311.062	9307.781	834.2	1000.0	104999	392.07993	121.17871	508.1334	-6.2045045	392.08017	121.168045	509.79022	-4.770442	-400.95993	622.9421	416.53225231170654	19.834869248526438
22	7289.4575	3241.597	9318.397	1300.8865	9310.003	4.825048	9323.368	9306.217	782.5714	1000.0	109999	399.63083	120.395775	522.445	-3.9781628	399.63263	120.38418	520.1961	-6.8696394	-408.9205	689.84875	437.26949191093445	19.87588608264923
23	4978.0283	3434.508	9323.348	893.742	9315.256	7.9662924	9326.422	9307.289	534.2	1000.0	114999	412.2024	120.544975	522.95624	-5.6130915	412.20312	120.53775	525.25195	-15.128301	-421.79404	573.0698	458.0966885089874	19.91724741977194
24	2350.0566	1780.3112	8895.501	605.1143	9325.731	13.438602	9335.974	9304.516	252.3	1000.0	119999	422.70486	122.36793	522.0099	-8.840203	422.70505	122.36662	524.17706	-8.300922	-432.27353	780.4198	478.7035458087921	19.9459811548392
25	1804.1799	1109.967	4666.438	809.42035	1637.6108	2566.6997	9303.569	622.27295	193.6923	176.1	124999	430.43716	123.069916	522.668	-5.6804094	430.43753	123.063576	522.40546	-14.550154	-440.52628	927.0724	496.72081661224365	19.868832750320436
26	1724.7375	2010.0085	9317.681	426.32877	9305.245	0.16666634	9305.421	9304.951	185.22223	1000.0	129999	428.98206	122.60648	521.7112	-6.2661586	428.98114	122.59942	531.7529	-15.98614	-439.77148	1911.726	517.1363217830658	19.889858603477478
27	1191.0082	734.68567	3923.423	593.79114	929.0563	123.05584	1125.7242	762.5049	127.92105	99.9	134999	419.3584	122.206856	534.55304	-33.24586	419.35645	122.214355	532.87714	-46.028534	-429.88278	1759.4556	535.038281917572	19.816232751916957
28	2129.7239	2241.3713	9318.166	539.3581	3715.2688	3682.0186	9317.654	752.4818	228.7	398.9	139999	415.31354	125.07737	553.87225	-19.026434	415.3117	125.0958	545.766	-49.819294	-425.2963	1469.7701	553.7276034355164	19.775985896587372
29	5618.675	3526.5435	9323.771	1059.4193	8445.049	2619.7854	9320.135	585.6996	603.0	906.3	144999	414.9416	126.52758	560.08636	-20.279081	414.9415	126.53575	554.037	-15.725052	-424.67065	1155.2498	573.9731364250183	19.79217718387472
30	3701.8896	3019.7908	9316.323	558.1533	4043.3496	4301.503	9311.526	436.72443	397.53845	434.3	149999	417.57013	127.07289	563.2883	-23.356785	417.56848	127.071785	550.75165	-21.125893	-428.2398	1229.5262	593.0359072685242	19.76786363919576
31	1110.2386	818.36487	4127.193	408.40955	7585.2993	3455.6873	9313.226	660.0199	119.333336	814.5	154999	414.9581	125.47656	547.1379	-19.313574	414.95596	125.48605	540.3858	-23.212444	-425.6514	1885.5354	612.9237751960754	19.77173473758082
32	1346.2161	1061.7028	4600.421	500.79343	9310.8125	0.097957544	9310.944	9310.612	144.65625	1000.0	159999	397.5072	118.05546	545.193	-20.57383	397.50568	118.06046	531.1151	-22.468164	-411.0614	3636.4924	633.5291790962219	19.79778691381216
33	3046.2197	2547.617	8938.303	433.4361	9314.367	0.27827147	9314.952	9314.024	327.2353	1000.0	164999	380.10513	110.29619	515.7653	-30.397715	380.1043	110.31223	517.8109	-29.954634	-396.47617	3827.9976	654.0550894737244	19.81985125397191
34	5564.0664	3178.144	9312.313	855.31354	9313.485	0.081002906	9313.595	9313.356	597.625	1000.0	169999	377.882	109.49936	486.84836	-20.334846	377.87967	109.51581	494.89755	-23.188526	-394.3558	3240.73	674.7185525894165	19.844663360539606
35	4881.6978	3116.9893	9313.048	994.5486	9310.702	0.15630004	9311.007	9310.449	524.3333	1000.0	174999	376.1133	107.703354	496.8062	-13.933347	376.11487	107.70261	509.68784	-16.479916	-390.93588	3092.5305	695.2509152889252	19.864311926705497
36	2641.975	2583.8655	9312.326	183.59218	8498.82	2429.8872	9309.39	1209.1589	283.85	913.0	179999	369.2537	106.029945	503.04282	-19.206812	369.25623	106.04025	514.7146	-20.923838	-384.14014	3248.5068	715.5200035572052	19.875555707348717
37	3001.1172	2047.5681	7531.831	585.0251	5083.5933	4229.7	9311.921	632.1215	322.46667	546.0	184999	363.32556	104.98758	505.93243	-21.678202	363.32205	105.00131	515.0023	-21.628874	-376.1238	2870.3574	734.7171921730042	19.857221461631156
38	1458.6997	1112.8911	5260.308	408.2418	7574.97	3476.4163	9313.436	612.2106	156.78125	813.4	189999	350.67398	103.514275	507.5558	-24.277847	350.676	103.501144	509.79797	-18.925457	-365.06818	2965.6208	754.6860117912292	19.860158261499908
39	1343.5458	1260.4857	6292.9937	285.79926	9310.868	0.058910277	9310.938	9310.739	144.44118	1000.0	194999	343.9878	100.77269	508.33957	-22.281092	343.98724	100.784164	507.2955	-50.61766	-357.98868	3012.443	775.235467672348	19.87783256555215
40	1518.7018	1017.08276	4058.4111	277.49368	9309.57	0.18081735	9309.917	9309.262	163.2258	1000.0	199999	334.93405	97.162636	475.4822	-31.896585	334.93198	97.13657	479.5537	-21.95763	-348.1837	2760.1096	795.9883153438568	19.899707931280137
41	1296.6042	1148.2	6499.781	200.44398	3182.9421	4017.0261	9319.0205	511.65033	139.37837	341.6	204999	331.02036	94.99733	472.05295	-30.703264	331.02072	95.01056	479.8707	-22.167953	-343.5576	2539.1243	814.5347487926483	19.866701236585293
42	1711.3778	1106.5712	4711.936	463.534	9315.885	0.12732218	9316.048	9315.582	183.92592	1000.0	209999	325.26166	92.4434	464.11182	-24.504866	325.26413	92.44519	470.33075	-19.704187	-338.24045	2640.914	835.2385973930359	19.886633316675823
43	1725.4722	1355.542	6608.1553	295.75534	9311.354	0.26020855	9311.886	9310.783	185.46153	1000.0	214999	323.1196	93.94589	472.9016	-34.01109	323.12433	93.93428	472.20422	-30.102604	-334.93097	2454.7734	855.9940664768219	19.906838799631874
44	1651.3673	1199.4392	5678.595	388.94223	9312.977	0.06939162	9313.082	9312.838	177.5	1000.0	219999	316.35355	94.93157	481.7202	-30.991522	316.35495	94.91351	484.47177	-40.094204	-326.09662	2288.6594	876.6188125610352	19.923154879700053
45	1272.3152	1004.9742	4877.932	192.00578	9316.282	0.4946221	9316.974	9315.445	136.79411	1000.0	224999	308.6903	96.04731	489.60767	-36.017128	308.6912	96.03631	495.84665	-37.838303	-319.12207	2355.661	897.1231999397278	19.936071157455444
46	1402.1028	1322.1438	6768.8516	296.1142	1788.1531	2543.9316	9309.747	575.6447	150.72974	192.2	229999	294.1272	88.074234	483.57074	-25.666431	294.1313	88.031555	491.19925	-37.113384	-304.68652	2344.3	915.4984257221222	19.902139731075454
47	2197.707	2055.072	7594.8125	248.98518	9312.586	0.13268714	9312.843	9312.3955	236.2381	1000.0	234999	277.59485	79.33462	466.57382	-37.298027	277.59735	79.3081	466.43616	-30.375937	-287.5918	2219.5723	936.2089471817017	19.919339342320217
48	2679.373	1951.1256	6878.4473	417.126	6394.6816	3606.112	9309.298	1087.3116	287.88235	687.0	239999	266.23236	72.87107	424.95963	-34.12751	266.23196	72.82626	421.10962	-38.94786	-275.9503	1897.5756	955.8876168727875	19.914325391252834
49	2625.9404	2514.5881	9308.91	239.80904	9312.756	0.16476117	9313.05	9312.485	282.2	1000.0	244999	261.32556	69.28543	391.91605	-51.67142	261.32892	69.23244	390.08618	-33.99065	-271.69302	1954.5668	976.6711304187775	19.93206392502298
50	3283.5718	2857.3318	9310.307	492.05478	9309.078	0.17010054	9309.385	9308.726	352.86667	1000.0	249999	258.04922	67.29336	363.72098	-41.948833	258.05154	67.22114	363.9158	-43.793743	-268.19257	1787.825	997.3379647731781	19.946759328842163
51	2780.4185	2481.3474	8767.4	200.80644	9311.807	0.14444016	9312.104	9311.586	298.83334	1000.0	254999	254.11058	65.211494	346.75702	-32.87267	254.11304	65.14949	345.4205	-30.694796	-263.921	1886.0426	1017.9754943847656	19.96030384419011
52	3856.3047	3976.3584	9309.323	208.77113	9310.8	0.18884103	9311.132	9310.44	414.41666	1000.0	259999	244.1213	64.691536	324.5394	-31.761106	244.12073	64.631805	333.66263	-38.7222	-254.80983	1946.2324	1038.4674127101898	19.970527204183433
53	4242.1646	3608.877	9311.428	360.24768	9309.154	0.11165061	9309.325	9309.028	455.81818	1000.0	264999	243.98882	63.80381	322.55093	-28.022312	243.98782	63.76271	336.0677	-27.117992	-254.3158	1700.8763	1058.9412586688995	19.98002378445751
54	4569.603	2995.6072	9306.863	1143.7739	9310.019	1.1068338	9310.767	9306.764	491.1	1000.0	269999	242.81929	63.908043	334.6909	-19.952915	242.8224	63.8561	361.8587	-30.496857	-253.006	1679.9382	1079.6805131435394	19.994083612053483
55	4966.202	2921.8303	9304.079	452.89053	9314.296	2.3678467	9315.832	9309.523	534.0	1000.0	274999	241.2388	64.170876	344.79874	-81.91902	241.23582	64.1589	359.22916	-42.176373	-250.12512	1545.3286	1100.2116947174072	20.0038490338759
56	5813.859	3031.2104	9307.885	1161.2275	9301.014	0.11301364	9301.187	9300.843	625.0	1000.0	279999	238.87282	64.79544	349.30508	-20.689308	238.87398	64.760475	352.98758	-29.152578	-247.99728	1670.7244	1120.6933417320251	20.01238113641739
57	6702.7407	3389.0989	9306.809	192.1504	9310.839	6.276079	9318.698	9305.451	720.5714	1000.0	284999	241.15878	64.165085	359.99847	-58.12039	241.15912	64.16487	364.767	-43.797863	-250.24213	1579.164	1141.2310461997986	20.02159733103033
58	9307.942	2.0632577	9310.759	9304.706	9316.901	0.1842256	9317.145	9316.609	1000.0	1000.0	289999	247.09044	65.12984	376.5919	-42.374878	247.08553	65.1274	378.39032	-18.447628	-257.31326	1662.9808	1161.7821798324585	20.030727271375984
59	7892.7837	3181.0127	9320.4375	779.82574	9317.315	0.4509893	9317.97	9316.436	847.3333	1000.0	294999	254.38646	66.42764	387.6976	-16.883568	254.3835	66.41503	390.35165	-18.321049	-265.5604	1769.2614	1182.4313852787018	20.041209952305937
60	9318.2295	1.2644641	9319.422	9315.977	9315.748	0.10549949	9315.826	9315.466	1000.0	1000.0	299999	264.89975	67.54085	394.09305	-24.657146	264.8972	67.52787	395.24435	-29.857784	-276.15778	1825.7224	1203.0542199611664	20.050903697808582
61	9320.896	0.9163799	9322.375	9319.741	9327.714	7.6231527	9350.576	9324.855	1000.0	1000.0	304999	277.52844	70.04241	396.55737	-53.66988	277.52237	70.03371	407.6881	-29.148413	-289.29468	1827.1252	1223.4566025733948	20.0566656511338
62	5845.2812	4095.5186	9321.441	520.54736	7585.5596	3462.686	9317.222	604.52203	627.25	814.2	309999	283.69373	71.86164	391.7943	-47.003147	283.69302	71.81653	390.86215	-17.314432	-295.71466	2156.7888	1243.3875136375427	20.054637343652786
63	5038.754	3877.5178	9321.758	455.53647	8467.933	2565.132	9323.167	772.5376	540.7	908.3	314999	286.36853	73.206825	393.20407	-63.443863	286.37302	73.12672	391.2435	-36.12194	-299.1939	2451.057	1263.4922714233398	20.05543291001093
64	6551.3047	3128.029	9321.4795	1154.5768	9317.575	0.1424416	9317.872	9317.38	703.0	1000.0	319999	285.61536	74.7574	397.05798	-62.706825	285.6174	74.70556	396.24405	-32.551174	-298.0808	2479.6553	1284.0419526100159	20.06315553933382
65	6572.716	3742.9966	9322.892	463.00458	8432.817	2671.618	9323.75	417.96252	705.25	904.5	324999	279.41235	77.91343	402.94427	-56.97975	279.4176	77.862625	402.95175	-25.493065	-291.44955	2390.3174	1304.403226852417	20.06774198458745
66	9319.393	0.7294611	9320.308	9318.384	9318.218	0.06938681	9318.317	9318.027	1000.0	1000.0	329999	272.35095	83.5042	406.8104	-25.925203	272.35458	83.466576	403.0127	-24.14855	-285.8056	2405.0396	1324.953001499176	20.075045502547063
67	8321.766	1992.4799	9319.839	4336.8076	9317.627	0.19043119	9317.991	9317.21	893.2	1000.0	334999	268.45303	88.53122	402.90485	-22.424316	268.45062	88.47776	402.67026	-34.425777	-280.97882	2074.1653	1345.2060515880585	20.07770228741774
68	8291.997	1550.8625	9316.872	5278.524	9314.533	0.06987985	9314.616	9314.396	890.3333	1000.0	339999	273.24442	88.07155	397.32968	-23.272076	273.2493	88.03031	396.96448	-28.431206	-286.33142	2075.1409	1365.9004292488098	20.08677104992025
69	9314.451	0.9328583	9315.428	9312.886	9311.306	0.17670709	9311.543	9310.99	1000.0	1000.0	344999	285.59766	83.12556	395.93765	-37.265953	285.59766	83.09199	390.78564	-19.164005	-297.85306	1936.848	1386.4207298755646	20.093054080354996
70	9312.271	1.2330345	9313.709	9310.452	9309.177	0.054306887	9309.261	9309.097	1000.0	1000.0	349999	288.81564	77.36125	381.6412	-34.067196	288.81274	77.340355	381.40564	-38.98135	-300.1377	1987.832	1407.0179278850555	20.10025613989149
71	9315.265	1.450511	9317.764	9313.795	9316.57	0.34446505	9316.968	9315.953	1000.0	1000.0	354999	290.8528	76.91732	379.61765	-42.67907	290.85242	76.89202	379.23035	-28.557226	-302.58438	1931.9095	1427.80464220047	20.10992456825686
72	9315.296	1.0279887	9317.301	9314.417	9314.185	0.36618006	9314.8	9313.682	1000.0	1000.0	359999	292.126	77.68632	380.02774	-39.837406	292.12396	77.652	381.8742	-27.99378	-303.23596	1798.6846	1448.4250483512878	20.117014583614136
73	9312.383	1.7531523	9314.482	9309.44	9312.955	0.05283194	9313.016	9312.814	1000.0	1000.0	364999	292.73572	76.479004	377.8107	-14.4021	292.73407	76.437706	389.56046	-31.457092	-302.98364	1684.1826	1469.0449306964874	20.123903189619927
74	9312.015	1.9989299	9314.276	9309.246	9310.911	0.21387209	9311.144	9310.426	1000.0	1000.0	369999	295.63138	74.763054	382.75607	-25.92956	295.63065	74.72396	377.4752	-23.839508	-305.87607	1634.3876	1489.6584911346436	20.130520173021264
75	9312.456	1.3812878	9314.341	9310.555	9311.817	0.29130042	9312.265	9311.291	1000.0	1000.0	374999	296.3643	75.083046	378.45193	-31.598824	296.36053	75.058304	390.834	-41.286972	-306.83176	1768.1946	1510.3469996452332	20.13796002070109
76	9313.322	0.86365557	9314.915	9312.315	9311.654	0.17370217	9311.976	9311.385	1000.0	1000.0	379999	298.69513	76.94303	383.82492	-48.086617	298.6963	76.9107	382.23868	-24.31619	-308.81824	1705.7676	1531.1461327075958	20.1466596691232
77	9311.651	1.2889314	9313.628	9309.58	9315.179	0.28092733	9315.53	9314.556	1000.0	1000.0	384999	296.74487	77.61519	384.6881	-24.115107	296.74728	77.58672	384.28452	-32.12107	-307.2374	1883.0789	1551.777985572815	20.152960873269414
78	9312.506	0.8710561	9313.933	9311.589	9311.797	0.14139633	9312.155	9311.621	1000.0	1000.0	389999	298.25607	76.31033	395.90884	-28.500956	298.25436	76.29832	383.60516	-24.554314	-309.09137	1708.7632	1572.310463666916	20.15782648172134
79	8959.182	705.66797	9313.568	7547.8506	9309.644	0.15715133	9309.852	9309.353	962.2	1000.0	394999	302.3886	73.6974	379.15082	-31.604685	302.3865	73.67187	379.87628	-18.963964	-312.6116	1589.9254	1593.0417227745056	20.165085122555116
80	9311.508	2.5457325	9315.272	9307.509	9315.959	0.30703023	9316.364	9315.424	1000.0	1000.0	399999	304.7799	73.3528	386.66113	-11.340132	304.78085	73.33243	386.73917	-18.116226	-314.33783	1657.1215	1613.7246310710907	20.17155791223049
81	9311.331	0.7589539	9311.963	9310.119	9319.512	0.19767131	9319.891	9319.178	1000.0	1000.0	404999	306.51138	73.38723	384.43466	-45.215946	306.50992	73.37301	382.4587	-44.83611	-317.37845	1801.9698	1634.3358104228973	20.17698534329732
82	9311.026	1.3905613	9313.281	9309.137	9311.635	0.23823681	9311.911	9311.232	1000.0	1000.0	409999	310.29382	73.98282	391.62643	-52.54061	310.29666	73.95881	386.76407	-23.364155	-321.33777	1866.7384	1654.7478911876678	20.17985235190973
83	9310.08	1.6449164	9311.93	9307.296	9311.479	0.24306422	9311.86	9311.051	1000.0	1000.0	414999	311.3366	73.04424	393.65192	-43.623936	311.3371	73.011925	387.73325	-27.230686	-322.20828	1985.4738	1675.1696655750275	20.182767078100916
84	9310.942	1.2169261	9312.989	9309.613	9304.378	0.06874473	9304.477	9304.257	1000.0	1000.0	419999	311.9548	72.260345	388.60358	-21.264082	311.9518	72.24283	384.92297	-16.746418	-322.3775	1751.0938	1695.6247053146362	20.186008419309342
85	7315.601	2625.0605	9310.783	3274.1501	9306.764	0.05848949	9306.876	9306.688	786.1667	1000.0	424999	311.20438	70.04966	386.17093	-21.525366	311.2048	70.02467	383.89166	-29.216732	-321.6108	1827.399	1716.28640127182	20.191604740479413
86	8022.244	2494.5896	9313.819	2494.3826	9311.732	0.061230548	9311.785	9311.573	861.6667	1000.0	429999	312.7324	69.63969	386.3911	-29.321243	312.72937	69.63297	389.07498	-16.583504	-323.0689	1830.1052	1737.059820652008	20.19837002975996
87	9312.092	1.0579709	9314.017	9311.241	9309.795	0.12935528	9309.936	9309.602	1000.0	1000.0	434999	315.94522	71.47608	404.56992	-16.03105	315.9424	71.466484	391.63538	-33.25697	-327.17426	1890.2664	1757.7153587341309	20.20362483221909
88	9312.029	1.1366627	9313.47	9310.663	9310.481	0.18016903	9310.843	9310.161	1000.0	1000.0	439999	318.5227	71.978546	393.0744	-68.99709	318.52417	71.95365	392.13284	-15.715352	-329.5526	1992.6757	1778.3340830802917	20.208341872150246
89	9311.563	1.6882939	9313.943	9308.796	9313.99	0.06636387	9314.111	9313.864	1000.0	1000.0	444999	320.41302	72.4244	399.7046	-54.409058	320.4152	72.40449	398.15863	-17.125372	-331.01727	1865.6284	1798.9184217453003	20.21256655521607
90	9313.6	0.48309177	9314.187	9313.031	9312.5	0.1609605	9312.845	9312.284	1000.0	1000.0	449999	323.37106	73.409874	399.7078	-18.41064	323.37088	73.38668	397.91782	-10.891135	-333.8366	1832.079	1819.5123357772827	20.216803754700553
91	8631.535	1521.0977	9312.569	5230.258	9310.675	0.097161345	9310.809	9310.524	927.0	1000.0	454999	324.76434	74.18144	400.2206	-16.643288	324.7604	74.16231	405.78735	-24.23081	-335.33472	1975.4716	1840.047354221344	20.220300619418804
92	9311.773	1.2287282	9313.048	9309.603	9312.806	0.9417659	9313.837	9310.994	1000.0	1000.0	459999	324.63376	75.258736	402.8902	-27.229485	324.63217	75.25048	401.58276	-24.653725	-335.0732	1965.018	1860.6407794952393	20.224356317001842
93	9312.08	0.89065903	9313.259	9310.531	9314.263	0.08485367	9314.343	9314.061	1000.0	1000.0	464999	326.58038	76.25179	401.32083	-46.993935	326.58105	76.22612	401.0364	-42.759014	-337.00812	1850.5452	1881.0147318840027	20.225964879476894
94	8419.867	1782.7914	9313.686	4854.2856	9312.468	0.099608414	9312.618	9312.253	904.4	1000.0	469999	328.15076	77.0976	407.70532	-20.728527	328.14963	77.08932	405.6131	-16.680994	-338.6316	1944.8452	1901.658099412918	20.23040533065796
95	9313.311	0.81585693	9314.496	9311.984	9311.338	0.10479521	9311.426	9311.133	1000.0	1000.0	474999	329.2244	77.52909	410.23502	-33.36756	329.2221	77.51701	405.4594	-21.975658	-339.64435	1845.317	1922.2611684799194	20.234328109339664
96	9312.016	1.0619184	9313.537	9310.514	9312.991	0.06042468	9313.077	9312.87	1000.0	1000.0	479999	329.54715	77.91011	406.1367	-26.708126	329.5466	77.893	405.08203	-26.740822	-339.72757	1909.9915	1942.7713837623596	20.23720193405946
97	9307.697	3.1186943	9311.892	9303.511	9312.208	0.08873294	9312.343	9312.052	1000.0	1000.0	484999	325.6676	74.071236	401.0978	-48.651844	325.6664	74.056465	409.57288	-29.076515	-336.13446	2201.4097	1963.5329184532166	20.242607428855504
98	9309.387	2.8903732	9313.606	9305.307	9316.994	0.23407798	9317.326	9316.571	1000.0	1000.0	489999	322.7425	72.02012	393.838	-22.722427	322.7446	71.98871	401.2223	-17.793629	-332.86978	2113.9084	1983.9273653030396	20.244156808269267
99	9167.745	288.70917	9314.182	8590.341	9320.983	0.21215738	9321.362	9320.682	984.6	1000.0	494999	322.45148	72.54358	397.6104	-23.90112	322.45285	72.52302	397.45926	-29.663788	-332.6439	1921.7196	2004.367588043213	20.246137274636162
100	7449.645	2473.7827	9313.016	2548.2466	9313.111	0.3045715	9313.785	9312.621	800.2857	1000.0	499999	320.97827	74.02078	396.13364	-34.421535	320.97678	74.00997	397.05124	-49.376156	-331.01556	1966.4008	2024.9823520183563	20.249823541641234
101	9310.193	2.7420588	9312.318	9304.869	9310.291	0.47531486	9311.0	9309.45	1000.0	1000.0	504999	315.7286	75.23365	391.8862	-30.509497	315.72772	75.20954	393.63535	-36.809326	-325.7655	1947.1188	2045.596780538559	20.253433487202862
102	8681.263	1260.081	9312.594	6161.1016	9316.07	0.21356799	9316.38	9315.708	932.4	1000.0	509999	313.86957	77.6138	393.2315	-40.555275	313.8674	77.60505	395.62375	-22.198566	-324.1611	1864.542	2066.285607099533	20.257702051424513
103	9310.714	1.4250277	9312.035	9308.593	9315.224	0.17857027	9315.539	9315.007	1000.0	1000.0	514999	310.10162	78.54737	390.4677	-29.01985	310.1029	78.52242	388.80792	-16.315731	-320.91913	2000.3704	2086.79434800148	20.260139321817935
104	9310.483	3.0041406	9312.879	9304.655	9312.524	0.6673417	9312.787	9310.526	1000.0	1000.0	519999	308.49713	79.92352	393.3424	-22.576002	308.49817	79.90652	395.92862	-27.329823	-318.74432	1890.552	2107.4928817749023	20.264354650790875
105	8304.085	2257.1611	9315.066	3256.9211	9309.104	0.09084604	9309.186	9308.902	891.6667	1000.0	524999	312.51047	80.13415	393.63242	-53.817894	312.5098	80.12997	390.87564	-35.19357	-322.86523	1745.4944	2128.022609472275	20.26688201313927
106	9313.232	0.73707247	9314.096	9311.934	9314.675	0.30964363	9315.16	9314.219	1000.0	1000.0	529999	319.79205	80.171974	407.0384	-31.158272	319.7919	80.1636	398.61658	-21.693367	-329.68912	1601.9504	2148.6569163799286	20.270348285729032
107	9312.854	1.3274046	9314.733	9310.787	9310.669	0.23295182	9311.021	9310.289	1000.0	1000.0	534999	327.19727	79.67726	402.78302	-61.379787	327.19623	79.66139	404.04694	-33.043102	-337.0425	1682.0354	2169.3294880390167	20.27410738490452
108	9311.861	1.1841136	9313.528	9309.926	9310.974	0.1293715	9311.152	9310.724	1000.0	1000.0	539999	329.22638	79.144356	405.2036	-22.796463	329.22763	79.112625	413.49643	-53.102966	-339.33206	1668.5822	2189.9479377269745	20.277295739562422
109	9312.74	2.6032188	9317.484	9309.787	9311.894	0.11683541	9311.994	9311.584	1000.0	1000.0	544999	335.69592	80.11451	423.98416	-28.970394	335.69815	80.07249	418.35333	-25.068281	-345.32663	1609.5007	2210.3510222434998	20.27844976285182
110	9312.15	1.0477598	9313.426	9310.906	9314.928	0.18386056	9315.047	9314.409	1000.0	1000.0	549999	339.77322	79.44312	422.3051	-28.686045	339.76956	79.430885	421.5281	-16.671824	-349.46463	1731.9402	2230.643402338028	20.278576404398137
111	7741.4077	3137.5708	9313.339	1466.2671	9309.56	0.08383094	9309.712	9309.458	831.6	1000.0	554999	342.06714	77.051926	421.33658	-54.02584	342.0678	77.03123	421.9953	-23.269264	-351.27322	1708.4672	2251.08043885231	20.280003968659823
112	9312.438	0.8182441	9313.419	9311.035	9315.198	0.1791557	9315.516	9314.873	1000.0	1000.0	559999	342.73645	78.486565	417.61694	-21.56453	342.73624	78.47298	431.55017	-46.69983	-352.1984	1732.6016	2271.78089594841	20.283758016569273
113	9310.986	0.9900419	9312.291	9309.254	9313.26	0.13029481	9313.444	9313.0625	1000.0	1000.0	564999	338.01855	78.822334	424.94305	-28.107653	338.01788	78.813446	440.02368	-31.227903	-348.21457	2072.3188	2292.4806072711945	20.28743901927914
114	9309.396	1.1359415	9311.066	9307.656	9311.482	0.14936809	9311.713	9311.251	1000.0	1000.0	569999	332.249	76.386475	423.33475	-25.694582	332.25192	76.36334	418.193	-30.349789	-342.72098	2169.4128	2312.940101146698	20.288948272403918
115	9310.582	1.4202613	9312.145	9307.972	9317.377	0.72429806	9318.179	9316.22	1000.0	1000.0	574999	324.43317	75.490425	397.9716	-29.045963	324.43304	75.47208	398.53513	-45.572678	-334.73813	2011.4628	2333.626664876938	20.292405798124232
116	8536.795	1732.0806	9313.012	4663.745	9323.785	0.13548551	9324.04	9323.604	916.8333	1000.0	579999	320.3543	75.90225	410.4297	-36.103767	320.3536	75.88034	416.44028	-28.634638	-331.1195	1969.9016	2354.1975581645966	20.29480655439969
117	8017.3833	2895.0562	9314.4375	1543.843	9321.957	0.3257939	9322.505	9321.58	861.0	1000.0	584999	316.9078	75.39906	406.97412	-24.936926	316.9061	75.37349	400.3064	-22.841898	-328.3534	2128.222	2374.917323589325	20.298438679458748
118	7490.574	1431.5839	9313.422	5363.1567	9317.703	0.12603295	9317.824	9317.439	804.5	1000.0	589999	315.7781	72.14661	401.0992	-22.836956	315.7783	72.1371	395.45142	-17.108498	-326.9375	2132.943	2395.446019887924	20.30039001319368
119	6542.403	3438.8796	9312.501	210.94528	9315.695	0.9200456	9316.144	9312.968	702.8571	1000.0	594999	312.23828	70.01585	395.91788	-16.029013	312.23712	70.00219	401.2094	-11.224319	-324.0902	2164.2031	2415.8867802619934	20.301569598061697
120	8143.375	2613.2017	9314.719	2300.08	9317.983	0.042718332	9318.08	9317.926	874.5	1000.0	599999	316.6151	68.88804	387.9308	-31.127348	316.616	68.8512	387.06345	-35.766697	-326.96942	1749.4584	2436.0220263004303	20.300183566411338
121	8082.8257	2750.9893	9314.378	1931.4274	9321.343	0.30045846	9321.891	9320.739	868.0	1000.0	604999	323.39474	72.42818	391.41516	-81.11643	323.39343	72.425476	393.18552	-49.69799	-333.09302	1499.5251	2456.749623298645	20.303715908822934
122	9312.93	1.0195696	9314.28	9311.754	9314.453	0.18439895	9314.614	9313.935	1000.0	1000.0	609999	328.42496	75.03754	411.89902	-71.02344	328.42368	75.026405	405.636	-37.356434	-338.2625	1581.3566	2477.558968782425	20.307860415489948
123	7697.531	2295.2927	9312.339	4029.6382	9309.231	0.10146104	9309.31	9308.95	826.8333	1000.0	614999	335.7141	74.453835	398.74704	-53.445225	335.7129	74.456184	398.23734	-48.622513	-344.61	1552.2084	2498.1040160655975	20.309788764007692
124	8420.018	1281.2412	9308.381	6017.3027	9311.771	0.20848157	9312.045	9311.313	904.8	1000.0	619999	336.29236	75.6705	416.80923	-45.320717	336.2949	75.64932	407.43396	-49.550053	-344.70367	1658.9553	2518.723673582077	20.312287705559886
125	8446.622	1728.8638	9312.68	4988.895	9312.48	0.06918585	9312.589	9312.391	907.2	1000.0	624999	335.8836	76.09239	403.53513	-33.378532	335.88358	76.07767	411.7023	-29.415367	-345.2245	1655.9858	2539.2944781780243	20.314355840682982
126	8269.651	2322.562	9311.572	3076.2466	9312.871	0.23529847	9313.205	9312.492	888.5	1000.0	629999	334.25708	74.7808	404.44086	-62.179516	334.25745	74.744545	400.54193	-19.91441	-344.18375	1844.8903	2559.9526476860046	20.317084518689956
127	7407.767	2765.0574	9309.818	2479.518	8002.728	2725.6865	9310.843	1041.2728	796.0	859.7	634999	332.2463	73.06281	402.87506	-19.633398	332.24426	73.05376	397.82907	-34.102512	-342.0286	1949.2568	2580.0372438430786	20.315253907301294
128	5680.672	4122.97	9309.383	118.914955	9306.303	0.3497966	9306.714	9305.429	610.44446	1000.0	639999	323.74686	69.65249	394.64584	-14.423609	323.7465	69.63259	397.2669	-30.793526	-334.3932	2161.076	2600.6431035995483	20.317524263635278
129	6292.053	2943.055	9312.645	1318.751	9320.313	0.7615492	9321.196	9319.0205	676.2857	1000.0	644999	317.78775	64.386795	387.51437	-25.745413	317.78854	64.35503	387.43558	-35.02571	-328.8981	2175.766	2621.108388185501	20.318669690642245
130	9311.334	1.9321358	9313.63	9307.805	9326.544	0.47017372	9327.283	9325.97	1000.0	1000.0	649999	313.75836	60.525345	372.91428	-35.185078	313.7602	60.49238	368.75177	-38.771774	-323.90247	1936.8048	2641.753361940384	20.321179720071648
131	2415.48	2158.116	7988.358	490.91257	9313.663	0.39684466	9314.266	9312.94	259.5238	1000.0	654999	305.41394	55.47829	364.27634	-50.372223	305.41208	55.44218	362.29825	-52.840824	-316.65182	2215.402	2662.2108342647552	20.322220125271162
132	1776.409	1907.1414	9319.693	454.29715	582.8499	77.19148	687.82904	445.59042	190.81482	62.7	659999	297.73932	54.609962	377.19495	-31.3863	297.73532	54.60386	370.32153	-40.607483	-305.80518	1755.402	2680.115472316742	20.30390510775826
133	1260.2943	1148.928	6926.4585	378.82233	763.54944	139.16763	1135.671	622.32404	135.48648	82.1	664999	290.3777	53.93599	364.12485	-83.11396	290.37817	53.911823	358.73517	-81.935646	-298.1498	1636.6407	2698.053407430649	20.28611585968419
134	1114.9741	773.09143	4495.3228	436.77795	9352.063	0.13266917	9352.243	9351.759	119.731705	1000.0	669999	284.7166	51.74509	379.8282	-51.16021	284.7141	51.737503	388.66293	-59.088898	-293.51065	1445.3948	2718.7845556735992	20.289436996872745
135	4940.4004	3999.6438	9334.098	652.29425	9349.913	0.24583553	9350.127	9349.426	529.5	1000.0	674999	293.23798	53.87014	361.08868	-64.74041	293.23608	53.85708	358.22678	-26.349354	-301.42087	1136.5977	2739.4650180339813	20.29233348104689
136	9335.107	1.6553603	9337.165	9332.175	9353.296	0.26266772	9353.555	9352.792	1000.0	1000.0	679999	304.35846	58.62038	382.31717	-20.515678	304.35464	58.627934	384.01013	-21.119905	-312.48486	1171.6904	2760.204913377762	20.295624375343323
137	9337.399	1.907822	9339.433	9334.299	9359.812	0.13364464	9359.991	9359.542	1000.0	1000.0	684999	317.1466	64.9097	396.4673	-40.087128	317.14435	64.911766	402.12527	-47.248276	-326.43533	1215.8412	2780.694584131241	20.2970407740043
138	9347.581	1.3423847	9349.549	9345.645	9359.641	0.26154307	9359.818	9358.892	1000.0	1000.0	689999	333.9532	70.53017	409.21442	-15.98971	333.95123	70.53487	418.85516	-27.546011	-342.60934	1025.2043	2801.4235825538635	20.30017090189284
139	9348.557	0.70345736	9349.519	9347.664	9359.34	0.19475825	9359.539	9358.834	1000.0	1000.0	694999	353.385	73.63078	446.42426	-27.50017	353.38617	73.625534	471.53702	-45.203518	-360.92435	1037.997	2821.986274242401	20.302059540645683
140	9346.387	1.8143566	9348.544	9343.598	9359.381	0.106181584	9359.502	9359.202	1000.0	1000.0	699999	367.57306	74.81302	433.2519	-32.028603	367.57315	74.82069	447.9327	-46.171677	-374.35205	1165.3423	2842.601502895355	20.304296464579448
141	9344.302	1.9391607	9346.841	9341.632	9359.128	0.11501941	9359.28	9358.92	1000.0	1000.0	704999	381.45175	76.34963	461.8203	-86.49707	381.45056	76.35527	487.71158	-39.03505	-388.7015	1283.367	2863.2251880168915	20.30656163066837
142	9342.598	1.8997291	9343.882	9338.817	9342.257	1.328518	9344.475	9340.332	1000.0	1000.0	709999	385.71106	77.12186	457.70142	-53.132145	385.71182	77.12085	453.96423	-82.29947	-393.10092	1608.9028	2883.9605276584625	20.309581192446426
143	9317.074	14.279064	9333.384	9300.817	9301.818	0.17383114	9302.156	9301.643	1000.0	1000.0	714999	374.62863	71.75691	449.75665	-115.50212	374.62656	71.774445	450.23187	-61.170467	-381.0717	1886.3	2904.6037199497223	20.311914138860637
144	8245.19	2378.0706	9317.243	2927.6738	9311.631	0.17534098	9311.924	9311.379	885.8333	1000.0	719999	353.80164	63.180305	426.48828	-71.941574	353.80188	63.181934	435.32962	-68.80029	-361.0451	2125.423	2925.1881804466248	20.31380682024691
145	6805.747	3961.9956	9315.68	490.29343	9323.461	0.87045753	9324.822	9322.326	731.0	1000.0	724999	333.7926	57.86663	442.78796	-69.515724	333.79367	57.837498	473.1949	-84.91034	-342.03073	2466.9004	2945.758160829544	20.315573537760766
146	7779.7524	2280.6477	9319.0	3491.8994	9351.33	0.82908845	9352.098	9349.003	835.3333	1000.0	729999	317.6442	56.981556	452.72278	-94.325264	317.64352	56.96603	471.6476	-148.81721	-325.59717	2230.244	2966.2837874889374	20.31701225450594
147	8256.264	2385.659	9327.945	2921.775	9352.005	1.2461398	9352.983	9349.044	885.6667	1000.0	734999	306.46085	59.295982	472.8306	-84.18037	306.46008	59.295425	507.22778	-106.69117	-314.78406	1894.0103	2986.6086931228638	20.31706595258648
148	7887.09	2869.2388	9324.594	2148.614	9351.546	0.25967127	9351.928	9351.055	846.2	1000.0	739999	302.45737	61.348957	465.15094	-61.130276	302.4565	61.355827	474.02695	-81.45273	-309.45383	1816.7412	3007.2718634605408	20.319404495728982
149	9334.803	1.9858028	9336.936	9331.063	9352.021	0.32186735	9352.534	9351.508	1000.0	1000.0	744999	299.89825	63.17407	467.10397	-79.34491	299.90103	63.134678	481.5067	-78.490654	-310.3869	2107.0598	3028.108432531357	20.322875398917486
150	7685.738	2858.8396	9333.558	1358.9789	9347.17	0.2887783	9347.575	9346.524	823.7143	1000.0	749999	302.32047	60.28462	472.01624	-42.438526	302.32065	60.24944	492.32	-86.96823	-312.1879	2027.841	3048.512985944748	20.32341992219289
151	9330.678	2.2675745	9333.57	9327.716	9346.166	0.2202903	9346.6	9345.697	1000.0	1000.0	754999	299.87424	56.44626	459.9631	-62.79973	299.87656	56.428055	460.26938	-62.033195	-309.6117	2170.5813	3069.1504180431366	20.325499469870763
152	9334.01	1.144299	9335.875	9332.656	9353.556	0.17533499	9353.927	9353.317	1000.0	1000.0	759999	302.9402	55.563156	426.91827	-33.923008	302.9434	55.563046	445.6216	-94.76831	-312.2089	1774.3624	3089.763227701187	20.327389666908665
153	9334.169	1.8520054	9337.363	9331.851	9354.404	0.06944383	9354.548	9354.287	1000.0	1000.0	764999	314.71976	58.715523	457.67178	-52.311028	314.7199	58.708294	457.50742	-89.989136	-322.59363	1461.6342	3110.2874584198	20.328676212846844
154	9336.267	1.5670683	9338.185	9334.116	9338.445	1.9026393	9343.38	9337.24	1000.0	1000.0	769999	326.31073	61.700897	439.98724	-39.062176	326.313	61.671814	457.9319	-63.92222	-334.72824	1533.4647	3130.813597679138	20.32995843887329
155	9336.381	1.8683391	9338.873	9333.786	9353.373	2.4400563	9354.682	9348.304	1000.0	1000.0	774999	333.2208	62.738907	436.271	-44.06751	333.2186	62.759243	472.28143	-32.710045	-342.42477	1770.2236	3151.5163798332214	20.33236375316497
156	7310.7397	3037.0266	9337.828	1510.6996	9353.821	1.8044035	9355.172	9351.017	783.1667	1000.0	779999	336.62357	62.77786	440.92096	-30.41794	336.62357	62.80355	462.69464	-45.553917	-346.12643	1952.6564	3172.173204421997	20.33444363031632
157	9335.523	0.5120109	9336.417	9335.019	9353.877	1.4455954	9354.812	9350.998	1000.0	1000.0	784999	334.64053	63.289036	432.7477	-57.66939	334.64227	63.28736	450.0599	-73.07397	-344.4292	2109.4504	3192.6717307567596	20.3354887415649
158	7348.7163	3219.0247	9336.12	652.02856	6879.7314	3776.982	9352.355	1064.4319	787.3333	735.7	789999	329.85577	64.14754	417.2512	-59.723625	329.85907	64.12583	428.28555	-97.971085	-339.6789	2106.804	3212.5798280239105	20.332783733742147
159	6839.577	3943.0725	9336.816	567.89417	8515.935	2502.7063	9350.393	1007.8164	732.8571	910.8	794999	325.06274	64.605995	418.84216	-67.093544	325.06607	64.58976	423.94617	-74.42796	-334.40952	2002.2782	3233.0401248931885	20.333585701648545
160	6662.8774	3635.8247	9333.049	959.11707	5929.007	4188.9126	9349.168	708.8853	714.1429	634.3	799999	321.81125	65.235756	426.23596	-71.49915	321.8114	65.23651	421.45187	-99.04532	-331.20642	1967.7396	3252.5052897930145	20.328158071637155
161	6372.401	3827.083	9332.334	809.90576	9316.668	3.791218	9321.345	9305.861	683.125	1000.0	804999	319.66428	66.19713	426.27222	-51.87918	319.6665	66.18907	427.83282	-59.922752	-329.18927	1982.2275	3273.051915168762	20.32951501437596
162	7058.2954	3427.079	9330.28	436.137	9346.232	6.4045997	9351.558	9337.729	756.8333	1000.0	809999	317.01486	68.06361	432.21542	-110.34088	317.01865	68.07181	428.19937	-197.04723	-326.61014	1887.6711	3293.6171741485596	20.330970222567334
163	9327.854	2.1095843	9330.394	9324.803	9321.741	6.504443	9338.2295	9317.654	1000.0	1000.0	814999	316.22385	69.95685	439.74057	-71.91081	316.2225	69.95302	431.93222	-114.71857	-325.20154	1774.856	3313.660363674164	20.329204698281785
164	6343.786	3817.974	9328.907	697.5604	6941.521	3681.8577	9352.371	1212.0376	680.375	742.4	819999	313.18277	73.65893	444.48547	-70.96026	313.18588	73.657326	439.81003	-117.391594	-322.2964	1836.0712	3333.3690178394318	20.32542085066074
165	5242.8477	3006.5322	9325.939	1434.9403	9345.311	4.548571	9351.951	9340.049	562.375	1000.0	824999	311.65283	76.43261	441.94794	-57.677505	311.65585	76.46413	438.46945	-69.29739	-319.7231	1538.486	3354.0822632312775	20.32777130387046
166	7386.321	2840.2856	9326.385	1069.755	9328.421	6.0630054	9337.8125	9323.36	792.2857	1000.0	829999	317.6456	77.553764	446.45203	-89.5458	317.64435	77.588165	445.74936	-117.64761	-325.50974	1374.653	3374.628860473633	20.329089530979296
167	3189.4224	2203.9312	7576.112	874.96686	9310.566	0.66187847	9311.257	9309.189	342.3846	1000.0	834999	327.33813	80.149025	448.84512	-144.42816	327.33328	80.186455	455.83542	-213.35512	-335.26028	1281.8951	3395.0881452560425	20.329869144690964
168	9219.469	194.66675	9318.235	8830.148	9312.779	0.17231998	9313.057	9312.476	989.6	1000.0	839999	336.3593	82.75701	456.99677	-84.3006	336.35556	82.776985	449.26593	-119.79416	-343.4409	1244.0756	3415.590072631836	20.330893299409322
169	9319.686	1.2326323	9321.3955	9317.87	9317.857	0.5370499	9318.481	9316.91	1000.0	1000.0	844999	346.6108	84.00752	457.16223	-102.94759	346.60788	84.008125	466.99872	-120.60733	-353.75223	1159.7996	3436.1123197078705	20.332025570276926
170	9323.222	4.5212	9330.375	9318.2705	9322.056	0.5168723	9323.126	9321.178	1000.0	1000.0	849999	350.15335	84.09646	464.00143	-99.55818	350.15063	84.096306	462.78217	-90.91623	-357.03012	1356.0692	3456.6373596191406	20.333160954363205
171	9321.323	2.030493	9324.134	9318.249	9325.264	1.5213569	9328.466	9323.336	1000.0	1000.0	854999	345.97238	81.64516	443.09732	-116.7883	345.9682	81.67444	461.26392	-142.96675	-353.4817	1596.3853	3477.184377193451	20.334411573688886
172	8806.836	1035.0254	9328.009	6736.794	9313.224	0.18325086	9313.5	9313.014	944.6	1000.0	859999	342.12973	79.640945	462.41702	-149.37634	342.12598	79.66483	443.2713	-141.30981	-349.75122	1635.5198	3497.7259001731873	20.335615711156713
173	9199.068	275.69934	9328.617	8582.622	9316.231	0.24988629	9316.691	9315.947	986.8333	1000.0	864999	340.81464	77.51137	440.48886	-134.16025	340.81302	77.52398	450.1091	-135.72554	-348.9603	1595.9282	3518.142620563507	20.336084522952923
174	9317.745	1.9263943	9319.579	9314.286	9314.922	0.35127077	9315.651	9314.4375	1000.0	1000.0	869999	349.12473	78.81802	445.79028	-117.120575	349.12347	78.82131	448.43396	-146.85622	-355.66147	1124.0833	3539.0245010852814	20.33922128293706
175	9126.083	377.99286	9316.597	8370.101	9311.763	0.30736473	9312.136	9310.997	979.8	1000.0	874999	352.646	77.43846	459.6511	-163.83263	352.64566	77.43757	454.14777	-203.02081	-358.90714	1217.4062	3559.765926837921	20.341519592830114
176	9313.467	1.2587564	9315.095	9311.679	9312.338	0.04169476	9312.424	9312.262	1000.0	1000.0	879999	352.30975	75.59537	467.83752	-98.081085	352.30673	75.60308	469.44403	-100.64612	-358.3195	1259.2072	3580.1692481040955	20.341870740056038
177	7397.961	2745.2385	9314.34	2782.44	9329.26	0.67098343	9330.513	9328.306	794.5	1000.0	884999	345.96066	73.81882	445.5576	-102.97069	345.95523	73.85384	451.99213	-86.15027	-353.20657	1928.4174	3601.0856354236603	20.345116595090445
178	6650.918	2793.6855	9318.457	2252.4421	9326.829	0.15073267	9327.078	9326.609	714.1429	1000.0	889999	332.05862	72.36568	436.37662	-41.63681	332.06186	72.36905	442.67017	-40.011856	-340.97595	2151.203	3621.862626314163	20.347542856516462
179	7210.766	3197.953	9320.05	984.80023	9317.139	0.36887443	9317.863	9316.652	774.0	1000.0	894999	321.14014	71.565636	447.77386	-40.80783	321.1419	71.59204	422.94934	-33.89009	-329.25555	2077.416	3642.2841765880585	20.347956304443613
180	7903.231	3156.0312	9316.687	846.1315	9325.564	0.17938685	9325.849	9325.245	848.5	1000.0	899999	310.3744	74.15352	441.19196	-62.545773	310.37378	74.16132	442.755	-37.642723	-318.91153	2083.786	3662.6415090560913	20.348008394241333
181	6315.1743	3684.3284	9327.478	72.98993	9349.538	0.22948886	9349.895	9349.131	677.5714	1000.0	904999	291.2927	75.43441	437.34302	-92.84324	291.282	75.502365	444.41806	-62.974022	-305.84143	3296.1719	3682.9724910259247	20.347914325598197
182	4953.5903	4008.051	9331.968	238.75026	9349.651	0.4836155	9350.199	9348.516	531.0909	1000.0	909999	262.38663	74.54633	413.86276	-73.730156	262.38812	74.50288	441.9973	-72.96274	-281.24716	3884.4312	3703.5244603157043	20.349035508030063
183	3916.7913	2062.9717	6920.2935	201.22893	7540.574	3620.215	9351.013	276.60776	420.18182	806.5	914999	238.9245	71.94734	405.01028	-87.13102	238.92252	71.95176	425.81464	-59.352806	-258.7409	3627.379	3723.445070743561	20.346694386070542
184	2794.6384	2869.272	9322.777	230.38805	9350.451	0.30257398	9350.906	9349.803	299.94446	1000.0	919999	227.18573	61.090145	381.79294	-37.994835	227.19012	61.062675	393.21494	-36.903454	-244.47665	3176.86	3744.02875995636	20.3479824014332
185	2462.3677	2458.1523	9328.226	371.02606	9351.072	0.43179184	9351.6045	9350.097	264.21054	1000.0	924999	214.77765	53.316635	359.1559	-77.43828	214.7843	53.288567	364.44318	-27.882572	-230.18883	2721.2378	3764.6665332317352	20.34954883858964
186	1438.7557	1461.1965	6592.094	127.401764	9348.133	6.868802	9351.867	9333.753	154.48276	1000.0	929999	199.8082	47.93283	347.6689	-51.87997	199.80835	47.91823	344.2847	-36.38804	-215.05289	2567.3877	3785.134458065033	20.350185268668717
187	1386.0609	1960.1426	7506.8687	82.16032	9350.788	0.33433226	9351.265	9350.373	148.83784	1000.0	934999	190.88487	46.574913	327.75162	-72.35664	190.8841	46.583344	335.3092	-40.116226	-205.59224	2331.598	3805.7749037742615	20.351737462263056
188	798.84937	493.9588	2979.5884	238.34819	4889.731	4460.8154	9350.46	323.99927	85.89655	523.1	939999	178.381	46.62099	317.1445	-11.311929	178.38727	46.606316	311.38474	-38.226135	-195.70294	2226.6692	3825.035368204117	20.345932818473653
189	793.5575	442.50882	2209.5352	117.97751	9350.523	0.31578943	9350.972	9349.821	85.28814	1000.0	944999	173.26996	46.21265	312.18948	-17.365433	173.27203	46.2076	304.28088	-78.706795	-191.28117	2125.4453	3845.6337761878967	20.34726866717061
190	977.09357	510.1875	2198.8525	63.288033	9351.021	0.46005973	9351.6455	9350.436	104.95652	1000.0	949999	171.65396	46.77033	284.73618	-20.68806	171.65709	46.763424	282.07968	-23.464962	-189.34045	1958.2908	3866.293632030487	20.34891386157588
191	1197.6167	839.1874	3095.808	100.503914	9351.011	0.27832356	9351.384	9350.562	128.6	1000.0	954999	172.58768	47.027405	284.0309	-25.939575	172.5917	47.024055	282.1495	-25.089207	-190.84787	1971.4865	3886.91862988472	20.35035932750602
192	1087.5532	802.3512	3822.7017	100.94404	9349.984	0.2628501	9350.327	9349.503	116.81396	1000.0	959999	170.39725	45.574112	317.162	-32.097404	170.39967	45.54807	282.44623	-25.161852	-188.47687	1947.76	3907.531083583832	20.351724402358133
193	1359.3608	1582.2098	8908.876	90.86303	9350.531	0.2974206	9351.021	9349.943	145.97058	1000.0	964999	169.92584	47.82561	291.61557	-26.313555	169.93045	47.811802	288.9084	-29.402802	-186.01096	1718.9768	3928.3345782756805	20.35406518229549
194	2226.2405	2170.6492	9326.533	426.06668	9351.259	0.3071647	9351.753	9350.829	238.85	1000.0	969999	169.40186	50.31103	291.79105	-41.175533	169.39746	50.31892	292.08588	-22.135685	-183.96051	1559.9786	3948.928844690323	20.355303332977687
195	1693.7765	1047.6793	4845.7524	82.10485	9350.117	0.22233349	9350.389	9349.5625	181.75862	1000.0	974999	170.10887	50.63355	288.4428	-19.051144	170.10799	50.646523	282.8464	-15.488054	-185.95839	1692.4904	3969.552848339081	20.356681283315023
196	3697.2861	3439.815	9312.027	286.39282	9351.555	0.20969027	9351.968	9351.214	396.5	1000.0	979999	178.91818	48.20479	280.60257	-14.336434	178.92137	48.207535	279.2615	-25.058046	-193.88351	1646.9172	3990.057229757309	20.357434856648347
197	3130.2307	2567.551	9335.655	566.943	9350.812	0.39256927	9351.505	9349.999	335.66666	1000.0	984999	181.87141	47.82632	288.6154	-20.74223	181.871	47.832954	288.77924	-16.407518	-196.2633	1617.057	4010.767651319504	20.35922666491591
198	4256.512	3343.123	9332.804	72.73132	9352.373	0.45671377	9353.004	9351.545	456.36365	1000.0	989999	187.8304	46.474937	287.73264	-19.494806	187.833	46.47221	292.87997	-17.360126	-201.8941	1653.665	4031.263318300247	20.359915758624222
199	5732.6743	3184.532	9331.673	1338.6909	9352.146	0.2654262	9352.609	9351.724	614.625	1000.0	994999	193.16595	46.158745	293.89536	-44.46375	193.15898	46.191616	293.23022	-20.469395	-204.94206	1537.9358	4051.75843000412	20.360595134035428
200	7759.519	2343.0847	9335.324	3339.3853	9352.951	0.32838663	9353.419	9352.252	831.5	1000.0	999999	201.9957	47.15247	316.33548	-29.761482	201.99397	47.131725	314.386	-27.817303	-215.54565	1581.5743	4072.5646963119507	20.362823491096496
