Epoch	AverageEpRet	StdEpRet	MaxEpRet	MinEpRet	AverageTestEpRet	StdTestEpRet	MaxTestEpRet	MinTestEpRet	EpLen	TestEpLen	Time Steps	AverageQVals	StdQVals	MaxQVals	MinQVals	LossPi	LossQ	Time	AVG Time Per Epoch
1	-102.313416	121.53989	-1.863135	-364.4956	-2216.541	1108.8168	-21.750423	-2914.704	292.75	802.4	4999	9.35261	11.70431	72.00601	-8.015966	-11.96088	0.96476835	21.74805498123169	21.7480571269989
2	-41.46053	91.982475	38.83697	-360.19955	-95.88679	50.47534	-35.141422	-176.07494	136.85715	31.8	9999	249.46669	165.20096	697.7005	-72.392296	-276.738	165.24431	42.786457777023315	21.393229842185974
3	-465.8332	835.62555	-24.158157	-2658.6382	-357.47183	861.34564	-26.193655	-2939.5977	194.76923	121.6	14999	813.9482	103.928764	1056.366	-381.28284	-839.0517	850.379	65.2907919883728	21.763598044713337
4	-376.6874	701.9914	-25.402288	-2561.101	-501.73373	878.2308	-27.05431	-2589.225	148.88889	178.6	19999	922.7508	71.97949	1095.0231	-669.2895	-938.047	881.5162	88.19152736663818	22.04788237810135
5	-161.47372	389.47504	-6.936226	-2441.9802	-975.49915	1012.01697	-87.97372	-2270.481	66.19481	437.6	24999	920.32184	95.41342	1094.0621	-754.4858	-937.123	1533.1919	112.57237005233765	22.514474391937256
6	-232.81491	492.90067	-16.940554	-1972.1344	-314.816	588.99713	-19.669094	-2063.7388	128.94737	168.1	29999	939.63257	103.04245	1138.1205	-523.8317	-957.5718	1175.013	135.48947668075562	22.581579844156902
7	-324.62515	606.88055	-10.244002	-1943.6393	-374.96716	611.8199	-23.201906	-2079.0269	178.42308	183.9	34999	951.2173	100.47883	1162.8337	-458.14017	-968.2363	1001.646	158.34611916542053	22.62087447302682
8	-327.4023	621.5656	-9.447046	-2057.6338	-286.9582	620.09686	-25.092962	-2140.646	173.33333	140.4	39999	921.4288	94.159515	1118.8757	-721.4219	-935.9306	936.8491	180.91442775726318	22.614303708076477
9	-356.74045	630.12775	0.08473319	-2014.1855	-69.61947	28.857347	-36.628704	-139.11761	192.51852	38.8	44999	853.6469	86.8026	1051.7694	-547.1358	-865.9282	799.116	202.92362260818481	22.547069443596733
10	-467.87277	739.3723	-20.662436	-2005.7911	-483.9786	764.836	-29.156815	-2121.5059	250.86363	240.7	49999	766.52594	77.61067	928.5212	-518.1452	-776.9813	577.78925	226.17029070854187	22.61702928543091
11	-303.73755	583.67224	-9.139122	-1993.7626	-77.13754	53.155083	-18.751635	-177.45964	162.2258	42.7	54999	671.7719	69.76266	850.58093	-630.4681	-680.4142	441.6585	248.26254034042358	22.569322044199165
12	-470.46072	679.157	-26.882652	-2002.8057	-272.82233	616.8089	-21.001095	-2118.1567	255.27777	137.1	59999	572.58716	62.888313	726.6323	-400.72058	-579.451	325.22546	270.8469007015228	22.57057523727417
13	-429.46155	604.57025	-23.41482	-1944.3545	-557.92004	610.76495	-26.907938	-1647.0101	246.63637	438.8	64999	475.31732	55.62051	627.59033	-409.18564	-480.9517	235.9773	295.3914384841919	22.722418491656963
14	-222.38232	389.27963	-6.236896	-1534.924	-624.0919	482.42596	-24.534575	-1341.4819	158.8077	623.0	69999	384.88956	47.798958	518.1513	-332.27197	-389.47467	159.34895	320.84118127822876	22.917227370398386
15	-222.00502	416.89337	165.64993	-1586.5613	-433.4831	519.5125	442.5179	-1346.6174	412.5	815.5	74999	305.82083	39.607906	431.05017	-282.39752	-309.55594	99.3477	348.4526114463806	23.230174239476522
16	-140.24013	187.48111	219.70557	-431.81122	59.676586	242.0606	453.45334	-522.35913	519.2222	1000.0	79999	242.5815	31.43115	358.6013	-263.1701	-245.84488	62.917786	377.200471162796	23.57502956688404
17	174.29652	291.4063	516.1833	-350.7133	391.27936	150.44353	553.98676	202.748	805.5	1000.0	84999	197.91164	25.736399	291.6807	-165.44017	-201.00784	40.594574	405.9461872577667	23.87918765404645
18	216.66292	158.8015	376.93787	-48.66418	381.21204	116.74496	475.19244	144.96825	1000.0	1000.0	89999	169.79414	22.974901	297.47995	-214.48367	-172.89427	31.165026	434.9628417491913	24.164602438608807
19	-119.50122	450.3039	186.46939	-1009.4594	-173.08566	617.94794	710.0683	-928.4265	1000.0	911.8	94999	152.05557	21.99863	286.43912	-188.49187	-155.07135	27.129091	463.1778230667114	24.377780286889326
20	-427.42422	477.65625	41.15721	-1238.6464	72.57782	846.561	875.6255	-1206.8385	699.0	919.7	99999	141.45483	21.744686	290.1954	-282.32275	-144.52399	25.098042	491.2641427516937	24.56320724487305
21	-75.55779	407.17935	361.3704	-1081.9451	232.28592	217.94524	721.57715	-36.006165	575.1111	657.5	104999	136.33124	23.23829	315.12103	-138.57468	-139.35825	27.62313	517.8916347026825	24.661506516592844
22	-115.76144	379.1291	381.6158	-1070.9172	254.63138	488.56055	888.5945	-487.15552	548.4	727.8	109999	135.63484	28.01416	365.29782	-113.22438	-138.86336	33.05619	544.6351933479309	24.75614524971355
23	-610.86334	347.8346	-113.38232	-1110.689	-694.7782	289.73294	-80.10858	-912.4892	715.4286	817.3	114999	144.41411	39.068634	407.089	-102.33308	-148.15407	44.410255	571.6928353309631	24.85621032507523
24	-186.53793	235.61479	-21.855005	-857.1259	-86.754364	233.24782	260.0056	-629.68713	268.625	340.9	119999	161.57416	51.32761	447.30554	-169.74065	-165.6446	55.27125	596.1130993366241	24.83804589509964
25	-249.58997	401.82245	-9.828301	-1523.487	-132.42181	90.59251	-25.835735	-333.25043	284.73685	441.1	124999	173.13756	59.55153	410.98517	-148.75716	-177.19865	62.89231	620.8830709457397	24.83532292366028
26	-197.89984	415.5847	330.80463	-1430.6365	-511.17865	658.96826	-16.39806	-1718.5651	407.07693	617.4	129999	182.37303	67.30034	420.9541	-156.09842	-186.44673	65.05959	647.116153717041	24.88908290863037
27	-242.90636	250.04047	-21.913088	-830.03595	-320.11163	419.1162	-11.262892	-1200.4032	322.2143	367.0	134999	191.76308	74.97109	480.71838	-206.93936	-195.98933	66.9076	671.9387516975403	24.886620512715094
28	-406.47214	432.7003	-15.185991	-1305.0226	-186.44972	556.75134	448.72278	-1258.6364	541.3333	416.7	139999	201.00461	84.56649	524.2104	-255.1716	-205.54483	76.31058	696.8877527713776	24.888848389898026
29	-383.6516	529.25836	-22.688927	-1677.2085	-280.05902	395.59735	-25.142256	-1372.36	345.5	432.4	144999	212.41264	95.132805	552.89185	-157.3407	-216.97495	89.23436	721.9216084480286	24.89384864116537
30	-398.38416	598.2956	-5.876862	-1760.8657	-435.14142	345.84937	-50.460564	-1080.7133	308.6111	719.9	149999	217.02425	103.66314	557.9547	-155.28531	-221.5363	94.23251	748.7700233459473	24.95900084177653
31	-713.56146	739.75757	-40.48691	-1714.2596	-179.2716	318.39005	-18.064003	-1025.4865	493.55554	214.9	154999	221.61586	113.58825	567.80084	-172.79404	-226.31508	103.455124	772.3193309307098	24.913526865743822
32	-417.22314	547.3592	-21.885616	-1675.7719	-163.3445	344.90604	-15.573295	-1193.836	413.92307	133.2	159999	229.2313	127.039986	546.0177	-158.02946	-234.09422	111.727684	795.3326942920685	24.854146771132946
33	-484.4455	536.1162	-15.502425	-1782.8885	-414.77115	386.2014	-27.731749	-984.681	382.64285	380.4	164999	240.45341	142.13979	627.87463	-195.02765	-245.57327	124.22945	819.9946870803833	24.848323915943954
34	-775.26654	429.48117	-34.342358	-1439.7959	-1133.7706	670.45044	-31.804163	-1877.2002	687.0	819.8	169999	249.82004	154.01802	641.1051	-198.77281	-254.88612	132.1644	847.4071109294891	24.92373862687279
35	-333.0865	401.91708	-22.636726	-1454.0367	-1119.3923	887.8387	-48.905975	-2193.5957	291.55	588.4	174999	259.8962	164.3235	673.2072	-203.63684	-265.122	142.51219	873.2042651176453	24.948693343571254
36	-653.7433	609.2677	-30.537804	-1589.8357	-655.14014	909.5627	-26.152447	-2376.7405	543.375	422.0	179999	271.65182	173.65952	677.1625	-178.36353	-277.2379	156.24689	897.8716928958893	24.940880411201054
37	-492.05258	649.2986	-15.761222	-2074.8228	-839.8711	740.1252	-27.970095	-1873.9269	308.16666	718.5	184999	284.2213	186.44669	708.5033	-201.89658	-290.19348	181.33409	924.5564548969269	24.988012358948993
38	-650.1094	553.10425	-39.105797	-1745.8335	-683.2357	1080.9937	55.019268	-2748.8667	445.4	607.7	189999	297.69818	197.9881	697.7523	-227.49452	-303.751	197.4167	950.5387580394745	25.014177899611624
39	-766.52435	764.80066	-12.313753	-2037.573	-992.4863	477.3204	-284.336	-2110.7683	637.75	1000.0	194999	310.63132	207.89697	710.94476	-261.95654	-316.93564	205.99107	978.8911683559418	25.099773596494625
40	-976.41486	795.368	-40.469948	-2223.7773	-1343.35	652.4843	-371.511	-1990.1119	714.2857	942.2	199999	323.61044	215.60509	823.9601	-250.50293	-329.9388	203.34328	1006.5782523155212	25.16445636153221
41	-535.38245	545.87616	-35.913956	-1826.2709	-382.92822	668.54565	-113.111244	-2381.2593	392.92856	185.1	204999	332.96063	216.93327	853.5967	-230.43793	-339.21445	208.83493	1029.6964979171753	25.11454878202299
42	-842.3225	682.73157	-33.938595	-2037.9839	-668.9295	663.6212	-80.96094	-2267.9392	568.55554	457.2	209999	339.95758	220.91702	948.1205	-207.43115	-346.39816	221.822	1054.79141831398	25.114081445194426
43	-401.1559	441.5248	-37.24164	-1601.7299	-863.2894	923.8982	-96.398506	-2627.8845	281.75	401.1	214999	357.12402	231.90295	1023.6329	-305.63522	-364.1049	256.79074	1079.6314566135406	25.1077083376951
44	-378.33862	513.0967	-25.540968	-2353.8877	-1009.6621	915.4383	-14.162445	-2489.1223	239.14285	454.2	219999	375.71408	238.31534	1015.2849	-282.13394	-382.6613	308.7003	1104.3895745277405	25.099763100797478
45	-658.81903	676.3989	-75.33657	-2145.1777	-1489.698	744.0768	-116.27714	-2662.6365	446.18182	906.0	224999	383.12393	241.8518	1001.0997	-239.09645	-389.93176	332.68704	1132.354640007019	25.163436486985947
46	-1284.004	818.54944	-32.746487	-2097.6528	-1620.9967	937.1896	-125.0308	-2527.9087	718.2857	733.4	229999	392.34457	249.09009	1053.3392	-264.48584	-399.50296	326.30124	1159.005048274994	25.19576196566872
47	-733.62994	687.67957	-2.2355473	-1999.8591	-178.862	411.89853	98.59417	-1403.4401	439.54544	227.8	234999	402.03424	255.08585	1037.7362	-246.12494	-409.16986	335.2924	1182.5564188957214	25.160774915776354
48	-788.88916	378.61133	-131.77066	-1230.9979	-811.0806	792.1808	-24.589657	-2384.4917	732.5714	622.7	239999	407.54358	254.99202	1058.7369	-279.31458	-414.70264	308.5776	1208.6459364891052	25.18012371659279
49	-466.47614	504.39453	-28.037992	-1646.5658	-491.95367	529.60767	-36.493156	-1661.4829	331.06668	389.3	244999	413.4932	259.0593	1068.7045	-353.64902	-420.4953	308.0078	1233.3498578071594	25.170405310027455
50	-369.72964	350.16617	-34.096977	-1256.5135	-677.6029	775.7409	-38.66396	-2184.176	301.05554	388.9	249999	415.1406	260.16525	1010.541	-419.00464	-422.03925	319.17816	1257.5772280693054	25.151544609069823
51	-1406.311	574.3453	-711.9421	-2312.4402	-1208.306	890.15784	-125.927185	-2763.6667	865.8333	906.1	254999	411.40225	259.0057	966.149	-313.39075	-418.21017	312.54718	1285.4173784255981	25.204262359469546
52	-652.7475	594.41034	-43.539024	-1905.1525	-585.9011	461.5358	-36.657173	-1523.5137	432.36365	634.3	259999	405.7082	259.28714	980.90295	-314.8694	-412.26996	286.27365	1311.634286403656	25.22373631825814
53	-895.25684	532.8449	-96.49914	-1695.7219	-1037.2053	919.0944	-59.125416	-2388.1882	1000.0	638.9	264999	395.48862	257.6116	987.03314	-336.32056	-401.82016	275.08047	1337.8155026435852	25.241801981656057
54	-743.84454	639.2581	-112.86695	-1874.6747	-1030.1735	493.12344	-231.614	-1673.6874	456.8	908.8	269999	386.7767	258.0301	1002.2981	-287.3447	-393.12064	269.4192	1365.6685783863068	25.29015889432695
55	-668.65375	677.5274	-26.02324	-2110.4868	-1275.4847	440.87238	-239.40825	-1869.8998	533.44446	912.2	274999	373.86688	252.99959	972.3415	-244.01889	-379.8973	269.7301	1393.5792591571808	25.337804755297576
56	-639.9153	760.3427	-22.08525	-2078.888	-732.35236	671.7937	-77.80204	-1964.2684	400.92307	546.7	279999	362.83	247.52809	942.59753	-280.98895	-368.91696	250.03172	1419.243153810501	25.343627789190837
57	-1076.5099	617.187	-127.532455	-2159.885	-1065.872	1164.436	202.38722	-2785.8376	788.0	722.1	284999	356.05	242.06284	905.112	-262.04434	-361.94324	241.72156	1446.131002664566	25.370719382637425
58	-872.437	657.3327	-35.36327	-2156.382	-790.2135	559.8391	-180.38322	-1694.0042	612.44446	838.5	289999	345.96536	236.28697	890.38055	-314.77115	-351.63516	229.93484	1473.6861898899078	25.408382621304742
59	-900.2701	735.4187	-77.38464	-2190.6553	-1442.3381	773.21796	-27.28986	-2369.115	650.625	809.5	294999	334.45065	230.59483	872.8111	-488.3889	-339.8878	213.78748	1500.8949370384216	25.438897270267294
60	-925.5246	436.2654	-178.34615	-1577.3214	-1283.0975	1022.285	-30.842577	-2792.9946	760.3333	622.4	299999	328.13477	223.98265	902.549	-307.32727	-333.5361	206.35031	1526.8205530643463	25.447009253501893
61	-692.7971	546.75824	-23.72246	-1631.8132	-459.2242	717.24475	-22.260092	-2436.4282	533.2222	199.6	304999	324.13763	218.15001	818.4431	-317.59357	-329.51392	208.33603	1550.1494657993317	25.41228635975572
62	-627.48663	603.9643	-59.621254	-1659.5514	-1182.8448	806.9107	-110.2098	-2451.0713	459.33334	732.2	309999	315.51532	211.58095	799.9684	-278.348	-320.7263	202.87242	1576.9820265769958	25.43519401550293
63	-841.9655	495.771	-121.93317	-1602.1991	-528.3161	513.30115	-59.522316	-1513.0359	767.0	479.9	314999	308.2038	206.95737	807.5722	-338.4196	-313.5015	190.4797	1602.092655658722	25.430042191157266
64	-398.72845	366.1951	-18.111748	-1035.5481	-363.91028	471.86728	220.5995	-1265.827	535.2	614.8	319999	305.02255	200.69386	863.5329	-351.3159	-310.2853	184.80179	1628.2389647960663	25.44123386591673
65	-423.03784	508.28305	348.79034	-1119.6309	-128.97617	146.43767	72.366035	-359.96326	663.375	421.2	324999	299.2311	191.405	738.68335	-245.71655	-304.2871	164.6877	1652.891723394394	25.429103469848634
66	-430.8538	409.2047	323.1329	-893.2611	-720.1515	898.76514	-57.859413	-2128.3308	711.1429	617.7	329999	291.85553	183.46683	697.5623	-248.89526	-296.54883	152.97052	1679.1400005817413	25.441515192841038
67	-604.5724	369.13617	-201.72986	-1248.085	-649.9812	818.4498	-2.6639154	-2182.3433	846.8333	610.5	334999	281.47455	172.46661	630.53375	-284.80255	-285.9176	137.71872	1705.4370567798615	25.45428446157655
68	-257.83133	530.10596	258.05563	-1563.1375	-1320.3572	754.73975	-92.98376	-2497.8477	419.9091	812.2	339999	265.51276	162.47507	646.37537	-249.89984	-269.52274	116.153534	1732.6587851047516	25.480276276083554
69	-507.45148	796.33356	399.24707	-2230.6152	-2108.0857	761.97943	-59.609272	-2729.7585	542.2	903.5	344999	248.15767	154.14488	574.1291	-219.47176	-252.1325	108.90271	1760.6156322956085	25.5161686150924
70	-236.51152	370.18463	130.48018	-1505.7546	-864.0065	774.799	127.35925	-2120.241	245.78947	713.1	349999	235.22629	148.80223	556.7545	-215.29128	-238.97604	100.863625	1787.3672535419464	25.53381793839591
71	-609.82367	546.2485	-18.7426	-1727.7692	-1080.4995	775.791	-21.48665	-2212.0205	516.55554	806.7	354999	219.69748	140.90045	520.32275	-207.85657	-223.15366	93.06415	1814.3397343158722	25.554080798592366
72	-670.1086	487.77164	-52.668766	-1396.7261	-705.0727	684.05646	-29.482069	-2366.214	598.8889	626.5	359999	206.17659	133.21194	498.04236	-226.42471	-209.51921	85.078384	1840.7192842960358	25.56554564502504
73	-876.19336	458.62622	-139.26077	-1637.8535	-727.9657	717.65106	-45.75036	-2022.1821	750.8333	626.4	364999	192.51886	122.56006	461.72037	-266.7952	-195.68356	73.51487	1866.806191444397	25.572687586692915
74	-610.6019	522.54315	-5.9571724	-1320.8204	-701.4354	746.26447	27.139244	-2243.691	555.6667	901.5	369999	180.63066	110.43487	440.85083	-151.37375	-183.71823	68.84778	1894.567902803421	25.602268982577968
75	-568.373	80.32262	-473.91718	-693.7774	-417.24005	358.81195	210.21425	-1127.9407	901.8333	913.7	374999	168.69154	97.138664	413.33984	-298.413	-171.5867	56.06573	1922.3214325904846	25.63095246632894
76	-288.782	479.72473	220.98605	-1214.6306	-199.52994	408.70047	215.48347	-1285.6898	791.3333	905.3	379999	155.94629	85.68268	486.8991	-188.2209	-158.64517	48.06465	1950.406364440918	25.663241668751365
77	-640.64465	336.6065	-340.10464	-1286.6117	-191.72131	289.9462	75.60537	-908.12427	1000.0	711.5	384999	143.80743	73.20918	339.02744	-164.8876	-146.28465	39.306774	1976.8481981754303	25.6733532478283
78	-299.4533	311.77332	119.0128	-799.8662	-244.13528	281.18555	295.63715	-562.29675	1000.0	1000.0	389999	130.51537	64.171295	396.28128	-215.35324	-132.84943	33.714718	2005.1589515209198	25.707166069593185
79	-482.97125	222.83559	-278.59232	-909.3456	-182.50256	178.42061	80.76774	-655.9959	1000.0	1000.0	394999	119.53013	57.37034	331.6362	-175.09659	-121.82877	28.305613	2033.541409254074	25.74103052706658
80	-233.59839	142.30678	-56.23458	-441.93515	-106.678	203.32993	98.34559	-540.166	909.5	1000.0	399999	110.660904	51.83636	302.39734	-195.87296	-112.86198	25.249928	2061.76633477211	25.772079214453697
81	-227.98373	190.5832	36.568394	-434.85382	-114.95223	350.43124	149.39378	-919.48285	926.4	1000.0	404999	103.0859	46.691803	320.0958	-154.39357	-105.19598	21.78093	2090.096029996872	25.803654720753798
82	-276.07782	308.33264	33.80601	-667.53564	318.5531	158.61604	562.6042	-109.69116	938.6	1000.0	409999	96.11336	42.129677	296.43665	-166.20386	-98.15014	19.28865	2118.131867170334	25.830876457981947
83	167.28496	93.19295	282.06216	56.419025	384.43588	218.80875	585.6989	-5.5417743	1000.0	901.4	414999	89.16691	37.979164	202.7336	-171.43747	-91.09866	16.927643	2146.2058312892914	25.857901604778796
84	218.3038	103.859535	401.81924	109.32854	342.37442	221.867	507.27887	-210.0009	1000.0	1000.0	419999	83.85541	34.771194	255.47342	-180.09094	-85.77887	15.404366	2174.69388628006	25.889212957450322
85	198.66289	114.20184	335.5397	57.46094	381.80508	142.35939	586.6411	138.7102	1000.0	1000.0	424999	79.66142	31.165052	270.16925	-103.82149	-81.53981	13.892289	2203.3854110240936	25.922181331410126
86	338.29834	115.777794	448.35388	115.87256	234.43234	131.21996	538.3842	84.31557	1000.0	1000.0	429999	76.55385	28.473574	228.4345	-150.44336	-78.45695	12.2585535	2231.8318989276886	25.951533733412276
87	313.26434	47.921913	390.00797	243.03207	512.3063	46.087376	558.94086	399.67416	1000.0	1000.0	434999	74.78118	26.669268	166.37733	-131.84592	-76.64908	11.610889	2260.0962846279144	25.97811823877795
88	259.38995	114.08274	436.9563	91.8846	249.13408	198.05301	681.7566	-131.88138	1000.0	1000.0	439999	73.48302	25.3088	179.55254	-212.6653	-75.370415	11.234955	2288.5686750411987	26.00646224076098
89	304.7616	66.98756	383.9368	210.30878	524.29266	164.62428	615.32837	76.20682	1000.0	1000.0	444999	73.32116	24.166986	146.47559	-122.01963	-75.18221	10.043576	2316.8505022525787	26.032028136628398
90	451.19635	94.72033	568.8045	337.385	372.87823	50.054768	478.5301	330.53644	1000.0	1000.0	449999	72.84765	22.935064	157.65619	-158.99797	-74.70354	9.834438	2345.0839879512787	26.056488778856064
91	349.6627	165.15729	619.751	113.81799	363.02316	250.06897	645.266	-108.43614	889.3333	905.8	454999	73.04045	22.438852	158.21196	-141.26837	-74.90385	9.882174	2372.9334664344788	26.076191962420285
92	273.8801	202.09705	530.58765	28.937016	37.320454	67.32926	135.70006	-57.645252	1000.0	1000.0	459999	73.8647	22.044962	185.5905	-75.104324	-75.73134	10.022135	2401.312039375305	26.10121784521186
93	388.54358	318.09155	716.9046	-71.95414	303.9826	72.91991	352.51993	92.98938	1000.0	1000.0	464999	74.80996	21.229448	181.26349	-127.117065	-76.674774	10.021705	2429.839555501938	26.1273070714807
94	428.30954	188.58258	638.0132	134.30644	641.34534	127.07364	824.7967	412.85583	879.5	1000.0	469999	75.91228	20.801285	201.19905	-127.17603	-77.800446	10.082548	2458.2591705322266	26.151693328898002
95	314.21484	152.33012	466.19684	105.39046	394.83435	11.245953	406.38647	374.1105	923.4	1000.0	474999	76.90211	20.198273	196.9294	-145.14833	-78.76877	9.515493	2486.842187166214	26.177286200774343
96	275.836	201.24753	516.8536	-81.381775	649.3321	48.51634	693.64496	546.6824	1000.0	1000.0	479999	77.62842	20.18742	174.93144	-106.83691	-79.48935	9.503583	2515.321393728256	26.201264671981335
97	370.8291	204.62999	548.6194	-26.445532	474.72607	41.383575	534.615	409.56122	1000.0	1000.0	484999	78.445915	19.830603	158.91864	-114.01245	-80.29171	9.499276	2543.4180154800415	26.220804305420707
98	446.56772	91.81843	570.28906	341.38797	616.9425	131.95157	759.87195	337.56662	1000.0	1000.0	489999	78.806435	19.031197	162.38618	-89.42973	-80.64282	8.897925	2571.9773440361023	26.2446670045658
99	420.18915	55.963215	523.45984	363.85345	520.37024	62.055305	624.027	460.00754	1000.0	1000.0	494999	79.559364	18.799612	171.39914	-101.97419	-81.40484	9.288818	2600.189136505127	26.264536754049438
100	312.36023	117.78701	464.11914	164.81119	437.1411	8.939839	452.86414	419.3672	1000.0	1000.0	499999	80.71206	18.535868	170.991	-140.25293	-82.57788	9.343545	2628.7712614536285	26.28771263599396
101	383.57834	137.81714	536.3657	123.6366	473.2356	171.37386	746.16754	249.2427	1000.0	1000.0	504999	81.58166	17.795595	178.53575	-136.20142	-83.399	8.889553	2657.342243909836	26.310319267877258
102	438.28607	85.76445	540.5046	346.51166	732.13245	43.557632	797.0017	658.09814	1000.0	1000.0	509999	81.70533	17.245806	178.15431	-82.79809	-83.497734	9.098745	2685.645758867264	26.3298603997511
103	142.64572	440.2065	723.0097	-431.99823	344.167	78.50326	524.8598	248.6156	962.4	1000.0	514999	81.42996	16.694874	160.08861	-139.16264	-83.19609	8.434069	2713.853458404541	26.34809185000299
104	447.3046	84.24473	545.34143	315.81354	489.27988	167.9906	690.41187	78.30232	1000.0	1000.0	519999	81.28414	17.567425	151.34207	-129.61032	-83.05022	8.594589	2742.2460582256317	26.36775058049422
105	505.513	191.79944	777.89197	248.07002	334.34677	28.699417	368.64114	274.42972	1000.0	1000.0	524999	81.593025	18.347391	208.0917	-98.848175	-83.37905	9.107931	2770.7204444408417	26.387813777015324
106	178.86436	346.25162	659.86334	-447.69556	522.46936	131.79019	809.33295	261.6725	887.8333	1000.0	529999	82.26833	18.868362	184.01251	-155.52199	-84.03575	9.110794	2799.0302057266235	26.405945355037474
107	375.19098	111.588486	574.8265	250.14961	594.49005	87.90307	671.3336	456.08795	1000.0	1000.0	534999	81.887	19.16221	190.50096	-194.71219	-83.59921	8.95455	2827.280828475952	26.423185332913263
108	402.15768	190.1956	658.1237	114.61545	403.5291	178.17384	605.3582	16.205976	918.0	905.1	539999	82.00335	20.54927	175.6967	-149.55919	-83.747696	9.339929	2855.1303164958954	26.436391839274652
109	368.789	145.29247	555.3064	117.765175	315.0657	271.63974	563.5015	-267.93167	1000.0	1000.0	544999	82.92179	21.34226	192.02174	-124.811104	-84.72952	10.292808	2883.73770904541	26.45630927698328
110	113.46155	202.58928	260.44586	-284.86786	387.8374	369.08817	754.82324	-295.66113	1000.0	1000.0	549999	85.060326	20.780138	208.67447	-106.47407	-86.90889	10.728447	2912.269460439682	26.475176932594994
111	142.90509	297.43982	433.01416	-382.1844	251.77373	196.3547	504.558	-14.116475	967.5	901.4	554999	87.09619	19.206985	175.79254	-83.85132	-88.89272	9.75795	2940.33948636055	26.48954494149835
112	349.97177	167.73051	503.89865	7.6889935	298.12958	201.10178	599.1016	-28.485857	836.5	910.8	559999	86.131546	18.216797	178.95715	-87.249535	-87.80275	8.930733	2968.1984107494354	26.501771543707168
113	341.48688	104.50794	477.31378	157.61946	435.27875	187.12137	601.1384	82.99984	1000.0	1000.0	564999	84.8868	17.496592	185.78201	-142.68488	-86.55856	8.3722515	2996.701640367508	26.519483559954484
114	371.78918	220.5901	596.1745	-7.690697	621.129	157.33371	741.8203	369.69162	836.0	1000.0	569999	83.747345	16.874823	165.28494	-76.722374	-85.378845	7.920349	3025.0729246139526	26.535727429808233
115	321.6491	326.91174	585.61664	-305.50262	445.1447	97.702095	672.833	358.22156	1000.0	1000.0	574999	82.56281	16.558722	159.33519	-153.4206	-84.20418	7.561072	3053.635270357132	26.55335019775059
116	197.98885	551.3863	542.27185	-888.6483	282.55246	135.04066	464.1807	48.951447	1000.0	1000.0	579999	81.810425	16.752153	170.36644	-97.27119	-83.4366	7.553028	3082.1837191581726	26.570549321585688
117	506.93256	118.838264	691.08246	353.26288	248.5918	226.62885	642.4159	-14.860256	1000.0	962.4	584999	81.50405	16.94128	148.75061	-148.83414	-83.12155	7.6198187	3110.4780666828156	26.585282639560536
118	332.88397	134.49088	491.1698	171.33614	467.92432	227.96729	843.1426	16.116966	1000.0	904.9	589999	80.96445	17.280148	145.18246	-146.97675	-82.59416	7.8929853	3138.272134780884	26.595526582103666
119	320.52414	192.27692	635.96875	103.06581	333.22296	225.28252	719.60736	45.66837	875.8	908.4	594999	81.18967	17.587831	144.76935	-89.50355	-82.8131	8.016475	3165.971881389618	26.604805741991317
120	419.06143	220.01016	605.6586	9.686463	381.2326	376.44983	723.6159	-641.30505	923.0	919.8	599999	81.63641	17.758976	139.76028	-155.86502	-83.262794	7.8375635	3193.961038351059	26.61634200414022
121	461.35782	201.386	645.73456	99.41933	433.36572	96.25427	670.33636	265.77768	854.2	1000.0	604999	81.92268	17.57371	138.90091	-91.18789	-83.52244	7.2643476	3221.969873189926	26.627850209385894
122	371.76376	206.86826	674.4427	8.099409	644.4334	118.437614	820.7103	353.2205	837.6667	1000.0	609999	82.19345	17.463575	139.66592	-90.58382	-83.794785	7.1369076	3250.233471393585	26.641257977876506
123	548.23126	105.09719	652.7079	405.78745	456.472	302.51202	790.72876	8.073395	1000.0	711.3	614999	82.56622	16.881615	173.57019	-83.26082	-84.164734	7.1238275	3277.0459535121918	26.642650045999666
124	500.0587	132.57605	705.0528	351.03632	623.51263	55.365356	707.4499	536.1036	1000.0	1000.0	619999	83.40929	16.426456	199.36247	-118.62294	-85.04415	7.2647185	3305.234159231186	26.655114204652847
125	468.00635	214.74464	629.83746	21.253752	273.09344	183.02107	537.53296	33.58947	838.0	588.7	624999	84.63481	16.042444	207.71198	-102.55156	-86.251595	6.9502935	3331.058220386505	26.648465782165527
126	405.28683	246.9257	699.4102	1.8526107	332.2081	128.88487	505.48935	164.67569	737.2857	1000.0	629999	85.972145	15.276246	232.97905	-97.62088	-87.6382	7.3205976	3359.4276139736176	26.662123937455434
127	122.51413	415.29074	613.99475	-833.95593	370.91122	299.1653	649.3243	-333.7082	586.7778	961.3	634999	88.09045	15.543219	247.1051	-141.41757	-89.75952	7.3479514	3387.9159214496613	26.676503337274386
128	482.27115	174.65387	636.5336	108.17609	258.60312	322.89078	732.57434	-253.77928	861.6667	1000.0	639999	88.32292	15.88103	175.37372	-101.96456	-89.90855	6.841195	3415.8975007534027	26.68669924326241
129	163.16338	245.2921	525.1159	-127.68657	-515.52136	385.45642	241.48723	-810.53314	1000.0	1000.0	644999	87.34284	15.4185	182.78703	-105.47785	-88.88005	6.509125	3444.3228855133057	26.700177421865536
130	179.6293	364.4934	556.84033	-323.16803	479.07666	269.55255	607.5749	-327.2887	1000.0	1000.0	649999	86.27959	14.961944	204.44608	-73.1171	-87.82867	6.6831656	3472.6367239952087	26.71259020291842
131	481.60693	219.81996	665.1028	121.18135	496.8282	126.03448	740.33167	332.35855	1000.0	1000.0	654999	85.81461	14.329988	210.02902	-109.750885	-87.35918	6.4395995	3501.115557193756	26.726072973877418
132	373.30753	291.19812	706.78064	-59.89644	427.00302	240.0928	819.5164	16.322254	840.3333	810.6	659999	85.55866	13.730837	222.10414	-154.03752	-87.09466	6.2993765	3528.5183436870575	26.73119958964261
133	531.26904	192.69228	685.9535	165.79576	669.09906	211.48633	857.94366	71.97356	1000.0	908.9	664999	85.737175	12.739246	239.76067	-156.6894	-87.27978	6.0633545	3556.472241640091	26.740392810419987
134	576.0646	162.42343	711.8549	260.96268	671.22504	98.45071	830.80524	508.5356	1000.0	1000.0	669999	85.548965	12.328538	226.9279	-84.420715	-87.06787	6.0314837	3584.8357763290405	26.75250580951349
135	490.54352	92.29071	569.7875	315.37653	721.7384	77.52642	808.5677	562.8376	894.6	1000.0	674999	85.39067	12.554074	187.23892	-82.5206	-86.90965	6.20643	3613.684758901596	26.76803526525144
136	480.3266	252.16815	716.708	-9.933103	741.7331	61.474438	832.1694	664.4336	1000.0	1000.0	679999	85.426285	12.566529	247.63591	-100.09951	-86.938385	5.882418	3642.048124551773	26.779765635728836
137	615.9041	79.652695	756.9426	523.05023	571.9685	217.10075	812.47034	144.66805	1000.0	922.5	684999	85.34575	12.79689	179.50061	-119.556206	-86.84775	5.800279	3669.9743592739105	26.788134024961153
138	503.77725	108.83042	693.88605	373.5322	450.21533	251.38326	840.6508	33.299545	1000.0	770.0	689999	85.451965	13.038122	183.51088	-86.6116	-86.94329	5.621201	3696.793199777603	26.788356533948924
139	501.4117	107.38927	655.4828	379.97104	251.14363	174.2094	504.79712	-62.880505	1000.0	1000.0	694999	85.49992	13.310142	191.03773	-92.109566	-87.00128	5.590206	3725.238582611084	26.800277586463544
140	405.57086	266.7437	719.4843	2.9478621	364.86798	305.0433	835.6885	1.3354301	675.25	611.5	699999	85.80714	13.514195	175.47154	-80.12107	-87.31002	5.616431	3751.1232330799103	26.793737392766136
141	489.30496	237.08063	788.0062	78.03446	416.22983	250.29004	682.442	21.358068	855.3333	806.2	704999	86.31865	13.853075	154.20052	-71.110535	-87.81597	5.6887155	3778.1990010738373	26.795737611486558
142	485.3481	242.72589	727.453	9.141479	602.24896	178.59549	708.6652	77.156334	837.3333	909.0	709999	86.77779	14.133025	159.18736	-113.75849	-88.28856	5.891964	3805.8866868019104	26.802018932893244
143	541.37915	101.195366	741.50854	478.55576	517.8466	96.515625	603.5358	294.0686	1000.0	1000.0	714999	87.676216	13.58282	149.90614	-80.06815	-89.200195	5.837476	3834.1746966838837	26.81241047965897
144	230.23047	228.6577	672.12036	-1.0039275	629.45105	172.89021	810.55365	306.87057	486.0	1000.0	719999	88.499695	13.067038	184.42607	-65.73538	-90.02355	5.8841944	3862.4075639247894	26.822274764378864
145	464.77792	226.54312	666.0104	5.927217	576.716	252.01039	810.8656	41.073204	836.3333	905.5	724999	89.111496	12.60215	143.45343	-95.80688	-90.595764	5.323185	3890.302793741226	26.829674454393057
146	349.58545	208.51025	657.4647	68.78568	474.41327	232.01584	902.29395	22.113262	750.4286	838.6	729999	88.85949	12.403073	211.3942	-64.99306	-90.33025	5.3132787	3917.7048778533936	26.8335950668544
147	455.96664	209.47156	708.37085	22.447733	519.96313	224.56528	773.49646	7.3409147	838.1667	901.8	734999	89.1861	12.303225	195.20679	-89.842606	-90.66812	5.7456813	3945.6575515270233	26.841207846492328
148	630.30963	43.42738	708.26074	576.25726	606.2625	130.23055	845.59015	426.4402	1000.0	955.7	739999	89.2489	12.06691	211.17413	-131.10533	-90.70767	5.531767	3973.8220624923706	26.850149083781886
149	580.13916	168.44218	691.53796	246.23145	812.38446	27.22298	853.5724	759.4228	885.2	1000.0	744999	89.40796	12.045465	159.33406	-85.479485	-90.87945	5.3756113	4002.265748500824	26.860843962470955
150	580.1777	111.923965	717.35596	404.61197	503.8235	133.99684	723.7864	314.08966	1000.0	1000.0	749999	89.454704	12.373222	177.6219	-100.051216	-90.89901	5.0669928	4030.493002653122	26.86995336373647
151	739.6913	43.409412	796.40424	681.8975	750.9193	26.520914	814.8482	705.6361	1000.0	1000.0	754999	89.60821	12.656675	160.73756	-79.897545	-91.05442	5.0652814	4058.7713668346405	26.87928058769529
152	688.7507	42.549053	748.50775	622.16187	580.5729	126.783844	754.9688	373.1497	958.6	1000.0	759999	89.78756	12.550303	143.30156	-94.81073	-91.2466	5.2119117	4087.155263185501	26.88917937874794
153	651.05115	109.855354	816.8214	472.04633	506.53125	181.4173	880.47046	267.80203	1000.0	1000.0	764999	90.40423	12.461755	156.27705	-115.01998	-91.85565	5.273035	4115.537567138672	26.89893835977791
154	599.4712	68.33189	663.79504	499.06863	592.83606	145.68358	768.6338	276.43256	1000.0	1000.0	769999	90.67164	12.321764	151.79582	-126.47358	-92.11212	5.388345	4143.665078401566	26.90691610745021
155	604.7791	96.49175	715.58594	430.27316	676.87305	162.21106	831.5362	411.0007	1000.0	1000.0	774999	91.0807	12.572368	137.32336	-253.92982	-92.5306	5.3177557	4171.896667003632	26.915462383147208
156	517.4369	59.664356	571.1657	403.64365	481.62848	50.853447	587.0259	423.71658	1000.0	1000.0	779999	91.46471	13.212288	155.11455	-111.7804	-92.92338	5.4409623	4200.2402374744415	26.924616920642364
157	621.2952	134.51149	836.2228	434.11325	578.107	48.040276	654.9182	514.16266	1000.0	1000.0	784999	91.91999	13.549886	142.5085	-92.86533	-93.37774	5.5866475	4228.649688482285	26.934074459561877
158	612.53156	118.16365	746.88586	395.80704	711.595	95.03678	847.6551	580.814	1000.0	1000.0	789999	92.652054	13.449449	142.9208	-68.43211	-94.09459	5.3358936	4256.807732343674	26.941821105872528
159	630.3697	70.94384	730.70197	542.70776	826.9767	70.20803	921.39307	710.28467	1000.0	1000.0	794999	92.92648	13.339992	156.86006	-102.89464	-94.37246	5.337582	4285.160818576813	26.950696984177117
160	569.9514	275.10413	789.8174	118.90135	787.36554	84.53242	870.2326	559.3914	758.2857	1000.0	799999	93.420494	13.095508	176.55864	-108.43881	-94.86024	5.529094	4313.246412277222	26.957790090143682
161	670.8473	54.280785	729.4122	580.6879	839.9425	89.39468	958.0884	665.5687	982.4	978.5	804999	93.66884	12.843492	173.74974	-127.87473	-95.12132	5.47235	4341.467351436615	26.965635736536534
162	605.6069	210.74496	813.26416	191.61795	789.85486	32.34841	843.4257	727.1559	862.5	1000.0	809999	94.11528	12.889719	199.37762	-119.98343	-95.53371	5.44006	4369.597141504288	26.972821874383055
163	706.14014	69.8289	814.49805	616.93915	695.9438	146.49203	834.6277	307.37692	1000.0	1000.0	814999	93.86382	12.726599	168.59914	-86.10368	-95.26735	5.1844726	4397.801150798798	26.980375171439047
164	727.30023	108.337776	829.9556	523.34344	758.6017	52.518806	824.74084	676.784	1000.0	1000.0	819999	93.819786	12.588718	147.66249	-82.96985	-95.216	5.111716	4426.330558538437	26.989820493430628
165	644.0172	68.20103	733.6056	552.6658	507.45782	145.288	731.8186	273.03015	1000.0	1000.0	824999	93.663704	12.662417	146.64532	-69.86235	-95.04433	5.039208	4454.390501737595	26.996306082696627
166	699.9359	77.169395	810.44934	611.01587	633.6288	259.28763	861.18585	-64.10588	1000.0	1000.0	829999	93.96725	12.686366	164.92986	-112.89761	-95.38965	5.328139	4482.593055963516	27.00357263921255
167	662.7697	89.79935	755.8326	521.1352	677.1293	125.967316	892.5377	476.04425	1000.0	1000.0	834999	94.40466	12.704531	171.2912	-94.47176	-95.778015	5.430971	4510.970198869705	27.01179761229875
168	619.9061	121.190254	743.41705	393.0187	578.87	277.59567	882.8784	11.518384	1000.0	902.4	839999	94.09046	12.660336	227.8935	-99.085526	-95.46654	5.3896856	4539.109569549561	27.018509355329332
169	618.3174	281.46487	829.6295	-2.5213807	728.9303	199.45529	913.55426	423.64838	836.0	1000.0	844999	93.92952	12.370951	203.64522	-110.73493	-95.301834	5.422505	4567.406099557877	27.02607161053539
170	772.99524	40.964058	830.61975	723.57666	672.87195	36.331097	748.734	624.5491	1000.0	1000.0	849999	93.792946	12.256946	191.4609	-77.98348	-95.15092	5.1286006	4595.627563238144	27.033103325787714
171	713.2477	98.995865	826.39343	558.84564	816.66455	91.10557	935.378	673.7407	1000.0	1000.0	854999	93.98484	12.443857	180.69055	-61.589622	-95.346924	4.92928	4623.96227312088	27.04071505864461
172	699.21497	70.36789	777.14514	581.6039	757.6513	81.1412	873.7062	650.45593	1000.0	1000.0	859999	93.87631	12.7024	184.57497	-70.14659	-95.21772	4.800097	4652.269439697266	27.0480781530225
173	687.65894	203.17833	935.0037	298.98233	615.11005	187.6505	805.3323	102.08367	879.1667	911.4	864999	94.21793	12.91498	161.59763	-88.47317	-95.58324	4.8701158	4680.417231559753	27.054434876910523
174	661.16284	162.81093	830.37335	428.20874	648.48895	38.227413	702.78235	575.2704	1000.0	1000.0	869999	94.94291	13.155167	167.4007	-98.53762	-96.33572	5.2982745	4709.205398797989	27.06439885736882
175	659.8018	95.27943	819.4651	552.989	725.71277	8.111375	737.2709	708.7865	1000.0	1000.0	874999	95.65719	13.170926	165.50775	-128.14577	-97.04151	5.2562904	4737.621280908585	27.072121616091046
176	650.51953	180.20403	851.4289	316.4055	684.0359	63.767517	745.04834	554.52795	896.0	1000.0	879999	96.08155	13.034113	163.46062	-70.86582	-97.43454	5.103985	4765.861681222916	27.07875956459479
177	648.4785	63.994514	724.67395	572.42535	777.71124	125.575264	962.7757	604.1937	1000.0	1000.0	884999	95.90814	12.83514	143.90298	-90.120094	-97.24185	4.8440533	4794.053946971893	27.085050558639786
178	670.3175	52.932373	741.3002	581.51526	957.6509	93.00408	1044.1317	727.8793	1000.0	1000.0	889999	95.77531	12.794865	167.42282	-99.14845	-97.123116	4.83266	4822.116501569748	27.09054215704457
179	613.5151	260.9137	850.7338	74.63703	519.21277	158.26895	739.3947	280.52185	830.1667	1000.0	894999	95.98208	13.381036	160.97485	-127.19898	-97.31837	5.0144315	4850.383150815964	27.097112586378387
180	728.2328	201.1769	909.0995	368.62915	888.1579	237.79248	1097.2551	205.63927	1000.0	921.2	899999	96.106834	13.656069	155.60896	-123.10977	-97.4345	4.9254107	4877.9893255233765	27.099940707948473
181	751.8731	36.661217	815.27496	713.744	946.35583	154.63615	1115.9598	550.94696	1000.0	1000.0	904999	96.37039	13.546189	167.03612	-145.36906	-97.7266	4.9044123	4906.075143575668	27.105387545422296
182	797.19226	110.77872	919.8583	660.09705	826.5184	35.226902	877.2639	778.3293	1000.0	1000.0	909999	97.07494	13.443679	150.83252	-123.35684	-98.43871	5.1432357	4934.297555208206	27.11152504171644
183	672.10333	161.34367	838.4716	409.0144	809.1319	58.712387	918.5034	712.191	1000.0	1000.0	914999	97.87819	13.058017	153.53406	-68.627075	-99.24825	5.139257	4962.67866396904	27.1184626576679
184	709.36487	160.79797	929.60315	434.019	674.8107	163.64307	924.7817	411.54785	1000.0	1000.0	919999	98.94615	12.725012	167.15564	-92.67301	-100.33416	5.4028587	4990.800462961197	27.123915569937747
185	696.964	106.24121	827.08	573.38776	815.4874	64.62194	931.88666	698.8398	1000.0	1000.0	924999	99.74032	12.776546	163.34314	-62.486923	-101.09055	4.898714	5019.2002329826355	27.13081208177515
186	773.11676	106.640724	903.49756	662.73584	929.6206	135.3632	1033.068	659.19275	1000.0	965.7	929999	99.93597	13.2377825	161.30792	-154.70973	-101.293365	5.1443844	5046.847222328186	27.133587227072766
187	861.02527	74.47125	997.83984	796.6455	842.21826	48.640686	913.0018	761.57745	1000.0	1000.0	934999	100.857544	13.603277	181.5506	-115.56959	-102.23993	5.2588096	5075.220831632614	27.14021836117627
188	651.6364	291.26187	901.4583	30.71901	768.83167	118.23074	903.06714	447.22278	838.5	1000.0	939999	101.76008	13.805511	180.22614	-75.44742	-103.139626	5.659816	5103.242678403854	27.144907872727575
189	723.5409	100.69242	819.6641	528.179	758.14716	264.6482	1107.4589	108.11396	1000.0	909.9	944999	102.27078	13.973886	270.11267	-67.12772	-103.630264	5.7736506	5130.874472618103	27.147483992198158
190	681.2625	239.35764	843.5283	154.47327	670.4391	143.6069	927.3116	404.03763	874.5	1000.0	949999	102.45668	14.0105	252.88896	-68.17643	-103.80861	5.762992	5158.940980911255	27.152320962203177
191	730.9486	41.679394	776.8547	662.6638	683.1182	32.672176	743.8612	625.0657	1000.0	1000.0	954999	102.68608	14.074464	205.94443	-102.519455	-104.03123	5.5543275	5187.226794719696	27.15825548097101
192	737.99347	75.72596	850.63873	614.0303	493.6521	233.77087	689.31177	-170.92413	997.6	1000.0	959999	102.69112	13.913409	177.17062	-156.91473	-104.03386	5.607194	5215.368861436844	27.1633794978261
193	744.55865	98.27792	873.6618	570.85504	789.6168	97.69816	902.21906	582.29	1000.0	1000.0	964999	102.88044	14.206752	171.51971	-60.02988	-104.20984	5.317455	5243.607639312744	27.16895151014773
194	767.5363	335.06235	1073.2676	66.1571	955.7533	76.89683	1036.589	787.5741	846.5	1000.0	969999	103.00333	14.318537	156.98497	-73.2913	-104.33486	4.8880095	5271.499253034592	27.172676574323596
195	661.2975	172.7034	887.3901	431.28195	934.5954	158.79597	1017.81885	462.2144	898.0	1000.0	974999	102.71658	14.659847	157.65192	-64.723694	-104.025276	5.1587687	5299.672921419144	27.177809864435442
196	897.4505	71.94132	984.1895	769.2519	797.9335	59.003635	949.69495	741.47943	1000.0	1000.0	979999	102.75289	15.03165	190.20111	-89.13071	-104.07111	5.063573	5327.925923109055	27.1832955370144
197	868.3996	43.331768	926.1684	795.06274	773.237	239.10551	1084.6471	330.85962	1000.0	858.6	984999	103.30076	15.35697	154.74777	-49.8431	-104.656746	4.972167	5355.101281881332	27.18325524765828
198	809.7975	170.74678	971.36053	501.57355	840.5869	190.24123	1145.0486	486.30438	1000.0	1000.0	989999	104.2798	15.315816	148.69101	-80.977036	-105.634865	4.92976	5383.17289686203	27.18774191297666
199	894.5023	136.79555	1111.5343	742.89764	540.3525	184.97546	748.7904	53.626537	1000.0	907.6	994999	104.90748	15.339034	165.4374	-64.62447	-106.25636	5.0812716	5410.82816028595	27.19009126850109
200	826.08026	94.66209	1001.13855	740.06464	812.82043	267.05844	990.6382	31.112488	1000.0	904.1	999999	105.67938	15.647573	177.94406	-120.729744	-107.03922	5.276507	5438.389653205872	27.191948276758193
