Epoch	AverageEpRet	StdEpRet	MaxEpRet	MinEpRet	AverageTestEpRet	StdTestEpRet	MaxTestEpRet	MinTestEpRet	EpLen	TestEpLen	Time Steps	AverageQ1Vals	StdQ1Vals	MaxQ1Vals	MinQ1Vals	AverageQ2Vals	StdQ2Vals	MaxQ2Vals	MinQ2Vals	LossPi	LossQ	Time	AVG Time Per Epoch
1	18.076664	14.352935	107.800735	4.2969246	38.85992	0.93120927	40.444874	36.984165	22.164444	22.1	4999	4.1099534	2.8312533	21.327927	-5.2821074	4.110155	2.831993	20.678978	-4.5721827	-4.9001117	0.17894264	15.35405707359314	15.354059934616089
2	17.139723	12.086945	88.546364	5.498664	50.803482	0.9733542	52.424835	48.891483	21.38889	28.2	9999	16.743258	8.073504	58.13919	-13.693369	16.743748	8.073428	56.232983	-15.382565	-19.815325	2.8081799	34.631996870040894	17.315999746322632
3	145.30814	34.11556	192.16698	41.89883	191.26083	3.1739466	195.68399	185.7167	75.71212	95.1	14999	41.851562	15.432215	78.21419	-30.743092	41.851933	15.429559	77.50098	-35.213757	-46.839848	15.190765	55.30709624290466	18.435699542363484
4	180.76086	5.2703924	192.80847	170.95992	173.4061	1.1021265	174.98877	170.99634	86.05173	86.0	19999	60.794518	16.707926	96.51225	-58.719456	60.794567	16.695368	95.846176	-56.504505	-64.561615	19.986885	76.37493467330933	19.09373426437378
5	179.76791	13.320441	206.8693	145.82816	187.1597	8.886887	203.0659	177.37799	89.63636	95.6	24999	69.26084	19.128862	107.45355	-81.78262	69.26107	19.118645	106.94353	-78.246666	-72.29052	20.009256	97.27657437324524	19.455315351486206
6	171.23788	50.04194	239.9112	18.127668	209.23392	3.6458602	218.19142	204.3384	86.98276	105.6	29999	76.866615	22.151321	116.40836	-99.48894	76.86652	22.148375	116.3624	-99.514694	-80.20147	21.262278	118.01519680023193	19.66919978459676
7	216.63948	10.298129	235.16838	186.29118	210.5981	0.9395302	212.82307	209.39307	105.6383	110.4	34999	85.023445	26.754402	128.26505	-92.77163	85.02364	26.751513	131.43811	-90.85903	-88.27118	20.15939	139.13916420936584	19.877023730959213
8	194.86966	93.64544	380.69406	38.8264	342.01346	14.976229	370.833	323.00827	90.05357	127.0	39999	90.07979	29.605776	145.81015	-127.85043	90.08073	29.606625	138.86778	-109.49463	-93.083275	21.272318	159.6807506084442	19.960094094276428
9	272.91898	137.05031	579.8776	67.23852	68.19707	5.1323395	78.352615	61.257454	104.416664	40.6	44999	95.72199	31.028095	200.71544	-64.49005	95.72235	31.022665	199.17224	-103.92052	-99.27573	27.266512	180.50279688835144	20.055866612328423
10	407.22607	78.43944	633.1542	263.14838	87.69239	150.24718	538.4134	34.959595	148.27272	39.4	49999	104.77437	30.937218	203.92021	-79.22497	104.775185	30.924366	197.48045	-64.73392	-108.745026	39.690273	201.49576258659363	20.149576449394225
11	220.83165	213.32338	639.6505	19.220987	502.62372	6.907215	518.52277	493.60593	81.629036	158.2	54999	116.72894	33.751404	240.45964	-56.73378	116.73046	33.72966	228.30806	-57.396053	-121.57899	62.483414	222.82799887657166	20.257091002030805
12	388.108	68.77828	536.96564	314.5162	343.0669	2.2759156	346.32358	339.9511	130.6579	120.5	59999	128.01912	37.408348	228.28375	-74.8335	128.01987	37.393566	225.1657	-74.680855	-132.6152	64.98775	243.57969617843628	20.298308193683624
13	355.19473	16.325134	411.9611	324.5621	466.85126	2.1437197	469.8617	463.3012	124.17073	148.2	64999	134.13379	40.845108	239.47774	-57.34288	134.1326	40.843884	239.2976	-55.217644	-138.31656	58.0905	264.8680052757263	20.374462109345657
14	346.79034	70.86621	513.0222	111.10787	281.13522	21.708385	322.93793	258.35233	130.76315	118.8	69999	137.74402	44.08716	245.95932	-61.620296	137.74309	44.07899	254.44513	-63.568897	-141.98018	51.965412	286.03349208831787	20.43096390792302
15	399.71906	101.93444	645.24634	209.87971	536.85406	48.196377	576.2717	396.0751	137.36111	163.0	74999	142.17415	47.635914	254.19962	-60.86275	142.17422	47.633945	260.1948	-57.33869	-146.13495	50.134068	306.84434843063354	20.45629003842672
16	523.79083	86.73404	659.50653	329.55096	484.6568	49.84452	545.3017	354.02036	173.48276	170.1	79999	148.08229	51.186005	262.4894	-55.53112	148.08174	51.184013	269.42648	-62.550518	-151.99615	50.40007	328.0175726413727	20.501098409295082
17	519.71857	91.29056	720.1212	355.4812	482.10236	80.3977	576.8699	294.88785	174.32143	166.5	84999	154.2336	54.586674	253.5015	-64.974434	154.23434	54.586716	265.466	-89.33902	-158.096	54.064045	349.1569061279297	20.538641663158643
18	480.6447	109.39437	659.55273	250.76537	426.83594	83.207756	555.0683	337.06122	162.15625	155.5	89999	157.31114	57.024673	252.53351	-66.67523	157.31108	57.02158	250.38281	-99.02425	-161.16466	53.800987	370.33519196510315	20.57417745060391
19	442.25583	145.48059	658.5361	67.95709	582.46387	12.412267	611.7354	565.1012	159.93549	196.3	94999	158.7928	58.510235	259.2761	-111.022865	158.79214	58.514004	252.20218	-150.99358	-162.35614	51.495014	391.5738730430603	20.609151325727765
20	477.01944	204.90892	819.2268	63.723667	435.2875	147.96535	644.48486	264.28717	173.75862	166.5	99999	160.6218	58.879375	285.0606	-230.55179	160.62158	58.88031	280.85425	-318.69363	-164.38853	58.766273	412.73772144317627	20.636886179447174
21	611.0024	126.24253	895.52203	324.7966	342.00177	2.3769152	346.47238	337.06088	216.78261	138.8	104999	161.7438	59.133892	288.6731	-125.931465	161.74326	59.137844	290.80392	-82.45022	-165.59877	56.574913	433.7757306098938	20.655987274079095
22	615.64624	154.52293	878.41693	57.649567	632.0929	55.862232	782.1467	569.3652	209.0	214.5	109999	163.93222	58.878166	293.51816	-87.00241	163.93205	58.879303	293.2323	-65.225174	-167.83441	53.458813	455.19974064826965	20.69089738889174
23	591.72815	142.40314	786.81903	52.964054	657.075	205.97893	1075.4286	531.9885	201.04167	241.8	114999	165.54942	58.964478	292.62128	-80.76589	165.54893	58.962685	295.93558	-100.626335	-169.23647	55.50091	476.46268343925476	20.715768938479215
24	681.75824	259.94843	1556.607	66.66763	727.18054	117.891975	925.4824	442.26212	229.40909	247.9	119999	167.08316	58.62833	287.91522	-104.828995	167.08327	58.62151	287.2957	-105.071556	-170.33662	59.18037	498.1325764656067	20.75552413860957
25	932.2827	396.26822	2042.4232	503.667	785.3402	268.53348	1451.0605	640.1725	312.375	271.4	124999	168.88815	57.97345	266.24234	-93.82442	168.88939	57.970356	269.68323	-118.596664	-172.28638	57.423756	519.6741487979889	20.786966047286988
26	933.19434	308.4823	1730.2205	611.69025	682.6432	43.181076	800.55225	639.3592	303.5625	225.4	129999	171.32243	57.532246	261.26318	-84.33951	171.32372	57.526382	262.8157	-97.0656	-174.94238	59.3824	541.186558008194	20.81486768905933
27	943.90594	175.77603	1240.4857	648.2511	945.19806	35.645294	1010.16113	902.47125	303.70587	293.9	134999	173.8443	57.560905	261.20074	-109.69586	173.84439	57.560036	264.11905	-108.18746	-177.26814	56.56745	562.9673907756805	20.850644173445524
28	982.2334	293.96396	1855.4623	655.2642	646.05414	2.0252686	649.57263	643.1144	300.8125	214.7	139999	174.81079	57.36767	264.63324	-82.61751	174.811	57.361675	265.48087	-89.1972	-177.83339	54.5206	584.3983948230743	20.87137132883072
29	1148.49	607.6993	2794.1096	696.9542	926.92755	21.652445	977.11346	905.37256	368.83334	287.6	144999	175.62096	57.095383	267.1037	-123.14658	175.62044	57.09265	266.25717	-78.39524	-178.46585	51.778645	605.9752943515778	20.895699887440124
30	1872.7595	926.6031	2971.0403	315.53275	2269.4126	733.20435	3017.0784	925.46094	638.6667	750.4	149999	176.70566	57.139748	267.14444	-95.05963	176.70566	57.142506	277.4845	-92.36713	-179.61703	50.23029	629.3484289646149	20.978281037012735
31	1044.4109	510.50317	2489.2603	688.2766	767.0863	106.62882	934.6188	694.5724	329.86667	242.0	154999	178.55145	57.01888	265.3854	-97.97338	178.55124	57.025013	268.5706	-107.89191	-181.38042	50.199657	650.7528109550476	20.992026229058542
32	844.92633	440.63745	2629.7007	665.89545	865.5975	17.868395	903.55774	838.3666	263.10526	257.3	159999	179.73386	57.23209	261.7116	-79.36643	179.73367	57.237003	263.6291	-77.15599	-182.5043	48.624832	672.2376918792725	21.00742793083191
33	792.8127	116.48242	1164.2268	676.49036	703.04285	1.5461668	705.2491	700.05414	241.42857	219.3	164999	180.93745	57.75327	261.23367	-109.60475	180.93771	57.761215	264.86417	-114.24763	-183.42078	46.97308	693.6047191619873	21.01832488088897
34	708.6129	39.413887	840.69403	651.60266	738.70447	18.746544	781.6088	720.839	219.17392	225.8	169999	182.13013	58.113537	262.63675	-89.10356	182.12987	58.1215	263.69345	-91.408905	-184.77397	48.00694	714.9790058135986	21.028794351746054
35	922.20325	249.65102	1748.6989	681.53687	1282.8098	441.32983	2225.6675	681.296	277.83334	400.3	174999	183.32805	58.599514	262.94852	-84.059944	183.32745	58.60683	264.20734	-98.26598	-185.8892	46.15161	737.0746388435364	21.059275443213327
36	1159.0114	567.1407	2835.6228	684.8045	1862.9332	765.7891	2907.6597	954.58234	360.25	640.1	179999	185.11227	59.11256	264.25537	-86.84671	185.11227	59.120426	266.48196	-57.50491	-187.52966	47.393944	760.0505487918854	21.112515297200943
37	1634.2278	955.3081	3071.952	843.1771	1918.818	953.7283	3196.0483	826.56067	517.0	594.9	184999	187.5575	59.84252	269.51273	-143.09085	187.55698	59.848557	269.42715	-128.30774	-190.0548	41.394207	782.9839112758636	21.16172738977381
38	2022.9391	936.5929	2996.0344	283.424	2452.837	737.3048	3003.9893	1069.8828	665.25	829.7	189999	190.08627	60.342102	273.61365	-85.5413	190.08647	60.34376	273.68057	-88.41165	-192.40277	43.099392	806.8913247585297	21.233982286955182
39	1154.4956	538.91254	2885.2896	803.52246	1845.0752	871.18396	2938.2578	1037.8171	372.41666	636.0	194999	192.21124	60.81652	273.47437	-69.44068	192.21141	60.82768	272.8847	-79.098434	-194.51268	43.9347	829.9904284477234	21.28180590654031
40	1197.0934	567.8508	2946.0107	780.82697	1107.4905	392.24933	2268.8196	916.5768	372.73334	347.1	199999	194.48695	61.029057	276.598	-80.788826	194.4863	61.037697	279.4474	-99.38348	-196.74883	46.430096	851.7031886577606	21.292579770088196
41	1436.2219	689.78674	3095.1953	940.9458	1203.6229	251.97934	1910.4702	968.59076	442.0909	366.1	204999	196.80038	61.529785	279.95825	-78.80121	196.79944	61.536957	278.72263	-96.662544	-199.24356	43.954487	873.4840700626373	21.30448956605865
42	1259.125	375.6125	2016.4529	970.6033	1738.7832	297.2784	2254.604	1261.7218	389.41666	575.5	209999	198.70981	62.265152	278.65897	-110.86465	198.70949	62.274185	283.51758	-104.222885	-200.85478	43.81585	896.4272575378418	21.34350618294307
43	1602.685	642.0065	3034.4387	969.79785	2306.1838	899.5917	3146.1099	854.8327	498.63635	721.9	214999	200.70984	62.870617	279.64914	-82.948845	200.70819	62.88328	280.90317	-74.20576	-203.13257	43.514812	919.8988382816315	21.392996283464655
44	1474.2982	494.22638	2191.8748	999.16766	2782.5054	674.5906	3117.2388	851.8776	451.9	894.2	219999	202.70132	63.194103	282.03784	-107.93115	202.70107	63.20216	281.00797	-90.692924	-204.96371	43.28608	943.938668012619	21.45315158367157
45	2071.5508	1087.1522	3115.9448	48.656013	3172.951	10.90419	3192.721	3152.491	671.375	1000.0	224999	204.6941	63.929134	285.16452	-100.7768	204.69328	63.93795	336.90955	-82.49123	-207.30911	43.762028	968.372232913971	21.519383001327515
46	1827.8813	701.7245	3113.5088	933.5087	3164.4175	82.86503	3249.9995	2940.176	558.2222	989.8	229999	207.03319	64.39756	289.28934	-100.16754	207.03229	64.40641	288.20993	-96.11236	-209.28548	44.44909	992.845046043396	21.583588004112244
47	1688.905	502.07138	2843.3086	993.7856	1068.1096	47.471397	1151.8389	1014.4493	508.6	316.2	234999	208.72226	64.683975	289.43878	-109.046265	208.72234	64.69062	286.10135	-113.31653	-211.03531	41.61993	1014.5570025444031	21.58631924365429
48	774.72284	420.25626	1301.3364	6.8634343	1010.4481	13.153157	1030.8049	986.49506	228.31818	295.8	239999	209.89397	65.1737	287.3503	-88.702484	209.89421	65.17755	288.14792	-80.28852	-212.2306	42.748196	1036.351305961609	21.590652247269947
49	1066.0128	198.48293	1768.2007	945.5221	1010.28107	11.857708	1041.3102	995.13934	316.25	297.0	244999	211.22238	65.060715	288.69925	-77.95557	211.22198	65.07121	289.32855	-69.31	-213.33083	43.828316	1058.0834696292877	21.59354023544156
50	1371.8615	406.79553	2027.2275	960.0462	1028.8054	7.8125343	1042.2727	1016.02936	417.9091	314.1	249999	212.22588	65.39521	291.12375	-145.47585	212.22533	65.40685	287.99097	-129.80547	-214.51338	42.5774	1079.8226492404938	21.596453027725218
51	1266.4291	549.329	2771.4028	944.36816	1041.1891	2.8866844	1045.7584	1036.5385	385.0	304.5	254999	213.74861	65.3151	291.31323	-77.93135	213.74796	65.32213	288.61325	-101.96926	-215.88971	41.857002	1101.3631415367126	21.595355758479997
52	1111.6036	382.0288	2523.8591	959.87085	2098.6887	945.73773	3280.5278	1274.4352	331.8	635.8	259999	214.93167	65.698944	297.67914	-129.39964	214.93105	65.70012	291.1765	-86.16687	-217.2501	38.182938	1124.289467573166	21.620951340748714
53	1211.032	576.31146	3200.385	942.5631	1147.8628	243.50325	1850.789	1023.1204	366.06668	353.9	264999	215.98944	65.93471	292.5638	-101.364334	215.98967	65.94031	290.77222	-81.169014	-218.11401	38.190308	1146.300051689148	21.628302893548643
54	1072.349	188.81578	1693.1438	914.86255	2253.1208	595.8343	3257.792	1275.6552	319.8	681.0	269999	216.59627	66.10355	291.71387	-87.2445	216.5956	66.108604	292.6124	-94.224846	-218.80467	37.69781	1169.4516706466675	21.65651245911916
55	1198.4326	426.6935	2569.2944	899.7302	1997.2819	595.2334	3192.161	1554.6003	352.42856	616.8	274999	217.7618	66.36101	293.46277	-84.12789	217.7618	66.366905	295.42844	-116.7032	-219.89583	39.426758	1192.400535106659	21.680009763891047
56	960.3584	101.81987	1083.9872	601.42426	2155.7917	838.77124	3246.968	1033.8986	286.22223	675.3	279999	218.43091	66.87619	295.44296	-67.25049	218.43137	66.8817	294.7935	-100.426285	-220.64505	37.584927	1215.6822831630707	21.70861223765782
57	1135.3201	305.31863	1914.0991	886.38666	904.651	29.548483	966.2238	864.9126	339.8	266.1	284999	219.0313	67.0811	295.43488	-98.09875	219.03125	67.0902	296.18442	-105.75376	-221.30783	39.666317	1237.2966129779816	21.706958160065767
58	1127.3439	476.55087	2755.4026	874.7594	1374.7561	660.031	3209.1348	984.3224	335.6	422.9	289999	219.61711	67.11578	301.3611	-95.18473	219.61708	67.125496	301.00787	-99.31081	-221.59067	36.960964	1259.6009583473206	21.717257939535997
59	1052.7695	203.03313	1595.7102	804.9566	2881.1687	570.76886	3208.6594	1407.6946	308.14285	900.5	294999	219.64655	67.256905	294.91562	-114.36015	219.646	67.26494	299.58423	-115.2109	-221.54095	34.73912	1283.6048407554626	21.75601428242053
60	1644.3492	844.604	3135.6133	965.7016	1496.596	690.5692	3148.378	905.38226	503.6	497.1	299999	220.22897	67.44186	299.27872	-75.289116	220.2288	67.445175	299.92896	-82.19723	-222.27628	36.883053	1306.327701807022	21.772128395239513
61	1473.3223	789.028	3156.0881	752.3722	3174.654	19.1799	3200.123	3136.6692	438.91666	1000.0	304999	221.1765	67.729065	298.90106	-146.35632	221.17596	67.73938	299.18066	-79.58485	-223.38898	36.330563	1330.7630894184113	21.815788382389506
62	1495.3431	902.4328	3272.8499	764.025	3142.2515	16.42003	3172.6455	3120.6152	447.83334	1000.0	309999	222.04074	68.021736	300.38992	-105.06604	222.04094	68.02502	298.7576	-68.30009	-224.13275	33.048904	1355.1258916854858	21.856869270724633
63	1515.2471	719.36694	3270.7197	852.3124	2884.3562	944.5228	3220.1775	51.14825	450.7	903.5	314999	222.5584	68.24865	299.07837	-95.57248	222.55864	68.25109	300.2614	-100.921486	-224.48143	32.505154	1379.368411540985	21.894736725186544
64	1404.2544	578.68933	3157.7246	751.55396	2305.8086	465.82767	3164.5618	1754.7472	419.0	698.8	319999	223.424	68.36173	302.38458	-102.56914	223.42331	68.36989	307.38153	-106.466225	-225.59949	35.398075	1402.6342165470123	21.91615966334939
65	1100.1113	592.40424	3233.1904	691.34076	1138.7867	18.260775	1177.8787	1102.5511	325.0	336.4	324999	224.62457	68.07419	298.9927	-106.107925	224.62495	68.0799	300.21002	-77.10152	-226.62328	35.766098	1424.3350682258606	21.912847232818603
66	1151.0427	590.12213	3307.5938	839.0092	1984.8416	820.6346	3249.6301	1256.8457	334.06668	582.3	329999	225.26593	68.211624	299.20807	-90.92678	225.26534	68.219284	300.56747	-130.63892	-227.38728	34.433136	1447.1180956363678	21.9260317809654
67	1202.635	576.9622	3152.2341	815.81433	3229.6406	5.4427366	3237.4739	3220.7073	351.30768	1000.0	334999	225.78683	68.342255	299.357	-79.98791	225.78636	68.344376	301.81885	-79.68995	-227.60596	37.172127	1471.6308908462524	21.964640193910743
68	2001.36	897.85156	3224.1772	1008.7944	1107.1179	69.65701	1202.0714	984.99	606.6667	305.1	339999	226.52075	68.639244	299.61392	-129.35452	226.51985	68.64587	303.05273	-70.844185	-228.275	33.874058	1493.2064368724823	21.958918217350455
69	2512.4697	899.4617	3285.0298	1237.7872	3178.7407	41.621742	3261.524	3124.088	763.1667	1000.0	344999	227.38525	68.8238	304.48074	-71.07107	227.38542	68.8296	304.7175	-75.911064	-229.27228	35.24168	1517.7871580123901	21.996915361155633
70	2311.4297	1083.3391	3260.2852	937.38116	3212.848	11.920689	3237.3901	3194.7102	691.5714	1000.0	349999	228.12123	68.880394	307.89417	-88.7022	228.12097	68.88349	309.2586	-107.27957	-229.92882	33.30642	1542.1633603572845	22.030905178615026
71	2332.4287	903.0498	3326.0234	1014.79535	1019.4927	20.573395	1080.533	1008.9292	702.625	304.1	354999	228.9147	68.98035	309.6638	-84.08802	228.91501	68.98787	310.25385	-92.78475	-230.84435	34.36936	1563.67716050148	22.023622002400142
72	1995.6831	839.6845	3299.5842	1005.3866	3012.7715	432.42752	3315.7295	2020.7626	603.375	915.8	359999	230.04138	68.993004	307.9525	-113.73719	230.04108	68.9983	312.16153	-103.206406	-231.85153	36.44353	1587.7988402843475	22.05276170372963
73	2794.7576	774.05865	3376.5627	1222.9272	1825.7434	642.8302	2974.8093	1065.1464	817.3333	566.8	364999	230.6657	69.204796	313.7967	-154.36525	230.66522	69.21191	321.61942	-128.4388	-232.63449	36.032417	1610.5836834907532	22.062790210932903
74	2208.7349	966.59454	3393.67	1016.02997	2922.104	714.5178	3324.4358	906.5964	660.5714	873.7	369999	231.45595	69.35401	315.9504	-85.962	231.45541	69.359825	316.69064	-78.43044	-233.20563	33.643745	1634.604317188263	22.089247555346102
75	2656.972	1153.699	3319.4597	121.71556	2425.116	807.13934	3257.7769	1482.9553	808.0	743.0	374999	232.41283	69.48446	316.16513	-93.898224	232.41232	69.49022	315.13348	-81.388435	-234.10703	34.637062	1658.0653276443481	22.107537727355957
76	2764.4822	618.3479	3328.5579	1606.1956	1210.4886	55.64637	1286.722	1073.9136	826.1667	351.0	379999	233.71024	69.16992	322.85086	-74.39982	233.71024	69.17549	317.16867	-86.010086	-235.3654	33.429447	1679.9505121707916	22.10461202734395
77	2473.2178	981.10223	3365.1682	1185.9417	2359.7163	588.2022	3283.0884	1340.3447	730.75	695.1	384999	234.92021	69.024826	313.5639	-79.95458	234.91913	69.03145	314.57803	-119.58743	-236.57689	35.640583	1703.4639694690704	22.12290872227062
78	1876.4495	595.87244	3286.4255	1137.2471	1638.6774	675.57214	2974.206	906.3546	550.2222	501.6	389999	235.84016	69.185135	315.44778	-98.7983	235.84027	69.19215	316.15927	-102.7837	-237.78156	32.464527	1725.8331153392792	22.126065611839294
79	2434.9993	620.8899	3252.41	1384.0858	3160.05	330.09747	3365.174	2232.6604	730.5714	942.4	394999	236.79129	69.199394	315.59973	-156.95622	236.79143	69.202774	316.23935	-131.37215	-238.70279	33.1147	1750.0579023361206	22.15263169928442
80	2270.4475	771.55304	3289.461	972.2746	3372.577	50.07433	3482.3816	3316.482	680.0	1000.0	399999	237.74829	69.415596	314.9277	-94.50228	237.7482	69.422874	318.2388	-71.12361	-239.51166	34.29363	1774.259432554245	22.178242933750152
81	2782.972	726.6977	3371.5344	1381.891	3251.872	48.083862	3305.5017	3157.5422	823.1667	1000.0	404999	238.89597	69.541176	315.69058	-189.47818	238.89569	69.544205	318.32474	-196.18086	-240.62769	32.841736	1799.0147109031677	22.210058185789322
82	2747.296	809.08563	3316.766	1052.9993	1701.1195	844.3647	3309.3164	1028.6912	834.5	514.0	409999	239.92343	69.58728	317.53525	-74.64335	239.92299	69.59629	318.9386	-89.32013	-241.71266	33.912575	1821.6924595832825	22.215761722587956
83	2618.4578	865.411	3359.764	1020.4185	3295.1958	31.326748	3338.669	3235.4304	782.5	1000.0	414999	240.69774	69.81686	317.56253	-86.24175	240.69733	69.82427	319.64084	-82.6949	-242.29657	33.755177	1846.09445977211	22.24210195369031
84	3188.7173	195.26888	3320.7688	2802.319	3255.8716	12.291477	3277.9478	3231.6846	969.0	1000.0	419999	241.77228	70.13352	317.5298	-74.03841	241.77177	70.14041	318.84695	-108.81926	-243.50055	32.946136	1870.6410977840424	22.269536903926305
85	2713.7368	893.56	3379.5881	1161.2278	3265.3716	14.122452	3286.4438	3237.9927	810.7143	1000.0	424999	243.06313	69.58277	321.67294	-124.98847	243.06306	69.58484	319.45264	-83.73694	-244.6528	34.150394	1894.8450348377228	22.29229455274694
86	2644.3003	698.5108	3289.5886	1433.5067	3165.79	273.57422	3321.4062	2351.6948	784.8333	962.7	429999	243.42542	69.85505	321.742	-156.6512	243.42503	69.85866	323.02158	-124.4426	-245.1743	31.547943	1919.3567447662354	22.31810170550679
87	2155.356	1008.8407	3529.7527	1004.96515	1322.0925	30.6509	1361.2319	1263.7826	609.375	368.1	434999	243.96283	70.036026	322.48105	-77.35749	243.96252	70.04085	326.76056	-79.93555	-245.51665	31.501303	1941.3319656848907	22.314160547037233
88	2042.3663	872.1993	3392.281	993.4726	3138.5725	197.87486	3295.9426	2602.0447	586.25	966.7	439999	244.40784	70.15383	324.49158	-108.81997	244.40742	70.163445	326.03168	-93.125916	-245.95226	34.21858	1965.7540247440338	22.338113939220253
89	2039.5642	778.47876	3399.9487	1099.9104	3086.5344	407.8758	3318.4011	2119.6748	583.2	931.5	444999	245.67154	69.856316	326.97028	-116.468704	245.67087	69.86431	328.95145	-102.249374	-247.3064	30.731512	1989.8636360168457	22.35801840364263
90	2486.7844	1121.3217	3461.5745	714.42035	2165.095	844.9302	3553.8362	1565.8467	721.8333	595.7	449999	246.4767	69.93448	328.40134	-92.56722	246.47704	69.94045	329.95718	-100.51019	-248.26534	31.895926	2012.7003636360168	22.36333739757538
91	2472.6948	921.684	3450.0962	1201.2378	3342.8215	16.007498	3365.8857	3314.0059	712.2857	1000.0	454999	247.15767	70.22915	328.31433	-106.19524	247.15742	70.23404	331.37674	-98.66773	-248.72096	30.918604	2037.132333278656	22.386069620048605
92	3369.6255	74.804375	3498.1824	3284.9697	3304.541	41.791546	3405.725	3255.7537	1000.0	1000.0	459999	248.10725	70.21576	326.0919	-111.50453	248.10712	70.21967	329.919	-84.786995	-250.05565	30.90064	2061.7067263126373	22.40985574411309
93	2679.989	929.41486	3408.7146	741.5375	3228.21	17.013193	3252.3484	3191.232	789.5714	1000.0	464999	248.93158	70.39587	327.3978	-135.41483	248.93185	70.403275	326.92804	-163.58553	-250.53018	32.405098	2086.2347524166107	22.432631769487934
94	3172.9526	188.63971	3333.2703	2803.392	2121.413	1024.572	3427.379	1180.0428	962.6	617.5	469999	249.96568	70.389854	326.62186	-103.32728	249.9654	70.39688	324.6889	-114.17798	-251.69452	33.150127	2109.1241619586945	22.437491107494274
95	2495.3696	968.86975	3364.661	1219.0018	3263.0415	9.291212	3277.244	3243.5818	740.8571	1000.0	474999	250.82254	70.55297	327.0948	-91.96571	250.82182	70.5575	327.41644	-79.765724	-252.6039	33.860092	2133.6818726062775	22.45980920791626
96	2951.4653	374.70892	3337.9814	2294.87	3292.8022	26.07055	3338.384	3259.7986	855.8	1000.0	479999	251.71835	70.61406	325.84872	-94.24593	251.71812	70.618675	327.64117	-93.475784	-253.36066	29.4088	2157.903294324875	22.478159335752327
97	3253.304	168.73103	3396.3296	2887.0107	3306.0469	9.539952	3323.067	3290.8325	958.3333	1000.0	484999	252.43102	70.672005	329.40662	-103.28566	252.43158	70.67415	331.626	-79.26538	-254.16183	33.451168	2182.3820655345917	22.498784200432375
98	3299.6108	61.748966	3380.7458	3200.3938	3439.5977	21.040533	3462.5928	3406.877	1000.0	1000.0	489999	253.01593	70.842766	330.74225	-86.93645	253.01584	70.849556	328.39215	-111.36284	-254.49033	31.463625	2207.096981048584	22.521397782831777
99	3313.6646	30.530188	3352.98	3269.4167	3364.173	40.032112	3442.8562	3315.7466	1000.0	1000.0	494999	253.90211	70.85929	330.93652	-76.10679	253.90138	70.86696	329.47253	-99.96649	-255.34982	31.420143	2231.6695046424866	22.54211623018438
100	3371.8887	45.123276	3460.1575	3338.6394	3297.4187	29.751144	3358.326	3251.9067	1000.0	1000.0	499999	254.62578	70.67433	329.19473	-78.30949	254.62613	70.678535	329.9164	-79.44941	-256.2442	31.121487	2256.1587595939636	22.561587617397308
101	2428.7332	916.6593	3339.7449	1346.9825	3227.7783	24.978155	3253.0452	3167.2393	710.5	1000.0	504999	255.85266	70.32503	332.03952	-94.02804	255.85237	70.33313	331.1972	-132.9293	-257.2884	30.82508	2280.507570028305	22.579282895173176
102	2736.1016	439.7211	3328.7905	1954.4321	3447.6028	13.385454	3463.9268	3425.2188	786.7143	1000.0	509999	256.34055	70.28486	330.89832	-128.23373	256.34048	70.29133	329.80786	-163.23204	-258.08728	30.584593	2305.0610690116882	22.598637952524072
103	3192.1216	232.78122	3417.715	2901.7405	3292.7625	10.660485	3307.519	3269.0808	925.8	1000.0	514999	256.68393	70.345955	333.64713	-163.47247	256.68372	70.345406	331.91162	-85.16969	-257.91342	31.98373	2329.3804235458374	22.615343941068186
104	3223.432	244.89024	3450.4553	2728.8562	3283.4907	177.1149	3397.2937	2756.2073	934.3333	979.2	519999	257.3445	70.46148	333.78403	-145.19075	257.34488	70.46428	334.60443	-94.0037	-258.7909	32.776585	2353.533319711685	22.63012809249071
105	2340.7344	958.0195	3393.3394	924.568	3311.8723	409.51065	3534.3923	2235.9883	683.4286	940.5	524999	258.11505	70.54242	336.1819	-93.48003	258.115	70.544785	335.31564	-126.903244	-259.69217	29.12285	2377.9075903892517	22.646738971982682
106	2488.752	1056.778	3446.748	975.0848	2988.4597	838.64185	3493.336	1043.6835	724.0	866.8	529999	259.0389	70.3333	337.9312	-143.42729	259.03864	70.335945	336.1096	-104.4719	-260.59793	30.034729	2401.8751430511475	22.65919948298976
107	3077.8809	499.97522	3476.6292	2204.26	3206.9011	538.65955	3498.6047	1762.3705	886.6	923.7	534999	259.83554	70.23786	335.29517	-80.000435	259.83575	70.24339	338.15585	-177.0174	-261.1268	29.6885	2426.078818321228	22.673633833911932
108	3335.8118	244.98323	3575.9805	2806.7783	3197.396	514.92206	3519.9783	2129.7183	962.6667	904.7	539999	260.40146	70.113266	339.18497	-115.61209	260.40134	70.121796	336.85776	-216.91284	-262.02008	29.61473	2450.054875612259	22.685693316989475
109	2652.3542	868.56396	3476.524	1114.6135	3441.2095	18.043272	3469.0215	3401.026	757.5	1000.0	544999	260.66174	70.29972	340.07248	-145.41928	260.66223	70.30177	338.31445	-155.07433	-262.26385	29.421066	2474.343653678894	22.700400507778202
110	3402.2524	50.530567	3457.335	3314.8704	3130.4165	446.29178	3520.709	1947.8336	1000.0	922.7	549999	261.3134	70.52321	341.62576	-115.624664	261.3143	70.52713	338.12393	-153.34138	-262.80032	30.552525	2498.5176362991333	22.7137967153029
111	563.7011	1231.5677	3410.4124	1.2845002	3195.0276	530.20593	3434.7073	1606.6255	188.58621	949.9	554999	262.3287	69.98176	361.3177	-127.15942	262.32913	69.9812	339.33856	-107.301865	-263.91302	31.546331	2522.691732406616	22.72695256138707
112	684.9985	1195.4989	3364.6116	8.615973	6.9287157	0.33413297	7.442318	6.42363	227.6	32.4	559999	262.77203	70.20845	340.0508	-136.2432	262.772	70.21184	339.21442	-158.00475	-264.30695	32.03721	2543.3091127872467	22.708117097616196
113	2089.5027	1556.2148	3569.6565	6.3355284	3000.8765	734.5091	3570.8506	1800.1417	603.55554	850.4	564999	263.03644	70.5952	340.11658	-156.34016	263.0358	70.59325	340.58893	-136.84727	-264.44785	33.514236	2566.985838651657	22.716688854504476
114	3300.237	274.0721	3523.8152	2759.9045	2582.4685	756.19574	3665.2844	1385.5	956.6	688.9	569999	263.2824	71.49333	343.31516	-304.31308	263.28146	71.49368	342.06982	-237.19362	-264.86053	30.787157	2590.134372472763	22.720476970337984
115	2925.7415	734.7174	3480.2373	1703.8417	3390.7332	20.737028	3416.6145	3343.9763	834.1667	1000.0	574999	264.12476	70.98823	341.90103	-170.49149	264.12466	70.992935	342.17923	-193.92711	-265.61218	29.744272	2614.3283774852753	22.733290259734446
116	2822.748	784.09503	3448.624	1327.6508	3515.2163	30.288757	3563.4424	3477.052	803.0	1000.0	579999	264.71603	70.65417	340.9414	-191.37146	264.71585	70.662384	339.35645	-146.35033	-266.341	30.39743	2638.511167526245	22.74578594133772
117	2500.3345	869.92664	3504.4285	1369.7612	2803.338	733.158	3523.6223	1783.5098	698.5714	772.8	584999	264.90277	70.91223	342.91928	-159.08209	264.90247	70.91473	341.6017	-165.68817	-266.4854	29.084019	2662.0334215164185	22.752422424463127
118	3468.564	51.63424	3517.3438	3374.628	3552.9927	21.721603	3575.5688	3501.4802	984.4	1000.0	589999	265.44943	71.12522	340.91507	-165.87015	265.45007	71.12658	341.36206	-160.42027	-266.97934	27.849644	2686.2476370334625	22.7648104994984
119	3390.3872	154.74767	3513.6597	3089.901	3440.9067	42.739048	3514.5066	3359.4685	971.0	1000.0	594999	266.05585	71.02491	341.59528	-132.04642	266.056	71.03124	342.6232	-169.55089	-267.39047	28.001474	2710.8081328868866	22.77990029439205
120	3416.9429	241.6801	3629.2263	2944.1057	3521.159	37.03354	3581.9963	3458.1318	959.6	1000.0	599999	266.83212	70.979126	342.8855	-153.1049	266.83154	70.98552	343.57578	-180.65234	-268.31427	27.846647	2735.167417049408	22.79306182662646
121	3063.61	971.6297	3526.8628	892.1911	3503.9673	9.010486	3524.541	3493.3884	878.0	1000.0	604999	267.33768	71.12757	344.5072	-187.501	267.33667	71.13522	346.2418	-178.52501	-268.93384	29.727737	2759.8396203517914	22.808591919497026
122	3145.0662	829.0158	3600.0942	1295.6113	3505.4988	97.69211	3616.9634	3314.761	890.8333	1000.0	609999	268.20074	70.99435	346.0179	-182.77998	268.2012	70.99783	344.4904	-186.42587	-269.9027	29.397644	2784.233298301697	22.821584429897246
123	3515.6797	47.468872	3590.041	3443.0596	3641.1008	31.736376	3661.0557	3547.6304	1000.0	1000.0	614999	269.03268	70.86291	348.33786	-164.46883	269.033	70.86696	345.75253	-123.47888	-270.6968	28.97321	2808.6869354248047	22.83485315098026
124	2695.7512	882.8596	3565.9246	1388.7173	3095.8296	841.23395	3609.9143	1427.4623	745.7143	858.0	619999	269.7962	71.05669	346.2917	-143.23769	269.7967	71.06239	345.6522	-228.74922	-271.60413	28.446535	2832.5677959918976	22.843288690813125
125	2545.185	1181.9141	3639.428	1025.8192	2865.751	732.7089	3562.6428	1456.8043	712.5714	809.8	624999	270.08295	71.426025	347.86697	-174.40703	270.083	71.43442	348.03735	-167.02141	-271.72217	29.776556	2856.1289925575256	22.849031953811647
126	2604.7278	928.0116	3563.7615	1322.5299	1293.4242	139.31906	1642.5022	1117.8136	723.2857	342.3	629999	270.84714	71.519196	347.8463	-186.14345	270.84714	71.52642	348.80203	-301.81705	-272.26477	28.743118	2878.260593891144	22.843338060000587
127	2573.2207	804.70184	3601.563	1105.7806	3522.15	42.166058	3636.923	3466.9072	704.8571	1000.0	634999	271.37125	71.442764	347.08783	-116.64121	271.3715	71.449234	349.78754	-142.10934	-273.06705	28.740896	2902.573329925537	22.854908126545702
128	2989.5251	495.1587	3508.0027	2195.3486	3474.1836	28.942755	3519.7925	3433.9631	838.6667	1000.0	639999	271.84738	71.51122	349.87137	-124.10543	271.8479	71.52114	351.24612	-200.22665	-273.51257	29.394403	2927.1662406921387	22.86848627217114
129	3330.5776	440.5036	3696.3665	2468.4138	3584.4897	29.868975	3626.8894	3533.432	931.4	1000.0	644999	272.64307	71.3679	349.54816	-115.04208	272.64227	71.376305	354.47992	-173.39438	-274.07407	26.559362	2951.3255636692047	22.878492754559183
130	2831.155	724.8465	3536.628	1654.3214	2231.6487	511.6234	3317.889	1611.0686	798.5	621.0	649999	273.4134	71.14672	352.39697	-112.03455	273.41367	71.146996	352.1728	-136.60855	-274.77524	26.971535	2974.508392572403	22.880833809192364
131	2924.5608	767.7547	3517.8323	1732.3252	3625.6	23.666334	3652.558	3587.408	823.3333	1000.0	654999	273.9719	71.382095	350.7595	-174.99861	273.97156	71.38946	353.985	-129.18423	-275.35684	27.016893	2998.929384946823	22.8925907429848
132	2841.815	859.28906	3566.0762	1344.301	2984.5024	976.08215	3651.594	1369.4177	795.1429	824.3	659999	274.5789	71.34152	352.60568	-198.38628	274.5791	71.34409	352.53418	-116.46671	-275.9472	27.818018	3022.685758829117	22.89913455284003
133	2992.17	671.37775	3572.3608	1952.2812	3663.4722	21.564455	3679.6921	3602.4646	840.4	1000.0	664999	275.0958	71.19683	353.75348	-147.35347	275.096	71.203415	353.5476	-225.70792	-276.73764	26.972485	3047.0129034519196	22.90987146886668
134	3317.2053	435.98697	3553.832	2343.7197	3621.1367	27.476492	3675.085	3582.29	940.6667	1000.0	669999	275.42188	71.44259	350.99832	-194.19037	275.4215	71.45021	350.39395	-330.21182	-277.04376	28.291494	3071.1636300086975	22.919131583242272
135	3548.1184	28.844511	3590.933	3501.9075	3686.026	4.5074615	3697.5618	3679.9941	992.4	1000.0	674999	275.65665	71.60949	357.28876	-221.01375	275.65707	71.612305	351.02835	-402.52338	-277.0045	27.560968	3095.5858538150787	22.93026559970997
136	1380.8646	1720.331	3605.3276	15.400413	3655.4114	32.684967	3709.56	3601.377	397.30768	1000.0	679999	276.06635	71.60744	353.39542	-132.71147	276.0657	71.61603	351.82843	-129.31386	-277.43356	29.204063	3119.8943858146667	22.9403999097207
137	3560.4585	36.282684	3601.82	3505.643	3711.9316	22.458984	3733.9783	3650.9727	1000.0	1000.0	684999	276.77426	71.49224	356.64502	-172.56291	276.77493	71.49586	352.8708	-137.01855	-278.2948	26.709381	3144.3812470436096	22.95168794854714
138	3543.3442	20.931755	3564.6462	3504.7427	3682.7605	5.919903	3691.4119	3671.4167	1000.0	1000.0	689999	277.0527	71.79916	355.37323	-186.54488	277.05228	71.8019	355.214	-157.42755	-278.41055	27.392744	3168.706426382065	22.961640784705896
139	3420.6165	236.38718	3548.9377	2948.1694	3679.2886	18.845915	3713.0996	3652.5337	954.4	1000.0	694999	277.57788	72.06656	358.423	-111.387665	277.57782	72.072914	355.35434	-218.03606	-278.74545	29.568756	3193.18274974823	22.97253778169481
140	2679.5676	1319.0267	3576.4023	81.93728	3682.0957	10.337816	3697.9634	3658.4421	765.5	1000.0	699999	278.31628	71.99123	356.6964	-137.14752	278.31656	71.99824	357.85706	-90.41478	-279.8703	28.074728	3217.4023320674896	22.981445242677417
141	2970.431	1297.7662	3581.7654	68.97835	3404.2344	58.39318	3516.7427	3310.58	840.6667	1000.0	704999	279.21393	71.97356	359.73132	-185.86818	279.21466	71.97607	359.04413	-258.4099	-280.91556	28.309275	3241.738745689392	22.991054947494614
142	3429.3086	131.63951	3558.2847	3202.4248	3251.562	619.5347	3673.9758	1802.0902	961.0	891.4	709999	279.7782	72.177475	356.5622	-165.31001	279.77847	72.18327	359.84933	-149.77872	-281.28348	28.569372	3265.619871854782	22.997323056341898
143	3430.7864	237.32202	3606.4993	2982.4385	2969.2314	1011.56134	3647.9492	1380.6511	933.8	814.1	714999	280.42215	72.23589	362.4011	-139.86041	280.42273	72.239426	359.09207	-107.5822	-281.93542	28.544754	3289.288594722748	23.002018158252422
144	2887.8933	936.76355	3588.2136	1472.5826	3664.9062	15.144776	3678.549	3632.6648	809.5	1000.0	719999	280.68097	72.50488	359.76657	-107.05958	280.68042	72.513535	363.3374	-100.900696	-282.06766	29.00373	3313.706179857254	23.011848484476406
145	3428.839	249.01799	3598.204	2934.8445	3574.0874	26.18912	3622.2751	3534.1394	960.2	1000.0	724999	281.21457	72.45876	360.0557	-136.03387	281.21542	72.46535	361.39832	-234.40895	-282.792	29.209278	3337.9266214370728	23.020183607627605
146	3544.8718	34.05855	3595.4219	3489.8015	3525.2695	16.091639	3562.2524	3505.9026	1000.0	1000.0	729999	281.729	72.46625	362.2063	-180.09146	281.72968	72.467186	361.00757	-191.8421	-283.19373	28.783909	3362.4044556617737	23.030167517596727
147	3350.3125	399.0271	3621.1301	2467.1433	3559.5078	311.66867	3689.363	2626.4495	944.0	970.7	734999	282.14578	72.687355	360.75742	-166.6173	282.1466	72.690956	363.32254	-233.07065	-283.89554	29.64865	3386.7303574085236	23.03898203778429
148	3398.548	223.58131	3574.9194	2957.313	3645.9453	14.209667	3663.9993	3617.9294	966.0	1000.0	739999	282.55933	72.67959	359.6585	-130.4353	282.5591	72.693146	362.24527	-134.77101	-283.74796	27.045631	3411.2734768390656	23.04914512666496
149	3525.5728	22.670635	3567.2898	3503.9802	3643.891	33.63578	3701.0493	3590.19	1000.0	1000.0	744999	283.08572	72.6139	360.98517	-107.804	283.0861	72.61978	362.01468	-77.47582	-284.38565	27.8488	3435.58668589592	23.05762877880327
150	3268.9468	690.7754	3684.078	1889.8315	2336.921	856.3395	3618.9153	1622.9858	902.8	632.1	749999	283.4318	72.5993	361.08188	-120.639175	283.4321	72.6058	361.4692	-173.17491	-284.98544	27.037956	3458.4878861904144	23.05658592224121
151	2558.1208	787.0616	3575.7314	1464.9513	3689.7808	32.936253	3724.2542	3612.8618	695.8571	1000.0	754999	283.72623	72.49095	360.68054	-102.90605	283.7262	72.49881	360.6079	-186.71461	-285.18457	28.8025	3482.957669734955	23.065944846892197
152	3221.1501	793.47577	3648.4526	1448.5123	3115.2202	693.71515	3611.4736	1617.3237	900.1667	861.4	759999	284.2262	72.387695	361.17862	-163.10785	284.22574	72.3978	362.6235	-137.21158	-285.46585	26.541412	3506.556850671768	23.06945297749419
153	2814.426	792.2966	3665.2397	1869.5973	2198.4236	761.8634	3724.2134	1546.1134	767.3333	598.4	764999	284.574	72.45689	362.91345	-144.49907	284.57443	72.46272	361.37143	-223.12561	-285.89606	27.974356	3529.463253736496	23.06838729023154
154	2431.051	1169.0569	3646.897	1097.6654	3647.9155	13.694496	3668.8518	3624.5059	666.625	1000.0	769999	284.69342	72.83464	362.29468	-117.12388	284.6933	72.84206	364.59793	-104.400764	-286.14362	28.840172	3554.1539175510406	23.07892155647278
155	3587.2942	42.158226	3644.4995	3531.9282	3695.7305	6.6643515	3710.1497	3686.3486	1000.0	1000.0	774999	285.32596	72.68299	365.19232	-108.772644	285.3265	72.68896	363.06958	-100.46924	-286.5437	28.100163	3578.6965475082397	23.088364836477464
156	3453.041	264.8026	3609.8777	2926.0935	3223.625	772.41266	3715.976	1526.4817	958.2	871.6	779999	285.776	72.483055	363.72183	-118.77301	285.77542	72.49728	363.64783	-139.3016	-287.32367	27.028584	3602.5028762817383	23.092967169407085
157	3095.678	719.8438	3584.8997	1640.2712	3687.2495	5.366684	3696.8398	3678.275	861.8333	1000.0	784999	286.1332	72.43409	362.72095	-149.27707	286.13354	72.43905	364.77066	-175.19737	-287.73093	26.223553	3627.17325425148	23.103014371956988
158	3172.8962	801.7486	3577.6614	1382.0067	3731.9792	7.441686	3743.345	3715.5708	903.6667	1000.0	789999	286.64465	72.25956	364.21423	-85.666626	286.6444	72.26703	363.90424	-110.75681	-288.04233	27.928522	3651.523470401764	23.11090805258932
159	3055.966	789.1388	3619.8652	1533.1962	3517.9382	28.640581	3582.4539	3477.8254	846.4	1000.0	794999	286.80307	72.477486	364.19077	-108.24511	286.80313	72.48249	366.14914	-95.07174	-288.22415	27.062408	3676.0563066005707	23.11985099840464
160	3266.4163	608.6204	3605.4216	1911.1836	3055.6753	572.8737	3676.54	1911.8453	920.0	820.1	799999	287.06674	72.57521	367.3655	-99.86742	287.06668	72.57986	364.6615	-106.31018	-288.5329	28.723963	3699.599809885025	23.12249882519245
161	3021.8801	818.2712	3601.9875	1348.1693	3643.8098	8.513046	3662.9102	3634.5854	841.8333	1000.0	804999	287.93704	72.263535	365.9062	-182.84064	287.9366	72.266624	364.42096	-113.557556	-289.3186	25.700872	3724.1197509765625	23.131178590821925
162	3158.47	936.89954	3634.7568	1064.9717	3639.2278	9.200593	3650.925	3617.1118	882.0	1000.0	809999	288.66153	72.17162	366.26843	-136.08273	288.6621	72.17599	365.9472	-120.3375	-290.05185	25.86084	3748.586183786392	23.1394209008158
163	3561.7148	76.523125	3694.6948	3477.7932	3684.9812	27.222254	3713.828	3629.4597	1000.0	1000.0	814999	288.9594	72.3654	368.90793	-111.84391	288.95938	72.37014	367.9659	-148.13344	-290.16528	23.369762	3772.943537712097	23.146892881100893
164	2906.5198	731.1059	3611.856	1631.8739	3241.1978	808.4695	3678.864	1201.2386	816.6667	889.0	819999	289.65875	71.925735	367.7432	-143.78069	289.65884	71.93406	368.34247	-110.4084	-291.09442	27.766174	3797.0274362564087	23.152606331720584
165	3554.8516	53.385468	3605.566	3454.307	3384.4634	394.9477	3590.6042	2348.041	1000.0	944.8	824999	290.12518	72.07397	370.08423	-119.872505	290.12543	72.0776	371.7339	-100.01664	-291.33218	27.245693	3820.9585983753204	23.157324850197995
166	2961.457	907.48975	3586.6365	1289.1967	3640.5457	12.191129	3656.1492	3610.2551	821.1667	1000.0	829999	290.74417	71.928856	369.7987	-202.26183	290.74402	71.9322	371.02972	-107.62923	-291.9727	24.850376	3845.2804152965546	23.164339862674115
167	3300.2317	559.92267	3634.5244	2181.8887	3696.2083	26.129854	3720.1636	3636.625	921.4	1000.0	834999	291.1559	72.28988	370.4914	-105.10507	291.15607	72.29783	372.5215	-111.67763	-292.4522	24.882185	3869.551198244095	23.170965268940268
168	2894.03	1054.9363	3597.7068	747.20654	3587.4382	32.72135	3646.209	3534.5884	821.1667	1000.0	839999	291.8176	72.262566	371.2234	-186.72884	291.8176	72.26381	370.15396	-151.33026	-293.21915	25.218428	3894.0082268714905	23.17862040939785
169	3248.2937	613.22034	3616.5278	1891.6183	3592.564	246.82614	3764.603	2866.281	906.3333	976.6	844999	291.91016	72.9138	370.67618	-252.97368	291.91043	72.91432	371.2718	-120.836914	-292.99335	24.409372	3918.317464351654	23.185310452647464
170	3577.923	20.736752	3600.3533	3551.455	2106.716	1464.7316	3722.0132	433.6809	987.8	590.8	849999	292.4043	72.61614	371.0949	-128.27556	292.4047	72.621315	369.88174	-122.048706	-293.77374	24.445314	3941.2502517700195	23.183825021631577
171	3277.1843	612.998	3652.6897	2054.9358	3717.632	6.5158987	3726.173	3708.7087	913.8	1000.0	854999	292.47385	72.55319	372.4438	-167.52992	292.47314	72.55717	371.98636	-98.76228	-293.47876	24.75042	3965.5290603637695	23.190228434334024
172	2770.4282	784.2697	3591.836	1446.2615	3693.6626	6.4386806	3704.26	3685.3286	765.7143	1000.0	859999	292.72983	72.4633	373.38077	-160.88972	292.72955	72.46803	372.91226	-147.59552	-294.0602	26.968594	3989.946767807007	23.197364941585896
173	3452.9954	284.2442	3632.6816	2886.145	2068.5425	839.8511	3692.5688	925.55225	955.4	580.8	864999	292.77728	72.49399	371.89615	-111.09475	292.778	72.49892	372.64755	-128.39786	-293.9251	25.851482	4012.6466529369354	23.194489334360025
174	3482.3606	241.9558	3651.0215	3002.9968	3691.1304	4.9331307	3697.997	3682.9546	960.6	1000.0	869999	293.129	72.29707	372.79224	-142.00212	293.1282	72.30525	375.40213	-178.87611	-294.2915	27.18963	4037.176718235016	23.202165059659674
175	1404.5333	1726.2036	3637.9795	37.717735	3702.295	3.871339	3707.2576	3694.615	403.30768	1000.0	874999	293.58414	72.18919	371.47922	-139.63992	293.58374	72.20033	371.33432	-123.03357	-294.87817	26.249987	4061.6229815483093	23.209274193899972
176	3624.4363	50.56344	3715.4478	3559.4866	3679.6987	9.283422	3690.7954	3664.0876	1000.0	1000.0	879999	293.99295	71.76088	372.2436	-112.886505	293.99277	71.76685	371.28833	-168.00053	-295.27097	24.860512	4085.9163870811462	23.215434028343722
177	3590.571	34.80499	3630.751	3541.4653	3736.4175	5.2246013	3746.689	3728.4092	1000.0	1000.0	884999	294.16946	71.68509	371.06976	-158.39124	294.1687	71.69224	371.79117	-268.51654	-295.35852	24.0284	4110.461535215378	23.222946537416533
178	3576.7637	20.910835	3603.3857	3550.7537	405.08636	1116.3052	3753.988	24.365955	1000.0	123.9	889999	294.47653	71.92707	371.23965	-172.01505	294.47626	71.93853	371.67877	-229.52238	-295.73154	29.351906	4131.372570514679	23.209958273373292
179	677.0241	1396.8833	3619.9548	8.510422	3693.0874	5.377592	3701.5305	3683.67	197.11111	1000.0	894999	294.95374	71.86035	372.7851	-140.88374	294.9534	71.868996	371.7922	-92.19593	-296.3359	25.378094	4155.978871583939	23.217759069783728
180	1814.0455	1796.3134	3649.1882	15.464874	3647.2312	10.697914	3663.986	3631.0264	509.7	1000.0	899999	295.21188	71.76503	373.2431	-112.16288	295.2119	71.77032	390.12888	-132.61732	-296.47723	28.138874	4180.265434265137	23.223696868949467
181	3599.979	19.06466	3626.7095	3580.0605	3706.6938	8.296785	3720.938	3693.3782	1000.0	1000.0	904999	295.57172	71.84578	374.99127	-134.13081	295.57175	71.85567	377.65475	-232.58319	-296.82074	29.600172	4204.8352818489075	23.231134165716433
182	3237.7996	447.00284	3612.215	2587.0007	3724.7175	10.811421	3739.684	3707.442	893.6	1000.0	909999	295.5865	72.35528	373.35217	-118.89854	295.5864	72.36548	373.1636	-134.39366	-297.18726	24.363506	4229.495840787888	23.238988146677123
183	3325.1863	417.83344	3640.631	2623.3804	3718.0833	4.5236225	3725.2966	3710.4473	909.0	1000.0	914999	296.08414	72.08499	466.45718	-245.33751	296.0845	72.08916	374.2788	-108.26774	-297.454	29.63334	4253.937219381332	23.245558586276946
184	3625.146	17.852938	3651.739	3599.597	3733.4543	5.472668	3740.545	3720.4102	1000.0	1000.0	919999	296.66547	72.045166	373.8882	-133.24069	296.6654	72.05226	375.54752	-119.08434	-298.0598	27.741007	4278.614089727402	23.25333745583244
185	3296.5273	588.5232	3612.871	2119.7952	3589.685	13.467871	3609.0107	3567.041	909.6	1000.0	924999	297.27725	72.177505	376.79382	-176.39667	297.2772	72.18554	373.3561	-126.18201	-298.6765	26.572529	4302.964553356171	23.259267866289292
186	3279.7834	741.5752	3638.7986	1623.0454	3383.1206	527.42975	3726.3452	2034.4502	906.5	914.8	929999	297.67865	71.77676	372.72083	-342.61386	297.6784	71.77579	380.2466	-213.46916	-298.91373	24.16747	4327.096440553665	23.263959368069965
187	2659.693	988.46075	3596.877	1160.8658	3690.2026	6.6412597	3695.581	3672.7463	741.8571	1000.0	934999	297.70743	72.13232	373.33704	-164.63277	297.70834	72.1333	374.32538	-159.75035	-298.93808	26.645357	4351.382986545563	23.269427745737495
188	3571.8992	104.171974	3630.931	3363.7708	3669.386	4.7137966	3677.2395	3663.0781	978.0	1000.0	939999	298.07626	71.96606	371.63617	-154.58517	298.076	71.973366	371.30338	-168.11574	-299.37784	29.14274	4375.917607545853	23.27615749835968
189	3583.6543	45.047268	3632.5762	3516.7734	3712.8	12.258849	3739.498	3700.2979	1000.0	1000.0	944999	298.52957	71.88882	372.4461	-142.18637	298.52917	71.898155	372.0124	-168.51337	-299.84686	24.737352	4400.447214126587	23.282789502825057
190	2504.72	1154.5432	3647.5344	858.23236	3698.8345	4.915401	3706.0989	3690.8496	690.6667	1000.0	949999	298.991	71.73858	466.09024	-113.86232	298.9912	71.74114	372.7631	-102.31749	-300.05405	24.614542	4424.885324478149	23.288870138871044
191	3064.1333	768.0264	3622.996	1670.133	3598.3176	8.379218	3607.843	3582.4578	841.7143	1000.0	954999	299.18253	71.35088	374.38742	-156.428	299.18265	71.35299	373.02142	-161.08469	-300.2838	26.599356	4449.262978792191	23.29457057957874
192	3185.7378	865.8001	3664.6948	1455.2229	3713.2715	7.467497	3725.7576	3696.9143	885.4	1000.0	959999	299.58234	70.84264	374.9683	-161.74857	299.5819	70.84912	374.32495	-100.44284	-301.00848	26.765287	4473.76037812233	23.300835312654574
193	3120.1777	715.2676	3628.8958	1775.8788	3711.455	3.0911074	3716.5884	3706.639	852.0	1000.0	964999	299.93298	70.58565	376.26556	-174.36427	299.9335	70.5894	374.87854	-130.11435	-301.11118	26.34545	4498.359852552414	23.307564011509555
194	3620.6577	29.292753	3652.5889	3571.0457	3715.086	4.2788625	3721.509	3705.1155	1000.0	1000.0	969999	300.3915	70.76851	375.22464	-131.46278	300.39136	70.77226	375.4927	-125.94407	-301.77933	27.659737	4522.735794305801	23.313071116958696
195	2951.628	670.5641	3638.5386	2010.4266	3603.618	15.666717	3629.828	3584.1924	802.5	1000.0	974999	300.61115	71.02321	376.35703	-114.22879	300.61072	71.025116	375.35156	-122.16419	-301.68927	24.662907	4547.296268701553	23.319468055627286
196	3298.0996	742.1413	3663.594	1639.7253	3704.936	19.59294	3721.8167	3651.4675	905.5	1000.0	979999	301.11746	70.8956	376.38623	-108.79784	301.11713	70.90103	376.8017	-107.6271	-301.99152	24.568413	4571.769823074341	23.325356251123
197	3435.9966	235.86134	3583.6042	2967.2344	3708.4165	5.6352534	3716.0178	3697.3958	944.8	1000.0	984999	301.62576	70.730484	377.40784	-179.23589	301.62613	70.73282	375.90744	-88.50861	-302.73514	24.46965	4596.336081504822	23.331655246957304
198	3172.5242	705.3593	3598.211	1629.8899	3721.4614	39.19004	3758.8884	3633.225	879.3333	1000.0	989999	301.94626	70.61408	377.09695	-141.72527	301.94656	70.61999	375.4396	-151.32237	-302.9542	27.649906	4620.535200834274	23.336036377482944
199	3176.6653	905.7089	3652.306	1365.5144	3406.9575	514.5597	3701.286	2184.0803	874.6	916.9	994999	302.1346	71.110565	378.48056	-188.44722	302.13458	71.11165	377.40152	-236.42592	-303.18835	23.023966	4644.5498859882355	23.339446672842133
200	3265.6575	748.5862	3679.8325	1593.7947	3005.5618	704.0368	3615.0876	1997.9176	905.6667	832.4	999999	302.4594	71.02235	378.8346	-109.77819	302.45932	71.02123	379.7375	-109.88608	-303.6661	25.814638	4668.464520692825	23.342322614192963
