Epoch	AverageEpRet	StdEpRet	MaxEpRet	MinEpRet	AverageTestEpRet	StdTestEpRet	MaxTestEpRet	MinTestEpRet	EpLen	TestEpLen	Time Steps	AverageQ1Vals	StdQ1Vals	MaxQ1Vals	MinQ1Vals	AverageQ2Vals	StdQ2Vals	MaxQ2Vals	MinQ2Vals	LossPi	LossQ	Time	AVG Time Per Epoch
1	-48.91381	88.83751	55.51541	-360.90897	624.77594	211.50308	731.6522	-5.8876834	163.15384	902.2	4999	0.9539294	2.8758929	20.928478	-14.231265	0.95440125	2.8764873	20.981789	-13.910185	-2.2010593	0.47923005	27.710081100463867	27.710083723068237
2	-60.959183	104.58594	10.3399315	-403.40848	-29.98463	187.0563	496.85712	-218.18147	157.7742	137.4	9999	9.911346	6.60418	46.25444	-15.231122	9.911501	6.60516	44.880318	-14.853778	-13.357126	2.3847725	54.17049789428711	27.08525025844574
3	-113.21721	271.22104	92.11658	-1102.7264	319.3519	309.359	688.3665	-235.96516	308.6316	832.5	14999	21.111933	6.2046304	52.057972	-9.100474	21.11179	6.213282	51.638523	-9.2757845	-24.249882	4.782973	87.94479084014893	29.314930995305378
4	130.53905	159.69965	518.7215	-30.915224	529.5039	138.69052	680.1403	217.42262	393.75	942.5	19999	22.117165	7.52679	64.04019	-13.568241	22.11697	7.531448	63.76812	-10.983114	-24.4258	4.051541	122.40842032432556	30.602105796337128
5	341.22763	200.19228	607.5403	53.672443	267.7002	262.84576	915.49664	-12.680218	740.0	536.6	24999	22.270338	8.199111	63.283516	-13.080718	22.270878	8.200604	62.9957	-12.926978	-24.439585	3.4926507	154.12406659126282	30.824813747406004
6	223.72307	243.99455	588.2223	-0.61715555	319.8769	360.26904	755.37946	-349.04498	443.69232	662.0	29999	22.268244	8.073117	62.34806	-19.66268	22.268675	8.074769	62.96793	-14.8424835	-24.303137	3.3011556	186.51695227622986	31.086159070332844
7	325.03424	309.5635	707.5168	-10.3544035	215.60324	308.31516	837.20667	12.102849	536.125	336.4	34999	22.605387	7.8593907	59.94833	-14.693175	22.605682	7.8619504	61.75594	-15.492162	-24.442396	3.029617	217.13644933700562	31.019493103027344
8	392.33356	270.09076	758.40857	31.851587	759.84796	237.78616	913.3717	61.293175	626.2222	907.4	39999	23.842756	7.470441	62.879715	-17.652693	23.842445	7.473647	59.676647	-13.226101	-25.551823	3.012093	251.6830551624298	31.460382163524628
9	283.652	312.39844	749.74756	17.101526	534.72516	348.01917	892.97156	43.205547	484.55554	659.2	44999	25.062294	7.129255	59.820114	-21.39245	25.061888	7.1329265	59.19688	-13.678806	-26.698118	2.7891695	286.3626275062561	31.81806993484497
10	562.5461	282.6481	810.18317	104.56373	446.62177	382.20178	913.10876	13.306984	760.5714	545.2	49999	26.68376	7.106601	61.945988	-20.068825	26.683466	7.109758	59.34334	-15.320053	-28.232574	2.8452315	318.8644301891327	31.886443281173705
11	559.9986	303.44247	803.37494	9.688308	451.07364	259.87393	785.49414	37.37044	762.5714	697.5	54999	28.36867	7.135826	63.8586	-16.738474	28.368174	7.140061	62.897957	-19.965284	-29.84891	2.8258398	352.58058190345764	32.05278034643693
12	309.82852	315.50592	803.5507	29.72082	749.26105	202.1343	863.836	155.86227	405.41666	921.1	59999	30.355923	7.256693	64.47162	-22.113611	30.355448	7.2613096	65.135056	-24.737967	-31.7581	3.1372101	386.9731295108795	32.24776101112366
13	530.79333	348.53842	809.80145	31.875374	593.97284	295.00766	870.6376	32.943043	711.1667	806.5	64999	32.037964	7.4542146	70.51158	-17.139124	32.03749	7.458134	68.7548	-18.4854	-33.416973	2.8959773	421.6223895549774	32.43249166928805
14	510.91663	315.2263	794.6125	60.30724	371.32947	366.61206	844.8716	5.932415	672.875	445.3	69999	33.647858	7.834206	70.62278	-20.308764	33.6474	7.837568	69.36422	-25.741297	-34.972893	2.8049874	453.95335125923157	32.425239528928486
15	401.1653	305.1284	812.32446	1.1470586	651.7163	339.81525	1041.8452	12.765678	613.44446	745.3	74999	35.222637	8.368889	69.61712	-22.962471	35.222218	8.372892	69.34812	-19.760843	-36.508842	2.948884	487.96537160873413	32.53102491696676
16	533.4323	332.01968	853.9436	16.31426	641.49036	320.59277	932.3708	-4.549235	725.2857	810.8	79999	36.20889	8.874792	67.63847	-23.04796	36.208416	8.87922	68.87623	-23.104866	-37.4593	3.0583293	521.7545557022095	32.609659880399704
17	490.03006	314.56238	861.0114	86.514565	613.9763	332.31158	946.03406	13.473516	629.2857	806.7	84999	36.5244	9.310771	73.238655	-19.472366	36.52428	9.312763	71.71188	-20.283712	-37.839016	3.2542005	555.8768863677979	32.69864048677332
18	320.80704	354.2108	784.55493	-38.14013	597.38794	307.37302	824.18304	-5.782191	475.81818	802.7	89999	36.82348	9.47566	74.25115	-25.802855	36.823288	9.478171	74.682014	-25.929487	-38.20202	3.3162067	589.5236706733704	32.75131515661875
19	279.6946	283.63367	739.7337	-3.3824553	406.9931	319.3681	843.5682	26.558168	417.81818	536.7	94999	36.724865	9.650937	75.05508	-25.415318	36.72486	9.65284	74.31342	-23.143488	-38.077465	3.6264102	621.8117263317108	32.726933077762
20	407.84808	347.5749	810.0416	20.354805	565.6047	340.06512	918.3346	37.372093	543.5	718.1	99999	37.007942	9.781862	77.01445	-29.150475	37.00805	9.782432	75.23437	-29.088724	-38.326122	3.5737548	655.558657169342	32.777932941913605
21	392.84918	315.39282	835.82056	61.96053	745.8762	255.97371	944.01855	164.56596	472.0	847.4	104999	37.384968	9.7292185	75.87195	-22.520046	37.38509	9.730342	71.55301	-23.675213	-38.676895	3.6996384	690.2281754016876	32.86800845464071
22	811.9613	33.64549	840.6143	759.29254	653.9753	344.75555	1099.3069	63.19609	1000.0	751.4	109999	37.740856	9.669372	72.308395	-26.759573	37.74078	9.671362	73.083984	-20.77079	-39.04474	3.6185992	724.0370557308197	32.91077534718947
23	649.7757	315.1345	922.26495	0.8148385	580.943	361.2783	920.40735	16.401806	813.6667	674.0	114999	38.318398	9.464284	72.35336	-23.95134	38.318275	9.467166	73.8772	-29.367764	-39.58961	3.4838727	757.2505211830139	32.923935786537506
24	570.4675	358.7897	1172.6077	10.249102	553.7326	376.53906	1011.7019	29.206392	698.25	640.8	119999	39.064823	9.485836	73.326904	-25.532154	39.06455	9.490293	72.39693	-32.65805	-40.274918	3.58045	791.6648943424225	32.98603734374046
25	553.66785	279.23557	944.1871	69.564964	494.2519	328.34183	933.59735	81.06632	844.3333	595.1	124999	39.541794	9.86761	74.13617	-22.42448	39.541344	9.870325	77.02066	-20.671349	-40.72865	3.5996933	824.5796945095062	32.98318785667419
26	594.2684	263.4091	765.5259	8.847292	680.07556	280.3742	1009.88794	13.001629	836.6667	857.3	129999	39.898766	10.080594	76.11429	-20.536152	39.898308	10.082827	75.12603	-27.440195	-41.125957	3.6341515	858.9029104709625	33.03472740833576
27	441.5113	308.64212	768.7958	41.92271	517.4572	395.8307	1092.1487	46.622536	602.4286	565.3	134999	40.25412	9.97078	77.17636	-29.094183	40.254074	9.971451	74.45646	-23.989769	-41.489624	3.7249453	890.7416579723358	32.99043185622604
28	806.70294	153.88792	1048.7404	563.1212	574.6113	286.49203	903.98486	14.272071	1000.0	752.2	139999	40.684795	10.027853	76.55407	-24.257864	40.684757	10.029726	75.510895	-25.657822	-41.95903	3.644396	924.1772890090942	33.006331835474285
29	771.07666	68.994545	828.0635	639.2989	704.1513	329.31653	959.5004	48.88629	1000.0	807.2	144999	41.25295	10.339297	79.54271	-28.435999	41.253094	10.341238	78.88708	-25.312702	-42.510056	3.59821	957.6451318264008	33.02224599904027
30	810.0486	82.90216	944.12085	684.3662	510.40546	334.8792	892.8072	23.40041	1000.0	805.3	149999	41.88637	10.653474	81.21876	-22.793058	41.88629	10.654149	84.69362	-19.842875	-43.110012	3.5675797	991.1710193157196	33.039034048716225
31	618.2142	347.39874	956.30945	3.922347	626.2954	370.85483	911.6687	-8.339841	692.75	718.0	154999	42.644802	10.834409	79.0819	-22.39489	42.644253	10.836938	79.409966	-25.42353	-43.789677	3.6740382	1023.8521678447723	33.027489346842614
32	689.5015	264.35156	902.66943	127.101776	490.54526	413.85315	1009.84656	10.601473	844.0	535.7	159999	43.40957	10.864148	82.18803	-30.240501	43.409477	10.86583	81.88705	-44.99309	-44.53022	3.5682552	1055.73836684227	32.99182402342558
33	850.89404	92.76031	976.2301	688.9682	774.9673	245.02345	916.93304	56.941498	1000.0	904.5	164999	43.969124	10.903341	83.45544	-23.923483	43.969105	10.904436	81.67873	-20.705301	-45.112762	3.5356884	1091.4322814941406	33.073705550396085
34	682.12726	351.78833	977.24316	99.38213	779.3158	261.66245	946.40155	8.046264	744.8571	901.6	169999	44.57585	10.861912	81.06914	-18.309439	44.575073	10.865368	84.00447	-34.912212	-45.70051	3.449715	1127.0114705562592	33.14739625594195
35	500.40976	343.69827	812.839	3.3637304	902.3151	327.17804	1343.6666	55.515812	678.0	856.5	174999	45.002464	10.871939	84.33331	-33.184246	45.002026	10.875433	83.25629	-29.404232	-46.113262	3.5346804	1161.7782435417175	33.19366415568761
36	498.47757	391.38205	934.3079	5.11925	615.6586	319.3651	1080.0575	12.827567	718.7143	746.5	179999	45.11281	11.124853	83.105385	-19.249113	45.11241	11.128096	85.149445	-29.110907	-46.267506	3.6365445	1196.0585567951202	33.22384885284636
37	466.7117	391.69662	1234.0415	14.68786	722.9594	344.23325	1420.9187	300.03055	516.9091	671.9	184999	45.48449	11.195882	83.53339	-39.798565	45.484287	11.1977	87.206955	-56.205334	-46.656555	3.7640316	1229.592082977295	33.23221851683952
38	554.20575	382.2444	1059.2603	8.980155	860.3883	299.16727	1179.6276	13.582692	653.0	901.8	189999	46.031185	11.214852	84.69409	-27.368484	46.03065	11.218654	85.934006	-24.007532	-47.17123	3.9029264	1263.6195545196533	33.25314624058573
39	816.6759	126.57389	980.01227	611.23975	771.45636	314.7742	1166.2854	33.228466	1000.0	866.4	194999	46.547993	11.368344	85.79834	-27.863422	46.547832	11.369329	83.912544	-30.475466	-47.66381	3.8381526	1299.0918118953705	33.31004651387533
40	806.6222	266.32245	1114.3773	413.46844	742.19025	382.35446	1195.0394	34.2941	848.8	741.3	199999	46.74317	11.657283	85.87975	-23.125362	46.743114	11.659024	86.38931	-32.03753	-47.874844	3.8489664	1333.887048959732	33.34717627763748
41	772.47906	217.40068	1106.7526	488.65808	817.0364	504.23322	1165.785	-619.9994	821.7143	1000.0	204999	47.133205	12.219506	86.28655	-40.94711	47.133133	12.220557	87.298874	-36.3622	-48.274975	3.9637816	1369.804410457611	33.40986372203362
42	847.8874	248.18936	1103.0195	431.9391	582.0625	411.0209	1003.15485	45.355762	860.4	622.0	209999	47.19637	12.979236	88.45208	-22.012726	47.19619	12.980715	89.64674	-20.66716	-48.451706	4.2021313	1402.4233646392822	33.39103254250118
43	687.34515	334.04498	961.9796	84.87625	888.0179	302.19385	1252.8784	255.76114	746.7143	927.1	214999	47.190346	13.594751	90.43227	-29.491594	47.190052	13.597004	89.42349	-35.873928	-48.467705	4.2748656	1437.0463798046112	33.41968330117159
44	760.88934	146.6138	960.6273	524.4441	603.9357	594.98474	1341.7238	-887.14136	888.1667	916.3	219999	47.05287	14.388854	91.88728	-34.05266	47.05246	14.391803	89.82529	-25.430645	-48.38535	4.3803945	1472.1094045639038	33.45703197067434
45	1099.6946	277.06284	1612.9474	813.057	719.6417	495.92313	1446.172	69.00884	1000.0	728.1	224999	47.093426	15.430628	92.01532	-34.04154	47.09287	15.434033	92.399345	-53.648746	-48.512897	4.613257	1505.915326833725	33.46478508843316
46	692.346	1368.5746	1784.8025	-1997.29	1272.6813	531.52563	1957.0073	549.8257	925.4	895.7	229999	47.18965	16.716425	94.0604	-21.267256	47.188503	16.721457	94.98538	-29.318718	-48.65875	4.7910404	1540.8914573192596	33.49764042315276
47	908.7725	464.4875	1696.0078	210.88734	1658.4828	308.9185	1977.5267	1006.1762	654.5	986.5	234999	47.630177	17.66582	94.88857	-36.08267	47.628494	17.670643	97.14152	-43.647945	-49.107445	5.367624	1575.4183135032654	33.51953863590322
48	1086.4287	464.83392	1823.0295	424.37347	878.62384	413.98874	1619.1051	69.31189	879.6667	810.1	239999	47.9931	18.9016	96.09404	-43.20859	47.99176	18.907085	96.5282	-52.610245	-49.51017	5.615705	1609.2251563072205	33.52552413443724
49	741.87616	388.03696	1223.2046	191.74478	1355.8357	512.481	1898.3645	227.06335	712.8571	867.4	244999	48.25083	20.211395	100.00555	-48.30926	48.250397	20.213787	100.108025	-52.49902	-49.93858	5.9792	1642.9564542770386	33.52972359559974
50	1028.7897	603.4028	1841.562	260.48102	1251.2494	555.3423	1968.749	111.655685	757.0	782.8	249999	48.631805	21.378443	102.95197	-64.62589	48.631813	21.378689	102.87793	-62.582188	-50.3308	6.4745	1677.3241317272186	33.54648267269135
51	1488.3485	395.33755	2010.2145	1007.63635	1631.12	238.34425	1806.0714	934.5166	1000.0	1000.0	254999	49.059017	22.929218	106.66268	-71.89503	49.059338	22.930702	105.65324	-77.84265	-50.66189	6.7918854	1713.1641607284546	33.59145417867922
52	1373.9419	408.317	1838.2917	665.9134	1539.959	500.26266	2127.6812	825.73773	910.1667	1000.0	259999	48.844833	24.91499	106.76998	-51.156082	48.844864	24.917662	108.46576	-60.785065	-50.583393	7.33441	1748.9580662250519	33.633809025471024
53	778.6674	525.0259	1371.6012	-48.404152	1451.2882	684.75	2120.7979	125.34951	823.8	940.0	264999	48.42151	27.058031	110.73385	-65.248604	48.421757	27.05923	111.01875	-65.659515	-50.261543	7.7750344	1783.4028325080872	33.649110083310106
54	1262.5878	848.9389	1951.889	-247.47453	1109.8456	420.5658	1792.8914	548.9139	876.0	933.0	269999	47.956276	29.225054	111.06381	-58.891766	47.95608	29.227512	112.42431	-57.666893	-49.65026	8.431278	1817.805489063263	33.66306464760392
55	1421.1006	611.96545	1996.9791	282.15244	1706.3854	465.77606	2061.6145	628.54944	858.6667	1000.0	274999	48.726185	30.584696	114.99694	-66.18945	48.726665	30.586393	115.1743	-67.00437	-50.522896	8.978887	1852.400654554367	33.68001194433732
56	1785.7012	235.6302	2030.3273	1442.6486	1707.6039	672.0331	2224.7388	14.602505	969.0	901.7	279999	50.0748	31.123444	116.178856	-65.21222	50.07455	31.125425	117.28853	-73.11629	-51.81415	9.071176	1886.0865709781647	33.68011737721307
57	1735.1147	403.19736	2077.921	898.13116	1031.891	744.7506	2258.7686	-218.56	875.8333	755.7	284999	51.814217	31.714714	122.4248	-64.87804	51.814564	31.717087	122.16528	-62.990463	-53.581562	9.299241	1919.0276069641113	33.66715103283263
58	1368.9019	750.98254	2185.9497	100.921524	1745.3363	585.24414	2323.126	575.1198	846.1667	933.2	289999	53.819263	32.437874	123.3235	-53.801132	53.818672	32.439114	122.51869	-52.331383	-55.68433	9.941197	1953.2155849933624	33.676130812743615
59	1200.1462	539.19135	1981.3782	535.46893	1599.3828	542.0396	2114.8733	666.80035	1000.0	951.5	294999	55.450314	33.44823	125.604965	-62.40482	55.45026	33.45025	126.28989	-56.86628	-57.370438	10.230792	1987.60364818573	33.688197463245714
60	1506.2391	684.3193	2182.2146	613.9394	1537.804	618.4937	2234.802	404.7359	1000.0	882.6	299999	56.844692	34.4118	129.03746	-63.14782	56.844143	34.41491	132.70375	-60.371925	-58.71416	10.892265	2021.632117986679	33.6938686688741
61	1413.7188	706.16077	2147.8335	273.93872	1228.7947	822.5542	2222.3784	64.09062	875.0	786.2	304999	58.6757	35.46007	130.50462	-50.784092	58.67583	35.46191	130.6197	-53.62507	-60.604256	11.135779	2054.866863489151	33.686342051771824
62	2143.8293	68.046104	2211.452	2015.8267	2231.2634	89.098755	2384.8655	2113.7693	1000.0	1000.0	309999	60.055546	36.88687	135.50124	-85.25362	60.05541	36.88836	136.58669	-61.01447	-61.913143	11.482434	2089.5171208381653	33.70188908038601
63	1684.9508	532.1992	2334.499	918.23663	1743.3158	858.969	2547.7983	38.271015	915.6	903.2	314999	61.57358	38.193466	135.42181	-104.245926	61.572933	38.19597	137.86122	-88.455444	-63.588425	11.878092	2123.8173084259033	33.711385882090006
64	2185.462	48.16658	2244.86	2111.7656	1781.1179	428.24457	2245.7542	1071.3289	1000.0	967.7	319999	63.509296	39.51155	139.83325	-73.886795	63.50924	39.51338	144.4389	-68.4924	-65.543396	12.452397	2158.176615715027	33.7215096578002
65	2046.7634	286.88498	2255.3267	1484.1373	2364.626	45.485832	2422.7393	2283.653	989.4	1000.0	324999	65.133095	40.96894	141.18103	-76.53103	65.13281	40.97007	144.3876	-68.34731	-67.13287	12.937933	2194.152442932129	33.756191462736865
66	1942.311	824.96375	2374.5957	98.87472	2290.314	78.125885	2423.3662	2128.3857	843.0	1000.0	329999	66.84244	42.252407	144.21512	-76.76532	66.841965	42.255302	145.9809	-76.25735	-68.77702	13.050358	2231.5237250328064	33.810965566924125
67	2105.0344	348.53995	2365.6663	1420.14	1858.085	618.7292	2595.764	334.2926	919.4	965.8	334999	68.52779	43.634644	147.95737	-82.93447	68.52737	43.636627	149.79646	-81.039185	-70.47432	13.210458	2266.1383624076843	33.82296066853537
68	2050.5925	702.4183	2478.1394	491.39355	2059.691	511.66733	2427.3015	772.05383	871.6667	969.3	339999	70.00746	45.0781	152.00165	-66.03022	70.00739	45.079834	153.93948	-68.7813	-72.109695	13.644866	2300.991282224655	33.838107119588294
69	1765.4164	580.03973	2403.4153	926.02527	2466.1548	50.514896	2524.8826	2393.2583	842.0	1000.0	344999	71.567474	46.79137	152.4717	-70.86071	71.566795	46.79499	154.02412	-79.303345	-73.63957	14.049491	2336.280529022217	33.85913812941399
70	1815.0817	874.52576	2502.2222	370.90332	2350.1138	434.67355	2600.148	1064.5442	860.1667	1000.0	349999	73.02002	48.611275	159.63145	-110.74177	73.01893	48.614357	162.20401	-83.23294	-74.90032	15.031647	2370.6548557281494	33.86649796962738
71	1491.2893	1034.4299	2467.409	164.99365	1931.2338	489.8458	2283.541	729.64417	1000.0	933.6	354999	73.96411	50.45752	158.55515	-78.94858	73.964035	50.45892	158.90692	-76.646416	-76.23903	15.758485	2405.040259361267	33.87380649674107
72	2302.1548	335.95395	2674.8447	1674.8796	1481.1788	958.89484	2516.975	-75.92349	1000.0	710.8	359999	74.97281	52.517635	162.90213	-101.56776	74.97144	52.520473	165.47011	-93.685	-77.33904	16.58907	2437.6366579532623	33.85606473022037
73	1916.2083	635.2027	2556.081	985.39484	2197.063	403.88354	2547.883	1107.7047	912.6	975.6	364999	76.41303	54.35345	166.79039	-98.87894	76.41256	54.355663	168.29442	-113.84718	-78.76056	17.744387	2471.851419210434	33.86097837474248
74	1951.5651	575.6175	2532.673	1121.8844	2443.4766	534.55756	2970.1624	1377.6685	973.6667	954.0	369999	77.083046	56.428425	167.6077	-110.77581	77.0832	56.432014	169.03018	-105.054436	-79.329185	18.681435	2506.3587300777435	33.869712591171265
75	1717.9873	851.675	2683.156	600.8482	2535.8281	66.52861	2652.7979	2405.605	682.4286	1000.0	374999	77.9339	58.136524	173.36337	-142.43474	77.933556	58.138275	173.4472	-175.05788	-80.432175	19.629494	2541.4849257469177	33.8864657052358
76	2072.4973	896.3408	2591.659	282.82074	2512.1511	431.27136	2766.7268	1226.0907	1000.0	952.9	379999	78.95965	59.863922	173.40298	-113.9289	78.9593	59.868	173.65039	-89.040474	-81.63649	20.0769	2575.657425880432	33.89022931927129
77	2584.796	149.28128	2776.0156	2320.084	2703.5142	61.498844	2813.5063	2616.6052	982.0	1000.0	384999	80.56132	61.193604	174.28131	-101.87395	80.55907	61.1991	175.53003	-100.475174	-82.78776	20.049006	2610.2023632526398	33.89873201506479
78	1812.319	888.52594	2772.374	113.236015	1381.7583	931.629	2837.8638	-38.978638	696.4286	758.8	389999	81.81458	62.934547	178.72432	-109.884735	81.812454	62.94027	179.79689	-126.68607	-84.27185	20.437027	2643.4694888591766	33.890634500063385
79	1975.5674	1020.271	2905.476	25.991085	2579.862	399.50983	2788.8472	1396.6699	892.3333	951.1	394999	82.95864	64.79809	184.97667	-101.25426	82.957504	64.801735	186.77762	-99.55826	-85.30462	20.813948	2677.5912454128265	33.893560092660444
80	2431.8398	326.4041	2781.5225	2002.0596	2764.162	687.423	3094.9778	709.9929	1000.0	926.0	399999	83.97289	66.795784	185.43823	-101.62567	83.97215	66.79952	187.10535	-108.52326	-86.271324	22.412783	2711.2733240127563	33.890916576981546
81	1758.2762	1273.4331	2816.4082	-265.09674	3048.92	145.30032	3270.7622	2764.5898	849.1667	1000.0	404999	84.577354	68.9153	186.49577	-129.62143	84.578224	68.91628	187.63445	-133.53123	-87.15803	23.253738	2745.945522546768	33.90056203324118
82	1657.7207	1813.1951	3001.4783	-1909.9645	2602.7837	1050.3623	3093.4878	-530.7295	954.8	1000.0	409999	85.31084	71.331024	191.37444	-160.09746	85.31192	71.33202	193.09413	-151.01344	-87.68185	24.83947	2780.3678250312805	33.90692471876377
83	1817.5703	1263.4493	2886.9688	-571.4008	2849.2236	708.7889	3190.0354	741.30145	932.8	922.1	414999	86.70137	72.40037	194.26709	-144.90045	86.70286	72.402145	193.98799	-126.407486	-89.37616	26.493313	2814.2653093338013	33.906810978809034
84	2242.0278	788.9279	2972.9336	634.2439	2758.3328	255.78401	2966.611	2205.1333	824.0	978.3	419999	87.85552	73.61438	199.29292	-160.05357	87.85485	73.61736	196.60294	-163.51808	-90.40796	26.436745	2849.4036457538605	33.92147199880509
85	1644.6946	1379.9089	2819.1208	-510.9237	1270.9519	1137.235	2842.8333	-446.49457	1000.0	767.7	424999	88.19815	76.00103	199.72797	-141.40018	88.197105	76.00408	203.0032	-153.81934	-90.785805	28.753334	2883.2291779518127	33.92034329246072
86	1734.4742	1124.1497	3113.4617	-449.55066	2494.6335	1117.6847	3507.5195	97.6438	918.6667	961.6	429999	86.714554	79.83077	204.08008	-131.58456	86.715515	79.83251	206.0314	-129.46957	-89.40938	29.947075	2917.636649608612	33.92600757576699
87	2418.4207	738.2168	3089.292	1155.8691	2883.6147	421.01172	3348.01	1801.1046	824.0	956.4	434999	87.201195	82.35857	207.37712	-147.05211	87.2019	82.359795	209.63715	-144.99203	-90.12965	30.09067	2952.194666624069	33.933272052085265
88	1846.9971	816.3337	2897.233	843.0023	2895.494	609.3185	3304.0718	1093.1694	690.7143	934.2	439999	88.169846	84.5039	214.83159	-154.60844	88.16986	84.505455	215.62813	-142.67873	-90.959015	31.574665	2986.157157421112	33.93360408598726
89	2208.5376	583.3968	2913.8645	1113.4067	2657.606	626.66956	3014.6326	852.11017	865.6667	906.8	444999	89.58441	86.00703	216.04572	-172.92874	89.58546	86.01039	214.94217	-176.83792	-92.30812	33.869694	3019.902545928955	33.931489304210366
90	1988.8206	925.5145	3026.304	210.62564	2788.8628	253.89714	3003.1775	2066.449	705.1429	980.3	449999	89.636024	88.288155	210.75427	-147.77977	89.635574	88.29075	214.47331	-159.41846	-92.34249	34.967625	3054.4087698459625	33.937875244352554
91	2826.688	279.80045	3017.7532	2270.5012	2470.8638	1139.4686	3277.5623	185.0007	954.8	796.9	454999	90.35455	90.09863	219.39249	-158.70053	90.35381	90.10329	216.29465	-167.46904	-93.01792	36.403828	3087.4859273433685	33.92841680495294
92	2953.3645	190.82103	3177.5798	2700.4194	1997.4543	1154.761	3178.191	373.7561	1000.0	698.4	459999	91.69476	91.5844	223.66898	-171.85397	91.693184	91.58867	221.31512	-163.79594	-94.56515	35.61612	3119.861324071884	33.91153615453969
93	2033.9307	1148.8022	3062.8772	40.239277	3245.786	86.42222	3412.999	3128.5127	788.3333	1000.0	464999	91.923515	93.728264	221.49176	-186.55638	91.92188	93.73448	221.26176	-164.75374	-94.80273	35.394444	3154.6708946228027	33.92119243837172
94	3026.7249	306.27972	3344.9526	2458.2878	2600.733	1221.0648	3325.5918	111.98015	956.2	814.3	469999	93.43287	95.1264	226.1446	-192.27577	93.43185	95.131454	224.11923	-182.7685	-96.39365	37.622375	3187.637775659561	33.911040191954754
95	2242.438	1292.414	3354.3352	42.479942	3278.7415	71.35842	3368.231	3147.9043	711.7143	1000.0	474999	95.45664	96.11951	224.50645	-164.77016	95.45829	96.12173	225.13408	-169.98106	-98.588455	38.476505	3221.7540094852448	33.913200122431704
96	3040.5613	352.82922	3331.3574	2346.574	3182.577	100.179695	3412.6755	3017.0588	1000.0	1000.0	479999	97.13797	97.932396	229.97612	-207.11446	97.13846	97.9327	227.28621	-226.23256	-100.113495	39.827724	3257.105811357498	33.92818555484215
97	2406.176	1074.5631	3240.2708	842.16223	3229.2773	1078.0917	3713.706	0.6941543	885.1667	901.1	484999	98.01508	99.61305	229.48532	-223.23154	98.01626	99.61674	230.31146	-208.79015	-101.2765	42.806297	3291.235852241516	33.93026654007509
98	2938.554	548.0006	3391.7024	2142.874	2349.9104	1378.5447	3439.0464	-4.0400515	889.0	821.4	489999	100.076225	100.38906	232.03549	-263.20953	100.07555	100.391754	234.67966	-255.24261	-103.2169	42.434055	3324.2815957069397	33.92124079684822
99	3057.4048	535.73505	3421.3486	1993.3715	3012.5576	590.14557	3448.8418	1490.2045	921.0	930.0	494999	101.83432	101.76292	233.78595	-238.96765	101.83158	101.7696	235.99167	-222.02956	-105.201	42.050446	3358.416269302368	33.9233966812943
100	2915.177	1096.2955	3581.258	475.66425	2096.7407	1173.8104	3695.6123	395.4439	860.3333	586.0	499999	104.82005	102.16338	239.114	-203.38206	104.81815	102.170105	237.51054	-200.93555	-108.222824	44.653027	3390.0668132305145	33.900668153762815
101	2685.1626	1047.0342	3725.742	545.3972	3315.5527	587.7449	3815.502	2288.8542	762.0	891.5	504999	107.83305	103.49	245.61664	-216.57428	107.8318	103.49302	244.54074	-226.66228	-111.12975	44.22901	3423.5960409641266	33.896990525840536
102	2077.6953	1498.2372	3745.635	39.22613	3830.1316	219.49165	4086.564	3438.6565	603.875	1000.0	509999	111.18886	104.068245	251.31142	-197.10182	111.18863	104.07329	250.21866	-219.49255	-114.597176	44.438763	3458.1414937973022	33.903347999441856
103	2426.7993	1328.8112	3876.914	18.020166	1666.7223	1527.3724	3819.858	71.48736	694.8571	461.3	514999	115.16343	104.009224	254.69899	-205.16411	115.16449	104.01047	251.38579	-193.02478	-118.4961	45.050343	3489.6546218395233	33.88014197812497
104	1946.2861	1487.0393	3728.1108	22.429626	3583.8347	991.40234	4077.8274	623.0149	591.0	917.5	519999	119.14927	103.49492	261.4222	-187.68872	119.14998	103.49752	262.11307	-171.02406	-122.50793	45.703106	3523.255635499954	33.877458051993294
105	1730.4363	1226.3542	3581.9639	459.09604	1612.3232	1156.5903	3878.9312	156.12737	504.9091	543.4	524999	122.64957	103.64695	261.25372	-245.11868	122.64863	103.650986	262.17908	-196.43396	-125.94395	47.277958	3554.6968286037445	33.85425552867708
106	2673.3586	1224.0146	3860.9163	226.91579	3544.4812	1045.0621	4289.6787	920.3086	743.4286	924.6	529999	127.02084	103.47128	268.3726	-206.84842	127.02154	103.47315	264.33713	-195.9387	-130.53564	53.796413	3588.493578195572	33.85371302208811
107	3158.9373	1016.9141	3995.3333	1197.6863	3721.7422	798.1338	4176.936	1375.295	826.1667	934.8	534999	131.78746	102.14425	267.56604	-304.48117	131.78712	102.144455	267.23178	-233.88516	-134.98982	50.850742	3622.147096157074	33.85184203798526
108	3216.1167	1200.5897	3903.0857	818.53033	2970.5588	1036.6746	3607.5256	256.5691	839.0	953.8	539999	137.74313	100.94597	274.17703	-238.51457	137.74348	100.94738	270.73364	-287.32468	-140.95576	50.548542	3657.0636587142944	33.861700563519086
109	3752.8208	121.64851	3907.7703	3550.3335	3257.7163	998.89746	3764.1968	294.32465	1000.0	907.8	544999	140.8695	101.598335	274.67285	-225.8005	140.86815	101.60334	277.1989	-220.60811	-143.92717	53.262325	3690.711635351181	33.859739793549984
110	3073.8901	905.58795	4095.576	1696.6877	3090.2573	1430.4933	4315.0166	402.5258	816.1429	882.0	549999	142.40042	103.942825	283.69852	-193.33205	142.40012	103.94744	280.57483	-211.13907	-145.7748	53.816086	3724.2592339515686	33.856902144171976
111	2965.145	1199.2977	3836.3325	600.49457	3354.2688	1012.59924	4184.5957	948.37897	841.4	872.6	554999	144.2374	106.18738	282.71906	-210.47693	144.23686	106.191345	282.89597	-230.95573	-147.71835	52.1055	3758.4891777038574	33.86026287938024
112	1516.107	1156.2107	3745.3323	232.33606	2266.3213	1377.7909	3929.9321	-148.97008	472.58334	709.8	559999	145.89574	108.33186	288.7317	-203.32077	145.89511	108.336136	288.54694	-235.05284	-149.3855	54.503967	3791.0918662548065	33.8490345371621
113	3211.652	1334.4147	4023.2837	243.7228	3936.648	93.898994	4056.217	3824.1013	845.6667	1000.0	564999	146.59096	110.42674	293.36844	-202.21745	146.59021	110.43251	293.95322	-212.89072	-150.11337	59.203312	3826.0728199481964	33.85905152295543
114	3306.0222	1096.3363	3918.6548	1114.6952	3692.2935	280.3754	3903.8862	2881.0774	865.0	974.9	569999	149.57492	110.85211	292.25455	-191.09805	149.57529	110.85689	293.2235	-192.17653	-153.10484	59.05162	3860.5846927165985	33.86477802510847
115	2796.2295	1221.2156	3781.8154	115.34394	3438.3582	1160.0012	4400.4424	791.7299	733.375	872.5	574999	153.18367	110.31925	298.7856	-201.6491	153.18404	110.32017	301.3611	-223.16644	-156.44759	59.20353	3894.0165297985077	33.86101332747418
116	3815.4614	100.54312	3952.0105	3648.856	3904.8706	653.52856	4299.951	1961.1587	1000.0	948.3	579999	155.83522	110.891884	298.43533	-259.64923	155.8367	110.893135	297.76227	-232.6686	-159.23848	58.98	3927.276917219162	33.85583551176663
117	3518.146	445.39532	3998.731	2679.54	3972.268	85.18831	4150.2065	3868.0664	1000.0	1000.0	584999	157.0473	112.76553	302.92444	-252.70177	157.04741	112.76761	300.65793	-216.26924	-160.26836	59.2353	3960.8237586021423	33.85319453630692
118	2390.8313	1545.2288	3990.7043	302.74103	4124.1562	200.32109	4337.32	3584.9668	608.8571	1000.0	589999	159.09982	114.105	303.9522	-250.47119	159.10234	114.106544	305.6705	-252.16432	-162.34856	59.828037	3994.4576172828674	33.85133575584929
119	4170.0107	131.51561	4281.183	3992.392	4292.1987	709.89276	4627.7056	2180.7883	998.6	950.3	594999	160.71967	116.04204	306.35556	-291.39825	160.72148	116.0435	305.45752	-197.5923	-164.03244	59.30875	4027.555477619171	33.84500402963462
120	3941.6997	236.31279	4295.5063	3595.0076	3558.8413	1139.7756	4389.0806	1170.3823	982.8	933.0	599999	162.61629	117.18224	307.5032	-238.64236	162.61548	117.183044	309.53174	-277.30487	-166.04063	61.722286	4060.710029602051	33.839250262578325
121	3352.1401	1104.9207	4100.8564	1388.7396	4453.4404	119.69129	4640.6787	4222.802	826.8571	1000.0	604999	165.06944	118.80146	309.60355	-233.79262	165.07088	118.80028	311.77493	-246.67786	-168.60498	64.99535	4095.132613658905	33.84407120499729
122	3339.3838	1260.5717	4250.8784	733.1825	4227.827	86.10443	4367.7866	4097.7427	824.3333	1000.0	609999	166.70905	120.11197	314.40842	-228.26897	166.70934	120.11476	315.0659	-234.63156	-170.22441	64.05574	4128.902882099152	33.84346626430261
123	4076.8484	241.22635	4380.618	3639.666	4347.208	109.553185	4465.331	4090.8066	971.4	1000.0	614999	168.64671	120.9619	319.23163	-187.59825	168.6469	120.964	324.15884	-199.49823	-172.27705	67.24667	4162.447035551071	33.8410328248652
124	3674.1628	1280.4357	4396.0273	815.65076	4301.369	161.0681	4632.1343	4126.657	870.8333	1000.0	619999	170.3243	122.13594	317.09467	-180.41829	170.32411	122.13928	318.50534	-206.06767	-174.1462	66.47105	4196.247972488403	33.84070947285621
125	3640.6602	1279.0488	4370.141	1085.7533	3748.2065	1586.7408	4753.5728	515.661	1000.0	832.0	624999	171.78764	122.88661	320.00122	-221.43074	171.78662	122.89037	321.00952	-233.16812	-175.47632	67.222984	4228.923617601395	33.831388957977296
126	1993.4153	1826.3876	4113.2676	-164.44395	4192.7744	78.71296	4311.3086	4066.037	643.2857	1000.0	629999	171.47855	125.63855	322.08218	-217.20978	171.47797	125.64452	324.92487	-257.61078	-174.9827	67.70076	4265.038504362106	33.849511954519485
127	3763.157	947.6989	4424.612	1674.6743	4372.243	1104.4941	4918.599	1069.5334	901.0	925.4	634999	171.81071	128.25792	326.07062	-319.6995	171.80792	128.26497	327.14578	-310.8442	-176.05182	73.56959	4298.1551678180695	33.84374149577824
128	3455.3567	1215.583	4238.861	1032.7861	3932.1765	119.58801	4095.8567	3658.7668	1000.0	1000.0	639999	175.7162	125.70372	326.11566	-208.14636	175.7153	125.70832	327.02408	-234.04626	-180.25635	71.96476	4331.711074352264	33.84149278514087
129	4144.56	89.7669	4282.5293	4021.4363	3921.179	1009.6889	4516.2607	1088.4214	1000.0	974.5	644999	178.95021	124.69868	330.09744	-154.60301	178.94885	124.703514	326.21017	-151.46347	-182.46332	72.77616	4365.838663101196	33.84371058330979
130	3527.0132	1093.9885	4290.4614	1413.4639	3927.8625	178.98785	4403.556	3727.2021	844.0	1000.0	649999	183.29037	121.84961	327.31418	-155.48422	183.29047	121.85206	329.44113	-160.98143	-187.5154	77.41628	4399.780091047287	33.84446225166321
131	4123.6333	193.62846	4330.575	3723.0305	4336.3564	126.28439	4486.4395	4114.5825	975.1667	1000.0	654999	186.95416	118.635185	331.15118	-155.9625	186.95567	118.63605	332.44266	-196.39084	-191.22072	77.8448	4433.017982006073	33.839831940090384
132	3771.185	898.1957	4262.207	1975.7266	4520.036	129.31737	4725.4717	4348.399	889.4	1000.0	659999	189.9538	117.136856	338.61057	-167.2889	189.9523	117.1454	335.23273	-145.52914	-194.00626	78.44889	4466.2201607227325	33.83500123385227
133	3061.1992	1763.8246	4437.6	-297.84366	4236.8325	1010.09845	4903.3257	1867.7606	882.6667	894.2	664999	191.599	118.171745	335.13623	-261.85138	191.59819	118.1758	336.44098	-184.58624	-195.53822	77.50012	4499.222693681717	33.82874207389086
134	3685.909	1435.2944	4557.8184	506.85083	4736.6074	117.50624	4927.1035	4546.274	861.6667	1000.0	669999	193.64795	118.4715	337.9411	-339.84677	193.64856	118.47553	342.59018	-301.13925	-197.64046	77.78337	4532.633964061737	33.825626613488836
135	3852.1855	791.6388	4455.0786	2294.4329	3743.724	1491.9697	4694.0273	655.4861	1000.0	918.4	674999	194.808	119.43067	340.68515	-263.64236	194.80789	119.43355	343.13962	-249.15399	-199.01004	82.391785	4566.351548433304	33.824826298819644
136	3095.1033	1250.5376	4276.4863	1247.5962	2859.239	2319.3499	4886.019	-703.0928	837.3333	908.3	679999	196.1485	120.26576	340.902	-252.93697	196.14667	120.27316	337.05704	-203.65392	-199.83408	80.38079	4600.187202453613	33.82490591266576
137	4333.4346	75.065475	4428.9014	4224.5435	4521.835	84.58045	4652.511	4333.441	1000.0	998.1	684999	197.95534	120.4213	339.6328	-336.05093	197.95506	120.42456	339.1312	-236.92732	-201.45877	81.179886	4633.894348859787	33.82404635770477
138	3550.5981	1502.7566	4411.3438	551.38086	4004.9753	1376.6526	4879.615	927.0281	828.8	854.5	689999	198.62814	122.17302	342.52155	-309.57947	198.62733	122.18121	340.17078	-268.76	-202.44548	82.95129	4666.594519376755	33.815902329873346
139	3756.2288	751.8629	4533.242	2765.18	4537.234	119.55688	4790.777	4357.167	903.1667	1000.0	694999	201.00816	121.11802	343.29202	-161.57294	201.00658	121.12298	343.64902	-187.92407	-204.79475	82.809364	4700.4332447052	33.81606652239244
140	4391.5293	136.3308	4562.9136	4200.893	4464.347	98.72625	4579.47	4268.868	1000.0	1000.0	699999	203.22441	120.879105	349.0566	-323.43735	203.22313	120.88442	347.1646	-224.56412	-207.31776	86.95343	4734.101899623871	33.815013580662864
141	4080.2402	754.54004	4614.5337	2419.6816	4013.5183	827.19183	4661.7573	1922.049	924.0	1000.0	704999	205.78056	120.58577	346.14905	-281.21182	205.77963	120.59175	348.26996	-277.81104	-209.993	86.92006	4767.664994955063	33.81322692810221
142	3584.5845	1582.1395	4499.621	427.13245	4607.3877	133.71204	4903.9707	4454.564	821.6	1000.0	709999	207.97244	120.07511	350.779	-198.44615	207.97142	120.079285	350.66098	-218.48257	-211.7769	88.07846	4801.587205171585	33.81399441940684
143	4341.6274	117.97667	4478.657	4190.93	4023.4668	1405.0121	4946.122	835.9707	1000.0	857.3	714999	209.05453	121.59649	349.14233	-208.63899	209.05295	121.603584	350.6439	-198.71507	-212.83455	89.81238	4834.20901799202	33.8056574801465
144	2959.9534	1841.6366	4537.8853	-402.9767	4593.2925	365.91446	4865.1333	3530.5637	1000.0	977.3	719999	208.6933	124.581024	350.2983	-229.92255	208.69177	124.586876	350.4601	-262.2928	-213.01558	88.629906	4867.410847663879	33.80146423313353
145	3409.1873	1447.4178	4460.8423	973.6871	4765.0615	163.19608	5103.2305	4548.0327	789.4286	1000.0	724999	208.34132	126.9121	355.77985	-199.19756	208.3388	126.920044	351.45312	-205.1821	-212.53406	86.70007	4901.633364915848	33.80436805034506
146	4222.5713	360.58246	4486.9976	3515.3633	3810.9673	1583.3969	4814.5713	646.2995	958.2	832.6	729999	208.06648	128.41348	357.55194	-263.47028	208.067	128.41734	352.82443	-229.48993	-212.3777	92.26419	4934.210486650467	33.795962250395995
147	4072.4573	704.8717	4599.8735	2539.3672	4666.5835	133.65	4948.248	4556.8794	920.5	1000.0	734999	206.85922	132.11838	354.88687	-195.98508	206.85918	132.1238	355.89487	-191.73116	-211.09738	90.359726	4968.112284421921	33.79668222317079
148	3662.997	1642.4176	4541.018	5.129397	4485.337	872.0564	5024.3677	2118.8755	835.1667	974.4	739999	206.80045	134.66333	355.17853	-244.3272	206.7997	134.67076	355.9514	-221.06142	-211.22325	95.15974	5001.502193689346	33.7939337572536
149	4396.5845	176.23402	4666.484	4116.339	3679.3274	1458.6365	4815.0884	705.6175	1000.0	795.7	744999	208.00804	135.72858	360.70306	-268.4239	208.00748	135.73259	356.10526	-248.12692	-212.326	92.36524	5034.81640791893	33.790714161508035
150	3072.3953	1810.3496	4611.023	3.1454895	4500.8794	792.94867	4960.2114	2158.8604	705.5714	942.0	749999	209.0934	135.69466	355.76273	-226.46428	209.09328	135.69827	356.55704	-327.58713	-213.3858	92.891716	5069.268728494644	33.795124869346616
151	3164.444	1793.4054	4690.655	526.6701	4353.282	1002.7852	5135.9653	2106.3376	724.0	890.2	754999	210.62102	134.73087	360.8225	-280.75745	210.6207	134.7354	358.7327	-244.27017	-214.38052	100.65384	5102.647342205048	33.792366517300636
152	4017.194	938.4398	4553.406	1937.3485	4426.587	947.3781	5020.047	1895.3197	907.6667	909.5	759999	213.50284	132.03577	358.70535	-225.88696	213.50241	132.0391	358.17212	-262.01443	-218.18045	102.04675	5136.084871292114	33.79003206052278
153	2908.6116	2045.0505	4639.7427	174.44453	4592.118	983.27216	5055.447	1654.6649	655.125	935.9	764999	216.79614	129.46082	357.45233	-357.1278	216.79419	129.46492	356.2735	-279.61298	-221.7244	99.53986	5169.4496114254	33.78725237472385
154	3774.6194	1631.1846	4678.575	142.22192	4788.4116	150.09721	5062.7456	4446.236	845.6667	1000.0	769999	220.08582	126.69366	358.8769	-285.57376	220.08527	126.70209	361.1441	-263.18527	-225.02525	99.744225	5203.359347581863	33.78804772395592
155	4577.1895	84.11294	4710.7554	4486.0767	4949.0806	110.174995	5078.605	4757.2666	1000.0	1000.0	774999	223.95161	122.718895	359.2236	-251.59442	223.94824	122.728386	358.36002	-235.14282	-228.37547	100.452644	5237.238292217255	33.78863415871897
156	4155.7183	737.4458	4640.927	2693.8416	4809.51	57.21268	4906.093	4704.9526	919.2	1000.0	779999	225.74007	122.53339	360.59818	-214.82277	225.73859	122.54283	360.7562	-240.2905	-229.9782	98.15529	5271.028296709061	33.78864293984878
157	4164.8804	1092.2855	4804.9775	1744.164	4444.2783	1057.0931	5120.14	2249.5938	899.3333	900.2	784999	225.18642	124.262856	360.74768	-230.3387	225.18564	124.26779	360.63077	-260.01422	-229.27083	100.76215	5304.355019569397	33.785700775255826
158	4652.8003	157.34236	4878.654	4443.686	3829.4966	1185.7411	4621.605	794.22	1000.0	940.0	789999	224.53282	126.21015	362.34894	-275.98828	224.531	126.22336	360.4952	-273.17484	-228.7233	100.99101	5337.966967582703	33.78460107423082
159	3862.7708	1255.6439	4621.852	1363.796	5021.3945	74.229256	5136.506	4894.993	861.6	1000.0	794999	223.80396	128.4004	365.86343	-253.99432	223.80351	128.40471	366.59924	-307.6093	-227.84787	98.6329	5371.6545531749725	33.783990910967944
160	4563.3936	136.9398	4796.56	4413.247	2828.8884	1645.9863	4570.8896	136.84984	1000.0	656.5	799999	223.63242	129.79047	362.5999	-274.07877	223.6337	129.79083	362.79196	-254.09396	-227.8859	102.85004	5403.2468938827515	33.77029309868813
161	3985.675	886.1631	4768.626	2156.4622	4920.7236	122.64194	5087.679	4703.641	860.6667	1000.0	804999	224.51465	130.55234	364.15195	-256.12848	224.51764	130.54683	363.06555	-238.04332	-229.01285	107.75824	5436.976731300354	33.77004182264672
162	4168.889	915.38965	4707.3984	2127.15	4843.3164	92.5509	4940.328	4665.2905	908.8333	1000.0	809999	226.25836	129.69048	365.92874	-338.70496	226.2567	129.69766	365.01004	-387.46246	-230.56575	103.829185	5470.763991832733	33.7701481109784
163	4471.42	436.0456	4838.791	3674.9863	4260.7754	1069.1765	5109.007	2164.0876	955.2	859.0	814999	227.36203	127.95772	366.92615	-207.1786	227.36162	127.96619	367.20413	-254.99785	-231.74672	104.40077	5503.803388118744	33.76566497241061
164	4166.895	900.2357	4743.2144	2375.9753	4444.44	1260.942	5304.842	935.398	902.2	893.0	819999	229.12813	128.5481	367.6387	-236.63066	229.12767	128.55495	365.9604	-203.02834	-233.44122	101.22408	5537.092382192612	33.762758441087676
165	3914.3772	1450.1656	4729.5864	708.9051	4803.04	117.91126	4907.5303	4552.2017	872.0	1000.0	824999	227.34921	132.63628	370.68597	-261.37656	227.34682	132.6441	368.48975	-316.35992	-231.76207	106.14009	5570.898223161697	33.76301954587301
166	3099.3337	1756.1731	4699.937	370.72263	5058.1367	183.56981	5437.983	4804.848	691.1429	1000.0	829999	226.94562	134.06435	367.72067	-198.34836	226.94739	134.07056	368.85406	-231.6231	-231.7987	103.847626	5604.576650857925	33.762509954981056
167	4672.7354	237.93268	4927.572	4336.86	4709.696	636.97546	5100.023	2823.522	994.8	959.5	834999	226.91862	135.52452	371.46536	-334.96725	226.91937	135.52518	368.36865	-266.9022	-231.31375	103.162415	5638.200070619583	33.76167708242725
168	4124.812	1135.1207	4875.599	1619.1748	4864.8047	84.74591	4966.4126	4686.3853	895.6667	1000.0	839999	228.28	134.30283	367.55295	-245.45079	228.2804	134.30553	370.16	-221.50798	-232.2807	103.950966	5672.137269973755	33.762721857854295
169	4570.822	100.308556	4651.551	4373.057	4871.216	111.92994	5074.878	4707.07	1000.0	1000.0	844999	229.26494	134.5092	369.36853	-209.8262	229.2631	134.51382	371.07166	-205.0775	-233.06032	103.77072	5706.002161026001	33.76332640788964
170	3954.5605	1593.3661	4965.4	406.79858	5050.1533	91.38644	5230.164	4916.4	850.6667	1000.0	849999	231.09906	133.50143	368.725	-237.03598	231.09537	133.51004	369.7233	-223.08472	-234.76535	95.99404	5739.707122564316	33.76298308512744
171	4720.5195	40.66995	4776.944	4667.416	4139.6924	1456.2689	5149.5347	807.7762	1000.0	853.9	854999	233.28703	132.96866	371.04602	-201.01526	233.28491	132.9726	371.71286	-163.83249	-237.41615	98.572876	5772.406862258911	33.756765287521986
172	3584.8591	1312.4108	4670.7847	1701.734	4827.5103	175.34378	5156.94	4498.572	805.8333	1000.0	859999	235.37184	132.25597	372.44287	-267.0321	235.37198	132.25829	371.7646	-322.9447	-239.35777	101.43362	5806.195726633072	33.75695191150488
173	3815.6152	1366.1694	4967.4883	1365.375	4898.0747	101.18314	5151.3135	4777.657	808.8333	1000.0	864999	236.94073	132.52623	379.331	-232.14989	236.94135	132.52776	375.15787	-233.18073	-240.82585	97.080956	5839.85555934906	33.75639052749369
174	3959.5427	1425.4619	4923.527	935.4814	5104.668	104.807526	5262.337	4911.0186	831.6667	1000.0	869999	238.40552	132.80939	374.96756	-214.55525	238.40291	132.81886	373.73523	-230.23201	-242.4075	97.22731	5873.592698812485	33.756279889194445
175	4189.013	1016.8713	4913.811	1935.7772	4462.091	1400.4286	5132.459	285.38977	901.6667	907.7	874999	239.05025	134.31816	377.14774	-251.98616	239.04431	134.3291	376.01483	-266.25723	-243.21165	95.4057	5906.9854464530945	33.754202562059675
176	4318.3413	530.88635	4784.087	3313.152	4783.2944	819.704	5144.7085	2334.9702	920.8	946.1	879999	239.56516	135.69507	378.72098	-240.97487	239.56105	135.70735	377.71616	-346.54437	-243.85683	106.05737	5940.58017539978	33.753296463326976
177	4622.343	124.02236	4771.8384	4463.0986	3903.0808	1864.1627	4987.9434	155.49796	1000.0	813.9	884999	240.90572	134.58644	376.93362	-228.38533	240.90674	134.58656	379.56024	-323.49863	-245.00945	102.84145	5973.04828953743	33.74603554488576
178	4648.093	97.61677	4756.0044	4510.5776	4361.0522	1458.7002	5010.4893	-5.538974	1000.0	901.4	889999	244.04997	131.83186	378.44373	-293.97797	244.05003	131.83136	377.91537	-424.09058	-247.75368	103.732574	6006.200585365295	33.74269992983743
179	3965.3152	1541.2185	4759.8545	522.414	4702.1357	849.3628	5095.4785	2163.9407	853.3333	950.1	894999	245.65778	131.33044	382.81232	-326.40787	245.66068	131.32721	382.00473	-227.44469	-249.42986	107.6344	6039.493123292923	33.740185058316705
180	4208.817	1152.4791	4905.8105	1646.5267	4740.221	134.82681	5008.28	4538.7705	889.6667	1000.0	899999	247.43175	131.03914	383.8767	-273.16394	247.43274	131.038	382.70392	-226.37132	-251.0666	110.1446	6073.225169181824	33.740139840708835
181	4733.8223	73.386215	4878.2856	4674.6123	5142.4585	128.5738	5318.129	4952.209	1000.0	1000.0	904999	248.40955	131.15762	383.4616	-253.33144	248.41144	131.15974	382.81735	-376.31735	-252.1473	108.88279	6106.902245998383	33.739791423576314
182	4802.0234	121.55407	4998.0864	4650.72	5209.492	93.34214	5421.215	5097.895	1000.0	1000.0	909999	248.71146	131.71104	384.38174	-234.03148	248.71274	131.71878	382.35013	-225.81409	-252.70743	112.03618	6140.598121404648	33.73955012808789
183	4566.9336	462.28635	5036.9	3697.059	4409.2085	1153.0708	4957.852	961.42053	966.2	920.5	914999	249.67014	131.30626	383.716	-197.54707	249.67056	131.31186	384.2012	-304.9383	-253.29242	112.058426	6173.708480119705	33.736111923645105
184	4748.7065	72.35546	4850.8433	4648.2637	4477.8115	1358.04	5152.358	428.4035	1000.0	911.0	919999	251.18874	130.05492	385.62857	-285.30133	251.18916	130.06023	383.6771	-168.2308	-255.02078	104.2036	6206.864610671997	33.7329598509747
185	4112.208	1061.259	4788.2935	2040.1417	4833.9453	186.60466	5093.186	4512.7847	884.8	1000.0	924999	252.97945	128.26456	384.8634	-245.21584	252.98006	128.26416	385.12122	-186.83421	-256.78738	106.17372	6240.663769721985	33.733317684482884
186	4723.077	218.70879	5035.3447	4432.2236	4756.096	214.62575	5141.6797	4369.259	1000.0	1000.0	929999	254.39435	127.15788	387.76175	-205.04132	254.39368	127.16173	392.5641	-169.47679	-258.2771	99.97212	6274.596398115158	33.73438924871465
187	4577.216	671.2164	5094.5386	3105.542	4685.8994	1013.3668	5156.303	1651.8544	943.0	1000.0	934999	254.7073	127.56426	384.38116	-212.23985	254.70708	127.57314	387.0343	-237.48912	-258.7989	104.685585	6308.362732172012	33.7345600752907
188	4079.571	1592.192	4929.29	525.20325	4439.714	1044.809	5099.6455	1453.805	856.0	909.1	939999	255.9823	127.76253	390.33618	-193.31297	255.98012	127.77004	386.36	-174.53728	-259.8848	101.046875	6341.385135889053	33.73077200955533
189	3585.6199	1517.9521	4830.8438	1057.4135	5026.0845	168.4399	5188.2197	4635.8877	778.3333	1000.0	944999	256.439	129.0942	388.5261	-203.01083	256.4404	129.09367	387.93036	-200.6535	-260.30765	98.38372	6375.115787744522	33.73077137381942
190	4270.96	757.7835	4821.5664	2772.059	5140.6777	89.1861	5250.942	4995.98	920.0	1000.0	949999	255.98396	131.33086	394.73514	-287.81393	255.98651	131.33405	387.02097	-303.33087	-259.74036	103.74386	6408.976469755173	33.73145511652294
191	4066.7246	1549.7866	4959.881	973.89624	4824.0767	176.59355	5055.7583	4548.1934	1000.0	1000.0	954999	255.9906	133.1485	386.4971	-239.01547	255.9919	133.15106	390.63007	-325.2365	-259.38403	97.5695	6442.720415830612	33.73152051296534
192	4680.5303	120.29147	4826.1577	4524.7173	4787.5674	121.25716	4962.569	4583.555	1000.0	1000.0	959999	256.0993	134.65096	389.9942	-278.90106	256.09818	134.6613	392.03635	-336.29956	-259.4985	103.5068	6476.248715639114	33.73046206931273
193	4859.7246	126.53004	4999.58	4656.8174	5170.712	136.35582	5379.5483	4948.549	1000.0	1000.0	964999	255.7837	136.40869	392.15387	-263.54428	255.78233	136.41664	388.74677	-309.42386	-259.29614	105.03773	6510.058936834335	33.73087533273845
194	4862.1626	140.06247	5058.3364	4699.0195	4855.6704	76.60864	5005.332	4751.7095	1000.0	1000.0	969999	256.06332	137.49919	388.06528	-195.82112	256.06372	137.502	388.8328	-210.7649	-259.64694	104.14713	6543.998695135117	33.731952047839606
195	4838.4375	78.12353	4956.44	4714.2227	5057.72	80.158554	5170.975	4954.169	1000.0	1000.0	974999	256.76874	138.45645	401.43594	-272.53046	256.76773	138.4631	395.06357	-262.08337	-260.30893	103.26588	6577.817552566528	33.73239771525065
196	4732.046	147.11765	4936.8184	4528.4976	4682.915	752.67993	5167.797	2466.7407	1000.0	951.3	979999	256.9095	139.71675	395.8815	-279.75323	256.90634	139.72563	391.1103	-279.24982	-260.9151	106.74669	6611.092260599136	33.730062565025015
197	4851.7646	130.89995	5071.466	4667.3257	5167.0645	116.60967	5332.9946	4965.327	1000.0	1000.0	984999	257.07077	142.01309	392.48587	-381.45416	257.0719	142.01721	392.15286	-349.58707	-260.7827	107.422165	6644.715794324875	33.72952180707515
198	4060.9297	1590.4414	5030.729	549.6857	4698.046	523.1133	5014.7793	3213.85	837.3333	1000.0	989999	258.64594	142.67946	394.23944	-317.0321	258.64398	142.6857	393.02808	-296.81155	-262.60715	104.342316	6678.52286362648	33.729913463496196
199	4818.333	52.004288	4908.9204	4763.584	4952.0947	106.7804	5134.569	4759.305	1000.0	1000.0	994999	258.15503	145.09929	394.35504	-277.70248	258.15433	145.10382	396.50064	-270.26645	-262.1049	103.92642	6712.28192448616	33.730059931625675
200	4849.082	65.007706	4944.2227	4763.74	5104.03	260.43	5426.148	4427.006	1000.0	986.6	999999	257.96994	145.74219	395.37857	-452.71167	257.97104	145.74448	393.52185	-333.34906	-262.0969	102.81221	6746.055353403091	33.730276777744294
