Epoch	AverageEpRet	StdEpRet	MaxEpRet	MinEpRet	AverageTestEpRet	StdTestEpRet	MaxTestEpRet	MinTestEpRet	EpLen	TestEpLen	Time Steps	AverageQ1Vals	StdQ1Vals	MaxQ1Vals	MinQ1Vals	AverageQ2Vals	StdQ2Vals	MaxQ2Vals	MinQ2Vals	AverageLogPi	StdLogPi	MaxLogPi	MinLogPi	LossPi	LossQ	LossQReg	Time	AVG Time Per Epoch
1	19.478092	19.836046	162.01118	5.027863	55.340443	2.4259732	59.20747	50.56451	23.64762	31.7	4999	4.4405046	3.1553302	24.24109	-4.237553	4.4404864	3.1551406	23.830397	-3.2691374	-0.9402196	1.5575979	9.436115	-9.0969515	-5.1907845	0.5846452	0.31131095	31.151207447052002	31.151209115982056
2	17.898981	15.221954	152.2847	4.738569	143.54541	17.894524	161.06151	115.42085	22.238937	71.7	9999	14.036438	7.7326903	57.753056	-37.897316	14.035682	7.728537	57.96361	-32.92112	1.0070574	2.3117456	23.872677	-10.631508	-16.312328	4.3935347	2.49883	69.81834721565247	34.90917456150055
3	201.59204	38.324863	317.69363	99.69724	204.75851	1.5544251	207.7431	201.83331	93.54717	108.8	14999	33.217373	15.080666	96.094215	-20.963133	33.21216	15.074543	91.49598	-19.080608	1.4483514	2.5923054	28.595058	-11.188047	-35.95252	45.436	24.262873	111.7915050983429	37.26383566856384
4	271.95367	22.05146	317.04233	191.98157	291.11636	1.5173751	293.74716	288.84158	119.88095	124.5	19999	50.484875	20.883766	147.96487	-30.281126	50.483185	20.889988	146.58134	-30.795292	1.4013485	2.7118266	21.322224	-10.445418	-53.0304	43.01402	24.128344	154.05222272872925	38.513056218624115
5	267.68546	46.88738	422.1345	46.925278	296.94485	7.8178287	309.84283	286.9302	110.08889	118.9	24999	64.68082	26.532183	174.36853	-38.470264	64.680695	26.531784	172.58717	-38.699345	1.5178809	2.7091773	30.571142	-11.614966	-67.175156	41.890404	24.36869	195.1762671470642	39.035253810882566
6	325.44833	64.41472	402.2378	209.69884	104.42023	1.2975475	106.72494	102.12246	121.04878	58.1	29999	79.11111	31.801483	189.01949	-43.152725	79.112305	31.784054	185.69257	-41.850178	1.9312845	2.766059	31.556593	-10.294773	-81.72548	68.80617	39.211	236.26583671569824	39.37764084339142
7	367.24127	79.079544	589.1611	114.39948	285.90146	2.2625785	290.33398	282.49857	132.05263	113.8	34999	93.65963	36.754883	198.84329	-51.037956	93.66346	36.738605	198.04408	-52.867245	2.077236	2.9524264	37.59678	-10.3148365	-96.31747	83.01177	47.664192	276.6185863018036	39.51694117273603
8	206.92737	141.50574	475.79086	8.322549	382.09988	3.8701167	388.78183	376.14276	84.0339	131.0	39999	102.419044	41.565105	203.97943	-53.420807	102.41706	41.5592	206.0023	-60.873516	1.8744771	2.7979856	29.443943	-10.542925	-104.72191	95.512314	55.387833	318.33464431762695	39.79183083772659
9	472.34738	100.44802	672.3495	177.76494	577.5264	34.39843	622.06445	523.52	149.73529	171.0	44999	108.33157	45.29012	205.64713	-38.0132	108.32891	45.280132	217.47833	-49.061237	1.8776056	2.72341	26.961344	-9.982437	-110.41294	76.87076	46.156116	361.33504128456116	40.14833815892538
10	521.6477	131.84499	706.3305	166.1078	565.3969	4.021166	573.5515	560.12854	161.74193	167.6	49999	114.51088	48.879204	231.1622	-46.64978	114.50886	48.864597	224.32605	-51.26743	1.9901689	2.7971246	27.890835	-12.515192	-116.75574	70.384384	42.954247	402.49828815460205	40.24982903003693
11	544.8431	106.718376	682.31445	328.36926	605.885	5.1743155	612.2864	599.45166	165.86667	173.5	54999	121.332726	51.52374	233.0207	-46.070946	121.334274	51.494247	227.86382	-63.360863	1.7848421	2.6951532	28.233578	-11.420112	-123.5719	69.200836	42.11849	443.8253629207611	40.34776043891907
12	521.5854	83.11491	691.13336	388.20886	425.72705	23.074574	465.75302	398.00552	159.45161	139.6	59999	124.68089	53.747646	227.20508	-75.18423	124.68182	53.726738	223.93108	-77.61443	1.7667527	2.6430094	28.59681	-12.639706	-126.82615	64.11894	39.106205	485.8962330818176	40.49135295550028
13	604.78394	70.99661	706.4876	464.7824	540.08936	44.05173	607.9644	463.91183	181.7037	162.3	64999	127.99746	55.282963	230.49776	-70.4037	127.99773	55.27143	230.68546	-76.7225	1.7308798	2.6221535	25.169466	-10.317102	-130.03465	62.426044	38.113255	529.602700471878	40.73866943212656
14	659.2592	71.32877	717.27844	427.85754	663.8258	3.348306	670.9644	659.2667	194.76923	193.6	69999	132.53761	56.531906	248.29617	-70.38431	132.53708	56.527527	238.91339	-73.32729	1.6944335	2.6190574	25.799152	-12.537811	-134.7511	66.47813	40.191544	573.7047758102417	40.978912711143494
15	712.8852	100.69874	1161.8019	584.48517	710.4672	2.7301352	716.3488	706.92426	212.73914	217.6	74999	136.78615	57.69275	253.49107	-84.74339	136.78484	57.689842	258.09152	-77.5522	1.6915904	2.5982807	25.798155	-10.724482	-138.98615	70.18147	42.32065	616.2115490436554	41.080770095189415
16	1159.9523	652.3744	2874.1194	531.45386	699.87366	2.2595847	703.9595	695.83734	363.0	218.2	79999	142.8581	59.322536	303.75858	-72.855446	142.85861	59.314938	309.25198	-78.83525	1.7298976	2.6138277	21.579899	-11.876991	-144.75537	78.78338	47.312595	657.1237418651581	41.07023400068283
17	722.038	124.40839	1031.3767	414.8657	629.48663	2.4826531	633.3685	626.34845	218.08696	181.6	84999	148.34583	60.63673	309.11514	-90.92352	148.34712	60.638546	309.23935	-63.082653	1.8145393	2.6411543	24.87272	-11.5658655	-149.92332	99.37768	59.4874	698.0405652523041	41.06120984694537
18	771.1767	177.2058	1468.7604	618.8627	690.7346	2.989681	694.9603	685.0772	228.45454	210.9	89999	151.40053	61.051983	303.15692	-82.51449	151.4024	61.057716	301.9187	-81.82202	1.7316618	2.636772	23.66652	-11.812207	-153.2395	91.439	56.51264	740.8646953105927	41.15914988517761
19	930.11884	298.3542	1763.5984	686.7433	732.9054	2.5611382	736.8927	728.6179	279.66666	213.1	94999	154.67397	61.93816	291.9688	-94.71175	154.6757	61.927067	287.96964	-85.09106	1.6881033	2.5551836	22.082449	-11.251482	-156.28061	83.90068	52.517963	783.0252017974854	41.211852864215246
20	806.2075	190.73473	1498.7667	709.51874	783.6392	43.91399	890.3256	746.34033	238.95238	248.4	99999	157.36726	62.209316	281.40222	-100.74005	157.36794	62.202087	275.06503	-90.92821	1.6328928	2.5255072	22.575974	-14.0562	-159.12395	74.894684	47.743553	825.050544500351	41.252527344226834
21	1179.7908	615.89813	3138.3022	724.96954	752.97986	27.010792	804.2805	717.97046	360.07144	229.1	104999	161.08957	62.63483	283.7724	-114.43192	161.09106	62.664043	278.89163	-101.80392	1.5952947	2.4976072	23.952307	-12.52084	-162.5578	107.46217	65.77653	868.0309491157532	41.33480723698934
22	1052.3855	425.08627	1970.162	455.04892	2486.7437	544.4327	3428.2634	1882.0948	324.06668	710.5	109999	164.90182	62.631714	284.71106	-73.098976	164.90077	62.681187	275.24216	-70.80866	1.58408	2.503715	28.880274	-13.103148	-166.4153	110.2172	67.70885	915.1820657253265	41.59918491406874
23	1393.9272	898.2938	3255.077	592.086	3345.9563	293.63297	3480.177	2478.863	427.5	962.2	114999	168.14198	63.047283	276.4676	-89.344666	168.14053	63.129276	266.9827	-85.01407	1.6456816	2.4485795	24.515848	-10.654569	-169.40552	95.25111	61.3096	960.9391160011292	41.77996165856071
24	1822.6877	829.493	3277.5935	999.81415	3452.8906	3.8404956	3457.9902	3442.784	538.44446	1000.0	119999	170.56302	63.498547	272.33655	-85.74837	170.56325	63.573498	263.93683	-80.83336	1.5688448	2.404228	29.29699	-10.354894	-171.92221	79.034	52.245945	1006.2802922725677	41.92834561069807
25	1791.8641	780.5571	3351.5703	950.87305	1020.32666	7.9491725	1034.7141	1003.5852	520.6667	292.5	124999	173.35396	64.21216	269.01468	-91.54802	173.35457	64.26109	260.2255	-72.22709	1.5237908	2.378712	30.39938	-11.791871	-174.8496	72.89247	47.855255	1050.43696475029	42.017478685379025
26	1746.879	888.34247	3286.604	959.5546	3146.766	74.35748	3255.0115	3060.565	511.66666	1000.0	129999	175.8977	64.37219	270.64462	-70.274956	175.89857	64.42	262.055	-79.69443	1.5231757	2.3751009	23.764374	-13.101805	-177.5167	68.21709	44.707436	1094.487475156784	42.09567220394428
27	2152.4072	924.868	3310.4646	902.70624	1212.8689	44.77244	1302.14	1144.3705	628.3333	337.8	134999	178.60452	64.71692	270.19775	-84.81093	178.60504	64.76363	260.22055	-81.13971	1.4708345	2.3888168	23.201645	-9.88405	-179.92369	64.40157	42.423676	1135.6872310638428	42.06249013653508
28	957.52264	177.55995	1233.8506	367.69504	3222.3657	16.053093	3242.5547	3185.5168	277.4375	1000.0	139999	180.84547	64.82946	274.02164	-102.27101	180.84578	64.87132	263.42282	-110.479	1.4591439	2.4223304	22.334211	-11.488843	-182.14114	77.61099	48.90048	1181.0955455303192	42.18198391369411
29	2766.766	772.01666	3355.7637	1542.5651	1264.5647	84.06227	1407.0062	1136.2888	826.0	356.1	144999	184.08437	65.02257	281.67874	-99.33426	184.08504	65.063515	277.01337	-97.3419	1.4833865	2.4001107	20.675808	-11.75015	-185.55191	77.66678	48.780396	1224.4036598205566	42.220815946315895
30	2049.6409	938.4052	3267.5977	955.2268	1526.997	83.99023	1707.0264	1440.2249	623.875	431.0	149999	186.80185	65.13316	280.69675	-90.12832	186.80197	65.17719	280.68668	-102.26571	1.4509522	2.4303427	22.470285	-14.55483	-188.17128	73.45363	46.982346	1272.1111860275269	42.40370628833771
31	1746.4047	823.6777	3021.8706	802.6043	3001.9648	7.62929	3011.9011	2989.306	517.625	1000.0	154999	188.90804	65.49567	286.60526	-93.89414	188.90839	65.539024	279.04672	-92.21904	1.3967699	2.4153633	27.721323	-11.839474	-190.40483	69.02386	44.41119	1320.5405220985413	42.59808143492668
32	1896.8619	1003.95	3372.0842	862.613	3085.338	7.129358	3096.331	3071.5952	559.1	1000.0	159999	190.65733	65.846924	282.49878	-73.667854	190.65784	65.877495	268.84033	-96.85422	1.3797233	2.4304	22.757313	-11.790499	-192.1383	63.50794	41.032375	1366.1564989089966	42.69239065796137
33	1823.5178	1157.0228	3368.7864	853.84924	1343.4517	116.149	1570.9897	1252.3724	544.125	378.5	164999	192.84264	65.70778	274.98767	-88.375694	192.84378	65.74279	271.70517	-85.5277	1.2930053	2.436072	26.785954	-12.852253	-194.15643	63.74216	41.409527	1409.9027993679047	42.72432733304573
34	1749.9395	964.9864	3313.418	941.9373	1338.5251	83.30955	1511.7522	1234.0835	519.8182	385.2	169999	194.43254	65.87027	279.0015	-76.70794	194.43318	65.89872	283.0072	-97.65365	1.2139665	2.4117508	33.422752	-10.818884	-195.7471	55.753475	36.539	1452.7718472480774	42.72858381271362
35	1608.286	836.5854	3339.6316	835.273	863.0588	11.621638	886.46674	848.64233	467.45456	249.9	174999	195.88168	66.30143	274.96387	-75.15067	195.88069	66.32994	278.69373	-78.878914	1.1884792	2.428303	24.540411	-12.032665	-197.19357	57.40446	37.066387	1495.4421336650848	42.72691816602435
36	2134.779	948.93567	3442.4211	1003.71515	3384.9778	2.0785544	3388.3015	3381.6267	617.5714	1000.0	179999	197.85318	66.66419	279.69067	-77.92575	197.85332	66.6899	282.13138	-92.678	1.194984	2.4199345	25.456242	-12.793209	-198.96617	55.70972	35.960007	1542.6039922237396	42.850110967954
37	1509.4532	840.4186	3387.9993	786.37744	3449.0632	4.6567082	3454.7056	3440.601	435.23077	1000.0	184999	199.68568	67.04301	288.61078	-108.58954	199.6851	67.07553	287.1131	-96.23931	1.1926279	2.4449236	33.601173	-10.540652	-200.9094	54.675613	35.356224	1591.8760361671448	43.02367672404728
38	1413.7001	548.8545	2749.189	793.10596	1060.8474	10.800393	1082.6346	1048.2006	405.75	306.2	189999	201.02368	67.556725	283.21692	-77.131966	201.02278	67.57814	286.9931	-85.169365	1.1629798	2.4391785	29.910404	-11.675106	-202.24872	55.63537	35.5774	1637.110185623169	43.081847052825125
39	1219.751	578.18585	3221.506	852.45703	1035.1876	4.545923	1040.6348	1027.0665	352.92856	296.8	194999	202.59222	67.9571	285.93832	-92.937416	202.59212	67.97979	279.45483	-104.614426	1.144208	2.4668612	28.526075	-12.269891	-203.62665	57.24391	36.46692	1682.8151681423187	43.14910694269034
40	1161.1708	244.60535	1834.5723	890.8273	3355.2312	1.3167387	3357.7131	3353.3113	333.2	1000.0	199999	204.02628	68.448586	294.9853	-73.67649	204.02637	68.4658	283.5474	-108.41719	1.1602947	2.5292752	29.871916	-11.852221	-205.32875	54.25815	34.748047	1730.0044193267822	43.2501105427742
41	1154.6442	449.51047	2395.9155	451.83643	3456.4226	26.050892	3519.05	3428.3918	338.0	1000.0	204999	205.27715	68.9709	293.34338	-187.59091	205.2761	68.98342	293.2038	-219.26846	1.233746	2.61505	45.62243	-11.188799	-206.34024	63.63204	40.102726	1779.6735398769379	43.40667176246643
42	1448.3372	463.43668	2616.2395	859.98663	962.8788	16.69901	985.3252	918.42303	416.30768	280.7	209999	206.65446	69.50578	310.06888	-117.275154	206.65472	69.52299	301.95538	-124.5955	1.1273113	2.4680743	44.966938	-11.246696	-207.66762	62.38995	39.05809	1826.3506796360016	43.4845400480997
43	1409.057	702.71423	3392.741	963.0892	3356.4897	6.387904	3369.4326	3348.342	406.18182	1000.0	214999	208.3333	70.11742	305.21075	-115.565605	208.3318	70.13848	301.14655	-121.293175	1.080289	2.3769214	29.468765	-11.87385	-209.29716	58.59597	36.982918	1875.564210176468	43.6177723906761
44	2216.5085	1000.0556	3432.5234	1072.0924	3399.4297	18.224985	3430.7612	3372.616	641.5	1000.0	219999	209.96362	70.690056	297.73352	-102.85371	209.96437	70.70047	303.43393	-92.11482	1.1431428	2.4008577	27.387342	-9.897764	-210.6929	53.614513	34.148476	1923.5927059650421	43.718016098846086
45	2648.8687	832.31433	3382.6892	1376.7649	3211.4587	2.6031747	3215.8333	3207.0725	784.8571	1000.0	224999	211.61093	71.31848	299.38748	-108.81374	211.61063	71.3298	312.7283	-125.9978	1.1472942	2.4518514	28.0262	-11.217785	-212.57846	50.80492	32.4848	1971.0545582771301	43.80121246443854
46	3240.8853	355.65335	3474.4255	2532.5186	3370.1062	2.3455362	3376.0684	3367.222	944.8	1000.0	229999	214.17271	71.32968	306.4477	-146.02692	214.17197	71.34288	302.91223	-157.76656	1.1366925	2.4403653	44.08692	-12.005108	-215.17226	50.11341	31.67051	2020.10808968544	43.91539331104445
47	2284.376	911.8881	3415.2947	1150.3079	3295.0984	4.0337877	3300.9497	3286.7522	660.0	1000.0	234999	215.98611	71.50283	309.6833	-124.53657	215.98582	71.51195	301.02545	-146.52486	1.0661348	2.3902788	38.468105	-10.078483	-216.91342	47.55128	30.509476	2064.373881816864	43.922848600022334
48	2316.1409	852.8146	3396.3833	1148.4324	3478.0266	8.886688	3488.4836	3465.1511	668.7143	1000.0	239999	217.4265	71.91825	298.38785	-102.0059	217.42664	71.926735	303.27097	-102.7188	1.0134113	2.3991477	30.49258	-10.604587	-218.01273	49.893738	31.51559	2109.4143571853638	43.94613249103228
49	2512.3247	835.8203	3504.974	1340.3988	3523.4465	3.6439276	3528.2007	3516.333	718.5714	1000.0	244999	219.03633	72.143394	298.36084	-138.72066	219.03621	72.15369	298.0515	-201.53035	1.0449736	2.4160583	30.94733	-11.456746	-220.09776	49.11083	31.058887	2155.3314740657806	43.986356667109895
50	2744.4666	781.8653	3405.8616	1304.5691	3440.0027	1.5404274	3442.625	3437.761	799.1667	1000.0	249999	220.77516	72.11354	299.3314	-109.943275	220.775	72.1227	299.44238	-96.70092	1.0041378	2.365667	39.91035	-10.3756	-221.68169	48.891857	30.997395	2201.383325576782	44.027666549682614
51	3215.7703	262.66943	3378.3015	2693.0095	3423.6296	2.6725643	3428.5552	3419.8906	954.8	1000.0	254999	222.32857	72.34545	303.1969	-134.74585	222.32794	72.35428	305.4996	-193.31631	1.0653989	2.3976834	28.600937	-15.257927	-223.05658	46.67007	29.480394	2243.9906933307648	43.999817558363375
52	2231.6665	816.50305	3383.5408	974.4988	3467.8535	1.2232404	3470.2393	3466.3992	635.44446	1000.0	259999	223.44618	72.694885	302.6096	-128.97508	223.44543	72.70242	303.8753	-101.74027	1.0466999	2.4311767	28.693258	-11.135813	-224.56502	49.97123	31.323606	2287.3935935497284	43.98833837875953
53	2520.1965	1008.8068	3445.0735	999.71967	3389.0522	1.2520199	3390.5642	3386.2852	728.5	1000.0	264999	225.07188	72.5958	304.12067	-113.03027	225.07175	72.59697	303.76788	-94.89791	1.0524821	2.5114172	33.202896	-9.538076	-226.19888	50.159412	31.516598	2329.4120461940765	43.95117072789174
54	1918.845	772.87683	3525.4333	1042.0886	3373.2922	1.2713331	3376.0254	3371.1975	550.7	1000.0	269999	226.62036	72.623344	314.25092	-98.95614	226.6192	72.627365	310.55948	-100.14812	1.0141027	2.4233878	29.070808	-11.024474	-227.36237	60.3622	36.603283	2375.4507257938385	43.9898283040082
55	3315.8054	35.196087	3369.706	3258.9473	3437.282	3.9915135	3444.5237	3429.9854	1000.0	1000.0	274999	228.64424	72.60921	313.10672	-121.6346	228.64355	72.61628	315.54556	-96.47716	1.0649238	2.438312	28.067085	-12.375729	-229.75426	68.52694	41.52051	2421.6494143009186	44.02998938993974
56	3096.3337	535.20764	3405.0552	2026.8601	1165.316	100.576706	1290.5773	1022.1193	915.6	327.2	279999	230.72333	72.067535	321.6043	-86.327545	230.72157	72.08423	318.9231	-192.55435	1.0890472	2.4661252	27.763752	-11.259317	-231.55125	66.31213	40.362576	2466.8870775699615	44.05155499492373
57	2342.31	1194.7338	3427.093	826.9004	3498.907	1.9742092	3502.048	3495.6553	691.2857	1000.0	284999	231.63005	72.50896	323.37003	-126.98434	231.62892	72.522766	327.43695	-101.35394	1.0439775	2.4826322	28.42234	-13.421869	-232.35187	63.631973	39.033627	2513.4954917430878	44.09641218603703
58	2330.0183	1039.9323	3400.4944	957.9711	3399.3203	3.7669988	3403.7615	3390.308	683.125	1000.0	289999	232.88683	72.40811	321.81006	-90.25577	232.88596	72.423996	329.42767	-116.73812	1.0729843	2.4330049	33.5936	-10.408319	-233.78365	61.903107	38.0912	2560.277531862259	44.14271610358666
59	2738.554	965.7504	3428.6494	946.381	3457.4558	3.4405174	3465.4126	3453.31	800.5	1000.0	294999	233.97668	72.698746	331.49884	-81.21828	233.97536	72.71137	327.6891	-173.35654	1.0410603	2.3867502	30.635733	-10.969044	-234.89337	53.142094	33.323997	2603.307952404022	44.1238636404781
60	2321.6228	1035.6982	3453.9895	1071.0767	3500.7903	3.8330476	3507.6128	3494.083	669.8571	1000.0	299999	234.85562	73.01757	326.94028	-132.71329	234.8542	73.03595	326.0512	-127.51217	1.0304008	2.4380357	36.53145	-10.922711	-235.57846	52.996788	33.590878	2648.6102800369263	44.143504707018536
61	3162.9983	477.09976	3415.2566	2097.511	3315.2183	3.1666017	3320.8894	3311.7078	930.6667	1000.0	304999	236.09512	73.05411	321.05887	-106.11313	236.09389	73.070335	335.43997	-177.67586	0.98649806	2.4091306	40.175842	-10.998585	-236.77574	51.96052	33.154675	2693.317612886429	44.152747795230056
62	2455.4966	933.88324	3529.1584	1001.0121	1300.4917	40.655964	1346.3981	1230.879	706.0	356.4	309999	237.11185	72.890175	348.5549	-89.86922	237.11057	72.9038	329.95285	-113.93524	0.96093255	2.4060738	30.657284	-9.039558	-237.6912	50.164223	32.011368	2737.183567047119	44.14812208760169
63	2550.0266	1011.60175	3416.7546	1104.561	3396.4302	7.154724	3403.129	3378.3577	738.3333	1000.0	314999	238.0833	73.32217	329.60736	-123.575775	238.08214	73.33195	333.73364	-118.849655	1.016487	2.4651897	35.705593	-11.178756	-239.13765	52.44266	33.138683	2786.575126647949	44.231351254478334
64	2643.4316	920.734	3435.64	1236.4633	3453.914	2.0864434	3457.6094	3450.7156	762.5714	1000.0	319999	239.23782	73.374214	335.6219	-113.80666	239.2368	73.38395	322.87848	-115.87066	0.9681478	2.414487	31.379694	-11.509111	-240.17827	48.149586	30.755487	2833.566680908203	44.27447943389416
65	2166.4392	1015.2462	3475.7173	1025.4583	3481.407	2.5372713	3486.234	3477.2498	623.5	1000.0	324999	239.92345	73.95322	323.03052	-144.79927	239.92227	73.95792	335.199	-129.88243	0.90140176	2.404613	53.013916	-10.705492	-240.43254	49.055965	31.008776	2880.3505675792694	44.313085688077486
66	2979.471	816.7584	3423.762	1171.5468	3470.2976	1.3588318	3473.666	3468.9216	867.0	1000.0	329999	241.19052	74.06221	341.76825	-134.91302	241.18982	74.0714	326.59256	-123.10047	0.90484494	2.3383684	30.662094	-10.495686	-242.00993	44.414276	28.504519	2927.3048791885376	44.35310426625338
67	2984.6033	987.4177	3449.8188	777.20575	3399.823	1.0597118	3400.9346	3398.1296	876.3333	1000.0	334999	242.44113	74.08726	321.29797	-95.68746	242.44125	74.08632	326.76114	-110.42356	0.91708803	2.3204403	30.24404	-10.643629	-243.20753	51.45271	32.586174	2973.632770061493	44.38257869677757
68	2934.2417	928.2854	3421.5361	1077.9697	3494.3628	1.648264	3498.1387	3491.8374	862.2	1000.0	339999	243.18625	74.0912	321.33466	-134.83192	243.18604	74.08492	321.37186	-153.85735	0.93711096	2.3186624	50.275105	-11.410231	-243.76724	47.87683	30.811174	3018.5995876789093	44.3911704456105
69	3421.9368	15.239556	3446.136	3401.1868	3456.2817	2.148641	3458.6487	3452.9043	1000.0	1000.0	344999	244.22238	74.259254	321.77386	-129.34956	244.22256	74.259254	320.51978	-118.4643	0.95695037	2.4034545	31.696701	-11.091051	-244.93466	50.2231	31.691813	3062.3707790374756	44.38218523108441
70	3409.9172	23.912426	3436.3508	3372.4426	3408.362	2.9795444	3412.3745	3402.87	1000.0	1000.0	349999	244.99109	74.40752	321.72092	-112.43234	244.98978	74.415504	323.26447	-136.95486	0.953613	2.375709	35.027866	-11.174507	-245.67636	48.00742	30.52745	3106.284085035324	44.375486963135856
71	3060.5078	799.3347	3442.6025	1273.4141	3510.795	4.60319	3520.0195	3504.6262	891.5	1000.0	354999	245.56702	74.939	321.67822	-116.90414	245.56688	74.94368	321.58353	-110.38761	0.9487683	2.3993165	31.721745	-9.975052	-246.39563	47.60017	30.323309	3149.3187754154205	44.35660250757782
72	3405.8203	19.462729	3430.7302	3376.2498	3389.0308	1.4274191	3392.422	3386.902	1000.0	1000.0	359999	246.58348	74.933136	323.53287	-104.75858	246.58234	74.93851	323.76355	-138.36513	0.9437862	2.3633363	35.018173	-11.651786	-247.36514	48.465027	30.85374	3192.18292927742	44.33587405085564
73	3419.7544	23.050825	3465.238	3403.408	3479.6243	5.131362	3487.6782	3472.5212	1000.0	1000.0	364999	248.2078	74.492546	358.8066	-107.67118	248.2079	74.49205	355.9705	-120.40651	0.9490261	2.3596241	29.701529	-10.16816	-248.80951	51.66867	32.493286	3236.013773918152	44.328955843024055
74	3387.0483	30.025036	3413.623	3330.867	3489.0757	2.4437764	3493.858	3485.155	1000.0	1000.0	369999	249.2094	74.522095	358.22662	-109.19448	249.20952	74.52094	351.04047	-91.724174	0.87535334	2.2899642	31.99464	-12.333061	-249.69498	49.60541	31.353025	3280.1342985630035	44.32613919876717
75	3403.5376	12.55067	3421.9607	3387.2183	3482.5942	3.7371073	3488.9805	3474.97	1000.0	1000.0	374999	250.2131	74.70063	377.24725	-107.25431	250.21219	74.70088	365.6239	-132.13725	0.8820309	2.3450844	38.02448	-11.94795	-250.91441	51.325417	32.42883	3324.89209318161	44.33189460436503
76	3055.3486	775.27747	3423.583	1322.0787	3505.4836	4.5391035	3510.3284	3495.5059	895.5	1000.0	379999	251.27768	74.80107	396.72015	-84.35174	251.27765	74.80314	393.3133	-89.2964	0.8589986	2.408159	38.744904	-10.36846	-252.19853	50.51661	31.919744	3369.740055322647	44.33868496982675
77	3428.8567	12.634088	3438.3022	3404.0393	3479.276	1.8502703	3481.9365	3476.3682	1000.0	1000.0	384999	252.63414	74.70946	445.8528	-93.95518	252.63376	74.71676	436.3147	-81.447624	0.87320745	2.4018047	34.560955	-10.549858	-253.4149	53.0311	33.25816	3414.5131289958954	44.344326384655844
78	869.1065	1249.9314	3445.7908	116.69946	207.9429	1.2716658	210.13889	206.10905	285.125	101.8	389999	254.15175	75.33166	563.20654	-88.28062	254.15224	75.32715	560.5954	-150.1013	0.93068904	2.4556353	30.891405	-12.233677	-254.91109	61.65765	38.74141	3458.0343034267426	44.33377314836551
79	609.52075	1045.9413	3400.4827	195.59093	228.90952	1.4007479	232.26697	227.81161	225.54167	116.4	394999	256.90396	77.534935	557.6687	-129.40123	256.90198	77.53179	557.22473	-110.97319	1.0509766	2.5269327	32.030075	-10.993215	-257.69485	75.43944	46.745773	3498.9447853565216	44.29044035114819
80	267.85855	15.301789	299.8225	213.45335	289.3705	1.2600099	290.93546	287.63464	124.45	126.6	399999	262.1017	82.84458	540.836	-97.00395	262.10327	82.835655	531.82166	-101.561615	1.5215944	2.628013	31.79814	-10.920702	-263.4851	80.49671	50.554333	3538.722199201584	44.23402751684189
81	286.57883	81.41687	351.4858	5.93701	335.3358	1.4098485	337.90598	331.8576	124.0	140.0	404999	269.8555	87.71405	497.77048	-134.37892	269.85532	87.71202	496.394	-137.65155	1.74794	2.6723933	38.676033	-11.184749	-271.5701	94.18693	58.66775	3578.339465856552	44.177030469164436
82	453.30792	230.5925	969.4955	6.5311923	1184.8738	108.11345	1247.5295	875.94794	167.86667	338.4	409999	273.4606	88.917206	474.12402	-141.53346	273.45905	88.92531	471.39413	-87.212654	1.577466	2.5800877	35.500946	-13.45153	-275.03387	106.42001	64.926865	3618.8660204410553	44.1325124763861
83	1677.9188	1291.2234	3373.9993	551.31525	3372.8418	3.1828568	3377.2283	3366.8684	513.75	1000.0	414999	273.12866	87.10446	435.35602	-93.606606	273.12894	87.107155	434.1634	-230.2772	1.5375963	2.578413	38.282467	-11.484915	-274.5488	117.63696	70.6051	3661.9581756591797	44.119978054460276
84	3335.0825	35.975346	3383.0989	3292.4685	3315.8813	7.029272	3326.774	3305.0032	1000.0	1000.0	419999	271.16843	84.16071	414.37924	-156.5888	271.1672	84.162575	415.05505	-174.22821	1.3657111	2.529473	32.0977	-11.567295	-272.3191	93.45936	58.322826	3707.3414306640625	44.135017065774825
85	3375.4194	24.049583	3401.6577	3335.0674	3370.1172	2.0539389	3374.443	3367.3083	1000.0	1000.0	424999	268.20026	82.23722	392.52298	-194.35136	268.20068	82.2245	394.61176	-141.45943	1.3186039	2.4520595	33.75719	-10.714505	-269.27042	86.27332	54.73038	3754.5608475208282	44.17130411372465
86	3321.9504	53.29051	3384.0115	3231.9124	3282.1362	13.826255	3301.2136	3260.7837	1000.0	1000.0	429999	265.09186	80.62443	378.07538	-106.948845	265.09177	80.61611	370.9202	-154.10187	1.2172128	2.395199	36.066	-11.71159	-266.33682	81.02446	51.917957	3803.429539680481	44.22592490772868
87	3181.61	207.75337	3310.3794	2767.5432	3102.5186	122.790184	3264.817	2921.1787	1000.0	1000.0	434999	262.57828	78.524025	355.4733	-145.78592	262.57898	78.5155	355.47537	-163.18631	1.1865108	2.3745549	29.155508	-12.180509	-263.5707	71.532524	46.319164	3852.0921578407288	44.27692138189557
88	2997.5508	524.5125	3320.8872	1955.89	3326.2563	4.6539583	3332.4102	3316.829	1000.0	1000.0	439999	260.62314	77.38911	339.5879	-204.26799	260.62277	77.39105	337.69897	-149.73099	1.184162	2.373864	25.625505	-10.824817	-261.79245	65.505684	42.692352	3901.2153165340424	44.33199226585302
89	3170.3835	298.99045	3411.1685	2587.1697	26.28512	5.0638976	33.73094	18.307978	1000.0	52.9	444999	259.70395	76.57653	338.1502	-138.82217	259.70428	76.58234	336.67072	-127.96653	1.1506827	2.4279068	32.499863	-15.187874	-260.38226	64.489784	42.139793	3947.008893251419	44.34841455770343
90	1894.3385	1439.6776	3411.1892	17.68662	978.11194	0.4778046	978.75354	977.2567	663.25	1000.0	449999	258.9318	75.91969	339.7198	-102.19526	258.9319	75.92585	339.5847	-139.65916	1.0309091	2.4198918	37.09355	-11.7672615	-259.75903	73.78062	46.317585	3995.4203555583954	44.393559530046254
91	1253.0254	1534.7599	3396.7134	27.18756	3460.7742	31.711279	3502.9307	3400.7375	442.54544	1000.0	454999	257.46463	75.530716	338.10556	-96.27952	257.46442	75.52112	339.82642	-121.26161	1.0606687	2.4476907	28.972153	-11.199726	-258.24445	120.90993	69.76868	4044.1367750167847	44.44106349054274
92	2027.7269	1072.3782	3428.2139	982.9068	3281.045	2.7577043	3286.096	3277.8584	1000.0	1000.0	459999	256.7303	75.1941	338.9168	-120.23398	256.72906	75.19403	339.22464	-213.3507	1.1122421	2.4375327	28.708853	-9.911018	-257.41965	86.94226	53.583412	4094.1335628032684	44.5014517929243
93	3428.1714	83.10384	3507.704	3272.3323	3413.0625	1.5559425	3416.0215	3410.7344	1000.0	1000.0	464999	257.57758	75.04499	340.36868	-170.93744	257.5784	75.04249	338.97113	-177.05302	1.0974597	2.456979	28.409515	-12.709154	-258.23547	71.596886	44.87418	4142.911847829819	44.54743924961295
94	3478.4526	21.249771	3507.463	3449.8174	3460.6816	2.8200154	3465.1636	3456.329	1000.0	1000.0	469999	258.4062	75.090034	339.20895	-141.90962	258.40585	75.0886	340.65555	-149.14449	1.0560383	2.4546382	53.89107	-10.68255	-258.90796	64.46223	41.44185	4189.855349063873	44.57292927072403
95	2976.502	1166.8998	3538.6438	367.68954	3497.2227	2.161675	3501.035	3493.581	857.3333	1000.0	474999	259.44177	74.86244	340.51633	-110.23464	259.44226	74.8592	340.53024	-137.37672	1.060949	2.447574	43.62227	-12.108078	-260.0054	75.50507	46.77638	4234.103436470032	44.56950988016631
96	2187.897	1038.6571	3513.3293	1115.1874	3516.1926	2.6936626	3520.2717	3512.336	615.375	1000.0	479999	260.1606	75.05338	341.56042	-85.42039	260.16232	75.045	340.46106	-257.78345	1.0936013	2.4596543	31.362705	-9.993044	-260.953	85.335365	51.59701	4277.048058271408	44.552583960195385
97	2820.4512	1056.7772	3500.7297	1015.7036	3529.6257	2.788019	3532.857	3524.653	804.1429	1000.0	484999	261.3733	75.129776	345.9584	-123.62837	261.37457	75.12112	344.73672	-141.06177	1.0089556	2.3949463	28.797777	-9.690382	-261.88995	78.900696	47.69331	4320.374620676041	44.539944570089126
98	3031.0715	582.20087	3516.1772	2169.7207	2117.3406	204.2478	2472.9468	1855.2386	855.6	573.4	489999	261.91135	75.46281	350.4075	-108.13949	261.91174	75.45998	344.82788	-109.276924	0.999482	2.3953025	32.02675	-10.345577	-262.51038	68.43361	41.971508	4363.400884389877	44.52449884220045
99	3150.2205	545.1477	3521.4485	2002.8242	3517.474	1.4423933	3520.765	3515.9316	897.1667	1000.0	494999	262.5453	75.9115	346.61584	-122.04403	262.54562	75.90468	348.8341	-167.443	0.99335223	2.433186	27.774181	-11.412132	-263.17065	68.853195	42.45743	4410.0776607990265	44.54623902927745
100	3493.7642	11.144272	3511.3809	3481.1885	3577.8625	2.292097	3582.0493	3573.6155	1000.0	1000.0	499999	263.3146	76.263084	346.6441	-120.096466	263.31534	76.25875	347.8693	-110.63652	0.9585511	2.4659417	30.799728	-11.58113	-263.72977	67.225784	41.60721	4457.516305685043	44.575163083076475
101	3471.019	19.487856	3490.1047	3433.768	3550.7866	1.9968619	3554.3015	3547.6182	1000.0	1000.0	504999	263.8344	76.51778	347.37668	-129.1247	263.83536	76.50933	348.94214	-185.24156	0.9150207	2.3984659	27.223877	-11.218286	-264.31226	65.247215	40.4429	4500.177144527435	44.556209373002005
102	3140.3342	805.6292	3528.9084	1339.1423	3522.7715	2.6721025	3526.8923	3517.7097	895.1667	1000.0	509999	263.8932	76.58038	348.9394	-105.64078	263.89352	76.58352	349.0016	-241.9555	0.9056538	2.395508	28.499735	-10.023831	-264.2897	58.4069	36.7611	4543.867425203323	44.54771987830891
103	3484.9517	20.151548	3515.2966	3458.7224	3483.9272	1.8905854	3488.4417	3481.6252	1000.0	1000.0	514999	264.82422	76.170784	349.93768	-112.12281	264.82388	76.16645	348.81546	-138.51263	0.83434755	2.3891904	24.885561	-12.335108	-265.4626	52.805424	33.653976	4587.961792945862	44.54331840589209
104	3121.3245	755.5686	3521.4243	1610.6683	3529.7397	4.5559134	3535.054	3519.7964	887.6	1000.0	519999	265.2129	75.987434	350.079	-95.04774	265.2129	75.99241	349.08463	-162.2648	0.82664984	2.427296	35.192417	-11.485895	-265.70212	57.49522	36.16485	4632.805541038513	44.54620714829518
105	3501.7083	15.181536	3525.0542	3478.3005	3492.27	2.707779	3497.4136	3488.773	1000.0	1000.0	524999	265.88474	75.76796	349.40903	-105.24284	265.88443	75.774345	351.10535	-141.22946	0.8569557	2.3916101	44.329277	-12.642332	-266.38654	52.22308	33.473118	4676.029859781265	44.53361773490906
106	3485.7493	9.759659	3495.2283	3468.8293	3529.0852	3.8588836	3533.6575	3521.2515	1000.0	1000.0	529999	265.94687	76.28621	349.6601	-79.389404	265.9466	76.2916	349.8827	-199.77261	0.856215	2.367146	27.537186	-12.42506	-266.35855	50.546936	32.710495	4719.070000171661	44.51952832599856
107	3485.3882	14.359055	3504.4167	3461.546	3496.273	2.2202156	3500.593	3493.4182	1000.0	1000.0	534999	266.68134	76.05136	348.0514	-103.73367	266.68048	76.062645	348.50934	-167.5681	0.85910296	2.3774178	33.641174	-9.607397	-267.19507	55.918655	35.77043	4764.609325170517	44.52905913825347
108	3477.858	17.400005	3502.255	3455.7734	3529.4421	1.9097583	3532.1726	3526.6172	1000.0	1000.0	539999	267.38467	75.82234	350.2325	-102.64861	267.38483	75.82902	348.54114	-153.11629	0.8839208	2.3833477	28.541283	-11.416897	-267.91833	48.56182	31.353462	4811.0274114608765	44.54655012819502
109	3352.1753	273.54175	3507.2166	2805.703	3564.859	3.3679285	3570.0107	3558.9958	962.8	1000.0	544999	268.25372	75.64359	349.87137	-95.89244	268.25314	75.64513	350.79654	-159.56583	0.8346974	2.3430603	24.151577	-12.224382	-268.8304	58.10359	36.28808	4858.656332731247	44.57482875815225
110	3485.8699	15.328048	3505.8098	3463.1997	3588.816	7.34469	3597.8218	3572.8523	1000.0	1000.0	549999	269.33264	75.50122	350.41806	-100.36995	269.33347	75.52371	349.65048	-191.07909	0.8626363	2.3212867	32.100746	-12.941426	-269.9031	63.186474	40.178486	4904.044894933701	44.58222633708607
111	3497.5886	30.073292	3537.4272	3451.0774	3560.6724	2.1935751	3566.0825	3557.9248	1000.0	1000.0	554999	270.0701	75.63279	353.42206	-119.30676	270.06967	75.64747	348.90353	-126.83449	0.8469379	2.4030726	40.37827	-11.583544	-270.5119	59.63695	37.47275	4950.831459760666	44.6020852424003
112	3507.2761	16.314676	3526.9475	3484.9832	3545.5835	2.5572443	3549.967	3541.5513	1000.0	1000.0	559999	270.71152	75.39939	362.4221	-91.284294	270.711	75.42657	372.5047	-137.63094	0.8830996	2.3857117	36.79376	-11.537221	-271.53094	64.55635	41.05051	4996.387092590332	44.61059906227248
113	802.5834	1452.5009	3519.91	9.593406	14.824674	1.0855837	16.70216	13.529045	263.04544	48.8	564999	271.0511	75.515854	390.0919	-121.657135	271.05206	75.549805	383.85266	-123.67079	0.8820808	2.3837273	53.407845	-11.233368	-271.644	64.678055	42.70837	5037.256038427353	44.57748708682777
114	523.9258	1165.3765	3219.1304	9.308737	969.342	0.28453782	969.6537	968.8042	213.73685	1000.0	569999	270.68912	76.4678	357.97403	-165.23236	270.6916	76.47653	368.78506	-189.65428	1.0243261	2.5288062	36.93351	-11.488472	-271.3406	71.23297	45.957706	5082.0102026462555	44.57903688623194
115	1573.7246	1215.3171	3252.2742	60.855247	3232.226	5.36707	3241.0984	3222.6594	848.1667	1000.0	574999	270.0759	76.47691	379.75366	-145.30234	270.0781	76.47849	367.3866	-139.1854	0.95278364	2.4465866	33.74557	-10.388962	-270.85187	75.08392	47.18108	5127.714004993439	44.588817459604016
116	3200.5427	29.740366	3237.5713	3149.7168	3326.3875	4.3555317	3332.4116	3318.564	1000.0	1000.0	579999	269.7211	76.6729	350.20175	-163.68723	269.71933	76.69678	358.69513	-256.79492	0.9854172	2.4918256	27.841404	-10.456078	-270.558	78.01392	49.921013	5180.705385923386	44.66125334747906
117	3222.1174	260.28903	3484.797	2678.141	3563.2722	2.5799742	3569.2546	3558.8608	964.1667	1000.0	584999	269.2034	76.95273	351.05344	-121.81146	269.2038	76.980705	349.95398	-231.36261	0.9696652	2.4259737	30.383587	-10.297376	-269.83322	71.914696	46.7502	5229.092095375061	44.693094852643135
118	3483.1538	14.270168	3498.1663	3461.5955	3521.429	2.0633516	3525.1177	3518.5051	1000.0	1000.0	589999	270.5023	76.215454	350.3958	-133.17352	270.50204	76.229706	349.69406	-98.83497	1.0363426	2.4526865	34.20767	-10.45664	-270.88113	84.704575	51.501495	5274.7967166900635	44.70166710675773
119	3308.694	346.8132	3498.934	2615.3877	3453.168	1.5932947	3455.789	3451.1414	947.8	1000.0	594999	271.853	75.52911	354.72192	-137.91277	271.85303	75.57538	351.87988	-201.94577	0.99367315	2.4486797	27.547297	-13.362039	-272.53738	87.46056	54.115913	5320.027775526047	44.706115778754736
120	3481.3176	15.551469	3498.386	3458.5337	3540.8953	3.3358765	3546.8242	3535.6755	1000.0	1000.0	599999	272.43033	75.80291	353.4064	-102.19099	272.43185	75.82575	351.8794	-170.46092	0.9710921	2.4077187	35.043793	-12.0563965	-272.79047	79.18519	49.120617	5368.761775493622	44.73968148430188
121	3472.623	15.3401375	3499.9287	3453.5623	3543.3306	3.8781555	3548.961	3534.7695	1000.0	1000.0	604999	272.9722	75.88905	355.0069	-105.542145	272.9721	75.91392	353.2995	-107.32678	0.9319642	2.3402596	28.577606	-12.141027	-273.37143	74.433304	46.42406	5417.350127220154	44.77148868032723
122	3505.5137	38.04329	3564.1602	3444.8923	3535.6758	3.1063433	3541.1497	3530.8567	1000.0	1000.0	609999	273.52185	76.02246	357.45352	-139.70753	273.5198	76.062096	354.59015	-153.3292	0.92700815	2.3428426	28.503613	-11.4465	-273.97952	72.61781	45.436245	5471.139275550842	44.84540391945448
123	3486.103	8.122499	3496.1755	3476.862	3521.8345	2.2998931	3525.388	3518.6616	1000.0	1000.0	614999	274.10468	76.053535	356.934	-184.93338	274.1039	76.08968	354.3671	-210.43056	0.8957079	2.406188	26.007156	-12.330346	-274.511	70.63303	44.629025	5522.342397212982	44.89709268546686
124	3472.1687	6.712614	3482.8723	3462.333	3547.7266	4.386094	3553.3755	3539.3784	1000.0	1000.0	619999	275.06116	75.87048	360.87057	-212.38037	275.06186	75.89941	357.19556	-208.84315	0.91663945	2.4076023	29.187714	-9.755337	-275.48865	67.84214	42.999126	5570.080718040466	44.920005807953494
125	3058.8218	883.02625	3519.9893	1293.1185	3575.5542	3.9091353	3581.2268	3569.5188	870.6	1000.0	624999	275.1431	76.54913	449.02338	-124.001625	275.14413	76.57988	358.5626	-146.17964	0.8035738	2.316885	25.140358	-11.096383	-275.38278	61.293358	39.391808	5616.936346769333	44.93549079322815
126	3507.0813	32.8024	3553.838	3460.662	3567.7747	2.3892946	3570.567	3561.6733	1000.0	1000.0	629999	275.7369	76.84045	360.6202	-107.40507	275.73837	76.868805	356.37393	-200.77293	0.83814156	2.3444083	32.040268	-11.088974	-275.9598	60.25985	38.59329	5665.616558551788	44.96521080107916
127	3507.9634	13.798352	3532.6099	3491.072	3584.5137	1.5681629	3587.9402	3581.8176	1000.0	1000.0	634999	276.1713	77.19045	361.01508	-119.99016	276.17136	77.22686	357.5662	-169.71213	0.82440865	2.3264937	27.597713	-11.33488	-276.5252	61.76178	39.620453	5714.710143566132	44.99771768652548
128	3208.1643	591.6857	3499.3472	1885.5718	3491.6594	5.485248	3499.7024	3483.164	927.3333	1000.0	639999	276.923	77.107414	360.5421	-179.57175	276.92273	77.137665	357.53207	-181.8625	0.8646623	2.4070797	39.00695	-11.082463	-277.30798	69.145386	43.166267	5760.291491270065	45.00227729603648
129	3478.525	26.452742	3515.377	3436.0244	3486.8833	4.7017264	3493.334	3479.6565	1000.0	1000.0	644999	278.185	76.26938	368.52304	-114.14027	278.18555	76.29123	358.28528	-216.05356	0.8528388	2.3541281	29.40089	-12.338698	-278.489	74.7235	46.12508	5803.4834678173065	44.988243956898536
130	3469.825	40.34634	3508.8198	3395.041	3586.8394	3.04262	3592.0945	3582.6013	1000.0	1000.0	649999	278.44385	76.25535	360.38834	-109.713646	278.44516	76.28002	357.15378	-177.1189	0.81053144	2.3293884	26.099083	-9.7768135	-279.04514	75.171234	46.327915	5848.1664571762085	44.985895844606254
131	3159.2053	568.58966	3497.3247	1937.1357	3557.632	4.5674753	3565.6758	3549.638	891.6667	1000.0	654999	278.91898	76.47394	360.12292	-108.67669	278.91916	76.50452	358.09964	-143.20918	0.7803633	2.3017278	24.62394	-12.236359	-279.30136	70.76319	44.102592	5894.599033117294	44.99693920412136
132	3428.9785	156.32605	3526.6626	3117.4534	3560.1375	2.2479792	3564.084	3557.1387	971.4	1000.0	659999	279.19916	76.65032	362.60535	-104.20479	279.199	76.68462	360.50253	-260.25058	0.771289	2.3425012	28.063791	-10.561184	-279.68924	69.31691	43.39623	5939.774954557419	44.99829512834549
133	3519.692	17.254591	3545.5188	3499.742	3507.2507	3.595891	3513.3667	3501.6453	1000.0	1000.0	664999	279.48004	76.48714	362.39413	-84.80466	279.4801	76.51684	360.3539	-210.89949	0.7645817	2.3523002	30.54013	-10.71645	-279.89886	65.63477	41.257225	5986.739394187927	45.01307817150776
134	3488.9114	11.432847	3508.6086	3475.3108	3502.6133	6.3505526	3515.6877	3492.0098	1000.0	1000.0	669999	279.6333	76.53256	369.46332	-160.113	279.63437	76.548515	359.86783	-134.34296	0.75015163	2.3150952	25.756401	-10.489521	-280.00302	60.542717	38.160374	6033.446872472763	45.02572294847289
135	3491.7642	41.187153	3564.6494	3451.0154	3540.6816	3.9077802	3548.3767	3536.0928	1000.0	1000.0	674999	279.95972	76.455345	361.48877	-119.74997	279.95984	76.4831	362.16812	-300.08612	0.8054102	2.3581638	27.448782	-11.205602	-280.40472	60.50286	38.674137	6079.840749979019	45.03585742314657
136	3474.3489	21.104223	3502.7761	3440.2703	3518.7515	4.6143627	3526.0347	3511.2222	1000.0	1000.0	679999	280.23257	76.442604	360.6064	-137.58214	280.23285	76.46884	360.91473	-180.6304	0.7744207	2.359066	27.607077	-12.211095	-280.65512	58.177155	37.356792	6124.2601590156555	45.031324716175305
137	2939.4294	1273.5547	3558.039	92.70576	3548.4082	2.9769785	3552.6072	3543.9556	842.1667	1000.0	684999	280.4009	76.37271	361.68198	-97.879486	280.3993	76.40044	361.61206	-174.67715	0.7676766	2.3456984	32.638634	-10.734979	-280.6751	64.23406	40.41115	6168.72790145874	45.027210976955665
138	2662.6775	1154.0183	3502.684	933.2956	3557.3054	4.456071	3563.4285	3548.0735	763.3333	1000.0	689999	280.6457	75.887505	361.51584	-113.85514	280.64566	75.91064	359.0441	-160.35605	0.74855435	2.3580205	30.001371	-10.820419	-280.96054	61.504395	39.08189	6213.1860201358795	45.02308711971062
139	3109.0984	890.7074	3545.0322	1117.887	3579.0957	5.767859	3590.7983	3571.6262	885.3333	1000.0	694999	280.5494	75.98188	367.3716	-104.410645	280.55063	75.995995	360.5448	-159.7457	0.7695056	2.366964	27.597513	-11.2759285	-280.88666	57.45623	36.605385	6258.466792106628	45.02494096927506
140	3490.478	18.966663	3517.0354	3463.8738	3546.724	2.6711767	3551.8523	3542.574	1000.0	1000.0	699999	280.9066	75.83677	360.44604	-111.12753	280.90607	75.87437	359.0349	-189.66045	0.78570205	2.40226	24.483547	-10.716991	-281.52338	57.050076	36.679504	6303.072364330292	45.02194547653198
141	3464.7117	8.060562	3470.4597	3448.6968	3538.132	4.611653	3548.7317	3532.729	1000.0	1000.0	704999	281.2697	75.5091	366.31625	-100.41234	281.26883	75.54254	361.69907	-171.6402	0.7747218	2.3711073	28.243511	-10.979072	-281.87488	54.835663	35.06479	6347.728739738464	45.01935277932079
142	3465.1577	19.983677	3494.2537	3433.8982	3542.8757	3.600939	3548.7336	3535.2698	989.0	1000.0	709999	281.77524	75.15956	362.96017	-130.79243	281.7756	75.197296	362.1918	-152.75203	0.7790859	2.3957572	29.729498	-11.228491	-282.19202	56.904633	36.667137	6392.161585092545	45.01522244701923
143	3488.8047	5.3388753	3497.4478	3481.129	3536.4507	4.1656923	3541.9258	3530.1733	1000.0	1000.0	714999	282.0595	75.27445	361.89325	-118.50591	282.06015	75.28573	358.56534	-180.21115	0.8100834	2.3994458	23.971117	-9.810318	-282.30292	54.39557	34.67323	6437.221230506897	45.01553309714044
144	3477.8374	15.182336	3499.3047	3452.7148	3572.1575	2.6667008	3578.318	3568.7607	1000.0	1000.0	719999	282.3332	75.20841	368.76468	-124.60209	282.33347	75.227005	361.28824	-158.70203	0.7459432	2.364233	31.139456	-12.483788	-282.56415	52.25657	33.66846	6481.655198335648	45.01149445109897
145	3487.8997	15.452225	3503.4304	3468.6663	3539.7468	2.473558	3544.0027	3533.9692	1000.0	1000.0	724999	282.6626	75.0217	365.86444	-174.0891	282.6619	75.04688	359.4834	-168.16965	0.70564735	2.3459113	30.460646	-9.896346	-283.11218	48.64167	31.556097	6523.462233543396	44.98939472889078
146	3496.8176	8.03943	3508.811	3484.3892	3565.9043	3.94226	3571.6514	3559.918	1000.0	1000.0	729999	283.04813	74.96252	372.90945	-100.48249	283.04825	74.98445	359.5501	-158.91243	0.7297604	2.4039633	28.694878	-10.2682085	-283.19672	47.570057	31.367643	6565.13409948349	44.96667193060052
147	3510.4187	9.881011	3527.127	3498.851	3504.1575	2.0815735	3507.0193	3499.9028	1000.0	1000.0	734999	283.70596	75.0133	399.1413	-109.54888	283.7048	75.040276	359.72986	-134.47307	0.6869014	2.385366	30.664019	-10.4689665	-284.11392	47.92402	31.145844	6606.733761310577	44.94376710158627
148	3477.3782	12.503345	3495.3071	3460.8381	3527.0073	4.53941	3533.041	3518.6765	1000.0	1000.0	739999	284.2984	74.71953	363.0356	-116.83107	284.2973	74.750656	360.31796	-268.40543	0.7227505	2.3777337	38.317574	-11.351404	-284.81555	46.738613	30.756668	6648.0605137348175	44.91932781000395
149	3492.8535	11.06863	3505.5203	3473.5723	3523.4478	2.6426396	3528.277	3520.2131	1000.0	1000.0	744999	284.95038	74.21472	365.06497	-154.82257	284.94943	74.235016	361.5169	-160.44058	0.70154506	2.4223669	31.372036	-10.36451	-285.19894	48.545692	31.612625	6689.375391244888	44.895136869993785
150	3497.2585	22.901564	3526.6184	3457.247	3534.0044	2.2966692	3538.0278	3529.1619	1000.0	1000.0	749999	285.44574	73.88399	363.14407	-112.323944	285.44504	73.90127	361.17746	-106.206245	0.67192507	2.3687308	26.202219	-10.268692	-285.9769	44.42722	28.700644	6730.698257684708	44.871321732203164
151	3496.8032	17.695072	3524.6003	3475.1194	3539.5242	3.565571	3547.457	3534.5796	1000.0	1000.0	754999	285.6195	74.15742	369.73126	-103.77452	285.61972	74.18554	363.28876	-225.60793	0.73545307	2.4331944	33.74594	-10.769648	-286.1446	50.282944	32.474266	6772.464966535568	44.85076138357453
152	3228.3716	524.7045	3497.8245	2179.0142	3528.9888	3.2403986	3533.3499	3524.0518	924.4	1000.0	759999	286.26395	73.93094	366.56757	-101.343575	286.2631	73.95331	360.2766	-213.87436	0.7463573	2.3897688	27.865807	-12.008246	-286.56567	52.349724	32.851006	6814.689290523529	44.83348219018234
153	3506.7585	18.832008	3518.2886	3469.4292	3559.461	4.631354	3566.7034	3552.8757	1000.0	1000.0	764999	286.57132	73.93589	374.33737	-96.84591	286.5709	73.95887	360.59628	-169.31763	0.70050067	2.386107	29.864752	-10.856607	-286.93466	48.602325	31.44243	6856.445174455643	44.813367167329474
154	3501.8425	21.604076	3535.2666	3468.999	3557.436	2.5904634	3560.8872	3553.5298	1000.0	1000.0	769999	286.95322	74.069176	365.09457	-89.833206	286.95288	74.10033	362.77386	-159.37263	0.6840259	2.3764539	26.307993	-10.160416	-287.35788	45.781532	29.88681	6898.027704954147	44.79238770998918
155	3491.1418	24.125792	3537.4402	3468.4102	3541.851	4.5336595	3549.058	3533.433	1000.0	1000.0	774999	287.43027	73.86892	367.68787	-89.27	287.42996	73.8871	361.7549	-136.97476	0.6540575	2.3931868	57.841892	-11.163328	-287.84943	45.622955	29.654135	6939.83042883873	44.77309955781506
156	3489.7195	8.336771	3501.207	3476.679	3522.562	2.9775276	3525.3567	3515.1172	1000.0	1000.0	779999	287.9188	73.781044	363.43903	-102.45401	287.9183	73.803955	361.5401	-188.59464	0.69215953	2.4141607	26.098295	-9.66335	-288.31793	47.45113	30.622356	6981.260565519333	44.75167030707384
157	3506.3481	6.9861145	3517.8325	3496.5059	3517.3835	3.5619037	3522.8052	3507.9473	1000.0	1000.0	784999	288.16364	73.723816	367.6832	-99.43592	288.16397	73.73479	362.5034	-212.54256	0.63899153	2.4180734	38.651127	-10.537058	-288.54474	46.645405	30.04664	7022.996274232864	44.732460360618155
158	3496.9966	26.29651	3531.8022	3464.9097	3515.6653	4.778598	3523.1438	3506.6858	1000.0	1000.0	789999	288.30353	73.94762	374.6907	-98.01464	288.30344	73.963425	362.13358	-176.94885	0.59033835	2.3914049	38.20108	-11.801187	-288.87802	46.207344	29.759916	7064.614085674286	44.712747392775135
159	3158.9607	738.73883	3511.895	1507.4357	3522.2258	2.6414392	3525.6748	3516.6013	901.3333	1000.0	794999	288.6702	73.42456	366.78104	-79.43914	288.67023	73.43648	362.80557	-86.70391	0.5684419	2.3512385	23.89564	-10.507887	-288.91327	39.926243	25.77034	7106.392917871475	44.69429509594755
160	3486.241	14.6849165	3507.5427	3463.986	3557.8809	1.4678316	3559.7375	3554.8848	1000.0	1000.0	799999	288.6786	73.77116	364.08618	-108.344666	288.67944	73.78215	362.33667	-154.05406	0.6147761	2.4166708	25.177586	-10.125895	-289.0502	39.71321	26.250841	7148.115869998932	44.675724202394484
161	3309.4067	379.3236	3519.745	2552.193	3515.077	1.8716003	3517.1616	3511.6604	938.0	1000.0	804999	289.17593	73.3792	372.2812	-98.05035	289.17444	73.3951	363.49716	-142.30466	0.62934506	2.3917122	27.257097	-11.844527	-289.43582	41.824177	26.889307	7190.114056110382	44.6590935295413
162	3497.7202	20.419956	3523.4902	3472.5474	3504.9824	3.1997032	3508.8513	3499.556	1000.0	1000.0	809999	289.67877	73.34234	365.8756	-94.41312	289.67868	73.36474	363.3176	-151.57558	0.5988912	2.3799727	31.444447	-10.971125	-290.26434	39.183758	25.982054	7231.730525255203	44.64031189900857
163	3512.3813	50.27608	3606.6206	3456.5293	3517.3333	2.7216938	3521.817	3513.7573	1000.0	1000.0	814999	289.94	73.113945	377.02002	-156.5692	289.93985	73.13601	362.6437	-198.61198	0.5634244	2.3903604	28.019716	-10.461614	-290.27856	41.150734	26.960741	7273.229856729507	44.621042080452106
164	3309.5293	374.76346	3509.919	2560.361	3532.4126	5.2881765	3542.4421	3526.9734	936.4	1000.0	819999	289.94388	73.439545	370.89377	-94.15401	289.94424	73.46185	362.85532	-146.91676	0.62427557	2.4147184	28.888988	-9.390642	-290.3227	40.758392	27.19632	7314.9830985069275	44.603555490330955
165	3509.041	14.863606	3530.1724	3483.8247	3557.6353	2.8039668	3560.0435	3550.5503	1000.0	1000.0	824999	290.50262	73.379005	383.80676	-102.985794	290.50235	73.40478	362.42215	-166.0444	0.63649887	2.427905	29.752502	-8.706738	-291.0938	38.09297	25.653078	7356.55585026741	44.58518698576725
166	3509.0923	17.891193	3530.6707	3479.319	3459.7632	2.3654344	3463.8318	3456.2107	1000.0	1000.0	829999	291.25818	73.122215	393.97998	-88.65505	291.2587	73.135765	361.71872	-256.4428	0.59905213	2.4492202	31.227745	-11.304264	-291.75757	37.379787	24.777287	7398.373788833618	44.56851681312883
167	3492.9517	6.4686227	3501.0068	3481.6829	3568.265	4.802675	3574.6543	3560.2334	1000.0	1000.0	834999	291.5224	72.99416	363.22345	-92.187416	291.52176	73.0085	363.21033	-144.57759	0.5269546	2.3911257	28.428493	-9.56313	-291.7705	36.24285	24.05687	7440.226505041122	44.55225453690854
168	3503.3828	8.195932	3515.1704	3494.2305	3537.1152	3.4558613	3542.889	3529.4673	1000.0	1000.0	839999	291.7298	72.96129	366.96906	-108.94306	291.7301	72.97882	363.6555	-310.50992	0.56975067	2.3784604	25.36974	-12.062399	-292.18286	40.225037	25.982946	7481.93799328804	44.53534521091552
169	3351.9893	327.73428	3512.5505	2619.7551	3539.798	3.5637593	3546.6113	3535.374	950.5	1000.0	844999	291.82092	73.18366	364.27658	-87.84454	291.82074	73.19565	363.66876	-125.58427	0.54953957	2.4181726	29.484365	-11.035188	-292.25858	40.623245	26.172966	7523.529142856598	44.517923936336
170	3482.2622	15.639231	3509.8833	3465.5374	3482.8445	3.1764326	3487.6963	3478.3396	1000.0	1000.0	849999	292.2275	73.12501	378.1138	-104.14847	292.22726	73.15624	392.225	-137.92441	0.58497334	2.459146	29.560965	-12.526527	-292.6086	41.0454	27.288788	7565.257666826248	44.50151570123785
171	3498.3188	22.370478	3527.421	3466.3306	3522.0352	2.4380934	3526.9631	3517.917	1000.0	1000.0	854999	292.53668	73.00667	390.38782	-94.56556	292.53622	73.0304	393.23383	-163.30574	0.54338044	2.3858352	30.943443	-12.394948	-292.79416	38.324337	25.354713	7606.8705677986145	44.484623216049016
172	3513.022	9.511693	3526.9722	3499.856	3524.7104	3.5361485	3531.1958	3517.8936	989.0	1000.0	859999	293.00647	72.624115	406.8651	-98.787506	293.0066	72.62916	421.7024	-152.81804	0.5574557	2.4174478	33.571404	-11.007636	-293.33066	37.133408	24.29197	7649.0267922878265	44.47108601692111
173	3503.6958	6.5712605	3513.3594	3496.5674	3531.4832	4.5739613	3538.6643	3524.5535	1000.0	1000.0	864999	293.33475	72.518005	426.49692	-87.72534	293.3349	72.531944	425.31168	-124.610146	0.5536402	2.4154058	41.313766	-11.882465	-293.64365	37.59094	24.671179	7690.700971841812	44.45491892753998
174	3232.411	532.2162	3517.7102	2168.2983	3520.4712	2.4334936	3523.7903	3516.3843	921.8	1000.0	869999	293.70575	72.48827	416.14435	-183.1576	293.70575	72.501465	405.87207	-122.70061	0.5968054	2.4305847	36.12259	-11.442543	-294.09918	43.340733	28.09835	7732.2985780239105	44.43849758855228
175	3497.15	13.9919	3518.8953	3476.5874	3565.3132	3.6164517	3572.6758	3560.896	1000.0	1000.0	874999	293.85312	72.302704	426.41406	-92.07077	293.85266	72.32907	422.50278	-187.12143	0.57237387	2.3834026	40.75011	-10.540588	-294.19968	41.106194	26.972445	7773.790196895599	44.42165828023638
176	3310.5535	367.96735	3522.706	2575.2131	3603.7786	3.8839283	3611.6353	3596.9	938.6	1000.0	879999	294.18457	72.12366	418.62817	-91.94898	294.18423	72.13678	423.07794	-146.79208	0.63631606	2.4392557	24.480024	-13.352886	-294.62878	40.492058	26.3292	7815.336660385132	44.40532194619829
177	3486.041	7.350289	3499.5723	3480.1328	3525.9282	1.7916708	3529.1387	3522.9314	1000.0	1000.0	884999	294.80197	71.52947	399.22968	-93.03933	294.8024	71.548355	407.01898	-137.06944	0.6021592	2.416322	26.75751	-11.597553	-295.07843	39.642532	26.264505	7857.004761457443	44.389857421487065
178	3423.7021	136.34157	3511.4917	3120.6074	3525.269	3.8734183	3533.8787	3519.3113	976.8333	1000.0	889999	294.9777	71.68425	381.05463	-151.46684	294.97702	71.69761	390.83795	-172.54099	0.67736846	2.4721003	30.531698	-12.721588	-295.43414	40.396877	26.48601	7898.67936706543	44.374603197815716
179	3277.7715	314.42972	3508.8494	2682.2766	3585.7778	3.0334103	3589.973	3579.2947	922.2	1000.0	894999	295.11548	71.5787	385.69037	-161.2881	295.11557	71.59423	394.4877	-155.44362	0.6348119	2.478328	24.275108	-12.002659	-295.4044	39.854923	26.545902	7940.660233259201	44.36123036672283
180	3047.698	782.7292	3537.954	1380.7517	3538.936	1.4244102	3541.2869	3536.8218	860.0	1000.0	899999	295.41565	71.594124	375.6295	-116.45791	295.41486	71.60924	364.51123	-198.11595	0.65566564	2.3961926	27.726135	-11.744086	-295.91837	40.602436	26.518637	7982.615089178085	44.347861621114944
181	3526.2246	15.845848	3547.6938	3507.5063	3565.698	2.8309937	3568.728	3560.0134	1000.0	1000.0	904999	295.8562	71.328255	372.11087	-128.4186	295.85583	71.35056	366.6235	-141.47086	0.635523	2.410881	24.982191	-10.295225	-296.29483	40.85393	26.892868	8024.3234441280365	44.33327870869505
182	3501.516	7.319299	3510.406	3491.604	3544.0825	2.878237	3548.8162	3539.0896	1000.0	1000.0	909999	295.97696	71.571724	392.88455	-116.2697	295.97708	71.576614	366.99344	-124.03984	0.6367815	2.3801491	28.84563	-12.010537	-296.23093	40.641758	26.58188	8066.025261878967	44.31882013331403
183	3513.9468	17.574581	3548.5	3501.3647	3544.0007	2.4136229	3548.9739	3540.8093	1000.0	1000.0	914999	295.89856	71.92696	374.60007	-107.616104	295.89944	71.93175	372.08295	-123.67339	0.5864512	2.3561711	28.609192	-9.726454	-296.1134	39.913795	25.784624	8107.823398113251	44.30504590435758
184	3517.3035	11.599923	3539.6826	3506.7058	3555.418	2.1277003	3560.0679	3552.342	1000.0	1000.0	919999	296.26004	71.52594	366.61786	-110.88693	296.2588	71.55013	365.34546	-175.75989	0.5898757	2.4425251	73.51868	-11.610721	-296.5708	42.713158	27.896793	8149.5715436935425	44.29114970823993
185	3523.8823	18.343483	3555.5164	3505.8875	3549.9453	2.505239	3553.6106	3544.7983	1000.0	1000.0	924999	296.64508	71.29998	382.7736	-127.52859	296.64444	71.32362	404.57672	-179.67908	0.5914622	2.4140806	26.586308	-9.528561	-297.02997	40.83358	26.933874	8190.939204216003	44.275347061414976
186	3510.8352	25.518557	3533.094	3466.54	3569.9292	3.156593	3577.336	3564.537	1000.0	1000.0	929999	296.53815	71.530464	387.13193	-102.0986	296.53726	71.54596	403.26123	-194.20004	0.5994722	2.4350724	65.082214	-9.478051	-296.83356	41.186886	26.943241	8232.573256969452	44.261146555664716
187	3522.4028	18.805983	3553.5178	3498.294	3568.2969	4.5070977	3575.8135	3561.707	1000.0	1000.0	934999	296.58215	71.64437	377.24936	-101.4209	296.58167	71.65919	368.1988	-169.73933	0.59910697	2.441191	62.109802	-10.881168	-296.78088	42.511555	27.599415	8274.142955064774	44.246753783149515
188	3531.0208	25.006857	3558.6467	3487.8894	3556.8809	3.9700978	3564.063	3550.474	1000.0	1000.0	939999	296.86765	71.580215	382.1453	-115.07787	296.8676	71.60143	367.82126	-95.36723	0.5899579	2.4346528	47.764107	-11.750228	-297.11853	41.961517	27.272375	8316.070084571838	44.234415356149064
189	3526.4895	31.181461	3581.4973	3491.215	3591.1309	1.901278	3594.1677	3587.734	1000.0	1000.0	944999	296.98148	71.54801	398.07193	-85.40541	296.98105	71.5624	427.59174	-135.6585	0.5789317	2.4493475	36.977135	-13.427354	-297.20905	39.016247	25.402521	8357.776851177216	44.221041553234926
190	3531.5093	27.875864	3554.9285	3486.6326	3532.1719	5.8880105	3541.671	3521.2415	1000.0	1000.0	949999	297.15805	71.677574	376.97498	-90.20661	297.15857	71.688995	375.5514	-120.720314	0.55972415	2.4440203	31.235765	-10.49936	-297.34085	38.588413	25.215553	8399.58421754837	44.20833799964503
191	3509.3796	8.642536	3519.9646	3498.5933	3574.7417	4.1216435	3581.3452	3569.1501	1000.0	1000.0	954999	297.23676	71.942	394.6096	-119.97089	297.23685	71.95007	366.42102	-147.801	0.56260985	2.4393954	48.427383	-10.454422	-297.49573	38.309917	25.05825	8441.670582294464	44.197228192034814
192	3389.6719	272.04663	3555.6677	2847.2083	3531.638	4.596664	3536.4639	3523.051	953.4	1000.0	959999	297.63974	71.86042	408.09122	-119.515724	297.6402	71.8697	390.4781	-138.29738	0.57426953	2.4483433	26.217743	-10.567255	-298.12875	39.372925	25.669285	8483.548838615417	44.185150212297835
193	3021.451	747.4386	3573.9995	1932.8234	3576.664	5.9014196	3583.885	3561.3015	843.3333	1000.0	964999	297.88422	71.85499	421.14294	-97.7407	297.8845	71.8737	415.57956	-125.02462	0.5403929	2.4419665	30.378754	-9.633058	-298.18082	38.82499	25.135513	8525.621998548508	44.17420725748329
194	2891.071	701.56085	3559.1545	1751.7391	3549.72	3.546158	3555.128	3543.6511	802.6667	1000.0	969999	298.19693	71.77343	465.0755	-100.88197	298.19632	71.78573	416.982	-131.24852	0.5392153	2.3968518	30.36916	-11.615302	-298.52457	38.99767	25.437988	8567.505117416382	44.16239752351623
195	3435.3374	152.72696	3527.5806	3130.4685	3553.2676	5.6418147	3559.694	3542.9553	969.6	1000.0	974999	298.47382	71.76338	410.84796	-116.47867	298.47336	71.778656	399.405	-113.141716	0.5592244	2.4500482	27.871653	-11.730418	-298.65915	35.740814	23.764593	8609.367930173874	44.15060478234902
196	3493.776	16.872557	3520.3093	3474.1182	3562.5422	3.9659696	3569.1836	3554.9546	1000.0	1000.0	979999	298.95407	71.52826	393.9253	-91.02533	298.95328	71.535995	415.76215	-127.67935	0.5518965	2.4437873	34.10995	-11.734382	-299.34775	37.111996	24.03629	8651.139593362808	44.138467325239766
197	3499.2349	13.806576	3516.1506	3483.609	3579.3022	5.1666164	3587.1416	3573.3794	1000.0	1000.0	984999	299.11536	72.00594	411.04028	-84.06109	299.11417	72.033	417.16174	-170.08623	0.5594163	2.430597	33.428936	-10.379599	-299.4901	37.616333	24.816746	8692.979096412659	44.1267974546113
198	3346.287	452.34015	3605.7566	2337.0107	3519.4497	3.0094452	3524.8115	3516.5479	944.0	1000.0	989999	299.57227	71.64964	470.25854	-140.78592	299.5712	71.668236	529.0066	-98.43499	0.61534584	2.4375262	27.457392	-9.712653	-300.09177	42.785343	27.521887	8734.696625947952	44.1146294360209
199	3519.8938	12.646875	3540.8193	3504.157	3558.477	3.628176	3563.3062	3553.2048	1000.0	1000.0	994999	300.07144	71.41928	425.79044	-125.88615	300.0709	71.43909	421.2854	-189.53941	0.6257908	2.4424677	32.343388	-11.457817	-300.23175	38.031796	25.135391	8776.418996095657	44.102608032562024
200	3047.1362	915.6969	3548.803	1216.4917	3539.0142	4.2392898	3544.888	3529.9832	870.6	1000.0	999999	300.41895	71.34921	404.94128	-104.83931	300.41855	71.3715	392.4997	-113.92876	0.61630607	2.4444563	52.917995	-11.8991585	-300.69327	39.64356	26.189613	8818.402387857437	44.092011951208114
