Epoch	AverageEpRet	StdEpRet	MaxEpRet	MinEpRet	AverageTestEpRet	StdTestEpRet	MaxTestEpRet	MinTestEpRet	EpLen	TestEpLen	Time Steps	AverageQ1Vals	StdQ1Vals	MaxQ1Vals	MinQ1Vals	AverageQ2Vals	StdQ2Vals	MaxQ2Vals	MinQ2Vals	LossPi	LossQ	Time	AVG Time Per Epoch
1	2.0668566	6.226013	32.864693	-9.295264	80.39815	17.780949	107.527824	55.6735	21.0	194.3	4999	3.298525	3.381119	18.420496	-4.647429	3.298776	3.3804018	18.532969	-4.1416054	-5.254064	0.3048448	16.897321224212646	16.897323846817017
2	2.0345383	5.3467855	27.766054	-8.31611	73.012474	17.76285	106.40437	50.72104	20.7125	186.4	9999	21.272875	11.372258	56.920216	-15.600416	21.272858	11.372879	57.388237	-18.809225	-27.517342	4.111539	37.71373391151428	18.856868267059326
3	76.3624	182.64142	851.98694	-52.08852	-21.46946	61.398277	160.01964	-59.591618	119.268295	111.6	14999	47.783432	13.690453	87.62624	-19.14345	47.78261	13.691535	87.510895	-20.129292	-53.553585	13.377457	59.44171118736267	19.81390444437663
4	107.83057	164.14429	463.55878	-56.26751	38.7857	102.462296	341.51642	-35.130608	214.85715	113.5	19999	55.37488	15.1484	99.526665	-38.67298	55.376007	15.139829	98.67635	-42.71144	-59.628136	17.260963	80.90467643737793	20.226169764995575
5	107.41207	186.45438	961.0117	-162.8627	121.55751	81.38275	263.00433	18.464308	151.08109	164.0	24999	60.488773	15.735927	105.06596	-45.056747	60.488613	15.737172	108.03999	-46.216118	-64.32293	22.482506	102.79513263702393	20.559026956558228
6	141.36906	134.79384	455.7096	-99.91335	159.76196	229.1968	790.88696	-114.456	145.44118	250.3	29999	62.7831	17.320929	121.5675	-47.709373	62.78357	17.319918	123.18737	-47.644962	-66.133446	24.462603	124.94859743118286	20.824766596158344
7	203.1456	132.75705	553.4347	-103.72359	146.21904	52.299404	268.29095	45.28001	187.55556	116.3	34999	63.690285	18.769209	124.63406	-50.42267	63.69117	18.75985	124.73187	-46.63793	-66.767975	24.784346	146.64323163032532	20.949033430644445
8	270.03058	178.61177	852.9545	36.102985	220.90462	62.16051	314.53363	106.277016	200.24	159.6	39999	65.46184	19.39041	126.78735	-51.726627	65.46038	19.38766	127.80574	-51.06732	-68.45919	26.628775	168.21737456321716	21.027172058820724
9	258.75296	111.00335	607.2472	48.435795	293.2409	126.36721	530.29425	93.95816	175.78572	161.6	44999	67.43735	19.738068	135.29654	-62.573174	67.43673	19.72975	134.99312	-64.174736	-70.347916	26.753763	190.02238774299622	21.11359887652927
10	202.25647	98.7537	545.57983	54.784092	69.00073	119.439545	372.14832	-48.49932	145.14706	91.7	49999	69.21369	20.338968	142.64175	-58.896057	69.2129	20.336933	145.65414	-55.95852	-72.17723	28.584679	211.60768175125122	21.160768389701843
11	219.9661	112.73672	456.87378	-49.808376	148.95956	159.61794	410.87244	-49.154854	147.37143	173.7	54999	70.17541	20.805029	151.72691	-59.69041	70.17618	20.799417	150.32712	-54.43406	-72.91173	27.757126	233.30417251586914	21.209470423785124
12	269.13312	145.06595	684.15094	6.986209	106.04929	182.67499	561.84204	-33.439247	207.33333	298.1	59999	70.909615	21.58348	151.68839	-65.06113	70.9101	21.586021	154.22581	-52.213436	-73.53626	27.395374	255.4094295501709	21.28411928812663
13	204.1262	91.42031	521.48126	16.141882	265.08694	94.782616	446.98703	123.00135	133.27026	178.0	64999	72.02439	21.924322	152.45422	-55.587463	72.02611	21.918907	154.86299	-59.070747	-74.614525	27.668003	277.29278922080994	21.330214720505936
14	179.37944	75.80196	409.79474	101.659515	111.49095	13.767564	137.33348	95.38298	110.5	65.0	69999	73.04939	23.023918	157.97287	-49.1517	73.050575	23.018215	161.21518	-52.83775	-75.57793	27.505405	298.7240662574768	21.337433457374573
15	152.46344	62.400475	339.94427	80.75937	180.18042	54.549477	308.74902	129.07709	94.55769	96.7	74999	74.21113	24.77563	159.19218	-53.738045	74.212845	24.767761	163.30539	-49.664314	-76.85761	27.563456	320.1587347984314	21.34391579627991
16	162.46727	64.65365	368.71695	87.55517	134.61778	136.3769	455.7033	2.4108305	97.48077	257.7	79999	75.0283	26.336409	157.24524	-62.77436	75.029686	26.334522	157.50655	-58.70598	-77.658936	28.556524	342.2948212623596	21.393426448106766
17	210.77977	122.76278	434.15768	-35.873886	291.13788	96.39767	487.4951	138.26628	187.72	190.1	84999	75.038414	26.655111	157.83632	-61.244534	75.04029	26.650127	157.47481	-64.597466	-77.44779	28.42746	364.37580490112305	21.433871002758252
18	275.35773	148.70914	805.0527	73.086624	211.94731	171.89647	534.88464	-74.5859	203.03847	245.5	89999	74.17903	26.555016	156.94931	-58.310966	74.18046	26.554476	157.18927	-119.21531	-76.39407	28.491419	386.5047640800476	21.47248699929979
19	226.39127	128.5485	627.31604	106.672714	270.22223	181.2253	699.07086	113.91837	137.61765	160.3	94999	73.67925	26.686619	157.02284	-66.07159	73.67989	26.689001	154.14969	-63.87425	-75.87141	26.918413	408.3090214729309	21.489948586413735
20	240.89827	179.51866	888.141	37.0622	358.4829	140.45552	765.4626	268.05798	173.03226	176.0	99999	73.51425	26.636196	154.11978	-74.867294	73.5149	26.636631	151.20403	-67.64774	-75.80512	26.782738	429.9604434967041	21.498022270202636
21	215.40149	91.91971	542.22	112.79724	384.00552	207.67508	896.18286	181.86635	124.07692	190.3	104999	73.78537	26.431576	143.1595	-71.833694	73.78525	26.434622	142.89511	-67.44161	-75.99523	25.97795	451.86388397216797	21.5173278990246
22	335.61346	132.33789	626.3246	140.80383	192.29726	30.579504	267.7949	164.49243	186.85185	96.7	109999	74.08824	26.277977	140.85405	-74.940186	74.08808	26.28308	139.13974	-101.19055	-76.14663	24.936285	473.1406147480011	21.506391655315053
23	260.09778	116.56413	638.3353	122.051506	259.6526	58.664402	374.40768	150.06816	134.97298	181.4	114999	74.313675	26.162075	138.34064	-64.16748	74.314415	26.166115	139.31694	-66.679375	-76.3666	24.38251	494.9257438182831	21.518510683723118
24	289.54483	108.48142	616.77966	143.10352	282.50226	76.20392	463.87158	194.41328	161.16129	130.4	119999	74.83959	25.912823	136.74359	-65.89235	74.84097	25.91523	137.31415	-67.156364	-76.81289	24.204086	516.5696432590485	21.52373523513476
25	338.58087	112.00488	632.1317	170.61053	415.8291	306.60126	1010.09326	71.279465	181.28572	341.8	124999	75.44338	25.554585	137.1884	-101.39781	75.4441	25.557539	136.08781	-70.24188	-77.44733	23.595678	539.2065455913544	21.568261919021605
26	272.10236	138.63416	641.2621	18.524166	228.63994	109.249985	534.74994	136.93692	188.0	119.8	129999	75.906494	25.112667	136.95601	-65.822014	75.908264	25.114542	136.2598	-62.08011	-77.92969	23.47955	560.5972955226898	21.561434525709885
27	303.83807	168.77579	705.2639	26.256271	131.94684	154.54605	438.33972	-75.80271	182.35715	228.7	134999	76.305374	25.08877	135.83267	-66.71676	76.30701	25.088531	136.8768	-63.94493	-78.23743	23.624546	582.4240097999573	21.571259719354135
28	312.7481	186.91447	682.3354	-25.71519	194.21542	87.1547	360.04984	120.227844	194.8077	120.6	139999	76.65902	25.3	140.62169	-84.86415	76.660065	25.304037	138.43149	-64.62887	-78.48851	24.190355	603.9318187236786	21.56899360248021
29	236.61938	122.49297	597.6123	100.991486	182.57431	74.249794	390.14023	120.71963	134.97298	117.5	144999	76.919586	25.907349	140.73851	-77.28303	76.92043	25.907616	140.45685	-77.19964	-78.62614	25.425413	625.4750173091888	21.568104110915087
30	241.48999	108.44328	556.43164	105.85804	239.0538	117.638016	485.4666	118.55411	133.7027	129.3	149999	77.05769	26.470226	139.58577	-81.20656	77.0581	26.473297	145.79607	-77.00415	-78.88087	26.463362	647.2395894527435	21.574653045336404
31	266.3767	126.648384	648.4935	134.82074	287.97687	207.55046	719.21	134.55731	143.28572	136.4	154999	77.34802	26.660673	140.37772	-78.02087	77.34894	26.661716	145.92368	-109.69396	-79.11695	26.47896	668.8468630313873	21.57570533598623
32	264.53827	90.765465	442.26718	100.1598	229.22989	42.585434	299.5191	147.50739	133.0	107.2	159999	77.71054	26.763988	142.9293	-70.842155	77.71079	26.765509	141.57512	-85.07008	-79.49897	27.205	690.2983877658844	21.571824677288532
33	259.38867	107.96058	519.07526	46.581486	333.4601	97.62645	532.164	208.92458	128.17949	198.1	164999	78.35493	27.079454	142.71329	-82.41984	78.354965	27.08096	142.44359	-68.6674	-80.15806	28.129982	712.1514911651611	21.58034827492454
34	245.7221	81.91	548.6716	40.457058	256.46753	90.87168	447.80093	144.83527	127.71795	135.4	169999	79.141304	27.36907	145.44244	-68.64273	79.141655	27.373693	145.70964	-69.33595	-81.04772	28.505018	733.8530921936035	21.583914532380945
35	322.38864	142.32874	674.543	141.99075	225.01755	56.671455	316.45776	172.2613	160.125	101.7	174999	79.73601	27.753176	146.3917	-65.96802	79.73611	27.758575	148.19838	-72.9336	-81.59248	29.256144	755.3950386047363	21.582715450014387
36	304.562	98.6049	595.29913	139.7258	217.95613	107.4459	454.74554	108.320885	156.125	111.6	179999	80.50182	28.051413	148.56009	-69.30633	80.50237	28.05739	149.54732	-65.53023	-82.249855	28.36587	776.9905605316162	21.583071178860134
37	283.29672	137.94446	867.5172	82.01001	412.25836	219.59695	1007.7126	239.65439	134.67567	195.7	184999	81.45909	28.305891	145.33536	-60.16657	81.458916	28.310646	149.62968	-64.271866	-83.358604	28.213306	798.8965120315552	21.591797667580682
38	337.76508	192.98593	883.0456	118.75845	221.95488	87.65813	419.30518	147.11136	157.625	104.9	189999	82.50356	28.718395	147.2761	-56.981712	82.50443	28.723206	148.18076	-70.76849	-84.386635	28.187569	820.1677045822144	21.583360703367937
39	335.35577	135.77562	649.43225	121.925545	211.14143	126.41139	577.63055	149.9918	151.39394	93.1	194999	83.56058	29.276756	154.15634	-56.805485	83.56138	29.280773	154.47356	-57.552105	-85.32596	29.313494	841.6251738071442	21.58013271062802
40	324.24118	121.755	601.74115	114.11226	361.215	120.90885	590.50055	170.69624	139.88571	151.0	199999	84.59915	29.98009	160.16972	-63.61061	84.59973	29.987085	161.99901	-54.024727	-86.37082	30.276371	863.4406113624573	21.586015325784683
41	338.7393	101.34594	607.01196	147.5168	366.2254	21.87875	394.71127	327.49792	140.72223	150.0	204999	85.6673	30.574144	165.86906	-60.706146	85.66786	30.57943	165.5827	-73.08939	-87.49708	30.138357	885.0803079605103	21.587324636738476
42	363.21503	90.85689	624.39813	208.13864	335.98444	40.911434	398.72882	240.58191	150.54546	144.9	209999	86.698524	31.202658	169.80928	-62.592377	86.69911	31.206665	170.72966	-62.2589	-88.59235	31.454512	906.8812198638916	21.592410036495753
43	357.18805	112.978226	644.0854	66.93532	391.3867	62.900463	478.63226	300.6549	155.96875	150.9	214999	87.880005	31.83728	172.58752	-64.488495	87.88079	31.8439	172.36992	-62.415024	-89.71909	31.537754	928.5168421268463	21.593414977539418
44	458.54425	208.8721	1084.5302	34.34167	421.9585	143.49292	639.4892	37.45554	191.46153	168.9	219999	89.590515	32.48456	179.65877	-67.33716	89.59144	32.488327	179.73024	-61.067787	-91.50423	32.779694	950.287987947464	21.59745432030071
45	466.1643	196.90799	977.6374	137.93466	471.9707	107.31824	613.96484	183.27924	196.68	196.5	224999	91.10302	33.487732	179.86719	-63.342022	91.103806	33.49229	177.82117	-59.961903	-93.103325	34.472157	972.4246785640717	21.60943734380934
46	458.5534	98.34177	683.0154	277.3809	472.96686	98.48522	629.0121	373.3912	192.11539	193.2	229999	92.71114	34.211964	182.25993	-76.53551	92.71158	34.217793	177.68175	-63.893326	-94.773	35.195942	994.3220963478088	21.615697788155597
47	488.91968	118.89651	745.00415	339.13257	454.22455	108.86628	615.34125	263.78528	207.12	184.5	234999	94.47665	34.84035	180.84082	-127.76418	94.477394	34.842308	180.41553	-71.75161	-96.5282	37.33994	1016.2054908275604	21.62139346751761
48	611.8835	194.86804	928.46405	93.35906	418.26138	92.63579	516.36615	262.89603	231.66667	197.0	239999	96.20122	35.145557	185.26039	-78.74655	96.201645	35.146114	180.26161	-82.400085	-98.317154	37.523743	1038.0986824035645	21.627055923144024
49	502.20822	242.29681	930.113	55.163433	520.58936	47.321663	583.13873	420.84537	195.23077	191.5	244999	97.79298	35.765697	181.5751	-75.06206	97.79315	35.769337	181.6543	-80.15657	-100.058105	37.219692	1060.0149421691895	21.632958047244013
50	662.3833	211.35318	1183.8098	357.9441	441.00165	121.38657	618.101	218.27888	240.04762	173.3	249999	99.34148	36.63388	185.16525	-85.71009	99.34213	36.641853	186.00667	-76.910065	-101.47426	38.46405	1081.9050912857056	21.638101868629455
51	605.3681	394.75522	2006.8452	178.8412	415.98257	262.76437	1152.4952	188.11299	223.81818	156.0	254999	101.337425	37.49132	190.21288	-86.763824	101.33687	37.491592	189.77687	-82.39229	-103.45378	41.178524	1103.4602706432343	21.63647593236437
52	719.2522	353.39276	1237.2234	129.02377	646.9813	139.38977	804.29596	372.50055	260.47058	218.7	259999	103.47224	38.185375	193.76157	-84.523674	103.47207	38.18858	192.21361	-75.2678	-105.624985	41.71228	1125.597437620163	21.646104610883274
53	1117.8363	532.3782	2373.5261	409.76804	2119.016	970.28534	3057.9282	716.8429	378.93332	687.3	264999	105.610245	39.32615	198.03453	-72.78705	105.610466	39.327953	195.41331	-70.534744	-107.745026	43.508564	1149.500563621521	21.688689920137513
54	982.43616	457.75128	1915.8721	183.876	728.3383	418.22214	1409.5145	121.905525	331.6	308.0	269999	108.24948	40.578915	198.70503	-86.058044	108.24956	40.580734	198.75417	-68.37334	-110.30939	44.13758	1171.9681544303894	21.70311400625441
55	1019.3096	256.428	1493.2291	653.27203	1035.2008	41.9036	1112.2543	979.1802	334.73334	347.1	274999	110.73977	41.585686	198.76523	-80.21307	110.73941	41.589226	199.76695	-78.52374	-112.93263	45.919064	1194.5608930587769	21.7192889993841
56	1322.9517	825.09546	3212.506	67.70557	3037.1958	890.7844	3428.3108	368.6348	439.0909	913.9	279999	113.268585	42.909573	201.56009	-90.6239	113.26799	42.909954	203.1217	-79.25815	-115.62162	46.854877	1219.6545622348785	21.77954580102648
57	1422.9532	701.58777	3108.6804	642.2676	1441.3607	823.37823	3007.2043	684.71136	462.81818	467.0	284999	115.93265	44.142857	205.65874	-75.875656	115.9329	44.145756	207.04071	-78.25512	-118.13761	48.653732	1242.7272155284882	21.802231893204805
58	1345.5066	461.78433	2418.648	595.01685	1272.0122	34.887264	1343.8091	1238.1007	448.36365	403.6	289999	118.23967	45.62484	209.12903	-65.91672	118.238815	45.63064	210.26825	-75.53299	-120.52841	46.548443	1265.6299314498901	21.8212057475386
59	1100.4882	243.7282	1665.5784	763.1323	2993.0203	51.776554	3085.951	2905.9656	357.66666	1000.0	294999	120.36558	46.69186	215.60483	-77.70285	120.36571	46.698666	217.28261	-95.85621	-122.4532	52.234165	1290.975822687149	21.880946179567758
60	1265.2107	574.95953	3067.7146	771.93286	1194.1383	127.24671	1414.14	1043.6636	407.0	370.4	299999	122.41305	48.032413	219.88441	-70.72858	122.413666	48.03203	218.99834	-73.76206	-124.81269	50.750366	1313.7332627773285	21.895554411411286
61	954.0426	274.80774	1544.7677	514.34235	1067.3472	56.1129	1178.7964	993.7898	303.2353	330.9	304999	124.53959	49.299107	223.33168	-114.86498	124.53817	49.3034	224.6879	-100.89856	-126.902	52.49337	1336.2827017307281	21.906273830132406
62	1079.0255	494.73196	2395.1409	193.88528	913.5167	144.67508	1074.9421	626.1696	335.14285	277.0	309999	126.73373	50.40014	229.72705	-109.8069	126.73444	50.40047	228.057	-111.75015	-129.22874	52.627655	1358.511140346527	21.911470044043757
63	1362.4036	609.8362	2572.1257	385.42673	856.3546	316.06525	1180.8981	360.66107	405.0	289.7	314999	128.85635	51.61915	235.77419	-126.85774	128.85649	51.623135	233.17616	-111.52853	-131.23216	56.557274	1380.8293516635895	21.91792625472659
64	1438.8654	853.05054	3227.5784	147.27124	1395.221	1024.9579	3066.1868	344.24954	449.9091	472.9	319999	131.21402	52.78988	235.1578	-91.81742	131.214	52.79393	233.37701	-87.40467	-133.63966	56.1516	1403.9370000362396	21.936515655368567
65	2196.6262	986.48737	3556.8225	545.7797	1857.0742	577.004	2635.1565	476.85492	645.4286	518.6	324999	133.82512	53.922997	241.09982	-101.18244	133.82568	53.925903	239.02585	-92.82926	-136.10951	57.458874	1427.5236299037933	21.961902027863722
66	1504.4365	769.2611	3024.5886	777.5493	1264.6848	210.98184	1481.2815	662.67883	443.58334	381.5	329999	136.00102	54.670414	241.34685	-95.587555	136.00107	54.67282	241.97705	-90.40635	-138.25754	57.6683	1450.077216386795	21.970866947463065
67	1925.0592	690.09595	3627.745	1159.0538	1368.6053	88.410164	1509.4778	1217.6707	550.6667	377.0	334999	138.0838	55.730408	244.50519	-109.34955	138.08438	55.734097	245.1342	-125.992065	-140.69862	55.754192	1472.6985580921173	21.980575525938576
68	1899.9612	650.7695	2656.035	513.2031	1293.0066	52.475025	1350.9303	1231.6454	560.625	389.2	339999	140.04022	56.81215	247.787	-120.92369	140.04109	56.8134	247.29848	-105.66434	-142.4859	58.3896	1495.5068159103394	21.992747320848352
69	2566.0625	789.51483	3467.9102	1513.2235	3536.6887	14.692213	3551.8984	3505.1382	730.1429	1000.0	344999	142.43916	57.960163	251.92184	-100.43908	142.43983	57.960846	254.04436	-96.70674	-145.03918	60.073307	1520.687067747116	22.038943038470503
70	3195.4158	523.20966	3552.4558	2076.5452	3263.9573	12.202239	3281.5518	3234.982	900.3333	1000.0	349999	145.17105	59.43395	256.68277	-92.92587	145.17188	59.43369	253.24161	-102.78967	-147.90709	57.975414	1546.0278697013855	22.086112454959324
71	3318.6733	23.965645	3344.7678	3282.7742	3259.3245	59.108624	3310.8442	3130.3616	977.6	1000.0	354999	147.31	61.02581	260.41458	-112.53354	147.31029	61.030857	259.14386	-131.40703	-149.74579	60.887787	1571.115315437317	22.128384751333318
72	2803.0352	633.25275	3440.2993	1877.1199	3086.095	755.85944	3616.4363	867.7002	831.3333	927.8	359999	149.52483	62.69503	264.91174	-115.80391	149.52505	62.698635	263.76236	-116.349236	-152.12856	60.76953	1596.1918711662292	22.16933157377773
73	2658.4207	776.3399	3336.0178	1193.4867	2706.2744	1176.5463	3530.1814	854.93024	800.3333	786.7	364999	151.97733	63.98892	267.02118	-99.69753	151.97824	63.990032	265.9038	-80.45874	-154.67221	63.341164	1620.6732761859894	22.20100380949778
74	2099.5857	1138.706	3498.5703	573.1361	3029.279	667.6931	3277.824	1028.0106	632.75	930.8	369999	154.65063	65.00048	269.87643	-79.62484	154.65068	65.00546	269.38113	-79.37163	-157.4074	62.165627	1645.6711740493774	22.238799678312766
75	2693.806	753.517	3587.1836	1601.7521	3202.598	14.776414	3226.9539	3184.4822	777.4286	1000.0	374999	156.79741	65.91597	272.7777	-186.62053	156.79817	65.916626	271.13858	-99.1081	-159.33037	62.239326	1670.908560037613	22.278780829111735
76	1973.7859	997.852	3362.3967	497.35043	995.2225	78.14088	1142.5723	886.6146	603.375	305.1	379999	158.97234	67.01382	276.41992	-144.25906	158.97238	67.01529	275.06607	-149.17325	-161.71077	66.642784	1693.3691790103912	22.281173433128156
77	2932.7913	776.0821	3473.6465	1244.1461	3486.9106	42.55805	3555.6838	3413.0322	844.8333	1000.0	384999	160.7049	67.85238	277.85437	-120.146675	160.70486	67.85583	279.85052	-113.98458	-163.27841	65.69827	1718.7639515399933	22.32160978812676
78	2724.764	741.59576	3531.1536	1618.6062	2799.6921	758.55804	3109.3948	525.3861	771.0	922.8	389999	162.3018	69.10289	283.74982	-113.68392	162.3027	69.105156	281.8061	-111.01252	-164.81876	68.43631	1743.9249963760376	22.35801279850495
79	2843.7195	791.70703	3539.452	1390.3127	3087.399	27.61058	3122.9255	3036.7925	855.8333	1000.0	394999	164.24904	69.99628	287.86038	-130.05188	164.24915	70.00081	285.20776	-117.89659	-166.96788	71.83675	1769.4505236148834	22.398107921020895
80	2861.3748	1186.4053	3691.7942	230.73041	3240.8381	16.07158	3261.0593	3209.722	851.1667	1000.0	399999	166.14514	70.92743	284.74615	-112.1901	166.14554	70.93268	285.31512	-111.91089	-169.00932	70.3512	1794.8289353847504	22.43536171913147
81	3262.0383	87.2455	3363.2979	3100.4688	3017.2144	17.95134	3046.2915	2992.1248	1000.0	1000.0	404999	167.94327	71.54973	288.6177	-124.42865	167.9436	71.5489	286.04883	-88.26648	-170.51346	68.74051	1820.434189081192	22.474496185043712
82	3148.9497	38.854897	3192.631	3078.0237	3395.2844	24.512983	3433.9878	3351.0293	1000.0	1000.0	409999	170.04758	72.06315	288.80408	-76.27782	170.04745	72.06841	288.28668	-76.65825	-172.69444	71.16443	1845.9403970241547	22.511468285467565
83	2842.7617	829.85034	3395.7844	1076.1562	3027.2766	69.04627	3181.9517	2929.138	861.5	1000.0	414999	171.48225	72.66851	294.72012	-57.89526	171.48262	72.67164	291.46033	-65.091255	-174.1147	68.52054	1871.369645357132	22.54662225332605
84	2694.5996	962.4818	3582.9368	989.90546	2610.226	718.59204	3216.0688	1092.1455	811.6667	852.0	419999	173.02676	73.00373	293.82025	-95.153564	173.02826	73.00487	292.00604	-95.822655	-175.87135	68.40565	1896.0442657470703	22.571955564476195
85	3119.8716	52.19665	3183.9575	3043.4746	2753.6667	839.4413	3093.2957	236.8825	1000.0	911.7	424999	174.72559	73.471306	297.7152	-108.05222	174.72565	73.47701	296.94644	-91.16399	-177.55193	66.63787	1920.9348275661469	22.599233287923475
86	3108.8647	139.49593	3334.9124	2919.9368	2599.4585	1127.1493	3219.4607	153.81259	980.4	826.9	429999	175.91133	73.92708	297.31335	-86.83132	175.91223	73.93049	296.0306	-92.63864	-178.45985	68.94322	1945.6528251171112	22.623870081679765
87	3122.8782	98.61687	3254.8892	2951.0525	3201.6545	41.119698	3250.3713	3113.063	1000.0	1000.0	434999	177.52408	74.55038	296.77707	-85.68104	177.52448	74.55342	295.7749	-99.775375	-180.40237	67.847015	1971.1473071575165	22.656865624175676
88	3124.64	72.90682	3179.7751	2982.9636	2242.8247	1366.5593	3268.6765	108.674774	1000.0	736.0	439999	178.78831	75.06707	297.31042	-106.036385	178.78857	75.07288	297.64856	-105.79986	-181.3645	75.12665	1995.3751351833344	22.674717469648883
89	3188.1704	103.97672	3257.5183	2985.3074	3182.8198	68.67966	3271.1042	3063.5212	1000.0	1000.0	444999	180.44875	75.16182	297.48267	-116.76879	180.44913	75.16446	301.91675	-111.30585	-183.29155	68.55006	2020.83238530159	22.70598187875212
90	2775.402	1165.8477	3435.6558	179.7108	3211.747	23.695814	3248.1323	3180.0222	848.1667	1000.0	449999	182.01456	75.31567	299.08588	-112.7091	182.01541	75.31911	304.95465	-100.971886	-184.85927	71.867134	2046.098861694336	22.73443182044559
91	2492.8164	1450.3123	3565.4111	171.37009	3569.711	83.49426	3657.2874	3380.7915	741.7143	1000.0	454999	183.53561	75.49523	298.59723	-133.20569	183.53665	75.49677	300.7375	-148.67027	-185.89304	68.83613	2071.120709180832	22.75956825371627
92	3562.0825	109.43228	3752.2732	3435.281	3893.8433	41.81265	4010.7625	3863.1953	1000.0	1000.0	459999	185.01714	75.88875	298.40063	-147.02597	185.01767	75.88995	302.80038	-144.72726	-187.52728	66.5575	2096.348996400833	22.786402155523714
93	2994.0242	1270.7223	3646.797	155.69434	3670.022	57.252136	3778.3813	3579.7188	846.3333	1000.0	464999	186.47684	76.29298	299.83997	-211.9043	186.4764	76.29844	300.7532	-172.61646	-189.11449	68.24086	2121.4627771377563	22.811427731667795
94	2917.0286	1191.2778	3582.0044	298.269	3794.2715	51.654724	3878.6768	3686.7234	793.0	1000.0	469999	187.90529	76.814445	302.79114	-97.951454	187.90558	76.81727	304.13232	-98.66982	-190.42169	68.27216	2146.8268852233887	22.838583905646143
95	1992.3639	1216.3843	3727.822	618.841	2703.022	1476.6649	3781.2979	395.23965	562.75	748.5	474999	188.94923	77.48868	308.06146	-100.83148	188.94904	77.4952	306.86823	-98.75069	-191.54742	67.38975	2171.278895139694	22.855567337337295
96	3154.8157	1167.1969	3827.5916	570.21436	3094.7578	993.3377	3774.2336	1103.5236	847.1667	864.7	479999	190.20155	78.29772	308.06677	-110.469666	190.20111	78.30219	306.37396	-90.93294	-192.9865	67.06048	2196.0013868808746	22.87501446902752
97	2551.3884	1558.9723	3947.0269	336.83047	3730.1152	47.82741	3826.8435	3678.016	697.875	1000.0	484999	191.84975	78.5255	307.90326	-156.58577	191.8498	78.52972	308.71085	-104.322784	-194.77919	71.64708	2221.209491252899	22.89906693979637
98	3561.3672	496.28903	3869.7725	2577.2043	4013.7988	36.25611	4065.1855	3956.9846	947.0	1000.0	489999	193.4845	78.52355	307.16376	-118.40451	193.48512	78.52577	308.14554	-98.09083	-196.02252	68.887115	2246.393008708954	22.922377659350026
99	3770.7786	50.410496	3845.8345	3713.5942	3614.3423	39.80902	3681.5952	3558.9941	1000.0	1000.0	494999	195.31068	79.08019	311.1379	-71.30806	195.31082	79.08385	311.8552	-87.0451	-197.91382	73.057076	2271.7340955734253	22.946809067870632
100	3129.9736	1242.1774	3778.3787	357.1414	3591.0566	24.01244	3639.2913	3563.6626	861.3333	1000.0	499999	197.09517	79.89034	313.5591	-132.94858	197.09517	79.892975	314.21423	-102.006454	-199.57121	68.97327	2297.0359225273132	22.970359244346618
101	2458.4143	1394.6987	3774.9854	753.9533	760.8115	377.43796	1576.2268	353.58292	698.2857	247.3	504999	198.11433	80.439964	312.7419	-93.92917	198.11449	80.443146	312.81686	-95.24329	-200.78096	73.51514	2319.136191368103	22.96174448787576
102	3394.9265	606.56055	3811.0098	2195.5972	3447.222	23.088476	3465.129	3386.464	926.2	1000.0	509999	199.44093	80.81104	316.84244	-70.80206	199.44138	80.81672	313.8141	-81.93245	-202.17717	76.037476	2344.6557891368866	22.986821480825835
103	3665.7124	102.37886	3850.3762	3552.243	3694.08	6.4223094	3707.2656	3685.1067	1000.0	1000.0	514999	200.56572	81.7671	316.19617	-100.394516	200.5646	81.7756	314.46466	-96.52611	-203.05623	73.649956	2370.2155311107635	23.011801293752725
104	3639.0347	32.14361	3685.226	3601.3992	3481.354	12.799466	3507.7334	3458.5654	1000.0	1000.0	519999	201.7052	82.90911	317.475	-89.130066	201.70564	82.91666	318.40845	-93.36135	-204.21828	72.96673	2395.6100647449493	23.034712179349018
105	2790.9946	1337.1252	3688.421	160.73209	2934.7407	1353.8375	3662.6902	188.8767	782.5714	825.2	524999	202.951	83.646866	322.30307	-106.9419	202.9503	83.65145	320.4274	-127.18732	-205.8185	77.15161	2420.2459745407104	23.049961680457706
106	3459.116	327.5588	3751.559	2829.073	3745.482	27.89614	3813.3271	3716.0017	957.2	1000.0	529999	203.79701	84.13442	323.7854	-134.34969	203.79686	84.14486	322.2825	-127.44602	-206.52126	76.12397	2445.47491812706	23.07051811578139
107	3370.3262	718.75757	3766.8445	1934.1244	3707.0757	21.296074	3740.5293	3676.6082	907.8	1000.0	534999	204.35143	84.83697	326.07898	-98.98331	204.3522	84.84373	324.83542	-123.532814	-207.16316	73.79483	2470.631803035736	23.09001687085517
108	3205.846	937.078	3751.7764	1123.7643	3636.4832	34.53233	3691.7842	3591.2297	880.3333	1000.0	539999	205.00757	85.32585	328.8667	-117.14715	205.00745	85.32748	327.47485	-126.00183	-207.80074	74.130684	2496.0237996578217	23.1113314959738
109	2532.052	1438.5549	3953.9531	483.38113	3793.9478	25.749256	3844.696	3756.3787	677.75	1000.0	544999	205.7086	85.14259	330.72635	-156.05313	205.70906	85.143135	329.71732	-132.26541	-208.78761	80.53701	2521.410113811493	23.132202896503134
110	3173.3103	1218.5792	3775.7107	449.38568	1189.6205	436.141	1949.0128	768.5116	866.0	356.0	549999	207.56387	85.2083	329.73438	-117.20669	207.56502	85.209236	329.57523	-115.618225	-210.30232	73.77778	2543.9648735523224	23.126953411102296
111	3694.1309	153.35808	3860.7876	3447.726	3696.757	8.401374	3715.3955	3686.4219	981.0	1000.0	554999	208.86838	85.47031	334.00803	-119.95882	208.86926	85.47636	333.4363	-123.86055	-212.19287	78.339035	2569.260867357254	23.14649431555121
112	3548.5425	239.33635	3702.5588	3075.8882	3529.4077	7.5562835	3547.671	3517.744	966.6	1000.0	559999	210.74246	85.96963	336.5186	-124.09054	210.74232	85.97579	335.41013	-119.160194	-213.65929	76.227516	2594.636577606201	23.166398033499718
113	3522.7563	257.72748	3681.764	3009.4592	3655.8684	29.255808	3696.5562	3604.8123	969.8	1000.0	564999	212.45605	86.41135	337.6574	-109.276886	212.45618	86.41443	336.2833	-145.7739	-215.1868	73.3852	2620.0097658634186	23.185927148413867
114	3420.0671	800.04584	3866.762	1824.7986	3788.515	31.491127	3830.0183	3715.0828	906.0	1000.0	569999	213.64957	86.93772	337.16077	-195.84853	213.64949	86.94378	335.8969	-224.40202	-216.49199	80.48516	2645.3412766456604	23.204748057482536
115	3369.6829	850.5187	3831.6855	1470.4025	3861.6426	22.610056	3886.7996	3808.5718	904.0	1000.0	574999	214.52168	87.47307	338.0666	-110.01968	214.52293	87.47626	338.65097	-114.33227	-217.49617	77.10395	2670.874014377594	23.22499144802923
116	2899.2063	1289.9025	3876.2327	775.45135	3396.9785	474.34424	3718.601	2365.1108	767.5714	921.3	579999	215.56317	87.84865	338.85834	-117.03418	215.56326	87.853386	338.6348	-132.44931	-218.46802	77.01983	2695.9416737556458	23.240876514336158
117	3527.4172	581.8702	3891.8733	2366.522	3578.694	63.9423	3717.2217	3494.435	927.6	1000.0	584999	217.00136	88.048294	341.7623	-115.55136	217.00084	88.05442	341.11877	-121.700676	-219.92857	78.09091	2721.2620372772217	23.25864990756043
118	3777.714	92.15316	3915.3718	3626.7964	3755.8933	11.744371	3774.6443	3733.0032	1000.0	1000.0	589999	218.46379	88.2966	339.29514	-133.68738	218.46411	88.29576	341.89172	-129.86734	-221.35103	82.17469	2746.622226715088	23.27645956459692
119	2993.4856	1114.0721	3799.2385	722.5905	3890.7183	12.880311	3905.4678	3859.7393	830.5	1000.0	594999	219.77663	88.05285	341.91122	-139.58821	219.7769	88.05469	341.74957	-143.99469	-223.03511	83.04955	2771.9690306186676	23.29385741618501
120	3745.0884	18.291042	3758.9124	3709.5308	3845.295	18.243313	3868.9856	3806.7322	1000.0	1000.0	599999	220.85944	88.88141	344.3795	-104.65111	220.85866	88.886505	344.96393	-123.97184	-223.73697	79.1802	2797.261994123459	23.310516635576885
121	3733.8892	41.02201	3800.7107	3674.2812	3782.5325	36.843613	3851.795	3723.9768	1000.0	1000.0	604999	222.12871	89.18516	347.03403	-115.73972	222.12915	89.1858	348.46222	-117.0546	-225.06743	83.39057	2822.71244096756	23.328202007230647
122	3177.8516	1141.1019	3839.7925	649.71924	3790.5396	16.827229	3809.7234	3759.2017	872.8333	1000.0	609999	223.7369	89.13508	343.65186	-111.37636	223.73717	89.13836	346.6634	-86.51608	-226.47768	78.78562	2848.124809741974	23.34528534138789
123	3531.1218	528.39703	3829.5466	2479.6206	3840.9146	7.7060075	3852.738	3829.249	936.4	1000.0	614999	225.4522	89.87586	344.7256	-119.715546	225.45294	89.87695	345.09003	-102.835335	-228.0002	76.49618	2873.4359319210052	23.361267752763702
124	3753.2603	38.689766	3815.7175	3709.014	3794.7664	25.599285	3831.7158	3749.8433	1000.0	1000.0	619999	226.50046	90.23523	344.2552	-99.0158	226.50081	90.23665	346.09775	-110.065025	-229.3946	76.81283	2898.7749316692352	23.377217208185503
125	3648.0044	59.839108	3711.6152	3564.8357	3543.138	19.63969	3577.435	3497.1013	1000.0	1000.0	624999	227.34781	90.15597	344.26077	-90.82515	227.34789	90.15801	345.24594	-88.34808	-230.03781	79.82315	2924.0668926239014	23.39253515625
126	3676.214	39.080467	3723.6504	3618.8208	3850.0767	18.75456	3876.4236	3814.7266	1000.0	1000.0	629999	228.25691	90.715546	350.03403	-144.80244	228.2567	90.71455	348.04584	-112.900314	-230.84627	81.07109	2949.4261310100555	23.408143912042892
127	3689.9766	50.152367	3774.2654	3643.4712	1267.0634	359.32587	2050.6216	887.3029	1000.0	395.7	634999	229.76166	90.95411	350.75037	-98.24819	229.76106	90.95906	352.28665	-104.18854	-232.6517	78.36383	2972.2640414237976	23.403653884497214
128	2035.5948	1141.4519	3814.0557	419.63904	3780.609	32.228443	3828.5427	3728.6892	581.8889	1000.0	639999	229.50175	90.855125	352.0991	-100.14334	229.501	90.86314	353.6417	-96.98308	-232.83981	84.80774	2997.6277470588684	23.418966790661216
129	3818.2625	61.566467	3889.543	3725.0073	882.74347	243.73575	1465.7552	590.5214	1000.0	302.7	644999	231.13777	90.97656	375.2617	-94.97827	231.13835	90.97725	353.37018	-121.26597	-233.93507	77.06668	3020.027852296829	23.411068639089894
130	3828.6743	38.471104	3895.0686	3785.0632	3888.2878	7.27726	3895.8792	3874.194	1000.0	1000.0	649999	232.53777	91.57795	352.17365	-96.693695	232.53853	91.581604	352.7593	-140.51816	-235.19696	74.91142	3045.353486776352	23.425796068631687
131	3700.641	210.27019	3939.1973	3306.0547	3528.058	1165.0717	3929.6934	32.91828	975.6	903.0	654999	233.40527	92.35657	351.02136	-100.660995	233.40474	92.358376	352.82318	-94.67477	-236.13014	78.685776	3070.27783370018	23.437235388137
132	3201.75	1416.4164	3926.5352	36.740826	3851.6958	9.782949	3868.6885	3834.244	838.6667	1000.0	659999	234.65527	92.35225	350.7923	-71.75287	234.6561	92.35597	353.26218	-74.11887	-237.59076	75.59972	3095.6808998584747	23.45212804368048
133	3288.7551	896.54205	3946.198	1665.1383	3855.8015	15.235743	3878.6182	3831.5679	855.0	1000.0	664999	236.52975	92.65062	353.7378	-90.92248	236.52945	92.65133	353.82413	-65.562515	-239.39644	77.196144	3121.137461900711	23.467198979585692
134	3572.1519	603.815	3944.9087	2366.996	3817.231	24.44269	3855.551	3774.201	927.4	1000.0	669999	237.94987	93.06094	356.6647	-68.40346	237.9499	93.06542	355.07733	-114.18501	-240.12947	78.013084	3146.425538778305	23.48078761883636
135	3507.6865	801.3294	3977.5508	1724.9651	3807.839	10.342595	3823.0032	3787.6106	915.0	1000.0	674999	239.23193	94.047905	358.58844	-112.58956	239.23218	94.04865	356.16776	-92.2716	-241.67642	74.91845	3171.8196012973785	23.494960025504785
136	3872.266	39.048237	3935.0203	3830.0994	3818.2344	33.796883	3860.8877	3760.3657	1000.0	1000.0	679999	240.60347	94.90804	357.42404	-165.36035	240.60352	94.910324	359.02405	-88.54098	-243.28397	78.74356	3197.0432031154633	23.507670625167734
137	3831.5164	34.75428	3895.8904	3800.222	3913.388	52.29943	3985.381	3840.4854	1000.0	1000.0	684999	242.52367	95.26992	360.06024	-108.562065	242.5232	95.270256	361.35303	-92.01606	-244.82915	79.3209	3222.427542448044	23.521368938640958
138	3321.9153	1219.9624	3987.2173	884.1236	3868.5476	9.162984	3883.163	3854.888	856.4	1000.0	689999	243.81522	95.77367	363.5004	-155.73	243.81552	95.776955	362.49707	-134.61699	-246.38522	78.54707	3247.7060720920563	23.534101988958277
139	3297.381	960.79443	3972.2202	1320.3325	3752.894	83.67694	3912.058	3642.8486	856.5	1000.0	694999	245.59708	96.47927	366.02655	-138.63885	245.59703	96.47965	365.50168	-148.19328	-248.15695	79.19965	3273.0125432014465	23.54685284422456
140	3825.0383	202.0287	3966.9043	3426.4678	3789.4897	17.569616	3812.1377	3761.1218	1000.0	1000.0	699999	246.52962	97.32457	367.88528	-177.49918	246.53006	97.32793	368.42032	-125.78949	-248.9315	82.25936	3298.426121711731	23.56018659898213
141	3932.8423	41.947845	4009.095	3891.5105	3921.2559	32.18788	3961.7615	3857.7908	1000.0	1000.0	704999	248.05989	97.75994	370.54507	-179.50497	248.0588	97.76081	368.31598	-119.76173	-250.43712	80.13036	3323.788927793503	23.57297113263015
142	3908.938	62.50211	3998.5312	3830.6914	3912.2493	17.958511	3945.1616	3886.3708	1000.0	1000.0	709999	249.30177	97.97777	371.33707	-86.12287	249.30275	97.977005	370.6556	-90.973274	-251.89613	80.90551	3349.0185194015503	23.584637472327326
143	3912.3535	68.96677	3971.5706	3811.5505	3909.857	9.12737	3923.5854	3894.787	1000.0	1000.0	714999	250.94693	98.32143	377.24564	-103.58776	250.94693	98.32315	374.40286	-96.593956	-253.5097	76.65551	3374.4412503242493	23.597491272679576
144	3945.3872	62.958702	4035.9355	3858.7083	3618.304	12.941632	3639.7986	3597.4927	1000.0	1000.0	719999	252.44853	98.59579	372.95486	-153.97264	252.44804	98.59883	372.17722	-162.09625	-255.33806	74.88162	3399.9726283550262	23.610921045144398
145	3877.9563	30.997229	3899.2827	3816.9604	3810.0776	18.421932	3842.1638	3769.8477	1000.0	1000.0	724999	254.15178	98.60475	376.26743	-123.71451	254.15147	98.609406	374.6862	-105.893776	-256.53467	81.89351	3425.0950372219086	23.621345097443154
146	3341.9246	1278.0044	3999.1572	486.78128	3859.3367	18.44422	3876.6584	3808.4646	863.1667	1000.0	729999	254.89388	99.093834	375.76425	-137.83661	254.89359	99.0942	374.09256	-136.49629	-257.46262	80.573006	3450.3827409744263	23.63275851288887
147	3714.9648	503.85254	4062.2678	2712.7866	3961.3328	19.038837	3993.4639	3933.5571	939.8	1000.0	734999	256.31796	99.607086	378.1872	-136.73863	256.3175	99.61052	377.9439	-127.977325	-259.09848	76.42546	3475.568299293518	23.64332177849854
148	3968.0286	26.171656	4000.752	3931.906	3924.189	13.307364	3941.8325	3898.989	1000.0	1000.0	739999	258.36804	100.071014	379.86624	-123.600464	258.36832	100.07083	379.59903	-131.56671	-260.70474	86.09484	3500.9545879364014	23.65509858002534
149	3434.1755	1178.9116	4106.545	826.9652	3914.5522	9.384945	3928.089	3893.504	857.8333	1000.0	744999	259.76254	100.12437	381.27484	-141.59651	259.7617	100.127464	383.4254	-126.32091	-262.2753	82.51144	3526.289463996887	23.666372255990968
150	3590.611	804.01556	4052.3008	1799.6191	3948.269	25.178432	3985.8894	3900.7563	916.0	1000.0	749999	260.84155	99.902985	384.06522	-108.828026	260.84235	99.90464	381.31827	-121.83418	-263.14792	76.40736	3551.649416208267	23.677662785847982
151	3925.3325	18.504904	3956.7917	3901.1528	3626.768	9.676662	3642.07	3613.0642	1000.0	1000.0	754999	261.27026	100.106384	384.23865	-96.00114	261.27	100.10944	381.63202	-110.77814	-263.9625	85.49979	3577.0654590129852	23.689175236304074
152	3940.4617	66.02743	4022.3032	3866.0513	3932.603	19.556602	3956.958	3891.3372	1000.0	1000.0	759999	262.20038	100.10874	384.68802	-138.71011	262.19943	100.1131	384.93655	-104.979355	-264.9471	75.84816	3602.1407239437103	23.698294250588667
153	3933.073	50.178833	4021.6394	3891.2744	3961.31	23.532871	4000.1743	3917.4954	1000.0	1000.0	764999	263.6715	100.011856	387.59366	-124.94516	263.67188	100.01678	384.27798	-228.32	-266.48422	76.7058	3627.43435382843	23.708721280877107
154	3955.0273	59.46435	4015.8528	3853.2888	4056.5	18.823	4095.9294	4036.7532	1000.0	1000.0	769999	264.72543	100.67023	385.5996	-135.06555	264.72443	100.67522	384.52994	-143.55205	-267.3417	77.05794	3652.917577266693	23.720244019062488
155	4006.0332	33.676487	4046.5012	3961.7998	3973.959	42.22769	4050.4072	3898.8457	1000.0	1000.0	774999	266.10648	100.76317	386.9336	-98.479904	266.10745	100.76424	388.1967	-90.54444	-268.34485	74.59187	3678.474962949753	23.732096545926986
156	4001.3542	59.95436	4054.1584	3887.469	4037.9146	17.043694	4067.8196	4007.0767	1000.0	1000.0	779999	266.99405	101.333984	385.69205	-72.77621	266.9937	101.334785	389.28735	-66.66574	-269.25775	71.48332	3703.844139814377	23.74259065053402
157	4012.8164	40.847492	4090.0051	3972.146	4016.5098	24.311367	4050.7788	3978.0703	1000.0	1000.0	784999	268.06458	101.49118	388.71912	-111.69898	268.0646	101.49536	388.7424	-109.83319	-270.64108	79.72288	3729.10103392601	23.752235898546353
158	3991.7573	38.68147	4043.089	3926.7192	4128.651	6.488832	4138.4175	4117.6904	1000.0	1000.0	789999	269.19986	101.573586	387.41052	-95.96356	269.19962	101.57699	388.6779	-164.16151	-271.84064	79.62595	3754.511823415756	23.76273307166522
159	4009.2866	51.57577	4077.932	3950.2598	4069.89	7.497225	4078.4822	4052.9775	1000.0	1000.0	794999	270.3858	101.75653	394.98685	-277.32336	270.38528	101.75795	393.44647	-131.1021	-272.8829	79.21383	3779.797345161438	23.772310360422676
160	4005.4458	48.294548	4072.0127	3941.3743	3909.9941	13.414853	3933.086	3888.6475	996.8	1000.0	799999	271.35156	102.01478	390.18225	-96.04376	271.35208	102.01822	390.32944	-100.113976	-273.8205	81.195526	3805.130345106125	23.782064670324324
161	3999.0828	58.28408	4068.6306	3908.909	4032.5898	10.8606415	4048.5574	4013.0378	1000.0	1000.0	804999	272.6419	102.354805	391.1327	-79.09831	272.6415	102.361145	429.5925	-187.13423	-275.20392	79.39778	3830.430129289627	23.79149149811786
162	4030.3237	24.417198	4062.81	4002.332	3979.6597	42.905605	4014.9846	3858.919	1000.0	1000.0	809999	272.85422	103.17733	393.33133	-84.24565	272.85486	103.17891	390.22876	-99.19815	-275.4107	81.68873	3855.8222954273224	23.801372207241293
163	3955.0144	128.87769	4056.298	3702.6252	3975.5813	23.636269	4024.0625	3933.739	1000.0	1000.0	814999	273.82303	103.8601	394.0931	-155.9114	273.82346	103.86243	392.16235	-130.29169	-276.279	76.14388	3881.1496233940125	23.810733897554364
164	3658.9087	717.4171	4023.572	2224.0945	3977.2156	28.928862	4008.9844	3919.9143	922.2	1000.0	819999	274.4419	103.6964	393.4765	-115.087975	274.4412	103.70392	393.26898	-128.4371	-276.8863	80.65935	3906.6558077335358	23.82107201000539
165	4051.9395	40.430756	4102.2803	3989.4966	3207.351	1492.5172	3973.9854	202.28749	1000.0	821.0	824999	275.27805	103.66474	394.13892	-210.85405	275.27737	103.66703	393.1865	-120.66264	-277.24908	79.734024	3931.053656101227	23.824567624294396
166	4045.259	37.278225	4098.7812	3985.7964	3894.5222	14.716248	3922.2803	3876.0806	1000.0	1000.0	829999	276.2428	103.27951	412.3205	-131.71684	276.24243	103.27895	419.38367	-175.17438	-278.9016	84.26977	3956.5642187595367	23.834724222321107
167	3943.3997	104.389275	4034.5034	3744.3784	4047.2954	8.9484415	4061.4368	4035.8418	988.2	1000.0	834999	277.30057	103.06307	394.91336	-177.79773	277.30017	103.070015	392.79102	-209.9813	-279.74426	81.413376	3981.8059945106506	23.84314967772204
168	4057.5383	21.859385	4083.9412	4018.6404	4029.073	31.691896	4079.9363	3969.1538	1000.0	1000.0	839999	277.78662	103.49228	395.6975	-143.68356	277.7873	103.48905	395.0602	-145.64418	-279.85138	80.8689	4007.265840291977	23.85277287165324
169	4027.189	40.4404	4064.1924	3949.5164	3997.5422	20.877499	4043.456	3964.5046	1000.0	1000.0	844999	278.66507	103.788605	396.76263	-153.35704	278.6657	103.78725	397.58096	-147.64423	-281.0337	78.53495	4032.6445167064667	23.861801883878087
170	4049.1426	36.56036	4116.0835	4015.9412	4034.0227	6.614704	4046.0078	4023.5176	1000.0	1000.0	849999	279.6917	103.44224	396.63028	-119.75198	279.69012	103.44914	396.71057	-129.61145	-282.01163	74.967735	4057.884652853012	23.86990973528694
171	4094.5444	45.814644	4149.88	4016.0237	4106.2095	8.106093	4124.5645	4090.4126	1000.0	1000.0	854999	280.91174	103.24954	398.85126	-77.66126	280.9121	103.253494	398.0045	-92.89418	-283.4799	79.31288	4083.1243879795074	23.877920411483586
172	4062.2422	17.942318	4092.099	4040.3215	3998.106	12.304304	4017.4436	3977.343	1000.0	1000.0	859999	281.71295	103.191246	400.4298	-222.10144	281.71292	103.1958	399.02777	-236.3869	-283.90488	82.71936	4108.427265882492	23.886205043903615
173	4037.2397	34.826283	4082.5642	3978.76	3999.448	9.6670475	4012.0774	3981.3745	1000.0	1000.0	864999	282.7372	103.40259	400.66656	-85.06657	282.73822	103.40084	398.83566	-89.21969	-285.08527	74.36851	4133.731356620789	23.894400916347614
174	4136.4365	57.060204	4217.6387	4071.5686	4179.835	16.99691	4198.6177	4148.6113	1000.0	1000.0	869999	284.16464	103.132515	403.53815	-159.10783	284.16498	103.13732	400.03497	-135.65924	-286.63724	85.75403	4158.966594219208	23.902106877031
175	4077.134	90.78505	4189.7285	3946.737	3997.185	8.026566	4009.868	3986.966	1000.0	1000.0	874999	284.8919	102.83984	402.5737	-73.62399	284.89178	102.843765	401.2457	-146.2376	-287.1769	83.83719	4184.289376974106	23.910225023542132
176	3974.2554	43.983566	4022.24	3903.7166	3917.5464	26.701385	3955.5603	3878.1995	1000.0	1000.0	879999	285.55908	103.01414	403.59256	-87.68056	285.55988	103.01234	402.58664	-82.06796	-287.8551	79.51803	4209.499032258987	23.917608151381668
177	3683.1785	653.53864	4087.9727	2232.569	4156.5273	22.68287	4178.394	4096.9565	928.6667	1000.0	884999	285.82666	103.09744	404.3345	-92.58984	285.8276	103.099365	402.17462	-147.80223	-288.2118	79.25144	4234.764659643173	23.925224077903618
178	4037.6042	60.259678	4137.2197	3970.2236	3984.043	24.138044	4027.0918	3953.7634	1000.0	1000.0	889999	286.2097	103.45884	404.27933	-152.15234	286.20908	103.46088	403.29156	-117.608475	-289.0523	85.78905	4260.122718811035	23.933273711901034
179	4024.6758	42.679054	4072.754	3969.3237	4204.0967	7.756435	4216.8677	4191.325	1000.0	1000.0	894999	286.80057	103.50863	402.3653	-191.40338	286.79987	103.51236	401.5087	-91.39208	-289.48575	77.35398	4285.360802412033	23.940563152622243
180	4043.8782	70.229675	4126.2744	3937.1821	3877.1829	12.487136	3890.0635	3855.851	1000.0	1000.0	899999	287.1803	103.06352	401.6239	-128.1027	287.17944	103.06988	399.89783	-125.27551	-289.67374	81.115265	4310.667633056641	23.948153528902267
181	3950.4934	77.57684	4066.73	3852.8572	3898.9207	35.727707	3930.23	3817.4717	1000.0	1000.0	904999	288.0836	102.70521	401.33417	-245.85867	288.08435	102.70294	402.11478	-134.6971	-290.3788	83.144	4336.073278427124	23.956205968698743
182	3956.9207	65.279144	4008.4626	3828.6826	3695.2136	744.1008	4054.2961	1586.4567	1000.0	925.3	909999	288.3295	102.59768	454.4458	-103.81895	288.32855	102.60258	402.9798	-124.90173	-290.65305	77.87597	4360.959579467773	23.96131638118199
183	4013.2573	44.055855	4062.2327	3938.8345	3968.4558	29.55809	4018.7476	3896.3252	1000.0	1000.0	914999	288.73453	102.21588	405.57187	-215.7419	288.73438	102.21841	401.90198	-85.12514	-291.43668	78.15044	4386.161114215851	23.968093530727867
184	3987.5652	72.55377	4072.869	3905.7666	4155.615	31.546375	4206.632	4117.699	1000.0	1000.0	919999	289.03156	102.20465	403.42215	-134.7929	289.03235	102.20609	403.68005	-226.55055	-291.52118	75.75834	4411.534241199493	23.975729583398156
185	4067.0493	36.246452	4110.442	4015.3818	4004.912	11.317513	4024.7957	3985.8848	1000.0	1000.0	924999	289.24368	102.14664	460.42783	-105.25366	289.24252	102.151794	440.51456	-105.028755	-291.73975	80.3042	4436.868225812912	23.983071508923093
186	3986.485	56.717834	4044.8015	3895.5403	3971.229	56.470844	4031.704	3867.3267	1000.0	1000.0	929999	289.93082	101.87299	401.54373	-164.25531	289.93103	101.87565	400.9387	-174.73167	-291.8885	78.65864	4462.257273674011	23.99063051387828
187	4026.5532	36.988354	4071.698	3974.0374	3873.7559	15.556543	3916.4343	3855.5635	1000.0	1000.0	934999	290.37476	101.5076	413.16824	-116.18428	290.37564	101.50693	401.52942	-106.85759	-292.78085	72.51704	4487.498265028	23.99731693803308
188	4047.9426	109.54053	4142.3853	3844.799	4181.2373	15.399613	4202.1665	4150.483	1000.0	1000.0	939999	291.28375	101.67695	404.11847	-151.10399	291.28336	101.67827	403.57202	-112.18953	-292.81604	76.719315	4512.866132259369	24.004607096631478
189	4119.1772	33.530613	4170.606	4084.7207	4145.264	22.580843	4173.02	4098.551	1000.0	1000.0	944999	291.50745	102.02406	405.61115	-105.712296	291.5078	102.02616	405.7927	-114.10844	-293.56912	76.34368	4538.152781009674	24.0113903883273
190	4134.335	30.616226	4181.159	4093.2424	4141.9634	16.899593	4168.0864	4119.736	1000.0	1000.0	949999	292.18747	101.92919	405.36652	-111.57376	292.1877	101.93157	405.5146	-124.851364	-294.91336	77.9529	4563.66438627243	24.01928625483262
191	4104.182	33.929607	4144.0083	4058.622	4014.9727	12.271721	4048.841	4005.5237	1000.0	1000.0	954999	292.69827	102.417404	406.15115	-152.89458	292.6996	102.41701	406.28745	-192.15149	-295.2679	76.374	4588.992673158646	24.026139660031383
192	4036.0403	59.37945	4094.9067	3959.793	4050.7798	29.293768	4082.039	3992.0637	1000.0	1000.0	959999	293.1922	102.78057	406.48077	-160.8053	293.1913	102.786674	404.53635	-210.59004	-295.74896	79.49699	4614.308436155319	24.032856449484825
193	3340.1755	1449.4369	4079.9634	101.17013	4027.8013	29.786768	4063.503	3991.195	844.3333	1000.0	964999	294.26544	102.76545	404.4933	-178.64241	294.2651	102.771	404.82632	-233.99567	-296.92145	76.04879	4639.548462629318	24.03911121398056
194	4028.4458	47.86113	4082.7842	3947.7725	4132.5615	22.567955	4156.3667	4085.9744	1000.0	1000.0	969999	294.91373	103.228836	404.16547	-242.11401	294.91486	103.23394	405.2767	-305.52054	-297.11862	75.74582	4665.05836391449	24.046692608558025
195	4071.7532	32.05705	4108.7803	4034.5967	4166.93	5.6314874	4174.3613	4156.756	1000.0	1000.0	974999	295.64532	103.25114	462.6549	-257.4967	295.64612	103.25234	453.58014	-297.63763	-298.17175	77.28134	4690.3068063259125	24.052855426837237
196	4095.3003	24.455284	4119.9004	4050.511	4112.339	29.884024	4141.11	4064.625	1000.0	1000.0	979999	296.2623	102.77744	571.2434	-228.62624	296.2605	102.78235	556.9066	-259.9568	-298.57455	78.22045	4715.667688846588	24.059529035675283
197	4026.2668	27.689074	4073.0374	3997.5317	3999.254	10.893222	4010.1858	3973.0796	1000.0	1000.0	984999	296.9614	102.90772	616.02405	-228.22955	296.96176	102.909485	584.274	-242.84895	-299.51022	80.74659	4741.016907930374	24.066075686875937
198	4065.6848	44.3125	4119.115	4005.8145	4136.8916	7.6091814	4148.207	4124.3813	1000.0	1000.0	989999	297.1868	103.25023	410.6745	-209.33563	297.187	103.24814	411.4086	-234.44011	-299.4494	74.28583	4766.294105768204	24.07219246300784
199	4110.165	21.210207	4140.306	4078.9753	4083.8071	18.814531	4110.353	4054.7988	1000.0	1000.0	994999	297.39917	103.65721	408.38284	-168.48624	297.39938	103.655396	409.35413	-184.91307	-299.62628	75.089874	4791.494318008423	24.077860904099353
200	4070.364	41.039234	4140.5547	4032.8406	3929.4292	7.7218895	3939.6394	3915.9795	1000.0	1000.0	999999	298.14487	103.89744	408.8197	-188.47275	298.14484	103.90243	408.8621	-224.07191	-300.33066	71.48398	4816.839736461639	24.084198693037035
