Epoch	AverageEpRet	StdEpRet	MaxEpRet	MinEpRet	AverageTestEpRet	StdTestEpRet	MaxTestEpRet	MinTestEpRet	EpLen	TestEpLen	Time Steps	AverageQ1Vals	StdQ1Vals	MaxQ1Vals	MinQ1Vals	AverageQ2Vals	StdQ2Vals	MaxQ2Vals	MinQ2Vals	AverageQ3Vals	StdQ3Vals	MaxQ3Vals	MinQ3Vals	LossPi	LossQ	Time	AVG Time Per Epoch
1	-248.9302	24.759659	-217.21182	-293.50323	-471.11163	9.755959	-458.1521	-489.72656	1000.0	1000.0	4999	-0.3888645	1.1889695	7.345572	-5.692191	-0.38934785	1.1903851	7.125818	-5.85529	-0.38900042	1.1895264	7.1017666	-6.029727	-0.22256333	0.25937495	20.03946876525879	20.03947114944458
2	-261.03287	83.23538	-148.76555	-407.67947	-599.4958	16.74251	-574.41876	-624.4732	1000.0	1000.0	9999	0.9370537	2.802246	15.188287	-9.412326	0.93712103	2.8023872	15.370947	-9.210463	0.93667513	2.801849	15.924108	-8.965282	-2.0682392	0.7016001	43.96551465988159	21.982758402824402
3	-324.95587	221.20415	22.565815	-565.167	-17.75272	29.093054	39.97117	-51.529705	1000.0	1000.0	14999	1.4348271	4.396695	21.666897	-16.771345	1.434955	4.396977	22.276117	-18.13543	1.434779	4.396748	23.385942	-17.214817	-2.5000267	1.1858125	68.82918000221252	22.943060874938965
4	254.85039	232.87445	618.1753	-61.385143	424.56778	435.84326	939.97614	-86.89358	1000.0	1000.0	19999	0.75998974	5.331828	30.441736	-21.724762	0.7608307	5.332941	34.74498	-23.068085	0.7603887	5.332545	30.747488	-25.03027	-1.7908798	1.1921865	93.76786518096924	23.441966950893402
5	446.16748	124.85529	653.516	309.1075	939.7912	142.17677	1176.5889	657.84515	1000.0	1000.0	24999	2.0386753	6.6248007	42.465435	-18.682236	2.039308	6.6243215	43.094517	-19.613823	2.0391643	6.6247153	41.90214	-21.050964	-3.0685248	1.8295832	118.78608727455139	23.75721788406372
6	1102.0758	327.72134	1732.8702	824.87286	1518.6686	270.28983	1930.126	1161.3828	1000.0	1000.0	29999	4.917004	7.826806	48.876484	-15.829777	4.9168887	7.825198	48.675037	-16.264206	4.9171805	7.8264437	48.237892	-17.239416	-6.0536366	2.934269	143.6619963645935	23.943666458129883
7	1569.4149	215.0871	1934.4387	1286.6545	2291.5703	402.94724	2584.8286	1328.5029	1000.0	1000.0	34999	10.406014	10.671844	62.5619	-16.324665	10.405775	10.670376	64.69729	-18.17531	10.406418	10.670122	62.79692	-18.029434	-11.744365	4.09146	168.67565488815308	24.09652246747698
8	1743.7845	410.02063	2307.8604	1165.6819	1995.5319	432.17398	2542.5657	1301.4875	1000.0	1000.0	39999	16.738161	13.191228	75.6298	-16.359241	16.738379	13.188507	75.23981	-15.930789	16.738691	13.18796	74.661224	-18.278414	-18.17998	5.1039443	193.60028886795044	24.20003640651703
9	2368.3594	551.0995	2807.4802	1390.9177	3042.687	115.11063	3251.242	2843.9883	1000.0	1000.0	44999	23.959066	16.533772	90.89037	-14.109776	23.959064	16.52992	90.26085	-13.976064	23.958263	16.53106	91.35814	-14.954007	-25.451641	6.8524127	218.4491536617279	24.272128423055012
10	2775.975	505.8636	3171.3093	1800.4159	3420.761	129.77858	3668.5925	3245.6743	1000.0	1000.0	49999	32.607014	21.11494	109.97406	-13.754481	32.606544	21.11097	109.51225	-14.771727	32.605644	21.112934	108.62756	-21.942137	-34.22473	9.144411	243.48509550094604	24.348509788513184
11	3470.1187	146.70271	3715.253	3255.0999	3766.1914	101.249435	3954.158	3572.019	1000.0	1000.0	54999	42.366364	26.601906	129.25563	-14.109837	42.36588	26.597641	128.68742	-16.23026	42.365585	26.59943	128.60701	-15.231965	-44.138226	11.53526	268.6567680835724	24.423342748121783
12	3636.7134	461.26202	3899.5474	2715.434	3822.8113	594.7813	4386.202	2201.7349	1000.0	1000.0	59999	53.3889	32.827915	146.2912	-13.442162	53.389446	32.822525	146.09592	-14.182661	53.388756	32.824875	145.1212	-15.16161	-55.28969	14.312722	293.4640357494354	24.45533647139867
13	3487.0972	803.3185	3971.2524	1883.2476	4197.6504	134.87622	4428.2344	3956.8384	1000.0	1000.0	64999	64.6416	38.3208	166.94421	-12.221856	64.64169	38.31569	166.00887	-11.765365	64.64135	38.31731	167.3539	-11.794979	-66.72082	16.982063	318.3785309791565	24.49065637588501
14	4004.1829	126.123276	4207.2266	3853.5457	4364.5723	108.68559	4486.391	4118.199	1000.0	1000.0	69999	76.06559	43.610977	182.95816	-9.893349	76.06647	43.606537	183.93112	-10.238165	76.06571	43.60849	184.34404	-11.229111	-78.06545	20.079798	343.4102461338043	24.52930348260062
15	4303.4062	77.32033	4410.6797	4214.4526	4579.312	82.91485	4703.729	4441.21	1000.0	1000.0	74999	88.10439	48.843094	198.47057	-7.0977793	88.10495	48.83856	196.77446	-7.248945	88.10383	48.84134	197.60582	-8.71672	-90.2834	22.810316	368.35939598083496	24.557293192545572
16	4486.468	58.346916	4576.4434	4406.6387	4699.4736	111.66028	4907.536	4506.7256	1000.0	1000.0	79999	100.082146	53.70439	215.63132	-2.0073462	100.08258	53.700203	215.21207	-2.0893002	100.08279	53.701534	214.25652	-13.223028	-102.14399	25.723034	393.20294761657715	24.575184360146523
17	4425.8857	96.97005	4564.4043	4309.225	4879.2676	88.69083	5055.902	4774.199	1000.0	1000.0	84999	111.943436	57.883366	228.75124	-3.4230921	111.944016	57.878403	227.7925	-2.7534342	111.94295	57.88173	227.32419	-5.36444	-114.15865	27.972004	418.3434913158417	24.60844080588397
18	4670.1416	47.924995	4723.5806	4602.8086	4972.172	117.16339	5152.685	4705.097	1000.0	1000.0	89999	123.59475	61.609615	244.22978	-14.95999	123.59509	61.60502	243.17159	-13.219974	123.5941	61.60832	242.78279	-12.609234	-125.676575	29.610975	443.35652446746826	24.630918118688797
19	4184.323	731.56116	4837.984	2886.8123	5208.1436	114.97785	5409.253	5015.8667	1000.0	1000.0	94999	134.36124	65.16268	255.40773	-13.393015	134.36185	65.15811	254.93388	-13.703968	134.36124	65.16084	254.70267	-14.828531	-136.97209	31.781069	468.2388207912445	24.64414856308385
20	4678.622	63.952293	4747.0454	4577.59	5287.9307	92.66542	5405.7764	5068.16	1000.0	1000.0	99999	144.87454	68.5531	266.17484	-15.730285	144.87502	68.54912	264.92432	-14.562033	144.87425	68.55204	265.3419	-16.968513	-147.18283	33.898544	493.25545930862427	24.66277309656143
21	5005.516	127.78836	5207.37	4854.294	5341.644	85.77281	5502.1304	5177.2603	1000.0	1000.0	104999	155.13232	72.12232	277.45987	-28.95179	155.13275	72.11863	276.5575	-24.264643	155.13211	72.12198	275.91376	-25.951855	-157.5907	35.76547	517.9518103599548	24.664372012728737
22	5059.544	122.90948	5183.5933	4859.4043	5533.6025	78.47512	5655.2354	5399.845	1000.0	1000.0	109999	165.57225	75.287476	298.01944	-36.988415	165.57219	75.28485	297.44574	-31.96927	165.57237	75.28697	296.90814	-32.09104	-168.18492	38.507133	542.7611584663391	24.670961835167624
23	5141.441	135.75616	5392.627	4981.561	5716.9106	83.26744	5852.889	5551.3267	1000.0	1000.0	114999	175.22787	78.805	309.84296	-38.795315	175.22816	78.8013	306.2314	-38.052498	175.22784	78.80436	307.41644	-39.50129	-177.81593	40.083836	567.5553350448608	24.676318997922152
24	4859.0073	522.42365	5297.168	3836.62	5254.8438	134.99945	5470.344	4975.864	1000.0	1000.0	119999	185.23465	81.698235	316.90805	-46.01729	185.23524	81.69568	315.55606	-42.071808	185.23506	81.69796	315.99734	-39.137245	-187.9167	43.00395	592.5588302612305	24.689951330423355
25	5248.148	157.16975	5411.1807	4958.726	5327.87	578.096	5753.774	3649.9937	1000.0	1000.0	124999	193.93793	84.63345	327.10858	-47.128178	193.93822	84.62912	325.46698	-41.309013	193.93806	84.63232	326.2302	-43.395344	-196.21083	45.72328	617.2932736873627	24.69173104286194
26	5326.8447	37.93059	5367.058	5274.183	5929.173	193.02483	6070.15	5376.813	1000.0	1000.0	129999	203.67636	86.87044	334.23477	-61.016945	203.67674	86.8683	331.63254	-58.17409	203.67673	86.870255	333.56735	-57.844604	-206.3257	48.59791	642.3713934421539	24.706592119657078
27	5492.191	120.352684	5621.028	5329.697	5927.8457	64.56791	6069.5967	5830.2056	1000.0	1000.0	134999	212.83829	89.034744	345.86493	-61.194782	212.83885	89.03082	347.7386	-59.878056	212.83896	89.03305	346.23248	-56.827595	-215.825	50.19117	667.2919201850891	24.71451564188357
28	5560.169	139.82265	5734.2183	5362.093	6069.537	98.55488	6197.2324	5908.293	1000.0	1000.0	139999	221.98062	91.24334	357.50208	-63.40886	221.98077	91.23922	358.9361	-58.66047	221.98082	91.24271	357.02747	-56.060867	-224.26572	51.359425	691.9904878139496	24.713946061474935
29	5621.042	131.76468	5781.0137	5474.502	5970.662	56.276485	6047.3755	5846.1157	1000.0	1000.0	144999	230.79185	93.139946	367.8841	-69.297104	230.79106	93.13792	367.78314	-62.946266	230.79147	93.13857	368.26105	-59.79561	-233.10193	52.25592	716.9613018035889	24.722803584460554
30	5727.1045	145.70367	5871.559	5483.0415	6292.183	57.399506	6409.3394	6176.768	1000.0	1000.0	149999	239.69652	94.92339	375.66748	-79.705666	239.69646	94.91967	374.44922	-64.12279	239.69646	94.921165	375.54056	-65.997955	-242.3717	53.12364	741.9016349315643	24.7300545612971
31	5693.3794	52.53191	5784.6187	5623.6406	6247.3506	44.83807	6313.0063	6140.4883	1000.0	1000.0	154999	248.44374	96.39883	385.13998	-73.28228	248.4436	96.39544	383.94107	-79.382454	248.44377	96.397156	381.6239	-72.268776	-251.4365	53.98604	766.8243429660797	24.736269197156354
32	5875.6025	158.69362	6069.397	5670.7314	5922.128	123.576324	6060.769	5648.647	1000.0	1000.0	159999	256.21777	98.358154	393.62418	-76.6451	256.21793	98.35321	393.6593	-66.33351	256.21796	98.35527	391.14603	-73.864914	-259.2153	54.812126	791.6994435787201	24.740607663989067
33	5814.4053	141.81723	6056.2783	5670.122	6544.772	72.9933	6674.698	6399.9404	1000.0	1000.0	164999	264.3334	99.953415	404.4145	-69.6609	264.33356	99.95038	403.22855	-62.98502	264.33368	99.95057	402.2605	-59.757896	-267.03503	56.466812	816.7919919490814	24.751272533879135
34	5781.973	189.6858	5934.556	5418.64	6552.8525	113.02414	6805.587	6416.1494	1000.0	1000.0	169999	271.84283	101.39259	408.8803	-75.68212	271.8433	101.38915	408.13028	-69.17178	271.84314	101.389854	409.62405	-69.04703	-274.50827	56.371956	841.7785098552704	24.75819152242997
35	5823.243	42.88651	5863.361	5759.358	6383.6978	108.28688	6531.8755	6174.6357	1000.0	1000.0	174999	279.09055	102.87007	415.42114	-74.79301	279.09003	102.86782	417.21826	-71.271454	279.0902	102.86828	415.0503	-64.465775	-281.75052	58.135796	866.3754832744598	24.753585290908813
36	5869.182	65.42313	5945.835	5792.9404	6514.1055	92.17713	6719.6045	6398.917	1000.0	1000.0	179999	286.51767	104.17978	421.62308	-72.31845	286.51743	104.17659	419.57437	-77.33065	286.51764	104.17709	420.07654	-67.09592	-288.8119	58.457764	891.2279250621796	24.756331311331856
37	6003.91	189.62383	6215.7603	5679.108	6574.0835	68.408676	6739.9355	6484.589	1000.0	1000.0	184999	293.47635	105.31831	427.98096	-73.06798	293.47638	105.314705	427.76587	-75.673935	293.4766	105.31499	426.7019	-67.31831	-295.95203	60.7084	915.9724419116974	24.756012001553096
38	5941.003	93.29505	6086.633	5860.064	6841.949	119.61473	7154.242	6700.76	1000.0	1000.0	189999	300.3048	106.402466	432.0354	-85.63697	300.30466	106.398994	430.92728	-77.23633	300.305	106.39914	432.49353	-77.131935	-302.89227	61.054325	940.7694962024689	24.757092055521515
39	6060.1357	95.070946	6184.0977	5910.7603	6528.691	119.70153	6740.814	6331.6465	1000.0	1000.0	194999	306.89062	107.3009	436.1723	-90.442894	306.89062	107.29869	437.49728	-89.47269	306.89105	107.29871	436.78662	-94.311516	-309.84134	60.5073	965.8174402713776	24.764549805567814
40	6081.866	118.30105	6242.938	5936.2695	6709.3975	49.81033	6798.8467	6641.1553	1000.0	1000.0	199999	313.14594	108.33369	444.2152	-87.57958	313.14554	108.33079	445.31235	-81.56196	313.14548	108.33141	445.88516	-83.89253	-315.80374	61.61061	991.1087110042572	24.777717816829682
41	6061.2793	91.76461	6231.226	5959.5615	6693.6094	93.646904	6793.3423	6551.552	1000.0	1000.0	204999	319.01306	109.37997	450.00513	-94.60001	319.01257	109.378395	448.89163	-100.2848	319.01306	109.377426	449.64648	-95.3424	-321.4834	60.6675	1016.1942229270935	24.78522500177709
42	6166.4976	116.651405	6272.2393	5940.572	7104.0166	95.10664	7274.6206	6971.798	1000.0	1000.0	209999	325.4352	109.949265	453.98874	-111.52826	325.43564	109.9453	454.3647	-108.86327	325.43582	109.94624	454.9986	-107.77213	-328.3998	61.017006	1041.3050336837769	24.792977043560573
43	6258.7217	72.04025	6319.923	6117.6987	7054.0405	90.04596	7170.2915	6890.0015	1000.0	1000.0	214999	331.1864	110.84152	467.3145	-111.16299	331.18542	110.840385	465.9187	-106.93206	331.1862	110.839714	466.48416	-108.392624	-333.73108	61.749786	1066.2838985919952	24.797300017157266
44	6283.2666	113.9696	6414.0874	6107.537	6994.547	67.319466	7140.9536	6897.1274	1000.0	1000.0	219999	336.96048	111.56428	468.7729	-106.98952	336.96033	111.56111	468.55978	-97.88969	336.96008	111.56293	468.50006	-106.19625	-339.32965	61.267086	1091.2899267673492	24.80204383351586
45	6312.2275	151.8083	6562.702	6118.5986	6417.5156	138.91261	6727.2603	6257.795	1000.0	1000.0	224999	342.84726	112.1259	473.85797	-106.602234	342.84714	112.12353	474.83868	-105.85583	342.84714	112.12355	473.53815	-105.62339	-345.8591	61.535645	1116.3066291809082	24.806814029481675
46	6308.458	102.22204	6489.371	6206.764	6209.924	84.350716	6394.58	6050.305	1000.0	1000.0	229999	347.8776	113.26204	482.09766	-125.82553	347.8783	113.25833	481.0959	-110.70448	347.8781	113.25843	480.67404	-118.18904	-350.43372	63.125977	1141.2679302692413	24.81017243862152
47	6368.741	42.708233	6423.1226	6310.7134	6806.462	71.886345	6903.776	6705.568	1000.0	1000.0	234999	353.3864	113.99655	484.76038	-133.58546	353.38602	113.99409	484.57816	-132.15196	353.3863	113.99457	484.905	-120.78426	-356.10468	66.08632	1166.3086276054382	24.81507722874905
48	6391.5195	72.03713	6477.312	6307.9746	7189.841	184.67609	7416.695	6882.533	1000.0	1000.0	239999	357.73697	115.34339	487.4665	-122.89174	357.73642	115.340805	488.17273	-125.21716	357.73685	115.34119	489.3043	-132.69095	-360.5827	65.78061	1191.5758123397827	24.82449613014857
49	6445.738	98.41154	6630.2124	6362.2666	6801.2407	109.75336	7002.273	6600.629	1000.0	1000.0	244999	362.56293	116.19317	493.84106	-109.810265	362.5632	116.190834	493.14273	-110.82592	362.56308	116.190834	492.6012	-105.65276	-365.49915	65.42008	1216.7562873363495	24.831761000107747
50	6400.3154	132.93394	6659.5093	6302.144	7162.675	109.14544	7347.036	6961.6616	1000.0	1000.0	249999	367.2236	117.18798	502.94156	-108.57373	367.2229	117.18731	498.29233	-105.52566	367.22336	117.18604	500.89786	-114.003654	-370.09848	67.020164	1241.6673138141632	24.833346309661867
51	6436.6655	150.0913	6692.6797	6260.7886	7447.139	105.965706	7614.7065	7310.343	1000.0	1000.0	254999	371.63156	118.44862	510.63736	-132.30241	371.63123	118.44709	510.7613	-133.32538	371.63168	118.44607	511.61127	-131.86722	-374.07138	65.34961	1266.405531167984	24.831481040692797
52	6660.7095	148.01657	6878.338	6500.6216	7202.8467	56.466095	7250.205	7095.067	1000.0	1000.0	259999	375.70306	119.64178	514.18665	-153.45891	375.7028	119.64021	514.06274	-134.14891	375.7028	119.63903	512.6449	-136.3522	-378.05597	65.57215	1291.5080213546753	24.83669275045395
53	6542.702	86.773865	6676.2207	6435.987	6917.436	80.474976	7045.157	6766.5825	1000.0	1000.0	264999	380.13644	120.921074	518.231	-99.623505	380.13602	120.920074	516.53424	-97.536644	380.1366	120.91819	517.9186	-101.802345	-382.25186	66.05398	1316.526759147644	24.8401275715738
54	6563.725	154.24596	6786.686	6347.901	7196.875	137.61128	7420.7603	7015.6846	1000.0	1000.0	269999	384.02136	122.3099	519.3602	-113.39815	384.02103	122.30814	519.1305	-103.81636	384.0222	122.305885	518.2088	-109.821556	-386.14734	66.72579	1341.4558503627777	24.841775042039377
55	6610.423	227.44806	6895.377	6336.4917	6811.9087	91.01274	6957.0273	6659.0625	1000.0	1000.0	274999	387.64835	123.681946	521.97034	-116.54539	387.64777	123.68055	521.29297	-118.09984	387.64886	123.678345	522.2593	-128.59846	-390.33542	66.59929	1366.3147566318512	24.842086523229426
56	6608.0015	47.78522	6698.8257	6570.6196	6926.63	68.42313	7076.7812	6807.8833	1000.0	1000.0	279999	391.9444	123.98267	529.3699	-121.474724	391.94427	123.98036	528.49384	-119.74107	391.94495	123.97773	529.3257	-125.61267	-394.54126	66.42099	1391.305909872055	24.844748420374735
57	6610.233	127.48829	6799.041	6422.178	7523.1416	138.1987	7695.4224	7319.8574	1000.0	1000.0	284999	395.1951	125.275505	533.93176	-122.86374	395.19504	125.27388	536.1849	-122.400185	395.1966	125.26905	534.13196	-124.06968	-397.9309	69.01682	1416.123699426651	24.844275466182776
58	6620.328	144.66998	6818.877	6373.29	7606.224	54.401146	7670.077	7468.8423	1000.0	1000.0	289999	398.56314	126.317986	535.3206	-145.35426	398.56326	126.314964	535.4177	-139.4914	398.56567	126.30821	535.74414	-147.2349	-400.90033	67.727165	1441.032757282257	24.845392403931452
59	6789.8447	85.53076	6881.172	6641.3345	7492.693	97.36074	7643.699	7302.3027	1000.0	1000.0	294999	402.10196	126.833626	540.4575	-139.46034	402.1014	126.83267	539.08295	-136.84668	402.1028	126.8279	540.0492	-143.5947	-405.06052	67.85266	1465.9295802116394	24.84626410371166
60	6748.0063	86.34332	6886.511	6618.7554	7143.8994	87.3145	7335.126	6986.4717	1000.0	1000.0	299999	405.4842	127.456505	541.5357	-132.56895	405.48447	127.45378	541.3042	-132.35335	405.48608	127.4481	541.561	-125.59892	-407.50778	68.39061	1490.7392210960388	24.845653716723124
61	6766.448	121.9459	7005.519	6674.348	7032.745	98.878174	7200.9927	6911.629	1000.0	1000.0	304999	408.5327	128.46133	547.0225	-138.93144	408.5318	128.46152	543.18146	-136.06061	408.53293	128.45685	544.55194	-148.4195	-411.62683	68.53479	1515.7218480110168	24.847899178989596
62	6820.6743	99.2776	6989.174	6700.8354	7512.318	70.0025	7653.92	7400.4336	1000.0	1000.0	309999	411.81543	128.71498	547.6871	-152.53464	411.81482	128.71407	546.7227	-149.13736	411.81604	128.71074	547.4621	-142.2736	-414.55145	69.4454	1540.596736907959	24.84833449317563
63	6728.884	53.14132	6812.042	6660.4497	7271.2983	45.211353	7359.7847	7216.353	1000.0	1000.0	314999	415.11942	128.88187	549.89996	-137.5208	415.11942	128.87953	547.94965	-139.40523	415.11917	128.8805	549.53015	-138.53116	-417.60684	70.89061	1565.595710515976	24.850725594021025
64	6830.206	66.63112	6888.393	6743.0073	7235.4346	72.559235	7389.84	7120.8315	1000.0	1000.0	319999	417.97778	129.16891	551.06396	-148.92151	417.9775	129.16827	552.3238	-148.36668	417.97787	129.16803	552.4066	-141.34329	-420.8104	68.20497	1590.800404548645	24.85625635460019
65	6924.8857	99.977455	7033.248	6745.35	7895.9697	78.758545	8051.1636	7794.7275	1000.0	1000.0	324999	421.30603	129.00226	551.8172	-160.67279	421.3062	129.00055	553.82715	-162.16006	421.30585	129.00116	555.616	-169.72188	-423.5772	70.09849	1615.7715837955475	24.85802440276513
66	6841.315	92.7974	6953.722	6684.9414	7512.8228	100.728935	7644.75	7344.125	1000.0	1000.0	329999	423.89044	128.93959	557.5629	-142.78609	423.88995	128.9376	553.2383	-152.8292	423.88943	128.93962	556.4714	-174.17662	-426.38202	69.3291	1640.7241451740265	24.859456777572632
67	6968.4834	59.489548	7083.8228	6919.468	7396.021	78.703415	7530.841	7223.028	1000.0	1000.0	334999	427.0909	128.6725	555.33386	-133.03987	427.09045	128.67188	556.7174	-138.09897	427.09103	128.67072	556.5998	-145.59741	-429.60703	68.771126	1665.764080286026	24.86215048049813
68	6872.007	120.54624	7059.806	6699.809	7547.271	76.49057	7692.2773	7444.07	1000.0	1000.0	339999	429.79263	128.96228	558.9131	-149.3043	429.79288	128.9603	562.08374	-149.38312	429.7928	128.96088	560.06866	-138.43964	-431.98746	67.397385	1690.8543446063995	24.86550509228426
69	6842.0635	60.060574	6951.166	6787.2876	7795.2	111.78497	7954.808	7599.761	1000.0	1000.0	344999	432.80243	128.7502	563.41473	-153.8052	432.80252	128.74815	564.6082	-165.18253	432.80206	128.7491	562.8112	-159.03288	-434.87643	67.994934	1715.8121600151062	24.86684292641239
70	6878.8994	90.33133	7008.497	6725.8774	7928.7607	83.14542	8062.8994	7804.7036	1000.0	1000.0	349999	435.42365	128.58113	565.25793	-171.39421	435.42334	128.57968	564.8224	-165.81076	435.42343	128.57974	565.6555	-176.98993	-437.77655	69.62547	1740.719880580902	24.867426889283315
71	6975.4424	146.31152	7149.6704	6735.3784	6721.164	62.939056	6831.2686	6593.5557	1000.0	1000.0	354999	437.36087	129.1709	566.33594	-149.11473	437.3613	129.16754	567.53644	-149.74117	437.36118	129.16827	569.4623	-160.68616	-439.73615	69.93364	1765.6410069465637	24.86818322329454
72	6950.7773	93.55581	7078.7163	6814.74	7736.4834	54.22778	7825.394	7658.48	1000.0	1000.0	359999	439.9618	129.06366	567.6035	-168.33035	439.96194	129.06213	571.0169	-173.72191	439.96164	129.06235	570.0928	-174.95123	-442.49756	70.63706	1790.8787169456482	24.873315542936325
73	6996.078	104.753975	7093.554	6804.5605	7095.013	66.141655	7200.3853	6962.8584	1000.0	1000.0	364999	442.4542	129.1443	569.7807	-171.54703	442.45438	129.14082	570.9308	-187.5243	442.45377	129.14284	569.87744	-173.0846	-445.0422	70.91545	1816.062621831894	24.877570188208804
74	7129.591	75.94287	7214.1514	7002.7847	7187.507	58.01098	7271.909	7088.2407	1000.0	1000.0	369999	445.02097	129.0194	573.23676	-167.28697	445.02045	129.0187	575.56647	-199.54147	445.0206	129.01822	574.0884	-175.85997	-447.7531	70.13651	1841.2826194763184	24.882197583043897
75	7004.9834	51.694363	7069.8813	6942.988	7872.8296	89.558975	8090.4077	7765.2363	1000.0	1000.0	374999	447.3867	129.04535	574.48175	-174.56152	447.3871	129.04301	576.9159	-173.3171	447.3869	129.04303	576.5128	-170.97107	-449.586	69.60073	1866.281622171402	24.883754987716674
76	7122.9155	83.31948	7214.1606	7016.4146	7839.384	107.48332	8026.808	7654.1704	1000.0	1000.0	379999	449.60605	129.02275	578.50714	-171.63277	449.60605	129.0213	579.1234	-187.14967	449.60602	129.0219	578.5936	-171.7323	-452.1325	69.51324	1891.4831042289734	24.887935607056868
77	7034.707	56.58443	7092.788	6926.8936	6818.225	103.86803	7029.176	6684.141	1000.0	1000.0	384999	452.1944	128.7073	575.9802	-193.61519	452.19424	128.70671	578.8406	-179.17204	452.19397	128.70679	578.4355	-199.35034	-454.8573	70.298256	1916.4283201694489	24.888679507490878
78	7057.3545	159.68297	7285.9595	6865.446	7728.5547	110.90881	7928.804	7511.0933	1000.0	1000.0	389999	454.2013	128.65585	580.4643	-170.5538	454.20068	128.65567	583.2124	-161.11877	454.20023	128.65703	584.609	-164.686	-456.27826	68.756065	1941.4150955677032	24.8899371501727
79	7184.6313	48.56697	7240.511	7118.63	7906.0405	75.28902	7987.323	7720.36	1000.0	1000.0	394999	456.65686	128.29736	580.8447	-164.14604	456.6568	128.2953	579.4263	-164.40067	456.6573	128.296	580.6765	-157.42639	-459.16986	67.51403	1966.1603999137878	24.88810635518424
80	7170.282	160.63017	7453.927	6959.035	7798.3257	100.69783	7988.9185	7686.7617	1000.0	1000.0	399999	458.79596	128.29883	580.29285	-170.41751	458.79565	128.29729	583.5088	-170.23	458.7952	128.29805	580.0483	-163.84415	-461.3969	68.5954	1991.253659248352	24.89067076444626
81	7123.1943	53.97753	7202.215	7039.232	8008.5117	60.01117	8106.0317	7902.1187	1000.0	1000.0	404999	460.74173	127.90513	582.7171	-166.08876	460.74176	127.90379	584.7562	-171.56439	460.74173	127.90453	582.16907	-153.28737	-463.0457	69.54457	2016.1702082157135	24.890990251376305
82	7078.9287	192.44951	7267.386	6761.4287	7642.9854	83.43587	7866.2954	7552.0957	1000.0	1000.0	409999	463.1772	127.20752	586.4207	-156.2604	463.1771	127.20655	586.1536	-162.80081	463.1769	127.20682	587.23364	-161.46228	-465.8728	68.645134	2041.279596567154	24.893653639932957
83	7191.151	79.94988	7320.7197	7105.6313	8081.124	106.94782	8248.853	7858.363	1000.0	1000.0	414999	465.0589	127.11265	587.6941	-165.25803	465.05884	127.11103	590.9533	-156.95648	465.0588	127.11242	588.53186	-173.8941	-467.46585	70.23579	2066.089603662491	24.892645853111542
84	7249.1787	114.576256	7398.8867	7051.7095	7550.2446	49.97672	7620.9814	7453.9976	1000.0	1000.0	419999	466.8682	127.258736	588.50385	-176.41544	466.86813	127.25707	587.81885	-170.34741	466.86813	127.25697	586.94904	-167.75298	-469.0889	69.37381	2091.14085149765	24.894533971945446
85	7151.5127	123.06701	7389.5073	7055.7393	7899.161	64.65001	8041.2593	7811.321	1000.0	1000.0	424999	468.64697	127.02756	593.9402	-189.30545	468.64664	127.02767	594.4027	-180.81213	468.64664	127.02804	593.8917	-179.17183	-471.13635	69.52739	2116.0678408145905	24.894915796728696
86	7277.425	93.08227	7434.0576	7179.554	7990.6924	85.35027	8137.4805	7865.2334	1000.0	1000.0	429999	470.44897	127.05198	598.85815	-183.68764	470.44867	127.05129	598.07263	-187.27142	470.4489	127.0512	596.6324	-176.03496	-473.0024	70.79848	2141.2083265781403	24.897771258686863
87	7209.7812	156.40862	7379.482	6922.663	7832.909	45.224968	7907.2397	7768.799	1000.0	1000.0	434999	472.37393	126.44561	596.42505	-189.24261	472.3735	126.44512	596.7848	-186.33936	472.37326	126.445946	595.09106	-181.36047	-474.53168	72.09424	2166.247885465622	24.899401001546575
88	7231.4873	106.9981	7395.759	7087.039	7895.3047	74.704414	8030.253	7756.157	1000.0	1000.0	439999	474.36014	125.71905	597.805	-164.17358	474.36057	125.71847	597.128	-155.87022	474.3598	125.720436	598.5599	-168.19751	-476.83472	70.9313	2191.265335559845	24.900742473927412
89	7260.997	63.549572	7346.269	7158.3594	7799.1704	583.4338	8045.435	6058.424	1000.0	1000.0	444999	476.40472	124.91287	598.2977	-142.56662	476.40448	124.91165	598.271	-137.81487	476.40442	124.91246	597.8094	-146.46982	-478.40097	70.71714	2216.231772661209	24.901480615808723
90	7223.5835	118.03988	7327.1646	7004.8906	8141.7314	77.39598	8227.647	7984.575	1000.0	1000.0	449999	478.1913	124.58143	596.3593	-170.3795	478.19098	124.58117	599.15515	-157.76752	478.19064	124.581184	596.52844	-177.775	-480.22174	71.82597	2241.000474691391	24.90000529554155
91	7343.9155	136.3513	7500.1367	7097.6084	7591.0845	83.34811	7733.503	7461.296	1000.0	1000.0	454999	479.53043	124.81557	598.15735	-148.56369	479.52985	124.81578	600.54987	-157.03519	479.52966	124.81602	600.1848	-163.9191	-481.675	70.54811	2266.07288980484	24.901899911545136
92	7397.2803	76.72618	7518.6646	7305.4287	8141.702	56.89513	8232.319	8048.857	1000.0	1000.0	459999	481.6905	123.58805	601.24304	-146.29478	481.69058	123.58661	599.6679	-143.78069	481.68973	123.587685	601.19324	-139.01784	-483.96442	70.08104	2291.319228887558	24.905643815579623
93	7427.9883	92.22104	7555.869	7300.5596	8051.681	99.67092	8202.67	7875.2163	1000.0	1000.0	464999	482.9824	124.132126	604.77423	-150.42146	482.98215	124.13035	604.2804	-185.54926	482.98248	124.13154	601.5391	-156.05609	-485.21936	70.58474	2316.1030673980713	24.90433408111654
94	7349.7944	132.6017	7528.6694	7140.312	7748.8374	82.75063	7844.989	7554.2607	1000.0	1000.0	469999	485.04175	123.30435	605.1199	-151.52132	485.04163	123.3033	607.1022	-151.51587	485.04074	123.304955	606.36237	-148.37059	-486.98865	72.439606	2341.1194689273834	24.905526285475872
95	7404.8506	92.49145	7513.1445	7253.0103	8203.236	67.72351	8330.84	8075.6597	1000.0	1000.0	474999	487.18265	122.23372	604.2062	-148.27592	487.18292	122.2318	604.79114	-151.55568	487.18262	122.2342	606.98596	-155.59247	-489.81784	70.56564	2366.044782400131	24.90573457667702
96	7387.6187	52.619247	7459.863	7314.9766	7749.55	76.294205	7850.6177	7603.8496	1000.0	1000.0	479999	488.32388	122.54268	604.8851	-175.8202	488.32306	122.5423	606.735	-169.04884	488.3229	122.54471	605.26227	-158.31169	-490.18936	71.90686	2390.9646379947662	24.905881668130558
97	7401.8853	63.628696	7507.1294	7316.317	7796.772	82.84936	7934.6113	7687.3394	1000.0	1000.0	484999	489.84573	122.599495	607.81586	-156.81238	489.84592	122.59899	611.12274	-158.62859	489.84537	122.59983	608.8397	-148.99709	-492.05548	73.12488	2415.9034485816956	24.906221141520234
98	7413.5767	119.72952	7491.096	7177.7007	8151.3735	85.129745	8287.877	7984.5664	1000.0	1000.0	489999	491.46036	122.48606	608.5537	-121.58044	491.46033	122.48416	609.25684	-141.86049	491.45996	122.48541	609.8408	-143.12158	-493.6937	74.503105	2440.9430050849915	24.90758170400347
99	7427.788	113.358765	7580.0635	7295.509	8009.7275	77.69928	8123.886	7852.7593	1000.0	1000.0	494999	493.1305	121.70737	609.6944	-152.18347	493.13037	121.706696	611.1805	-158.12398	493.1305	121.70758	611.09296	-152.75336	-495.23645	74.305336	2465.9360015392303	24.908444481666642
100	7537.2354	78.216385	7675.984	7471.436	8093.3486	94.533714	8297.351	7952.549	1000.0	1000.0	499999	495.1066	121.06803	611.5452	-167.67073	495.10648	121.06789	610.4747	-169.4228	495.1057	121.069786	614.5382	-141.0375	-497.5305	73.93195	2491.077344417572	24.910773463249207
101	7538.4336	46.938385	7602.869	7475.8057	8443.479	81.1707	8587.304	8307.599	1000.0	1000.0	504999	496.29868	121.12335	614.4815	-140.24734	496.29855	121.12082	614.60706	-138.29512	496.29877	121.12352	613.68164	-144.73529	-498.694	74.50717	2516.190963745117	24.912781840503804
102	7490.22	140.48465	7755.106	7352.4077	8351.826	84.04362	8486.939	8200.289	1000.0	1000.0	509999	497.92004	121.027596	614.2084	-129.0853	497.91983	121.02635	615.91125	-124.89917	497.91898	121.026794	614.0701	-130.02798	-499.99567	74.726654	2541.1380734443665	24.913118385801127
103	7512.806	117.25354	7681.48	7358.8374	8392.732	60.374622	8490.15	8278.6875	1000.0	1000.0	514999	499.2764	120.98195	616.6048	-121.180374	499.27625	120.98197	615.65466	-135.44104	499.27615	120.98466	616.26465	-128.04173	-501.6591	75.55057	2566.082357406616	24.913420961898506
104	7626.0547	85.51557	7724.9785	7473.4956	8448.761	75.579475	8564.521	8323.812	1000.0	1000.0	519999	501.2847	120.59613	616.73413	-127.45348	501.28467	120.594086	616.4185	-121.824295	501.28442	120.59479	617.9855	-120.961006	-503.49338	74.08346	2591.2593829631805	24.91595562375509
105	7521.0884	66.96067	7627.033	7419.1455	7908.964	70.364655	8005.57	7776.6245	1000.0	1000.0	524999	502.8474	120.40574	616.5207	-141.07024	502.8476	120.40351	615.74097	-149.01593	502.84784	120.40438	619.21545	-140.01184	-504.70963	75.42859	2616.4849767684937	24.918904558817545
106	7581.004	74.51846	7696.459	7467.2617	7976.931	119.97852	8137.9614	7756.959	1000.0	1000.0	529999	504.2921	120.3595	622.51904	-149.99557	504.292	120.358215	621.7407	-145.22493	504.29187	120.35937	621.04425	-156.80435	-506.42862	77.7078	2641.524803161621	24.920045328590106
107	7699.474	206.43834	7919.9414	7426.8096	8155.008	39.404537	8227.747	8090.5747	1000.0	1000.0	534999	505.71753	120.210335	623.3177	-149.03107	505.71674	120.21043	620.4877	-149.10066	505.71628	120.213486	622.53656	-146.90213	-508.25186	76.89807	2666.483892917633	24.920410229780963
108	7726.8267	86.77419	7858.8315	7631.839	8434.087	50.246307	8512.861	8356.283	1000.0	1000.0	539999	507.80945	119.46498	623.8124	-211.57838	507.80914	119.46397	623.9593	-199.88739	507.80832	119.46612	624.28375	-199.50604	-510.3496	76.903534	2691.442873477936	24.92076736467856
109	7695.3564	51.27313	7785.3823	7630.554	8278.02	39.950123	8385.424	8238.704	1000.0	1000.0	544999	508.9669	119.83949	624.1398	-217.8085	508.96725	119.83836	624.58496	-229.67674	508.9672	119.839	623.57434	-209.47499	-511.4302	78.79599	2716.396391391754	24.921067830619464
110	7679.4336	136.8944	7852.53	7452.4634	8440.132	64.9215	8579.879	8357.406	1000.0	1000.0	549999	510.62097	119.41716	626.2495	-185.00224	510.62094	119.415886	624.7235	-201.6276	510.6208	119.41626	625.13196	-218.72797	-512.95013	77.32158	2741.5566987991333	24.92324273369529
111	7595.468	159.74583	7739.768	7294.821	8616.846	124.13692	8818.961	8429.4375	1000.0	1000.0	554999	511.98566	119.273674	627.54114	-206.82767	511.98523	119.27402	627.57074	-204.27048	511.98474	119.2764	629.4076	-215.59409	-514.30304	78.52966	2766.248692035675	24.92115940704002
112	7707.21	177.02386	7962.844	7432.7275	8280.576	55.716984	8350.79	8170.0366	1000.0	1000.0	559999	513.6463	118.90568	629.2003	-214.23267	513.6462	118.90603	629.3992	-221.54254	513.6452	118.91036	630.1756	-220.60915	-515.6937	77.47006	2791.2983679771423	24.92230687396867
113	7788.3623	173.92447	8082.205	7560.384	8358.954	81.17183	8510.651	8241.497	1000.0	1000.0	564999	514.95654	119.13839	630.64764	-178.63113	514.9565	119.13706	630.53906	-182.13263	514.9549	119.14279	631.3461	-186.6198	-517.10645	77.4812	2816.327005147934	24.92324785215665
114	7820.077	165.01921	8089.815	7651.606	8232.522	102.79733	8441.635	8107.66	1000.0	1000.0	569999	516.61206	118.6996	633.76904	-177.72183	516.61273	118.69681	632.44775	-166.24553	516.6116	118.70112	632.2288	-166.07373	-519.55164	79.61903	2841.5493383407593	24.925871407776548
115	7880.4634	99.349594	8021.4907	7710.4053	8716.896	134.10655	8857.727	8451.693	1000.0	1000.0	574999	517.99335	118.66885	634.8299	-167.16142	517.99286	118.66799	635.84735	-165.43944	517.9933	118.66771	636.4808	-163.87047	-519.81946	79.20355	2866.3266081809998	24.924579220232758
116	7747.0107	98.696686	7887.1733	7594.3945	8290.519	106.25699	8509.604	8166.022	1000.0	1000.0	579999	519.512	118.72278	638.9724	-184.56322	519.5122	118.72002	638.94653	-190.4254	519.5119	118.72052	640.547	-194.8785	-521.6043	80.943245	2891.382535457611	24.925711529008275
117	7937.501	46.98581	7995.4126	7863.076	8538.462	45.25662	8611.041	8467.334	1000.0	1000.0	584999	520.40356	119.251595	641.80347	-174.82907	520.4033	119.25075	641.6177	-223.25897	520.4029	119.2533	641.4961	-202.22029	-522.28204	82.05253	2916.2332203388214	24.92507027560829
118	7929.142	119.83147	8147.613	7806.1606	8590.615	80.50072	8716.862	8452.599	1000.0	1000.0	589999	522.02374	119.267166	643.405	-150.56874	522.0233	119.266174	643.3769	-161.00854	522.0236	119.266975	643.10956	-170.11319	-524.7502	81.30863	2941.409910440445	24.927202644994704
119	7908.483	63.351593	8006.5005	7816.793	8505.416	74.640495	8641.705	8403.091	1000.0	1000.0	594999	523.36017	119.595276	645.4266	-176.29047	523.35986	119.593216	646.48566	-173.93645	523.36005	119.59362	646.5006	-176.45206	-525.66626	84.82687	2966.52836227417	24.928809785041487
120	7956.9595	126.98038	8078.7134	7798.8594	8688.349	50.088356	8783.772	8607.455	1000.0	1000.0	599999	524.99274	119.36071	647.82074	-165.7764	524.99255	119.35921	648.13495	-167.3567	524.99304	119.358734	648.6281	-166.02641	-527.56433	82.70338	2991.4054415225983	24.928378695249556
121	7944.669	253.61874	8299.328	7694.833	8535.088	108.32856	8691.351	8336.98	1000.0	1000.0	604999	526.30524	119.74001	648.2137	-154.35358	526.30524	119.738686	649.00446	-186.6163	526.30566	119.73757	648.5139	-170.92848	-528.69794	86.64628	3016.3527960777283	24.928535520537825
122	7997.779	77.60998	8079.361	7873.5723	8684.452	91.89684	8850.207	8562.359	1000.0	1000.0	609999	527.24493	120.587524	650.39374	-178.26709	527.2452	120.58568	649.28613	-153.91734	527.24457	120.58484	649.2784	-167.578	-530.11523	87.69451	3041.380940914154	24.929351990340187
123	8138.202	180.46078	8435.992	7883.9727	8925.72	55.48791	9001.385	8810.303	1000.0	1000.0	614999	529.4166	119.446526	650.14246	-157.46136	529.4165	119.44413	650.5167	-147.16727	529.41675	119.44495	648.8519	-139.5033	-532.35126	86.15649	3066.2487127780914	24.928851342782743
124	8053.2485	100.7043	8192.417	7934.3467	8855.325	112.43109	8995.985	8652.657	1000.0	1000.0	619999	530.83844	119.836266	654.2664	-142.86363	530.83826	119.83505	650.9056	-136.62723	530.8376	119.83672	652.2741	-148.39073	-533.1874	86.82328	3091.1593050956726	24.92870408681131
125	8032.587	153.76497	8246.694	7792.5503	8523.359	119.89979	8721.065	8282.341	1000.0	1000.0	624999	532.2852	119.861755	652.5438	-164.85004	532.2849	119.86088	653.4523	-171.68047	532.28534	119.86155	652.5199	-171.44933	-535.2971	90.4872	3116.243819952011	24.92995057296753
126	8079.443	162.75957	8392.236	7934.0713	8903.504	66.61088	9024.738	8785.817	1000.0	1000.0	629999	533.64996	119.683395	656.5453	-170.24748	533.64996	119.68467	655.4246	-159.53401	533.64984	119.68401	659.9444	-151.13707	-535.9132	85.58758	3141.006242275238	24.928620987468296
127	8118.7393	133.03427	8268.587	7895.979	8803.481	131.39697	8989.481	8626.386	1000.0	1000.0	634999	535.30524	119.800186	659.4087	-170.21657	535.30536	119.796326	661.90063	-148.64513	535.3048	119.7986	662.2174	-155.22644	-537.196	90.21425	3165.7937338352203	24.92750973025645
128	8125.875	166.15556	8319.11	7826.102	8905.164	108.89441	9083.371	8699.662	1000.0	1000.0	639999	536.48584	120.2117	665.2062	-184.62178	536.48584	120.209854	663.94934	-181.48488	536.4863	120.20943	664.1352	-158.58247	-539.0199	89.015335	3190.751356124878	24.927744986489415
129	8239.646	112.2039	8370.81	8075.394	9021.021	63.637314	9099.876	8921.325	1000.0	1000.0	644999	538.1041	120.06986	670.04645	-148.10219	538.105	120.064354	674.0284	-144.46532	538.10394	120.068146	675.10333	-165.407	-541.1556	90.79611	3215.619777917862	24.927285113075907
130	8334.288	90.62726	8471.488	8218.341	9145.744	111.98884	9371.7705	9020.946	1000.0	1000.0	649999	539.65924	119.84386	671.09375	-173.13591	539.6589	119.843575	672.50964	-157.64784	539.6591	119.84494	670.9429	-172.91446	-542.6228	91.33413	3240.6710844039917	24.928239125471848
131	8295.068	105.97856	8428.139	8114.2393	9281.867	82.728905	9417.66	9177.1	1000.0	1000.0	654999	540.74426	120.04139	673.72595	-181.49951	540.74396	120.041466	674.8057	-192.11928	540.74384	120.04241	674.3638	-195.3543	-543.3693	92.495026	3265.455092191696	24.927138124713462
132	8216.447	98.876816	8353.349	8094.7725	8868.428	81.18364	8948.206	8726.643	1000.0	1000.0	659999	542.1979	119.50526	674.919	-186.39882	542.1978	119.50455	677.874	-177.33905	542.1985	119.50285	677.6745	-187.72554	-544.5454	91.6817	3290.562567949295	24.928504317095786
133	8304.74	97.005806	8429.199	8184.0723	9020.315	71.56971	9134.208	8867.08	1000.0	1000.0	664999	543.44586	120.23108	679.4803	-194.99522	543.4468	120.22733	676.8045	-210.23352	543.44604	120.22931	680.33386	-208.89392	-546.04395	91.74719	3315.4514939785004	24.928206734191207
134	8257.318	201.92279	8487.037	7894.328	8818.345	84.020355	8912.016	8620.257	1000.0	1000.0	669999	544.5467	120.54016	675.5784	-155.26361	544.5459	120.5392	678.74615	-152.55789	544.54706	120.53678	677.85004	-178.7005	-547.1033	92.19225	3340.3010540008545	24.927619821989715
135	8360.9	183.05405	8697.89	8151.738	9183.534	80.02804	9335.096	9057.115	1000.0	1000.0	674999	546.2262	120.45063	679.0868	-142.8323	546.2264	120.44869	678.9257	-133.2708	546.2258	120.45058	677.0175	-150.06728	-548.5526	94.29492	3365.115282058716	24.926779881230107
136	8344.287	87.70008	8480.546	8249.165	9243.422	106.78976	9417.669	9032.384	1000.0	1000.0	679999	547.7647	119.9116	681.9538	-162.88527	547.7647	119.912155	681.25275	-155.82153	547.7645	119.91261	682.3673	-183.29732	-550.25665	92.53932	3390.1547622680664	24.927608561866425
137	8415.709	90.202385	8535.28	8302.247	8840.338	100.974174	9012.093	8674.86	1000.0	1000.0	684999	549.11066	120.11603	681.3545	-152.18767	549.10986	120.11376	681.7516	-187.28984	549.11096	120.112885	684.39136	-148.44054	-551.71606	93.38661	3415.4963603019714	24.930630379349648
138	8353.928	133.61829	8540.676	8145.454	9129.874	37.3726	9193.438	9085.733	1000.0	1000.0	689999	550.441	120.41273	680.7907	-144.48729	550.44165	120.410225	683.9274	-161.90434	550.44135	120.40994	681.2868	-154.43518	-553.1902	93.4842	3440.097254753113	24.928240988565527
139	8358.07	73.48001	8452.012	8247.849	9183.088	93.839775	9264.638	8956.093	1000.0	1000.0	694999	551.5267	120.86727	683.73224	-165.27165	551.5262	120.86701	683.1496	-184.29282	551.5265	120.86632	684.1741	-173.4409	-554.51794	96.526184	3465.062436580658	24.928506751712277
140	8424.744	172.09987	8687.462	8247.144	9301.453	114.37642	9438.929	9133.301	1000.0	1000.0	699999	553.03394	120.77384	687.0057	-159.82118	553.0344	120.77067	686.2236	-162.31917	553.0344	120.7722	685.61743	-164.27675	-556.0921	97.37431	3489.8811490535736	24.92772250856672
141	8373.515	192.85019	8596.11	8034.2783	9218.584	47.771782	9278.772	9149.922	1000.0	1000.0	704999	554.31714	120.472565	684.0948	-232.64499	554.31683	120.470535	686.42267	-235.59724	554.31726	120.47015	686.97687	-334.7513	-556.88464	95.836525	3514.904067993164	24.928397658868885
142	8502.148	72.79222	8645.952	8452.273	9119.655	73.4672	9216.94	8971.162	1000.0	1000.0	709999	555.4657	120.99645	685.28534	-177.67325	555.4659	120.995415	686.534	-229.38193	555.4661	120.995224	687.31464	-196.34126	-558.3128	96.70968	3539.8868844509125	24.92878088984691
143	8330.072	121.22428	8488.559	8114.9185	9152.484	56.102745	9257.327	9072.154	1000.0	1000.0	714999	557.1045	120.48267	690.1273	-188.56096	557.10443	120.48154	687.4832	-211.56712	557.1049	120.48119	688.7759	-193.97452	-560.26	94.69619	3564.9181830883026	24.929497797172385
144	8570.226	110.06678	8785.49	8489.34	9083.836	45.171394	9149.162	9010.705	1000.0	1000.0	719999	558.4779	120.58607	691.2473	-185.25754	558.4785	120.58384	691.2695	-191.81802	558.4783	120.585	690.1919	-189.65869	-561.07336	97.25828	3589.8429975509644	24.929465274016064
145	8450.469	169.70007	8637.541	8143.294	9398.272	66.309814	9491.712	9288.797	1000.0	1000.0	724999	559.60895	121.11297	693.10364	-168.06137	559.6084	121.11236	692.18384	-180.63176	559.6084	121.11248	693.1796	-190.45413	-562.64215	99.9015	3614.8381612300873	24.92991836482081
146	8507.6	112.68776	8673.561	8344.497	9458.273	67.166306	9561.291	9320.847	1000.0	1000.0	729999	560.6977	121.517235	702.6423	-204.47672	560.6979	121.51188	697.1731	-179.78784	560.6978	121.51505	696.55646	-187.80203	-563.29645	102.25286	3639.771595478058	24.929942459276276
147	8483.103	104.7089	8617.4795	8343.368	9329.836	105.85154	9484.721	9133.142	1000.0	1000.0	734999	561.65784	122.48655	700.9544	-179.2899	561.65814	122.48469	699.039	-205.1285	561.658	122.4855	699.0762	-188.84969	-564.91754	105.56994	3664.570595741272	24.9290516830626
148	8681.678	96.27835	8855.041	8562.697	9250.225	61.42584	9312.995	9123.036	1000.0	1000.0	739999	562.83954	122.094765	696.2663	-191.58887	562.83875	122.09614	697.81165	-187.61295	562.8388	122.095856	697.9671	-178.1911	-565.6695	103.89068	3689.417038679123	24.928493515865224
149	8530.309	202.45923	8753.238	8200.575	9161.861	106.56919	9295.058	8948.792	1000.0	1000.0	744999	563.90155	122.737305	699.49866	-214.04407	563.90106	122.735565	702.0266	-179.45793	563.90137	122.73726	700.2575	-177.34914	-566.0877	104.752716	3714.5376455783844	24.92978287063189
150	8559.062	66.05838	8619.68	8473.676	9005.631	85.853714	9112.531	8863.548	1000.0	1000.0	749999	565.29047	121.85519	702.4508	-185.97281	565.29047	121.85569	700.47406	-181.1925	565.29065	121.85546	701.4224	-194.6017	-568.26953	103.4287	3739.1238055229187	24.92749204794566
151	8575.003	102.14368	8677.536	8424.349	9659.981	110.43316	9839.11	9494.739	1000.0	1000.0	754999	566.37445	122.076515	705.1715	-172.23817	566.3744	122.07527	703.08356	-184.47398	566.37494	122.07508	704.8623	-195.70482	-569.3534	102.580956	3764.1431741714478	24.92810050541202
152	8652.725	160.24751	8952.018	8506.36	9387.783	125.1686	9587.165	9090.488	1000.0	1000.0	759999	568.04803	121.68761	704.79834	-200.82869	568.04816	121.68807	702.3958	-190.43593	568.0483	121.687	706.22943	-208.64796	-570.9004	103.43487	3789.121536254883	24.928431173688487
153	8607.477	82.06253	8715.646	8507.834	9509.49	93.36654	9667.778	9390.328	1000.0	1000.0	764999	569.0291	122.44293	705.7815	-221.53734	569.0289	122.442566	703.73157	-245.4669	569.02844	122.44486	705.27966	-240.20102	-571.9768	104.40522	3813.907969236374	24.92750308092903
154	8706.044	90.90508	8873.13	8603.467	9369.015	83.97752	9571.844	9261.155	1000.0	1000.0	769999	569.7686	123.11272	710.33044	-257.68753	569.76953	123.10891	708.76465	-287.96222	569.7691	123.11297	707.5435	-241.58287	-572.3136	104.93579	3838.7550523281097	24.92698087165882
155	8580.8125	140.55171	8720.382	8348.688	9520.306	123.49837	9689.369	9308.418	1000.0	1000.0	774999	571.4494	122.6013	711.4226	-256.63364	571.44916	122.600975	710.6228	-253.42697	571.4493	122.6	711.9348	-267.04245	-574.1659	107.3626	3863.8469576835632	24.928044899048345
156	8648.404	107.41721	8763.367	8481.324	8902.87	246.7049	9241.594	8467.563	1000.0	1000.0	779999	572.39667	122.63415	712.2365	-285.98862	572.39636	122.63429	709.5075	-272.8673	572.39606	122.63703	711.76294	-273.94006	-575.1769	107.44911	3888.754240989685	24.927911813442524
157	8676.24	149.26785	8920.251	8509.466	9661.105	116.3685	9837.157	9444.342	1000.0	1000.0	784999	573.28284	122.854744	712.7021	-254.94128	573.2821	122.855644	710.40857	-271.19022	573.28314	122.85354	711.01154	-261.74023	-575.84595	105.32697	3913.7129039764404	24.928107680788465
158	8683.294	114.89519	8835.844	8499.713	9431.9795	121.64874	9605.189	9210.057	1000.0	1000.0	789999	574.46405	122.90847	714.6747	-264.1933	574.46423	122.90837	714.27435	-238.05128	574.4643	122.90915	712.9685	-246.55064	-577.91925	104.32897	3938.744095802307	24.928760115104385
159	8633.292	242.50356	8899.455	8203.547	9455.686	68.364136	9557.632	9329.76	1000.0	1000.0	794999	575.72894	122.73537	715.99756	-270.7379	575.729	122.734505	716.8421	-238.6829	575.72906	122.7359	714.7554	-255.8056	-578.5699	104.14099	3963.7213037014008	24.929064815149367
160	8661.045	141.02248	8925.651	8536.643	9388.877	76.360016	9525.172	9218.047	1000.0	1000.0	799999	576.8475	122.90347	718.79877	-245.23265	576.84766	122.902794	718.46387	-254.1375	576.847	122.9054	719.7871	-250.96251	-579.569	109.299324	3988.6152670383453	24.928845432400703
161	8785.613	145.88254	8918.84	8551.693	9527.959	52.91465	9608.602	9434.047	1000.0	1000.0	804999	578.00635	122.484856	719.7758	-209.08524	578.0061	122.483406	719.4479	-222.03319	578.00635	122.48293	720.48694	-233.19142	-580.6156	108.8356	4013.719476222992	24.929934648253163
162	8818.422	87.58114	8927.608	8663.382	9480.078	94.06637	9677.88	9359.165	1000.0	1000.0	809999	578.9948	123.00599	718.5623	-232.62424	578.9947	123.004196	718.7763	-217.96968	578.9942	123.00706	718.7468	-230.69096	-581.9234	109.05228	4038.6707515716553	24.930066380971745
163	8796.973	195.80583	9082.746	8557.266	8467.881	83.2228	8624.123	8349.661	1000.0	1000.0	814999	580.8686	122.575096	722.0334	-206.59499	580.86914	122.57187	719.84344	-187.53273	580.869	122.57525	719.1155	-220.70844	-583.92773	107.44505	4063.7457218170166	24.93095536027218
164	8754.427	146.46179	8946.139	8509.337	9853.924	101.16822	10005.559	9726.217	1000.0	1000.0	819999	582.0219	122.618225	725.4116	-168.97789	582.02234	122.61687	723.07007	-170.04639	582.0222	122.617805	727.1774	-189.26102	-585.1442	106.023315	4088.825058698654	24.931860124192585
165	8893.992	116.71253	8976.273	8668.41	9787.306	69.2985	9916.47	9677.113	1000.0	1000.0	824999	583.28455	122.579605	723.3366	-216.43309	583.28467	122.57765	721.4101	-206.92209	583.28485	122.5771	724.3951	-197.47464	-586.4671	114.3783	4113.952560901642	24.933045836650965
166	8731.791	126.58788	8873.182	8558.76	9768.664	111.08412	9923.398	9560.103	1000.0	1000.0	829999	584.39526	123.64821	725.1284	-198.75519	584.3949	123.64682	726.5551	-200.35226	584.3957	123.647125	727.22034	-207.3125	-587.0414	114.34305	4138.803659915924	24.932552178222014
167	8889.286	93.01287	8954.695	8710.6	9156.49	64.2139	9245.251	9011.173	1000.0	1000.0	834999	585.59814	123.69338	733.31195	-188.33646	585.59766	123.69239	731.97144	-187.51627	585.59735	123.692154	733.46075	-182.23888	-588.3418	115.169624	4163.665766477585	24.932130351038037
168	8837.128	112.34398	9002.136	8686.832	9685.405	95.75254	9847.987	9543.214	1000.0	1000.0	839999	586.86224	122.651405	730.7467	-199.74852	586.8622	122.650505	730.90985	-213.76039	586.8616	122.654625	728.4769	-238.11494	-589.87317	114.203316	4188.716649055481	24.93283720811208
169	8738.895	137.1802	8907.535	8570.044	9009.964	120.35567	9216.31	8790.433	1000.0	1000.0	844999	588.0829	123.27758	735.95483	-196.06238	588.0826	123.28035	730.319	-186.12328	588.08276	123.28005	731.0052	-201.27309	-591.36584	114.28961	4213.770278930664	24.933551964675182
170	8790.044	102.635735	8962.638	8673.153	9679.32	88.33177	9802.368	9535.531	1000.0	1000.0	849999	588.94324	123.88102	734.02997	-188.36125	588.94257	123.88257	733.94696	-202.62662	588.9435	123.88076	732.35846	-194.15579	-591.99384	108.71441	4238.644490480423	24.933202899203582
171	8919.003	151.93745	9083.756	8652.565	9674.287	142.05952	9919.766	9418.387	1000.0	1000.0	854999	590.6235	123.219894	736.4162	-185.95038	590.62427	123.219154	735.49786	-178.33028	590.62463	123.21679	736.2656	-168.84488	-593.6265	111.01271	4263.634146690369	24.933533032735188
172	8885.474	149.87553	9014.753	8600.83	9912.61	151.7869	10112.448	9661.22	1000.0	1000.0	859999	592.0154	123.29082	735.79944	-197.45184	592.01526	123.28908	735.08057	-193.17691	592.0152	123.2937	734.3143	-193.13228	-594.423	110.86026	4288.748646974564	24.93458516930425
173	9006.666	113.347664	9136.218	8820.144	9622.554	64.141266	9715.619	9525.223	1000.0	1000.0	864999	593.00323	123.776566	737.90753	-229.94992	593.0031	123.775024	736.7064	-225.06705	593.0024	123.7793	737.14276	-212.71045	-596.2432	115.56258	4313.348516225815	24.932650395211457
174	9003.88	107.28786	9203.61	8893.664	9631.799	81.467514	9749.617	9513.905	1000.0	1000.0	869999	594.28827	123.172134	739.9088	-188.1699	594.2884	123.172485	739.2832	-220.92062	594.2886	123.17329	739.24786	-198.41095	-597.24384	113.95747	4338.423683643341	24.933469461298536
175	9076.041	154.88524	9319.373	8867.725	9753.385	109.45201	9907.859	9596.322	1000.0	1000.0	874999	595.43744	123.57107	744.81824	-246.35976	595.43756	123.56946	744.2775	-247.18184	595.4374	123.57203	742.1196	-231.66382	-598.2012	110.99992	4363.176036834717	24.93243450845991
176	9095.043	103.402084	9238.042	8966.909	9836.611	40.438515	9897.74	9781.056	1000.0	1000.0	879999	596.7407	123.514404	742.7233	-250.07228	596.74023	123.51408	742.7689	-237.60257	596.74036	123.51534	743.23126	-243.68645	-599.34845	110.640335	4388.123142957687	24.93251786855134
177	9025.466	153.98918	9194.464	8749.795	10075.385	75.139084	10203.524	9951.83	1000.0	1000.0	884999	598.22345	123.13472	742.82715	-235.64783	598.22375	123.13309	741.44794	-229.33589	598.22375	123.13334	742.3518	-231.29697	-601.0025	111.52107	4413.333296537399	24.93408643189123
178	9089.399	122.5592	9313.2	8976.75	9905.824	130.85786	10124.606	9689.35	1000.0	1000.0	889999	599.6217	123.24307	745.7187	-245.41533	599.62164	123.2406	743.00854	-254.2853	599.6214	123.24379	741.9143	-279.78574	-602.08636	114.39944	4438.210706710815	24.93376802594474
179	9061.866	91.77415	9183.07	8940.647	10094.006	93.82924	10253.432	9940.783	1000.0	1000.0	894999	600.8642	123.807076	746.1765	-250.9988	600.8651	123.803856	745.0111	-252.33519	600.86487	123.80557	745.6774	-246.65388	-603.7072	115.3957	4463.053787231445	24.93326139050489
180	9026.445	85.22982	9149.853	8949.966	9453.904	77.73233	9574.604	9325.536	1000.0	1000.0	899999	601.9617	123.85632	748.8363	-239.90565	601.96094	123.856125	743.4528	-211.65004	601.96106	123.85828	745.9895	-209.03377	-604.9497	117.37858	4487.716458559036	24.931758115026685
181	9042.07	132.35674	9224.27	8832.46	9781.521	141.22664	9957.66	9552.05	1000.0	1000.0	904999	603.5252	123.1058	750.2936	-199.40987	603.52527	123.104454	748.975	-213.79012	603.52545	123.10535	748.227	-202.71576	-606.82886	119.74825	4512.576708316803	24.93136304122967
182	9046.685	161.87663	9253.102	8880.931	9718.615	125.95523	9898.871	9447.402	1000.0	1000.0	909999	604.53174	123.63076	747.6205	-214.6364	604.5315	123.63082	745.5567	-202.28905	604.5317	123.63053	747.3862	-209.59875	-607.35565	119.3131	4537.380197525024	24.93066043644161
183	9163.225	101.66887	9281.813	8986.173	9994.496	139.9815	10192.489	9751.807	1000.0	1000.0	914999	605.4456	123.638054	753.4527	-177.3569	605.4462	123.6358	749.8898	-206.40384	605.44604	123.63833	752.2198	-169.09593	-608.384	118.92818	4562.39150094986	24.9311011072065
184	9153.669	132.0051	9375.92	8985.167	10012.951	90.10719	10196.144	9872.624	1000.0	1000.0	919999	606.5688	123.30171	752.39813	-212.43506	606.5681	123.301315	751.54614	-218.3557	606.56903	123.30199	750.0288	-239.8617	-609.4873	119.84281	4587.107350587845	24.929931264856588
185	9183.778	159.83694	9449.601	8972.751	9521.843	109.66628	9681.996	9342.664	1000.0	1000.0	924999	607.2923	123.45418	751.4015	-227.22198	607.2921	123.45048	751.74097	-203.73167	607.2925	123.451225	753.5399	-216.14143	-610.9522	125.18955	4612.091305732727	24.930223287118448
186	9155.592	97.899765	9322.283	9058.574	10089.92	94.93708	10299.212	9946.459	1000.0	1000.0	929999	608.13586	123.86285	761.3062	-265.20163	608.13654	123.856964	757.0667	-243.78734	608.136	123.861176	755.4796	-245.47765	-611.3681	129.50807	4636.913335084915	24.9296415967326
187	9105.681	196.18907	9361.758	8797.917	9956.229	95.96969	10179.285	9844.962	1000.0	1000.0	934999	609.3159	123.43043	757.9649	-256.4055	609.3165	123.42763	757.80396	-249.13625	609.31635	123.43115	755.3865	-261.90988	-612.34894	130.81165	4661.9456787109375	24.93019080544538
188	9155.372	156.69055	9353.949	8871.176	10031.062	117.818825	10171.392	9760.749	1000.0	1000.0	939999	610.1176	123.37926	762.0715	-239.96826	610.11755	123.378204	759.2704	-245.91225	610.1184	123.37498	760.1529	-274.50793	-613.0184	128.28725	4687.097407341003	24.93136919812953
189	9166.738	189.42625	9339.021	8802.38	9987.494	77.06972	10095.319	9814.886	1000.0	1000.0	944999	611.06274	123.38303	759.50775	-287.45828	611.0632	123.37915	754.463	-255.12912	611.0629	123.38121	755.29584	-290.0707	-613.6474	130.74413	4711.970649719238	24.931061647556447
190	9182.846	120.04642	9287.027	8953.581	9955.127	103.53754	10159.347	9807.871	1000.0	1000.0	949999	611.6494	124.34952	762.05255	-279.33997	611.6486	124.349464	759.5707	-249.39436	611.6491	124.349846	760.84576	-282.24805	-614.469	131.2039	4737.092557430267	24.932066101776925
191	9257.276	168.47656	9556.002	9037.44	9989.64	160.3978	10208.687	9580.567	1000.0	1000.0	954999	613.1909	123.475876	762.1466	-234.94798	613.1909	123.474236	760.13635	-237.82709	613.1915	123.47643	758.9886	-275.24512	-616.31213	126.76955	4761.971205234528	24.931786423578313
192	9175.756	80.26098	9274.574	9080.93	9873.087	123.054	10019.524	9614.047	1000.0	1000.0	959999	613.9482	124.38338	766.28687	-249.133	613.9474	124.38217	763.4008	-217.56009	613.948	124.382744	763.8298	-243.88565	-616.80316	131.54927	4787.123780250549	24.932936364163954
193	9105.951	160.43388	9282.96	8805.887	10029.971	82.49692	10228.061	9949.51	1000.0	1000.0	964999	614.8812	123.98676	762.7449	-209.45169	614.88104	123.98676	759.6122	-198.63155	614.8808	123.98965	763.40155	-208.16452	-617.9082	127.01592	4812.189531087875	24.933624523291314
194	9170.763	123.63311	9289.25	8943.993	9523.695	80.27304	9648.043	9411.876	1000.0	1000.0	969999	615.96204	123.72344	763.16895	-248.2618	615.96173	123.722824	762.0448	-206.73575	615.9614	123.72661	762.8797	-221.15103	-618.92145	128.55078	4837.277420282364	24.93441970323779
195	9301.764	105.5041	9453.169	9146.442	8970.4	201.42642	9295.826	8590.356	1000.0	1000.0	974999	617.1959	122.994156	765.4973	-226.03687	617.1951	122.994064	762.59094	-229.96982	617.1959	122.991516	761.82715	-229.3859	-620.2026	128.652	4862.291358947754	24.93482749278729
196	9253.136	130.77693	9378.577	9021.152	9832.533	122.765976	9988.336	9607.786	1000.0	1000.0	979999	617.6912	123.41217	765.04913	-214.8775	617.69086	123.41647	762.20404	-262.8269	617.6911	123.41396	765.2625	-190.3796	-621.0046	130.0869	4887.234564065933	24.93487023455756
197	9266.503	113.880104	9418.466	9134.724	10283.649	132.38281	10531.1875	10084.251	1000.0	1000.0	984999	618.4821	123.542946	764.8979	-252.50809	618.48175	123.53981	762.3731	-208.0883	618.4826	123.539474	762.8703	-228.081	-620.7277	130.04988	4912.150447130203	24.934773854192745
198	9303.186	174.79153	9564.129	9040.702	10176.45	201.87537	10464.171	9886.584	1000.0	1000.0	989999	619.43616	123.447044	767.2261	-220.94286	619.4368	123.442894	767.5688	-214.75963	619.4367	123.44579	769.78314	-215.71544	-622.1702	132.71518	4936.953408241272	24.93410813206374
199	9334.199	118.74824	9510.81	9201.981	10153.14	136.43521	10345.968	9938.456	1000.0	1000.0	994999	620.2076	123.40426	767.2677	-249.42079	620.2081	123.39781	764.86475	-250.63162	620.20715	123.402885	763.70044	-265.2559	-623.2889	135.2773	4961.842001199722	24.93387941379643
200	9244.795	234.93335	9579.334	8890.411	10153.881	94.96056	10263.722	9954.416	1000.0	1000.0	999999	620.9867	123.607	770.59454	-247.39339	620.986	123.60737	773.97723	-253.72739	620.98676	123.607506	774.35864	-261.3749	-623.8935	138.34593	4986.6264572143555	24.933132294416428
