Epoch	AverageEpRet	StdEpRet	MaxEpRet	MinEpRet	AverageTestEpRet	StdTestEpRet	MaxTestEpRet	MinTestEpRet	EpLen	TestEpLen	Time Steps	AverageQ1Vals	StdQ1Vals	MaxQ1Vals	MinQ1Vals	AverageQ2Vals	StdQ2Vals	MaxQ2Vals	MinQ2Vals	AverageLogPi	StdLogPi	MaxLogPi	MinLogPi	LossPi	LossQ	Time	AVG Time Per Epoch
1	16.033777	11.009572	91.46687	4.9218593	138.87846	1.1301154	140.62685	137.76984	20.874477	68.3	4999	12.205618	9.239756	61.984108	-22.735588	12.20581	9.243937	62.143326	-20.765387	-0.10114632	2.0211647	17.84757	-10.794594	-13.606986	1.8750845	25.92778730392456	25.92778992652893
2	19.470993	19.881973	145.98917	5.369586	53.553215	1.0783986	55.94916	52.057304	22.674208	33.1	9999	50.968872	23.243885	154.39522	-87.64009	50.969566	23.25979	152.82147	-87.46127	1.8066778	2.7968826	34.650677	-12.913393	-55.432426	24.483597	58.54980993270874	29.274906396865845
3	153.50095	52.103764	236.95825	54.28194	194.31482	0.9617718	195.4646	192.71834	80.77049	99.7	14999	102.37334	30.58987	168.90152	-275.59387	102.37242	30.619509	166.69894	-157.69652	2.775544	3.2532377	28.691177	-12.144447	-108.13919	89.35735	92.70669722557068	30.902233282725017
4	201.90453	63.461178	276.63867	26.527872	20.165974	0.53784424	21.078842	19.70215	102.854164	21.3	19999	123.25122	38.233925	174.95117	-225.25586	123.25032	38.279194	174.67058	-198.30571	2.4007528	3.2209487	33.073082	-14.540973	-127.96199	82.14114	126.43441891670227	31.60860538482666
5	276.0101	152.42516	942.36487	32.460266	75.21025	4.4658747	82.8125	67.872795	170.93333	79.4	24999	123.52445	43.12065	266.33047	-169.16724	123.52336	43.153374	271.45328	-174.39244	1.6467	3.0484061	33.44881	-11.581274	-127.05395	64.50057	160.46565222740173	32.093130922317506
6	406.97318	375.34842	1045.8186	63.56823	1038.783	0.75561446	1039.8121	1037.4653	380.76923	1000.0	29999	125.92074	40.42556	239.1172	-140.86974	125.91933	40.45247	243.76483	-143.42589	1.6580958	2.936697	31.096634	-13.1502285	-129.14778	58.756386	198.49772119522095	33.082953890164696
7	873.1159	250.68765	1050.027	339.5115	529.2831	52.684444	603.4196	472.71564	785.6667	376.5	34999	130.64926	35.01576	212.79237	-90.552826	130.64864	35.03372	210.59473	-109.19154	1.288637	2.8586423	31.296928	-12.035878	-133.439	47.780487	233.6472110748291	33.37817338534764
8	378.2434	64.3246	635.16455	297.80066	423.86914	11.122267	440.5781	408.6698	222.5	276.5	39999	133.37053	32.651535	197.72939	-165.78409	133.37042	32.67242	199.49712	-187.1281	1.1370517	2.7485585	28.403786	-12.035814	-135.87065	43.55485	268.8253638744354	33.60317075252533
9	276.5466	64.62907	396.789	92.47199	245.20515	1.1965818	246.8149	243.41235	140.14285	110.6	44999	134.48343	36.27573	207.64566	-121.95162	134.4848	36.286438	209.33987	-114.75939	1.0603409	2.6678085	31.50233	-11.252777	-136.70041	43.22889	303.2685797214508	33.69650909635756
10	279.74796	34.07436	350.32074	217.38889	333.8935	3.511138	338.59564	328.2579	114.11364	132.2	49999	133.05045	41.78519	217.86278	-92.38663	133.05072	41.802197	218.42587	-118.79974	0.9378608	2.5786762	34.622902	-10.968629	-135.08127	37.60724	337.63495802879333	33.76349604129791
11	331.0574	32.52059	435.78244	282.42886	324.9051	2.4178574	328.24054	320.5768	155.80646	161.2	54999	131.76172	42.481056	213.74529	-101.24008	131.76294	42.486675	211.59312	-121.4038	0.74288964	2.5504582	32.55436	-13.255055	-133.67703	35.12814	372.2044560909271	33.83676893060858
12	750.7417	328.3969	1050.4517	252.73387	533.1741	269.50363	1027.8662	239.93813	645.375	416.7	59999	132.61937	40.061974	201.80179	-84.62343	132.61884	40.07119	200.33415	-111.49589	0.6308972	2.5243704	28.907175	-9.774738	-134.4009	31.141512	407.55986881256104	33.96332255999247
13	457.46033	239.3498	1033.8378	27.058207	375.23172	3.2316997	378.57727	368.88837	289.2353	147.4	64999	132.14946	37.36402	198.46889	-104.154015	132.14914	37.363613	199.70364	-111.37142	0.27912202	2.4429424	30.964804	-11.845991	-133.60281	28.68934	441.93763256073	33.99520266973055
14	390.515	40.51195	514.56006	325.97342	493.36188	3.2547078	496.7834	486.6386	176.89655	190.1	69999	130.301	36.39576	188.19511	-90.85992	130.30017	36.401707	185.99336	-101.19053	0.16238704	2.3641288	29.399063	-10.582495	-131.6001	26.642738	476.43636894226074	34.03116936343057
15	472.4629	202.45346	1128.9514	176.79364	815.9078	10.754161	836.4134	793.3016	189.4	289.4	74999	129.45592	36.390606	196.10828	-90.45065	129.4545	36.397797	189.08955	-99.68999	0.09977764	2.3643606	33.10068	-11.635723	-130.72392	25.730888	511.3152585029602	34.08768402735392
16	741.99677	538.27454	2321.6907	238.9616	565.47485	356.8609	1390.1659	256.50412	283.55554	250.5	79999	131.21284	36.64282	204.56699	-100.34898	131.21236	36.648746	199.24179	-80.55703	0.19368254	2.3226461	30.824364	-10.400954	-132.47685	26.257553	546.1305468082428	34.133159294724464
17	401.94574	264.39148	1191.6055	128.86118	166.91563	6.885398	176.97281	157.19357	176.89655	98.2	84999	136.8817	37.06408	212.63884	-87.66781	136.88101	37.071667	211.88718	-146.24474	0.45895213	2.3415642	32.653973	-12.013869	-138.19777	34.795063	580.0618844032288	34.12128744405859
18	357.54672	318.54803	1521.7322	99.82347	575.7995	47.699207	709.04315	544.35	157.8125	186.0	89999	143.3647	39.052853	228.93536	-93.87054	143.36424	39.060154	226.70412	-85.89434	0.7565665	2.4697275	30.283829	-11.943363	-144.7301	45.06483	614.592883348465	34.14404918087853
19	561.3592	284.3635	1248.922	177.22577	645.2638	155.91815	878.9586	505.97192	203.91667	244.1	94999	150.0716	42.015663	229.09624	-115.94481	150.07074	42.029102	231.39482	-101.76298	0.8310356	2.4085283	39.033474	-15.7798815	-151.48723	44.51693	649.2819509506226	34.17273438604254
20	781.7453	298.90405	1506.1292	316.26364	761.08685	12.931771	780.8472	742.442	264.73685	267.5	99999	155.3928	44.82211	242.22607	-128.41196	155.39273	44.831207	237.09517	-104.5232	0.8431654	2.422958	28.93826	-12.358825	-156.75258	44.316086	683.9750063419342	34.19875044822693
21	748.16437	176.08154	1243.1492	567.24927	709.3435	15.8502445	735.6221	693.73224	237.66667	232.0	104999	159.83513	47.01227	248.41837	-105.09868	159.83568	47.014297	247.41194	-106.641754	0.9138021	2.445871	26.938871	-11.470187	-161.193	43.846394	718.7019865512848	34.223904223669145
22	1052.361	327.0213	2025.8873	707.48285	853.41003	176.54323	1323.9562	757.8785	335.33334	268.4	109999	164.6805	48.978794	258.84357	-105.556946	164.68134	48.983395	253.90561	-112.2186	0.9376863	2.4465954	31.146484	-11.354376	-166.01068	43.02291	753.7527084350586	34.26148684458299
23	1252.4236	630.33203	2940.1147	594.8704	1660.3547	311.01205	2090.802	1182.1425	406.81818	672.4	114999	169.60547	50.882336	260.3404	-103.05013	169.60486	50.89424	258.47202	-110.19437	1.021662	2.4432657	36.9756	-12.9165535	-170.92223	44.83603	789.9969656467438	34.3476942518483
24	1553.0944	604.0389	2622.8435	701.0126	1985.1367	147.75272	2207.613	1665.9177	494.4	608.7	119999	173.96045	52.59855	264.52496	-109.75074	173.96092	52.60324	265.11148	-111.97128	1.0216765	2.4200766	30.936092	-11.650101	-175.24545	42.138344	826.1775612831116	34.424065132935844
25	1591.2131	517.82166	2504.0293	954.3652	1108.3993	5.0527554	1119.984	1103.1641	563.0	344.0	124999	179.23549	54.171104	273.46542	-105.134155	179.23573	54.182484	269.58704	-115.00989	1.0387137	2.4097395	33.515293	-10.617262	-180.52617	40.96102	861.4390642642975	34.45756265640259
26	1164.9686	291.87088	1747.9022	756.8492	3140.6587	2.502139	3144.1584	3136.0654	361.08334	1000.0	129999	183.83846	56.07494	277.38095	-122.17057	183.83856	56.08166	276.31747	-167.79231	0.986535	2.4404907	42.882755	-12.440773	-185.06473	41.973995	899.2046339511871	34.584793696036705
27	1477.7363	552.04	2460.5679	1022.854	1071.5002	9.902729	1088.187	1053.8594	450.08334	318.2	134999	188.20053	57.956978	283.43228	-104.252205	188.20004	57.96811	281.09482	-96.86054	0.967495	2.4844084	38.104618	-12.631383	-189.40726	37.55667	934.0223271846771	34.59341960483127
28	2011.2886	572.4928	3123.4556	1089.2032	3217.348	6.0120397	3225.445	3205.5264	619.25	1000.0	139999	192.68027	58.91998	284.7676	-96.86662	192.68091	58.93409	282.47504	-111.84974	0.9755687	2.502047	46.537243	-12.429439	-193.89655	39.78965	971.5037295818329	34.69656184741429
29	2655.7988	491.3281	3211.3496	1851.184	2835.854	25.78041	2863.3982	2794.2134	844.1667	1000.0	144999	197.61856	59.65533	284.3108	-134.88188	197.619	59.663967	283.95642	-106.867485	0.94701886	2.4643292	35.296856	-12.159304	-198.82677	42.236076	1009.11310338974	34.79700363915542
30	1868.1221	1055.3895	3083.273	395.746	2460.9116	565.0118	3123.1724	1820.6431	619.5	793.2	149999	201.80135	59.928165	284.7358	-120.64015	201.80165	59.938774	287.2407	-113.78488	0.93208104	2.4715126	43.851585	-11.399883	-202.9685	38.75785	1045.882804632187	34.862760217984516
31	2901.4937	243.65031	3097.2397	2421.298	2962.7058	2.1182961	2965.366	2959.9536	943.6	1000.0	154999	205.71208	60.546455	287.8047	-114.18667	205.71234	60.557476	286.30035	-103.35933	0.906783	2.480611	48.066414	-10.632347	-206.82095	39.343674	1083.3963656425476	34.948269936346236
32	2775.0566	375.83676	3203.0803	2077.4617	3213.5461	75.049065	3295.4937	3013.4827	886.1667	982.3	159999	208.53506	61.05795	288.24707	-121.41271	208.53555	61.067257	287.91626	-127.90364	0.8706909	2.4900262	56.852657	-13.229804	-209.61766	40.583054	1120.94216299057	35.02944266796112
33	2971.828	62.471558	3046.273	2868.7234	3190.4282	1.8037972	3193.2427	3187.1208	980.6	1000.0	164999	211.54416	61.49985	288.2327	-119.541985	211.54414	61.51134	287.89026	-113.08431	0.8637028	2.4180338	36.29923	-11.504583	-212.58995	40.994663	1158.531226158142	35.10700691830028
34	3090.3774	59.559822	3155.015	3012.0188	3189.2734	1.8399973	3191.709	3185.6697	1000.0	1000.0	169999	214.48772	61.441025	288.7931	-124.614075	214.48752	61.45792	289.0788	-174.36725	0.81965	2.3879366	39.18138	-11.855179	-215.5133	40.28085	1196.1170189380646	35.17991239884321
35	3077.594	38.08015	3134.6807	3018.2136	3175.6252	3.1848931	3180.3105	3171.3616	1000.0	1000.0	174999	216.99971	61.787426	292.32468	-108.616936	217.0005	61.794792	291.31503	-144.4205	0.7845143	2.386359	33.602654	-12.466448	-218.0097	37.30325	1233.5829269886017	35.24522654669625
36	3110.0044	32.449593	3172.026	3079.4902	3164.3774	1.081797	3166.1428	3162.3774	1000.0	1000.0	179999	219.58813	62.247364	295.15723	-141.26353	219.58813	62.254696	294.45514	-138.52617	0.71376455	2.3676674	36.526806	-11.43754	-220.5639	36.750996	1271.1836202144623	35.31065618329578
37	3071.3894	61.065407	3146.6494	2986.1277	3198.3735	1.0953015	3200.3662	3196.0168	1000.0	1000.0	184999	222.889	62.578136	295.78537	-99.788475	222.88918	62.58859	294.8305	-108.9288	0.69896036	2.3512938	49.17174	-11.5139675	-223.8447	36.211533	1308.769098997116	35.372137868726576
38	3172.8242	47.69168	3250.3472	3107.7192	3187.982	13.075684	3212.4814	3166.7734	1000.0	1000.0	189999	225.91069	62.60372	299.5722	-115.068	225.91075	62.61585	298.75684	-98.73607	0.67966866	2.3306863	39.671787	-12.568425	-226.8302	36.89753	1346.2539710998535	35.42773613176848
39	3119.0732	40.784695	3155.4941	3040.331	3264.5566	2.990199	3268.511	3259.655	1000.0	1000.0	194999	228.69914	62.87321	302.1202	-117.107605	228.69931	62.884087	301.12845	-121.202644	0.70482177	2.3517926	40.54875	-12.266403	-229.61736	33.402546	1383.6070766448975	35.47710505509988
40	3125.441	30.066761	3166.303	3084.0999	3085.7905	3.7125576	3092.1443	3080.3972	1000.0	1000.0	199999	231.45567	63.155354	301.08618	-128.13702	231.45528	63.17216	302.14124	-140.38235	0.63755685	2.315194	53.853855	-11.085325	-232.35793	34.584557	1421.1102871894836	35.52775723338127
41	3128.0432	38.13897	3170.0989	3056.2388	3239.482	5.357517	3248.1978	3232.3462	1000.0	1000.0	204999	234.41077	63.562458	305.32794	-120.2495	234.41069	63.576687	304.5799	-102.281715	0.63640046	2.299268	48.979095	-12.087782	-235.2726	34.394592	1458.542772769928	35.574214022334026
42	3107.6929	40.14451	3164.8257	3060.812	3180.0679	10.469465	3189.34	3158.5664	1000.0	1000.0	209999	237.21126	63.80163	312.1885	-137.68369	237.21179	63.806473	308.31235	-151.21265	0.63537455	2.2926059	75.3052	-11.67794	-238.08133	32.73138	1495.9925420284271	35.618870105062214
43	3167.1614	17.974686	3194.5254	3143.02	3201.7344	3.6018424	3207.5288	3196.0962	1000.0	1000.0	214999	239.3405	64.53545	313.06717	-153.43909	239.34035	64.53909	311.05417	-141.45543	0.5745066	2.2786343	37.7455	-13.749426	-240.17383	32.114918	1533.3277003765106	35.65878377958786
44	3129.3853	55.710587	3187.528	3045.657	3109.3347	1.3693839	3112.0583	3107.351	1000.0	1000.0	219999	241.52962	64.659424	312.68652	-135.71861	241.52974	64.66653	312.27393	-127.93004	0.6217309	2.2980118	38.950665	-10.896841	-242.3786	33.30089	1570.6824469566345	35.697328394109554
45	3180.4807	21.40318	3214.6018	3154.0496	3248.4216	3.33236	3252.0242	3243.7212	1000.0	1000.0	224999	244.16145	64.47358	314.88565	-106.83782	244.16174	64.47861	314.94446	-125.15294	0.6232091	2.2838688	37.96271	-11.384836	-244.99075	32.60156	1608.2019197940826	35.7378204981486
46	3147.1655	48.858624	3225.8755	3076.2944	3219.6204	3.7804482	3227.4014	3214.5981	1000.0	1000.0	229999	246.2359	64.72341	316.57956	-104.740105	246.23555	64.73349	316.79498	-181.37488	0.5902995	2.2920284	48.731598	-17.317799	-247.069	32.056183	1646.0583765506744	35.78387779774873
47	3010.2349	285.49002	3187.2532	2442.661	3243.7605	2.2030303	3248.4097	3240.2947	947.2	1000.0	234999	248.37567	64.78547	319.63214	-130.81888	248.37526	64.7918	318.4871	-92.46694	0.55218077	2.2448795	46.1601	-16.563314	-249.15602	33.784527	1683.7172329425812	35.82377095932656
48	3169.4849	34.560856	3214.6392	3119.571	3145.5513	4.5424857	3154.604	3137.5981	1000.0	1000.0	239999	250.28369	64.62545	319.8904	-118.62549	250.28313	64.63068	319.85947	-221.97945	0.5260323	2.2339113	46.021225	-10.601401	-251.04477	33.889378	1721.3300638198853	35.861043040951095
49	3199.8027	18.182337	3211.084	3163.5525	3171.109	27.779121	3231.3447	3139.6138	1000.0	1000.0	244999	252.02266	64.53495	320.83032	-155.04387	252.02249	64.54117	321.91956	-148.59598	0.54832095	2.233289	34.20185	-11.451961	-252.80043	33.1661	1758.6901841163635	35.89163644459783
50	2995.6575	397.8301	3247.1975	2110.5122	3204.0496	1.8149551	3206.298	3199.6519	938.8333	1000.0	249999	253.34993	64.989525	322.5995	-120.88702	253.34991	64.99845	324.34683	-108.71351	0.5109036	2.228869	38.83813	-11.671411	-254.09673	32.221478	1796.3209283351898	35.92641860961914
51	3180.4634	37.768085	3215.7866	3129.8008	3237.648	0.9105705	3239.001	3236.3518	1000.0	1000.0	254999	254.86966	64.57081	324.99673	-157.12308	254.86989	64.57386	324.99414	-114.52436	0.51800615	2.2490945	42.08682	-14.004225	-255.6068	33.02969	1833.5384414196014	35.951734182881374
52	2735.0671	908.87946	3221.0503	917.8812	3321.4478	18.413025	3356.3682	3296.2334	862.8	1000.0	259999	256.76166	64.522316	324.38184	-91.63416	256.7616	64.532646	324.8134	-169.90308	0.52501047	2.2208078	38.290054	-14.867003	-257.49054	31.938963	1870.9447531700134	35.97970683299578
53	3202.7322	30.500153	3243.041	3159.1682	3289.1821	1.9482105	3291.733	3285.359	1000.0	1000.0	264999	257.79892	64.70744	324.9383	-110.96699	257.7988	64.72182	325.9027	-127.32982	0.57034004	2.2487965	34.919094	-12.53003	-258.52026	33.816105	1908.3612389564514	36.00681586535472
54	2755.513	802.4427	3214.4836	978.696	3266.7078	2.9714706	3271.4077	3259.656	877.6667	1000.0	269999	259.43738	64.075035	325.9668	-110.850494	259.4369	64.09057	326.18182	-103.63402	0.50000167	2.247975	37.384453	-12.117515	-260.0956	32.55411	1946.1614589691162	36.04002705768303
55	3032.579	288.23026	3197.6826	2456.6663	3243.434	7.392049	3256.2297	3230.353	952.2	1000.0	274999	260.31992	64.684525	328.20706	-135.99376	260.31998	64.69486	329.60898	-154.37888	0.5013208	2.227024	32.46267	-13.466883	-260.9933	32.210567	1983.5192413330078	36.063986240733755
56	2864.5447	773.8407	3249.8586	1135.4783	3276.8218	2.8560965	3281.6057	3271.4119	891.0	1000.0	279999	261.40652	64.05751	329.5367	-127.739525	261.4067	64.06455	329.95825	-110.18714	0.4254993	2.2000268	39.73652	-12.145453	-262.03757	30.320847	2020.9320509433746	36.08807237659182
57	2614.6025	815.1235	3234.239	1326.8693	3261.2349	2.1970155	3264.3254	3256.3726	817.6667	1000.0	284999	261.95865	64.19961	328.689	-125.957726	261.9586	64.21042	328.08136	-187.23131	0.4069713	2.1848874	30.69983	-11.948865	-262.5769	30.031094	2058.412138938904	36.11249369905706
58	3081.1177	299.1579	3242.6484	2483.0625	2950.3735	4.4642606	2959.8948	2941.3357	952.6	1000.0	289999	262.78214	64.051704	328.74106	-132.29155	262.7817	64.06252	329.77524	-122.18355	0.3987939	2.2279248	30.830597	-12.617456	-263.36566	30.253906	2096.0854139328003	36.13940372549254
59	2325.3203	1430.9174	3280.843	61.58943	3351.3345	1.7032537	3353.8477	3348.522	725.2857	1000.0	294999	263.67795	64.06558	330.717	-164.85797	263.67792	64.07	329.39008	-154.98926	0.4705459	2.2087662	35.90592	-13.818142	-264.2798	30.2666	2133.7055790424347	36.16450137607122
60	3221.9194	39.908436	3277.1016	3154.0925	3237.1694	3.0888414	3243.335	3232.8044	1000.0	1000.0	299999	264.72253	64.223465	330.99805	-124.91448	264.72238	64.23719	332.886	-116.88681	0.41612372	2.2086663	38.596832	-12.423016	-265.30252	28.932777	2171.3118889331818	36.18853152195613
61	3071.8992	323.04092	3281.1763	2431.312	3316.6082	2.2770789	3319.9429	3313.8105	950.2	1000.0	304999	265.65054	64.22281	332.00082	-123.253136	265.6501	64.235054	330.40677	-144.72163	0.4019386	2.1968248	51.37402	-11.975784	-266.19034	28.790228	2209.000102996826	36.21311648165593
62	2857.5886	869.5333	3325.0684	917.6118	3340.4897	2.01995	3344.3245	3338.1855	885.8333	1000.0	309999	266.4297	64.63786	335.22452	-121.94876	266.4292	64.65291	332.6674	-115.564125	0.41520044	2.19465	37.74716	-12.711603	-266.97974	29.077543	2246.4700169563293	36.23338740487252
63	3222.375	22.441057	3242.5828	3182.7368	3153.3066	1.8453822	3158.3506	3151.1736	1000.0	1000.0	314999	267.4627	64.480095	335.6638	-164.04414	267.46277	64.49008	334.2348	-113.75875	0.4177319	2.212235	34.015972	-11.638896	-268.01285	29.844038	2283.87429356575	36.251972959155125
64	2870.6162	853.85	3296.945	962.86835	3325.9897	1.6977379	3328.7705	3323.4358	886.5	1000.0	319999	268.6429	64.04509	335.08365	-133.39719	268.6425	64.05079	334.1986	-106.216156	0.42224023	2.184206	31.330967	-11.07337	-269.2015	32.078617	2321.313066005707	36.27051669359207
65	3228.553	18.380487	3258.248	3202.757	3271.8152	2.5363061	3275.5605	3267.5945	1000.0	1000.0	324999	269.7208	63.660004	335.00372	-120.65408	269.7202	63.670143	333.82318	-130.57222	0.34873545	2.19679	37.709663	-12.948262	-270.26736	29.807976	2358.7543437480927	36.28852839836708
66	2904.1677	732.7982	3317.205	1439.6084	3357.6711	4.178512	3365.4521	3349.92	891.2	1000.0	329999	270.76788	63.461617	335.41562	-116.67303	270.76767	63.472336	335.1734	-153.47043	0.3522122	2.1793897	37.071938	-13.776291	-271.31046	29.237322	2395.975904941559	36.30266526251128
67	3247.8645	38.607418	3288.6016	3184.7896	3328.6543	3.6199613	3333.6748	3324.1868	1000.0	1000.0	334999	272.0631	63.30076	336.4936	-104.53717	272.06317	63.303596	336.2076	-168.06706	0.34809268	2.2111318	44.98901	-11.085534	-272.6245	29.524694	2433.259699344635	36.3173089739102
68	3077.6057	463.69672	3334.8577	2044.1183	3313.7332	18.645805	3341.9167	3286.893	937.8333	1000.0	339999	273.4306	62.854816	336.33792	-134.28865	273.43054	62.86245	335.89297	-98.47876	0.26261812	2.154738	42.53688	-11.37097	-273.9543	27.61081	2470.543753385544	36.331525813130774
69	2217.6768	1019.18066	3268.7937	1019.4122	1665.0111	880.2134	3137.614	685.3811	688.5	535.0	344999	274.2603	63.062958	338.785	-84.690895	274.26022	63.072063	336.66702	-130.91144	0.29388696	2.1487834	38.647118	-11.681861	-274.7723	24.326378	2506.448889017105	36.325346245281935
70	3303.7844	30.994968	3363.648	3275.2043	3318.054	2.4836109	3323.2476	3313.9387	1000.0	1000.0	349999	275.08722	63.085052	337.9702	-99.89925	275.0868	63.094833	337.1175	-87.51932	0.33456725	2.1552598	57.06004	-14.727105	-275.57614	29.844255	2543.630967617035	36.33758528232575
71	3283.989	51.70827	3343.3196	3208.09	1199.6013	388.85175	2331.4602	1033.7179	1000.0	381.9	354999	276.03607	63.13045	340.05795	-99.915955	276.03625	63.137833	340.2644	-94.33774	0.3710535	2.1737604	50.461914	-17.458239	-276.54025	27.458256	2578.626923561096	36.31868909782087
72	2399.57	856.45197	3266.815	1375.7166	3329.4536	2.0797033	3332.7825	3326.8206	734.625	1000.0	359999	276.77524	62.946518	339.7476	-157.6279	276.7747	62.954994	338.70557	-118.66275	0.34993336	2.1794498	48.421623	-12.00038	-277.28326	27.859169	2616.008143186569	36.33344646626048
73	2166.0652	882.84686	3321.392	683.3027	3330.3364	1.8240288	3333.8452	3326.7097	665.0	1000.0	364999	277.7392	62.835327	342.38272	-130.14157	277.73932	62.84226	340.5022	-104.97073	0.31995824	2.1537967	33.41078	-12.910973	-278.21295	28.11828	2653.5075793266296	36.3494189210134
74	3318.334	43.449715	3375.9946	3263.1619	3396.53	3.6097455	3401.8618	3388.9443	1000.0	1000.0	369999	277.9273	62.57489	342.789	-116.62241	277.9268	62.585964	342.55594	-97.93634	0.34117153	2.1539235	33.13533	-11.618125	-278.40186	28.323421	2691.0124130249023	36.36503263744148
75	3330.1028	39.072964	3389.7065	3283.9949	3345.855	2.3507357	3349.2407	3341.934	1000.0	1000.0	374999	278.65295	62.703106	344.29358	-107.65898	278.65222	62.713173	343.15884	-135.15587	0.31202376	2.1404333	28.91454	-11.870374	-279.11057	26.14383	2728.58819770813	36.38117600123088
76	2977.0247	642.21295	3404.5366	1625.8003	3460.519	5.19421	3468.3062	3450.6123	883.3333	1000.0	379999	279.5284	62.93518	344.32233	-150.9098	279.5284	62.936962	345.3339	-133.74773	0.28927863	2.1517696	35.80695	-15.72584	-279.96817	27.556118	2766.084683895111	36.395851135253906
77	3382.5757	35.750412	3432.5637	3321.1792	3354.8813	2.7887664	3359.5703	3351.1416	1000.0	1000.0	384999	280.15747	63.474483	346.93036	-86.474106	280.15753	63.481247	347.1394	-112.15292	0.3690806	2.1777859	31.115812	-13.078978	-280.61493	29.046738	2803.523265361786	36.409393081417335
78	3320.8289	53.3458	3377.2783	3229.5754	3435.0898	8.135163	3442.811	3413.1973	1000.0	1000.0	389999	280.94464	63.154457	347.56018	-114.9566	280.9441	63.161945	347.7637	-162.21558	0.30838156	2.1721547	30.236649	-12.39014	-281.38492	27.693415	2840.871340751648	36.42142746998714
79	3048.5776	746.30835	3453.5017	1556.7391	3448.1023	3.0736463	3452.0698	3441.9966	898.0	1000.0	394999	281.71115	63.124664	348.2599	-122.82363	281.71097	63.1372	348.03452	-129.90556	0.35426816	2.2132032	33.863827	-12.428715	-282.16077	30.033606	2878.310392141342	36.434308788444426
80	2868.9075	647.47345	3391.8013	1578.6974	3428.7454	2.8187616	3433.9922	3423.1523	852.8333	1000.0	399999	283.0684	62.563236	347.1114	-134.95882	283.06793	62.570736	349.04593	-107.081314	0.3429709	2.1946793	35.2234	-11.383664	-283.52426	29.231838	2916.060246706009	36.4507531106472
81	3364.1763	101.86016	3465.968	3181.0986	3505.536	2.5645905	3509.3806	3501.9336	1000.0	1000.0	404999	283.8755	62.31962	349.4579	-101.080696	283.87503	62.328896	350.0833	-97.4153	0.36305264	2.1767957	35.75313	-13.942505	-284.3307	33.630608	2953.5456869602203	36.46352702305641
82	3395.8289	54.42452	3450.5112	3310.3418	3395.7563	1.8613482	3400.0276	3393.005	1000.0	1000.0	409999	284.6766	62.084686	350.45444	-119.58263	284.6759	62.090446	350.77603	-106.10678	0.32694396	2.1865144	49.402397	-12.167302	-285.10828	27.364843	2991.1720576286316	36.47770804602926
83	3360.3809	31.354397	3407.3508	3309.7532	3474.647	3.1883335	3481.1658	3469.4836	1000.0	1000.0	414999	285.94672	61.352306	350.85294	-136.18735	285.94687	61.362587	350.35995	-143.72643	0.3233098	2.1292129	32.504578	-12.832699	-286.37628	29.152603	3029.033982038498	36.49438535161765
84	2905.473	780.3787	3448.5144	1350.355	3441.7761	9.333279	3451.2725	3417.7717	855.0	1000.0	419999	286.8441	61.795944	349.49542	-99.09671	286.84363	61.795567	350.60278	-93.85018	0.39637002	2.1708658	30.680319	-11.557255	-287.28265	25.570013	3066.551382303238	36.5065641005834
85	3155.3503	457.17188	3433.3835	2246.4639	3392.4019	5.3227863	3403.834	3386.0793	937.0	1000.0	424999	288.074	61.920826	352.14624	-119.7281	288.07404	61.931763	351.94003	-126.37721	0.34767547	2.1281884	33.065926	-10.373759	-288.52197	28.791138	3104.1499054431915	36.51941068032209
86	2511.0725	942.4774	3487.2454	1352.9937	3411.4146	6.684239	3420.1245	3395.36	745.2857	1000.0	429999	288.85577	62.033916	354.20242	-102.564	288.8561	62.037582	353.5325	-116.82941	0.30320138	2.1380928	32.898598	-11.189913	-289.2713	28.02675	3141.7772057056427	36.53229311177897
87	3213.7332	307.5911	3396.4375	2600.2998	3533.4878	2.6647131	3539.139	3530.0396	952.4	1000.0	434999	289.44244	61.95233	354.18387	-90.56812	289.44226	61.95861	354.50073	-125.41077	0.36020744	2.1747203	42.125164	-12.819936	-289.8904	27.85225	3179.50270986557	36.54600818403836
88	2256.332	1141.6079	3459.9258	1021.98816	3410.0063	2.6419299	3414.1047	3405.255	674.5	1000.0	439999	290.7494	61.572155	354.45377	-145.79965	290.74954	61.574467	352.22977	-127.28505	0.323075	2.155217	35.973446	-11.78248	-291.17596	25.793434	3217.146358728409	36.55848137086088
89	2700.3694	738.3839	3418.7354	1538.0797	2994.0447	817.75995	3558.8035	1395.7737	796.5	849.4	444999	291.87955	61.28431	354.44952	-110.99541	291.87897	61.287323	355.35233	-131.26794	0.3441081	2.1653223	44.3705	-12.1324415	-292.3197	27.630198	3254.230991125107	36.56439318549767
90	3294.1294	161.24872	3440.117	3034.863	3490.1062	3.138942	3494.3872	3482.6445	948.4	1000.0	449999	292.81772	61.355648	355.34006	-88.33571	292.81754	61.360184	356.98004	-146.79587	0.3351235	2.1851673	35.41868	-10.940218	-293.22794	29.835934	3291.825710773468	36.57584125465817
91	3163.9744	502.80133	3467.503	2043.2054	3541.2585	5.946894	3548.8623	3531.9255	933.5	1000.0	454999	293.0734	61.19014	354.56754	-130.19698	293.0737	61.19339	353.8213	-186.62654	0.37314975	2.2062273	36.201996	-12.282912	-293.4744	30.56628	3329.2113473415375	36.5847401042561
92	2898.064	1077.6649	3453.2852	742.8347	3499.3606	6.1555667	3509.4495	3490.217	849.6	1000.0	459999	292.91437	61.39561	354.03995	-137.7078	292.91406	61.401897	354.1396	-141.33438	0.29850698	2.1896453	47.284096	-11.686361	-293.31064	36.12961	3366.854344367981	36.59624289429706
93	3414.6277	54.37852	3483.347	3346.8064	3577.6616	3.7436848	3584.2007	3571.0156	1000.0	1000.0	464999	293.2825	61.090572	353.19833	-133.51529	293.28265	61.09466	353.4856	-89.28128	0.26275113	2.1781933	40.7116	-11.017348	-293.6568	33.78113	3404.288878440857	36.605256780501335
94	3409.5298	18.409536	3434.4702	3387.196	3457.9302	3.2059765	3462.4802	3452.21	996.0	1000.0	469999	293.84253	61.20731	357.23486	-162.15218	293.84235	61.217472	353.7586	-124.536446	0.31935054	2.2028155	40.184124	-13.501251	-294.2329	34.37331	3441.938671350479	36.616368869517714
95	3139.4805	628.3546	3457.0127	1736.1171	3544.9546	2.9975772	3548.5278	3540.4941	917.8333	1000.0	474999	294.16348	61.37968	355.5692	-377.89456	294.16382	61.377266	354.48798	-85.05894	0.2718837	2.184502	32.447388	-12.470712	-294.52496	29.268213	3479.6899559497833	36.62831535088389
96	2605.5967	1179.7671	3450.0916	712.5492	3233.662	2.9128244	3238.7266	3229.458	766.3333	1000.0	479999	294.641	61.3671	356.40662	-130.52791	294.64133	61.369556	354.93387	-78.91494	0.2913868	2.1851828	34.69731	-11.698936	-295.0072	31.588194	3517.237931728363	36.637895139555134
97	3077.5134	767.5559	3496.9058	1363.8265	3532.6138	4.2481985	3541.0957	3525.5955	896.3333	1000.0	484999	295.39722	60.99474	355.8819	-107.0125	295.39734	60.998222	356.34586	-92.77533	0.31608456	2.2103617	34.851097	-11.245117	-295.771	28.113735	3554.8579244613647	36.64801986192919
98	2689.9905	949.11615	3522.0803	1071.1398	3575.8738	2.9844692	3579.166	3571.0166	773.5714	1000.0	489999	295.9563	60.972008	357.0838	-160.55217	295.9563	60.97878	356.09885	-107.74472	0.30760828	2.1565845	57.595757	-11.357848	-296.29834	26.9235	3592.439197778702	36.65754285637213
99	2843.919	818.1708	3450.3772	1346.0714	3537.5415	5.3154626	3542.2683	3523.8997	827.2	1000.0	494999	296.24695	61.136314	356.84955	-114.70044	296.2472	61.141186	356.99802	-89.939835	0.27133068	2.1749241	35.01207	-12.349081	-296.61426	28.74915	3630.0917456150055	36.66759341413324
100	3281.6262	324.56735	3478.2917	2558.1682	3474.7656	2.4149704	3479.798	3471.7346	959.8333	1000.0	499999	296.3164	61.07739	357.21567	-180.27388	296.31622	61.07857	357.14993	-99.80937	0.2655798	2.1562884	29.361341	-11.079741	-296.64426	31.912025	3667.4490311145782	36.674490332603455
101	3438.5356	59.08537	3520.0095	3375.0076	3433.8726	2.9740114	3437.134	3428.5793	1000.0	1000.0	504999	296.34872	60.977814	358.59433	-168.86336	296.34927	60.975098	357.81735	-198.75003	0.26580125	2.1638372	44.378433	-13.523576	-296.65814	30.341219	3705.003297328949	36.68320098725876
102	2805.5364	717.96936	3467.7524	1567.4088	3475.0105	5.046749	3481.4858	3464.1196	806.8333	1000.0	509999	296.01718	61.368214	356.19235	-121.92756	296.01718	61.37114	355.91104	-92.95465	0.28519776	2.1850822	70.71738	-12.319544	-296.3172	32.109833	3742.487844467163	36.691057317397174
103	3360.7837	174.10378	3466.362	3015.004	3373.5461	2.0536435	3378.5273	3369.9385	969.0	1000.0	514999	296.33972	61.18579	358.3378	-148.99152	296.33932	61.19344	357.10583	-116.4769	0.2679899	2.170693	31.826693	-11.337196	-296.64755	30.073963	3779.8618681430817	36.69768806337153
104	3106.7231	641.66144	3431.7363	1823.4141	3543.0796	4.254793	3552.3625	3537.8933	909.0	1000.0	519999	297.3117	60.69783	357.14954	-130.87422	297.31168	60.696236	357.67462	-239.31905	0.2524569	2.1582599	31.532492	-11.198337	-297.6378	27.242287	3817.3577177524567	36.70536269362156
105	3449.8945	14.348185	3466.8306	3424.928	3513.8706	6.53693	3525.3108	3501.5686	1000.0	1000.0	524999	297.95193	60.51088	359.25803	-129.30162	297.9517	60.516308	358.6509	-65.18763	0.2789997	2.1570654	31.972029	-10.564664	-298.2937	29.646788	3855.0097970962524	36.71437904040019
106	2650.951	1013.7895	3565.5015	1234.9066	3415.621	1.7357299	3418.5442	3412.7207	755.5714	1000.0	529999	298.5524	60.219536	357.30692	-86.05156	298.55222	60.224396	358.12125	-125.21905	0.25808147	2.1778848	42.56162	-10.618402	-298.8727	29.653221	3892.7278711795807	36.72384786155989
107	2759.4766	897.24725	3507.799	1345.2811	3535.8003	4.0281596	3540.542	3527.0964	800.1429	1000.0	534999	299.05374	59.62211	357.9693	-131.17302	299.054	59.62176	358.30695	-121.62602	0.26742688	2.192925	35.162228	-10.858524	-299.3732	28.07583	3930.1514108181	36.73038703481728
108	3080.9233	794.8495	3516.3347	1493.2244	3554.6382	3.4747345	3558.5715	3546.8306	883.8	1000.0	539999	299.1241	60.1048	358.63318	-140.47968	299.12415	60.11496	360.00992	-132.75311	0.24298914	2.1640193	67.63147	-11.582963	-299.41946	30.53593	3967.3817644119263	36.73501635701568
109	2706.3293	831.50104	3457.795	1362.8875	3530.4214	4.3267274	3535.4233	3522.9583	762.1429	1000.0	544999	299.61072	60.293392	359.1846	-118.57208	299.6102	60.30047	358.82605	-93.39576	0.23970135	2.1738746	28.795483	-12.5228615	-299.89764	27.583122	4004.8652019500732	36.74188260857118
110	3504.388	12.010534	3520.0222	3488.3076	3424.4246	20.976458	3446.7307	3385.2273	994.6	1000.0	549999	299.74976	61.082985	362.1733	-158.32607	299.7495	61.087402	358.30338	-184.02086	0.253574	2.1854858	28.707401	-12.676289	-300.0447	29.981762	4042.613470554352	36.75103157000108
111	3493.9265	32.323803	3540.3596	3462.0837	3483.5437	3.6098707	3491.1519	3478.687	1000.0	1000.0	554999	300.2058	61.21916	360.39136	-111.59943	300.20624	61.220657	360.5224	-139.69725	0.24280393	2.2316515	30.689669	-10.711958	-300.5089	27.281782	4080.194298028946	36.7585072087812
112	3153.4153	474.9278	3518.218	2279.4648	3537.1968	4.4197555	3544.7705	3529.575	891.8	1000.0	559999	300.90103	60.69277	362.40656	-148.14247	300.90088	60.700768	361.7621	-138.99098	0.2209906	2.2048965	36.94112	-11.671379	-301.20575	26.844559	4117.82970905304	36.76633670926094
113	3239.383	536.81287	3512.5398	2040.8982	3563.3328	2.8766382	3568.9207	3559.6562	928.3333	1000.0	564999	301.95465	60.18233	362.66364	-175.9032	301.9544	60.181267	362.0604	-183.84108	0.21635462	2.1751106	31.215147	-10.91522	-302.26584	26.705332	4155.273281097412	36.772329940205125
114	3052.01	757.8786	3531.8516	1409.2346	2981.6626	629.1626	3604.9822	2038.0549	867.5	822.3	569999	302.57834	60.67153	364.54626	-98.73475	302.57837	60.675255	363.61575	-170.46591	0.22700566	2.2018075	33.200752	-12.199465	-302.8818	28.7808	4192.011306524277	36.77202902551283
115	2823.6643	998.9693	3605.668	1400.8387	3480.3848	3.8656983	3486.7822	3474.2192	797.5	1000.0	574999	302.99136	60.77886	361.42816	-101.28042	302.9916	60.78145	362.07288	-106.124214	0.20698701	2.214794	37.05125	-11.17032	-303.29428	28.565962	4229.574976205826	36.77891285523124
116	2838.0771	919.4536	3560.547	1395.0492	3507.9258	4.3803773	3514.275	3501.379	811.1667	1000.0	579999	303.1846	60.755344	365.087	-122.0786	303.18484	60.759518	365.3876	-156.30974	0.18408383	2.1856968	34.834225	-11.839079	-303.4455	26.330807	4267.229731082916	36.78646321954398
117	3364.309	156.21121	3477.292	3055.4875	3539.1035	3.4917793	3545.6365	3533.384	957.6	1000.0	584999	303.5162	60.437256	364.25418	-130.44067	303.5163	60.438625	365.6366	-145.14148	0.20887625	2.2030668	30.810547	-15.634569	-303.81	27.906618	4304.861163377762	36.793685177452545
118	3492.5442	29.353737	3532.6301	3454.6548	3593.1672	4.0295234	3598.9014	3583.947	1000.0	1000.0	589999	304.05984	60.56138	366.16443	-81.9341	304.0597	60.566864	365.08725	-106.73305	0.16776839	2.1683955	29.824537	-12.034336	-304.34213	26.265984	4342.57591176033	36.80149079783488
119	3500.4316	19.562403	3518.225	3472.068	3523.6692	3.0387094	3529.643	3518.58	1000.0	1000.0	594999	304.74832	60.353184	367.50558	-100.232025	304.748	60.358074	367.17966	-95.02702	0.2298766	2.2175877	34.998672	-10.806261	-305.03873	28.991768	4380.196393966675	36.808373076575144
120	3545.3667	51.722656	3616.9697	3481.2878	3586.455	3.8111396	3593.7832	3580.0898	998.2	1000.0	599999	305.659	59.79942	369.1735	-86.38258	305.65887	59.80816	366.4568	-184.23471	0.22050895	2.2303095	29.104961	-11.659931	-305.9674	28.445053	4417.561160087585	36.81300968329112
121	2781.8337	875.8267	3541.0906	1397.0348	3596.061	4.353684	3602.2468	3590.384	780.5714	1000.0	604999	306.1157	59.911716	365.31616	-126.6076	306.11588	59.916122	366.53186	-90.977005	0.21187653	2.2181957	36.12272	-11.008928	-306.39645	25.413635	4455.176658630371	36.81964182262578
122	3531.8242	9.061907	3542.2637	3516.905	3558.3757	4.548654	3564.6604	3550.9272	1000.0	1000.0	609999	306.58505	59.732723	367.2323	-90.71839	306.58524	59.73284	367.20935	-138.77617	0.18829958	2.1726763	35.07038	-12.983514	-306.82776	24.66774	4493.058027982712	36.82834450924983
123	3047.4902	634.83215	3653.0815	2013.7467	3503.9976	5.337633	3513.229	3497.9016	847.8333	1000.0	614999	306.9122	59.725647	368.1605	-114.23151	306.91235	59.733265	366.85114	-159.60706	0.17287354	2.1771996	35.575745	-11.6346035	-307.1818	26.488213	4530.508018493652	36.8333985417839
124	2970.2844	770.8612	3536.3489	1724.1212	3456.5562	164.6227	3587.4507	3100.0505	840.3333	971.6	619999	307.24194	59.755898	369.82925	-92.93614	307.24207	59.759712	368.53473	-123.069916	0.17220286	2.1836386	57.94079	-10.766527	-307.5038	25.839949	4567.826683521271	36.83731198310852
125	2973.589	438.0298	3510.2886	2324.6868	3537.0215	4.043389	3542.4226	3529.8716	835.4	1000.0	624999	307.19037	60.080757	369.25693	-109.77642	307.19016	60.085064	368.66016	-87.49801	0.19077572	2.1967845	41.572376	-13.520697	-307.4538	30.458755	4605.325405359268	36.842603260040285
126	3382.1619	220.93488	3513.528	2889.6934	3543.1777	10.878535	3559.1626	3525.8794	963.5	1000.0	629999	307.53143	59.860424	370.18085	-127.37007	307.5317	59.860516	368.92496	-139.56914	0.16073032	2.1979725	41.169716	-12.65439	-307.77924	28.986818	4642.850141763687	36.84801701704661
127	3165.2068	674.2737	3508.9915	1816.7125	3566.6333	3.9105709	3575.009	3561.1294	898.2	1000.0	634999	308.058	60.270214	368.5401	-157.60114	308.05804	60.269814	368.16043	-156.17505	0.16148701	2.1959696	54.791054	-10.169928	-308.321	25.273941	4680.579990148544	36.85496056736923
128	3022.8672	519.6643	3545.1465	2212.3977	3436.7527	8.057543	3447.4863	3422.416	847.6667	1000.0	639999	308.811	59.950447	369.62042	-217.88167	308.81125	59.94981	368.39587	-166.8339	0.17406291	2.1813962	39.59081	-15.737941	-309.05954	25.647661	4718.298625230789	36.86170802637935
129	3485.976	28.795847	3536.2847	3455.7888	3576.675	3.6077952	3583.108	3570.675	1000.0	1000.0	644999	308.97742	59.67679	370.6704	-135.53062	308.9771	59.682663	370.49103	-147.08078	0.14042346	2.1687806	65.04763	-11.734529	-309.20444	23.103477	4755.39383149147	36.86351809205935
130	3537.491	14.641279	3556.315	3519.3206	3585.3594	7.0823817	3597.6575	3574.9902	1000.0	1000.0	649999	309.23938	59.59502	369.6469	-110.37072	309.23932	59.598324	368.37177	-244.68085	0.17379121	2.2077353	53.441593	-11.072198	-309.49408	23.89315	4792.901339054108	36.86847185721764
131	3160.4128	574.53503	3562.044	2000.8484	3512.5405	3.4943347	3517.4946	3506.3628	888.8333	1000.0	654999	309.60455	59.96344	370.2495	-176.88612	309.60422	59.970142	367.96204	-138.19597	0.12837712	2.1785908	38.71664	-10.88451	-309.8396	24.35794	4830.179361581802	36.87159819821365
132	3534.683	42.441036	3611.8599	3484.8496	3577.6616	4.408267	3586.0518	3570.0342	999.2	1000.0	659999	309.79343	59.85768	371.23123	-75.70759	309.7939	59.857483	369.90317	-106.081184	0.093126185	2.1919012	27.365732	-12.482144	-310.0205	25.764957	4867.972808837891	36.87858189958514
133	3508.0747	26.713173	3550.2212	3474.553	3563.0442	5.0044246	3573.6567	3552.639	1000.0	1000.0	664999	310.34888	59.5233	370.65338	-90.44548	310.34918	59.527695	369.38834	-130.37135	0.06869196	2.1637905	31.079594	-10.637067	-310.57605	21.73421	4905.39569067955	36.88267438214525
134	3407.741	241.7993	3559.741	2927.7053	3509.0054	4.32638	3516.0903	3501.3918	961.2	1000.0	669999	310.89835	59.329662	370.10992	-81.007935	310.899	59.326492	369.2076	-86.4808	0.1100587	2.2080588	32.16639	-10.821781	-311.13205	29.934263	4942.733681201935	36.88607226556807
135	3327.666	374.9207	3528.086	2578.3127	3469.3762	284.87793	3608.0398	2616.7783	941.2	969.2	674999	311.53882	59.395603	371.23578	-136.98727	311.5391	59.39582	370.43988	-93.7225	0.05468662	2.1409779	26.991364	-11.384158	-311.7556	20.084778	4980.21673989296	36.89049438547205
136	3044.9893	1015.9987	3559.788	779.3217	3517.3638	2.0646482	3521.5503	3514.9172	849.5	1000.0	679999	312.17447	59.17765	371.5027	-93.66759	312.17487	59.18066	371.82736	-168.39223	0.06404917	2.1670566	33.74606	-12.789374	-312.4167	21.890087	5017.5582728385925	36.89381084547323
137	3302.493	422.183	3561.955	2460.0908	3512.791	4.38039	3519.618	3503.9263	931.2	1000.0	684999	312.87817	59.382668	375.20197	-130.50133	312.87796	59.387127	374.76813	-154.02997	0.09029674	2.1899557	34.05797	-11.1853695	-313.1454	28.39325	5055.242931365967	36.89958345629003
138	2573.3125	872.9014	3528.1306	986.1681	3491.1792	2.3924692	3495.1921	3486.7332	723.375	1000.0	689999	313.7847	58.948635	370.16333	-91.24028	313.78473	58.95253	370.0214	-102.42854	0.06950822	2.1866555	44.397568	-11.990486	-314.0421	26.837841	5092.9215722084045	36.90522879966791
139	3133.2693	799.60474	3547.667	1534.2906	3612.2708	14.709409	3645.4763	3591.8794	886.4	1000.0	694999	314.0056	58.900944	372.01996	-130.85745	314.00525	58.903183	371.1052	-140.85883	0.0546683	2.2056975	42.89809	-11.093571	-314.23035	23.23303	5129.916950702667	36.90587735862183
140	3231.0706	556.3706	3529.077	1992.3175	3495.2	1.5002704	3497.324	3492.5762	912.5	1000.0	699999	314.36258	58.82156	372.5113	-101.479744	314.36224	58.82521	372.7396	-207.86838	0.010350967	2.145072	35.144726	-10.856546	-314.59814	23.886887	5167.215493440628	36.908682111331395
141	3333.222	362.91324	3580.4978	2610.8135	3470.148	2.336514	3474.775	3466.4783	942.2	1000.0	704999	314.5638	59.61078	380.58917	-215.10852	314.56384	59.615463	375.4681	-109.59772	0.07537066	2.1808243	33.55528	-11.2557535	-314.7869	27.781082	5204.5148158073425	36.91145260959652
142	3519.175	32.36221	3558.205	3465.304	3473.8254	3.305623	3481.8909	3468.51	1000.0	1000.0	709999	314.99075	59.55655	374.11288	-106.95851	314.99088	59.561817	372.8045	-133.31218	0.04787987	2.1802235	45.531467	-10.399555	-315.22165	21.764442	5242.032965183258	36.915725123714395
143	3520.0422	15.611161	3548.046	3501.253	3379.1184	2.9290009	3383.076	3372.2031	1000.0	1000.0	714999	315.241	59.530186	375.4131	-146.74507	315.24106	59.534267	374.13495	-105.607635	0.0393035	2.201474	36.69167	-11.742256	-315.4422	24.420088	5279.481247663498	36.91944929769823
144	3268.9722	471.08942	3510.8608	2326.8638	3585.0872	18.735294	3617.5908	3560.0198	934.6	1000.0	719999	315.43958	59.28228	375.51123	-115.025	315.4395	59.288044	373.75812	-98.83039	0.06959926	2.2140038	67.74684	-10.761158	-315.6654	24.265875	5317.056329250336	36.92400230301751
145	3466.185	111.25152	3544.9424	3249.2012	3412.7402	1.6902363	3415.6628	3410.4126	978.8	1000.0	724999	315.74188	59.00215	374.206	-102.45047	315.74185	59.00678	372.61368	-104.13266	0.03641083	2.19778	36.67285	-13.134865	-315.9611	21.656866	5354.792842626572	36.92960582437186
146	3502.6575	22.025707	3532.4966	3472.3906	3495.0781	2.7522898	3498.8645	3489.8223	1000.0	1000.0	729999	316.08862	58.834812	374.93533	-106.971825	316.08823	58.844116	373.5911	-137.30374	0.042011738	2.199208	82.47883	-12.478546	-316.2957	21.499952	5392.300226449966	36.93356320955982
147	3336.6387	339.32004	3528.7974	2581.6982	3568.517	5.5449915	3575.0806	3556.922	950.3333	1000.0	734999	316.6036	58.60414	373.47424	-158.53915	316.60406	58.606503	373.40054	-115.43807	0.030938769	2.1949048	38.041927	-11.662276	-316.83948	24.481672	5430.097684383392	36.93944004279415
148	3543.42	26.958977	3587.1467	3517.3613	3541.5085	3.0384233	3547.628	3537.401	1000.0	1000.0	739999	317.02942	58.407757	374.5486	-78.7249	317.029	58.40971	373.9494	-108.297455	0.052460518	2.2200584	34.378723	-11.055394	-317.2786	23.703344	5467.7370710372925	36.94416941178812
149	3519.6016	35.043064	3572.7576	3474.8289	3536.2239	3.4857187	3541.14	3531.933	1000.0	1000.0	744999	317.8487	58.20049	374.53622	-173.49712	317.84894	58.20314	376.59665	-184.2652	0.04154019	2.2078607	60.712666	-11.281768	-318.0863	25.30477	5505.293301343918	36.948277209429136
150	3549.0103	11.399081	3562.7437	3535.6064	3581.7246	3.4869816	3590.7107	3577.7876	1000.0	1000.0	749999	318.10498	58.351707	377.67624	-93.25438	318.10483	58.35238	376.3521	-93.75672	0.0057365536	2.208617	46.33834	-11.9621725	-318.3523	23.220928	5542.882814645767	36.952552110354105
151	3223.7363	541.7504	3537.134	2141.1792	3491.0093	3.4188623	3497.6377	3484.6196	914.2	1000.0	754999	318.33224	58.262154	375.47556	-177.35391	318.3321	58.26333	375.74698	-203.48204	0.028664958	2.201595	82.653435	-12.545026	-318.56265	28.235012	5580.460855722427	36.956694421389244
152	3350.457	318.08914	3537.5447	2715.777	3477.0208	1.9525231	3479.6145	3472.6091	948.4	1000.0	759999	318.96414	58.051247	375.26822	-239.41159	318.96445	58.054024	374.5913	-164.66661	0.0096164765	2.1816375	30.840282	-10.77625	-319.22208	26.886204	5617.892517566681	36.95981921020307
153	2911.1106	811.622	3577.8364	1484.291	3488.0552	3.221762	3491.2336	3480.4097	813.2857	1000.0	764999	319.6214	58.0565	377.37296	-126.916534	319.6218	58.059383	376.55826	-130.66338	0.046925288	2.2176032	27.34648	-12.406755	-319.85583	26.453625	5655.286192417145	36.96265486642426
154	3514.9714	42.74623	3564.4326	3446.1743	3502.6887	5.089743	3511.2937	3493.6968	1000.0	1000.0	769999	319.87445	57.872776	375.65372	-132.35217	319.87448	57.86904	375.49997	-98.19051	0.013743297	2.2102218	55.563225	-13.358673	-320.09558	21.591808	5692.896104335785	36.96685783739214
155	3347.731	264.46732	3520.2136	2824.4875	3537.5894	2.0281165	3540.0706	3533.62	925.0	1000.0	774999	319.93457	57.714947	377.02463	-65.13721	319.93466	57.71729	376.2787	-144.26299	0.0016395269	2.2188003	74.66597	-11.612816	-320.15903	24.554657	5730.545414686203	36.97126075375465
156	3574.4126	42.483353	3641.4443	3521.387	3559.4946	2.3019223	3563.4775	3555.7559	996.2	1000.0	779999	319.82907	58.30386	383.96344	-96.43635	319.82922	58.306904	376.78586	-109.15169	0.026462866	2.1872172	28.802355	-11.1265545	-320.06763	26.787062	5767.983922243118	36.974255927098106
157	3343.3455	400.905	3597.2747	2450.4998	3529.147	191.37431	3654.2979	2960.4639	946.0	979.2	784999	320.23907	58.41613	376.71118	-112.703285	320.23865	58.419865	377.7597	-111.64961	0.00514197	2.1700525	60.072716	-12.728529	-320.46057	21.778564	5805.467206001282	36.97749813954542
158	3146.732	665.5984	3556.3809	1829.661	3516.9485	1.6713388	3521.247	3515.3137	882.2	1000.0	789999	320.72433	58.263306	376.21347	-139.65034	320.7249	58.269238	375.76074	-160.58954	0.034714498	2.178321	39.373238	-11.672058	-320.95636	24.420221	5843.0258367061615	36.98117619375639
159	2182.8108	1682.9446	3526.6772	9.723313	3582.1685	19.455156	3616.639	3558.0623	630.0	1000.0	794999	320.84067	58.5146	376.00208	-167.29353	320.8405	58.520126	376.36472	-132.62997	0.024957472	2.1961362	38.164085	-12.453554	-321.07895	26.191164	5880.688347578049	36.98546131751822
160	3265.3806	574.83496	3580.8323	1981.4996	3480.1196	3.0738344	3482.565	3471.5508	925.1667	1000.0	799999	321.03207	58.446003	377.842	-135.53635	321.03207	58.448517	378.07755	-208.25023	0.0030901257	2.2022667	67.54179	-10.435865	-321.24725	24.847946	5918.387258052826	36.989920374751094
161	3205.779	585.50507	3524.8496	2035.6333	3542.198	3.9022822	3550.3728	3536.709	919.0	1000.0	804999	320.91895	58.268	376.4531	-137.30693	320.91873	58.271687	376.15045	-132.17638	0.024213078	2.2125921	33.759552	-11.646245	-321.1103	23.73559	5955.837945699692	36.992782284754405
162	3496.5786	30.769125	3554.2842	3463.2698	3467.3247	2.840133	3472.0837	3463.6687	1000.0	1000.0	809999	321.21948	57.963356	378.0173	-230.47444	321.21896	57.96675	378.446	-140.85994	0.020007407	2.2133992	42.72769	-14.109434	-321.4163	23.103218	5993.551367044449	36.99723067254196
163	3501.9382	12.179769	3519.3516	3482.3806	3515.5527	1.3713369	3518.2583	3513.9968	1000.0	1000.0	814999	321.47818	57.627956	377.0704	-181.84914	321.4788	57.623947	376.0474	-112.27115	0.02480493	2.2450466	35.829277	-11.066457	-321.67337	25.006231	6031.334090471268	37.00204964795727
164	3546.0117	40.893963	3626.4849	3513.2334	3570.4546	2.8612964	3574.2446	3566.2935	1000.0	1000.0	819999	321.88474	57.357086	377.5994	-113.922554	321.88495	57.35779	378.2248	-122.633705	0.040949978	2.2168276	30.955832	-11.063141	-322.0998	21.37739	6068.8534235954285	37.00520381549509
165	3384.194	301.94543	3593.2249	2785.3247	3605.185	2.6531842	3609.674	3601.4119	948.4	1000.0	824999	322.48395	57.19366	378.20322	-95.25995	322.4839	57.203766	377.9394	-128.0187	0.004514486	2.2186465	55.896965	-9.976616	-322.70444	22.739672	6106.368852138519	37.008296083681515
166	3539.8762	26.643702	3571.9473	3505.9734	3617.0454	3.0818648	3622.3032	3610.0361	1000.0	1000.0	829999	322.71024	57.029617	376.99707	-93.485085	322.70987	57.030857	375.96393	-110.36556	-0.024780441	2.2245953	32.87078	-12.576782	-322.91626	22.080378	6144.035888195038	37.01226440107966
167	3516.7422	23.821545	3544.899	3482.6753	3562.6177	5.6861506	3576.5957	3556.7737	1000.0	1000.0	834999	322.86252	56.89568	377.67178	-182.71222	322.8624	56.896843	378.6349	-96.246796	-0.046718337	2.189327	42.19395	-10.980288	-323.05606	20.735384	6181.6242735385895	37.015714224227175
168	3541.773	36.61117	3579.0984	3484.2268	3574.272	2.1180503	3578.346	3570.9697	1000.0	1000.0	839999	323.17664	56.662888	377.22226	-85.16626	323.17657	56.662563	377.33743	-115.83721	-0.0165311	2.2029371	26.347624	-13.789132	-323.38654	24.065256	6219.52060341835	37.02095598833902
169	3484.552	120.967125	3566.2312	3248.5808	3461.8484	3.8028262	3467.5227	3453.7324	974.4	1000.0	844999	323.4782	56.370228	376.045	-80.44327	323.4783	56.372738	376.8427	-86.387695	-0.036098607	2.192952	32.311264	-12.586256	-323.7003	22.371815	6257.338248968124	37.025670126345034
170	3110.6787	738.3823	3728.7734	1650.6816	3526.5242	4.0695863	3535.4507	3520.9617	861.1667	1000.0	849999	323.4853	56.27697	378.5932	-138.18452	323.48502	56.28205	378.69104	-193.20464	-0.051549274	2.223276	27.774637	-11.772112	-323.6644	22.351604	6294.906182527542	37.02885990844053
171	3415.2566	195.66899	3533.7202	3025.7427	3528.142	3.5296736	3532.6597	3522.0178	972.6	1000.0	854999	323.48987	56.766155	378.73184	-96.566025	323.49005	56.765606	377.62576	-80.90402	5.169632e-05	2.2490005	96.0793	-10.406338	-323.7017	25.723215	6332.571921825409	37.03258434931437
172	3409.7244	292.91202	3583.8997	2760.591	3557.6948	17.640759	3582.5752	3535.527	955.8333	1000.0	859999	323.9044	56.61902	377.40292	-105.24277	323.90335	56.627914	377.41357	-132.71397	-0.04766125	2.2006445	29.816174	-11.674405	-324.11578	21.534681	6370.305720567703	37.03666117856669
173	3428.9016	242.22426	3573.3726	2945.9663	3498.2566	3.060359	3502.53	3491.8337	955.0	1000.0	864999	324.23798	56.28021	376.59525	-125.07531	324.23853	56.27998	377.0936	-109.08663	-0.045658093	2.1898596	35.692436	-10.599215	-324.43762	24.650791	6407.795560121536	37.03928070536928
174	3443.3247	200.52788	3574.7493	3044.1084	3581.6177	2.6089244	3586.5757	3576.782	964.0	1000.0	869999	324.5197	56.311283	376.69327	-97.70679	324.51978	56.31443	377.39688	-212.63171	-0.07438673	2.1833696	42.557076	-12.224161	-324.73584	20.936035	6445.016729354858	37.04032604447727
175	3487.9194	124.86391	3580.6082	3241.021	3518.4272	4.793309	3528.5342	3514.018	971.0	1000.0	874999	324.77347	56.49645	377.77728	-116.07965	324.77313	56.501835	377.53516	-109.0765	-0.05171685	2.1930287	35.21129	-12.964586	-324.97116	17.242283	6482.5774030685425	37.04329945700509
176	2843.6343	872.5326	3605.5781	1537.5175	3550.539	25.047075	3588.169	3513.478	792.4286	1000.0	879999	325.33087	56.219612	377.81372	-122.877266	325.33096	56.22739	378.04883	-187.71078	-0.023586888	2.226683	34.085228	-10.341024	-325.55518	23.279816	6520.232043504715	37.04677298800512
177	3038.2732	857.1138	3587.9453	1347.1395	3532.6907	2.987995	3536.9553	3527.7073	847.8	1000.0	884999	325.71634	55.821945	378.47443	-125.37176	325.7165	55.82149	377.672	-95.21079	-0.015916895	2.207266	79.41359	-10.814711	-325.94162	21.1924	6558.096633434296	37.05139342135629
178	3474.334	130.64772	3575.2332	3218.6833	3504.8735	1.1544174	3507.7563	3503.201	974.2	1000.0	889999	326.48047	55.506805	378.60452	-106.657005	326.47995	55.515743	377.75244	-104.47161	-0.03378726	2.2432904	33.669617	-11.101528	-326.70627	23.235868	6595.539936542511	37.05359516250953
179	3036.6328	793.2906	3601.2166	1364.1885	3514.573	2.1585033	3519.768	3512.142	844.2857	1000.0	894999	326.5474	55.7225	380.0529	-69.71958	326.54782	55.717537	379.50632	-68.090294	-0.08672256	2.1662545	39.658413	-11.138357	-326.761	21.06879	6633.149904251099	37.05670338636004
180	3508.4797	14.252702	3525.387	3482.182	3476.0886	1.2603633	3477.715	3474.2607	1000.0	1000.0	899999	326.64267	55.971428	380.8864	-71.656494	326.64252	55.97347	381.28354	-143.66043	-0.046631876	2.1524248	29.487036	-10.307589	-326.848	21.519787	6670.632681131363	37.05907046132617
181	3564.6797	46.371716	3622.5286	3486.4443	3538.5806	2.356974	3541.5872	3534.4702	996.4	1000.0	904999	327.15103	55.86025	380.53036	-143.63591	327.15045	55.862617	380.1983	-134.56378	-0.014562179	2.1948373	44.69367	-11.330673	-327.3671	23.132599	6708.6917552948	37.06459534497551
182	2931.4753	739.4751	3568.2705	1570.9393	3545.3032	2.3617597	3548.5735	3541.792	815.3333	1000.0	909999	327.2333	56.294662	382.5828	-136.22224	327.23355	56.29103	382.57077	-113.7133	-0.037993744	2.1715133	53.94861	-13.343811	-327.4332	20.797575	6746.358286619186	37.06790268552172
183	2864.6836	574.2589	3530.8005	1898.8938	3461.3665	1.7589738	3465.113	3458.4333	789.1667	1000.0	914999	327.35992	56.108208	380.84595	-131.93517	327.35995	56.107433	380.19098	-124.617645	-0.017147854	2.2043009	49.008152	-13.303994	-327.52454	20.417524	6784.028834581375	37.07119582911007
184	3561.3464	20.666842	3591.4358	3538.418	3462.586	1.5302624	3464.6497	3459.9656	993.8	1000.0	919999	327.0162	56.33651	380.8082	-109.94569	327.01608	56.339306	380.23035	-104.070656	-0.05303809	2.2077496	42.87178	-11.156073	-327.2084	22.25936	6821.953218460083	37.07583271938822
185	3313.9336	378.54172	3514.6204	2557.1118	3508.4836	3.263664	3513.3748	3503.9153	941.2	1000.0	924999	327.06952	55.79775	378.8609	-120.28013	327.06955	55.803986	379.80368	-208.43904	-0.07487969	2.1849425	51.222027	-13.096523	-327.2442	20.468666	6859.3479471206665	37.07755648252126
186	3493.6484	25.780851	3522.9084	3453.6653	3454.6946	3.2145739	3458.7	3449.0344	1000.0	1000.0	929999	327.08688	55.920376	394.6629	-111.68261	327.08694	55.920723	380.07962	-108.55481	-0.09173529	2.1517663	70.79823	-11.784399	-327.25974	20.784382	6896.7138068675995	37.079106501353685
187	3488.679	29.766088	3533.5352	3439.717	3469.5637	2.8894632	3473.579	3464.298	1000.0	1000.0	934999	326.7326	55.73865	379.92725	-272.52066	326.73215	55.742638	379.74817	-358.80798	-0.08268492	2.1750605	37.92015	-11.517696	-326.88907	24.26984	6934.4965834617615	37.08286944302645
188	3473.8406	21.838251	3503.1086	3443.4836	3453.0383	1.7366886	3454.797	3449.4802	1000.0	1000.0	939999	326.93747	56.334194	379.78833	-118.280495	326.9374	56.33905	380.44138	-97.92649	-0.0524284	2.1836846	33.73685	-11.851294	-327.1255	21.619267	6971.861238479614	37.084368301198836
189	3510.4282	52.104626	3571.6145	3438.8887	3557.0972	3.818599	3562.2432	3549.1018	1000.0	1000.0	944999	327.43533	55.90207	380.51697	-84.09357	327.4353	55.904503	380.4566	-85.82967	-0.066675626	2.1741126	28.400808	-10.946415	-327.63345	21.692158	7009.516570091248	37.08738927109532
190	3505.7258	31.178719	3549.0554	3453.6233	3565.0	1.2523731	3566.8408	3563.311	987.8	1000.0	949999	327.6348	56.00625	381.36755	-188.11992	327.63504	56.005737	383.09488	-243.33263	-0.035776515	2.1783078	27.778936	-12.598648	-327.82584	19.192822	7046.679689407349	37.087787850279554
191	3365.4128	456.73474	3704.9934	2356.292	3513.082	2.6118107	3516.5388	3507.4573	927.5	1000.0	954999	328.02554	55.6187	380.89496	-105.43639	328.02563	55.618687	380.7784	-96.318634	-0.0769233	2.1774044	28.269463	-11.075469	-328.22388	25.036386	7084.24794459343	37.090303386069095
192	3493.022	66.31059	3559.8528	3368.3567	3585.6685	7.303801	3595.0056	3568.9124	978.6	1000.0	959999	328.3259	55.591763	380.39908	-102.060936	328.32602	55.592075	380.37354	-94.1969	-0.11054786	2.1649709	32.92575	-12.5301075	-328.5255	18.395521	7121.764023780823	37.09252096836766
193	2968.4915	823.426	3569.8098	1693.8112	3549.8457	2.5525227	3553.4446	3545.2944	831.1667	1000.0	964999	328.80728	55.414406	380.7655	-88.86726	328.80728	55.41483	381.17224	-88.0437	-0.10568092	2.1557872	65.78156	-11.140133	-328.98984	23.477507	7159.424513101578	37.09546380957173
194	3129.4111	652.3483	3576.0815	1869.18	3537.5593	2.1780372	3540.8164	3533.918	871.3333	1000.0	969999	328.90982	55.89358	381.63638	-121.61498	328.90985	55.900574	383.04492	-112.12418	-0.08452798	2.2226398	38.19803	-12.869581	-329.1039	23.607447	7196.876234769821	37.09730019028654
195	3298.2144	546.69257	3604.8171	2206.0847	3475.6711	2.3912296	3480.6936	3472.37	916.6	1000.0	974999	329.26456	55.83723	381.84335	-127.72811	329.2646	55.837833	381.3692	-167.64598	-0.09182452	2.1802542	39.47443	-10.952449	-329.45758	18.941378	7234.453192234039	37.09975997240115
196	3602.2078	76.20037	3740.164	3525.9805	3579.3125	18.668802	3617.7522	3556.1843	997.6	1000.0	979999	329.83572	55.42523	382.15195	-150.6664	329.83588	55.42369	381.9734	-168.09735	-0.09944216	2.1742349	30.662712	-12.195587	-330.0422	18.580751	7272.160513162613	37.10285977076511
197	3052.6526	751.58075	3565.3477	1592.0927	3502.5015	2.8477194	3505.669	3498.353	847.6667	1000.0	984999	330.34604	54.78306	381.94724	-84.34664	330.3457	54.789497	382.0059	-103.43634	-0.116736904	2.1600559	82.47467	-11.787221	-330.5465	23.286829	7309.69873213768	37.10506971717486
198	1254.508	1666.0995	3530.6604	8.463398	3583.6648	3.2915926	3587.8164	3576.3074	360.92856	1000.0	989999	330.04144	55.13124	382.09924	-141.28598	330.04196	55.129353	381.74625	-112.1325	-0.14425674	2.1323948	52.244232	-10.955855	-330.20538	20.821575	7347.04953622818	37.10631079986842
199	2642.062	855.09564	3559.567	1304.9875	3527.561	3.6583385	3536.1072	3522.9053	735.8571	1000.0	994999	330.15933	55.214592	383.07373	-110.06618	330.15912	55.21624	381.90228	-96.80933	-0.08047693	2.145541	35.192318	-11.815477	-330.34714	22.088184	7384.550878763199	37.10829588396465
200	2504.6702	891.29004	3530.4785	1316.7413	3558.8887	2.8611157	3564.6929	3552.6775	698.2857	1000.0	999999	329.93582	55.311317	382.92627	-108.19934	329.93668	55.3102	382.22614	-93.091324	-0.039970875	2.1867354	30.89193	-10.884335	-330.0971	19.463913	7422.130686759949	37.11065344452858
