Epoch	AverageEpRet	StdEpRet	MaxEpRet	MinEpRet	AverageTestEpRet	StdTestEpRet	MaxTestEpRet	MinTestEpRet	EpLen	TestEpLen	Time Steps	AverageQVals	StdQVals	MaxQVals	MinQVals	LossPi	LossQ	Time	AVG Time Per Epoch
1	55.004166	17.444237	146.49994	26.850933	216.37485	75.65259	400.3716	129.4168	6.0557575	23.3	4999	45.89676	40.85586	178.56479	-0.47000086	-55.340904	3.6715956	14.552083730697632	14.552085638046265
2	54.525295	16.37953	119.434814	26.86618	703.54926	261.18744	1326.2411	417.48172	6.0048018	75.5	9999	109.31368	114.94368	408.74548	0.3178341	-151.23233	9.218089	32.810495138168335	16.405248761177063
3	468.6355	260.88406	1997.9021	62.460686	856.4974	434.37854	1548.3112	269.3352	50.363636	91.9	14999	203.69339	204.50613	600.8882	-3.8823984	-263.86832	44.13029	51.96261215209961	17.320871432622273
4	8131.9727	2418.0256	9342.755	3295.9216	9350.943	0.68365616	9352.147	9349.856	870.6	1000.0	19999	317.48132	279.67917	748.68555	0.6059134	-378.02774	56.655506	73.91456127166748	18.478640913963318
5	6617.5664	2642.9856	9339.525	1954.9691	9322.747	0.6575911	9323.586	9321.638	709.4286	1000.0	24999	464.4393	336.39633	874.26917	1.7325101	-521.7729	72.44765	95.90225982666016	19.180452394485474
6	5261.072	4076.3503	9326.751	510.66943	9320.9795	0.7333576	9322.445	9319.794	564.9	1000.0	29999	596.2005	373.2489	965.2677	0.51440537	-652.035	140.8316	117.90661478042603	19.651102781295776
7	6805.647	2927.0408	9315.833	2563.0474	9326.418	1.0615014	9327.328	9323.671	731.1667	1000.0	34999	710.3836	400.3973	1079.7931	-1.8985733	-762.6406	181.15111	139.9974627494812	19.999637808118546
8	9313.283	5.0850334	9320.683	9306.801	9310.213	1.7283144	9312.321	9306.812	1000.0	1000.0	39999	814.97656	419.83273	1146.2241	-5.027397	-866.392	247.24976	161.7592761516571	20.219909876585007
9	3743.3225	3215.6218	9296.483	258.25443	9297.15	0.9207765	9298.601	9295.332	402.92307	1000.0	44999	892.49786	424.05997	1229.9515	-6.323818	-940.2722	313.68365	183.7324161529541	20.414713276757134
10	1650.0331	1661.751	7883.2686	147.07698	9269.705	1.4747461	9272.147	9267.117	177.93333	1000.0	49999	950.6665	428.62708	1306.8207	-18.629807	-996.1829	452.3709	205.58006834983826	20.558007049560548
11	2893.1104	2558.5251	9285.234	416.61118	9285.018	5.0379224	9293.952	9278.396	311.86667	1000.0	54999	1008.742	438.10495	2156.1946	-24.386385	-1052.9678	595.693	227.67074179649353	20.697340336712923
12	2052.4636	1975.2	7393.681	90.541626	9283.275	1.3531535	9285.863	9281.092	221.09091	1000.0	59999	1056.4628	443.73245	1417.6943	-29.449232	-1099.0443	666.642	249.55402612686157	20.796169022719067
13	2014.282	1717.8834	6453.458	147.17204	9251.186	1.2970558	9253.787	9249.579	217.16	1000.0	64999	1103.053	451.54245	1516.1146	-32.49934	-1144.9432	846.8766	271.479416847229	20.883032193550697
14	1410.2606	1206.1246	5762.5615	147.54778	9269.172	0.81222343	9270.709	9268.308	152.21213	1000.0	69999	1156.2578	459.83582	1607.3029	-32.748455	-1197.2421	1032.192	293.711590051651	20.979399476732528
15	1187.8226	1241.8512	5681.93	119.163795	9266.255	0.522865	9267.454	9265.648	128.38461	1000.0	74999	1199.8024	470.97	2132.8079	-34.01504	-1240.6919	1224.0332	316.7045419216156	21.113636255264282
16	805.2428	493.62125	2155.742	110.1552	9255.449	3.686463	9262.814	9252.569	87.10345	1000.0	79999	1240.0151	479.92328	1898.8898	-34.95463	-1280.197	1562.6262	341.0227086544037	21.31391942501068
17	792.8299	781.8385	3731.487	82.71765	9252.528	0.6411402	9253.729	9251.477	85.75862	1000.0	84999	1270.611	491.1338	1853.7664	-44.192604	-1310.5844	1837.3608	364.0046262741089	21.412036965875064
18	696.42615	634.7996	3387.7837	82.64195	9247.625	0.29577175	9248.05	9247.061	75.402985	1000.0	89999	1300.6033	505.40717	2250.3394	-35.9957	-1340.6373	2285.9126	385.8034315109253	21.43352409203847
19	727.3021	563.19556	2615.9363	109.818565	9238.275	1.6900408	9240.647	9235.387	78.77778	1000.0	94999	1330.4109	520.091	2280.9675	-30.234715	-1370.7506	2550.039	407.9746766090393	21.47235151341087
20	669.76526	503.34683	2039.0682	82.68367	9233.3125	0.21364233	9233.733	9233.09	72.57971	1000.0	99999	1370.416	537.4007	2073.7324	-57.27346	-1411.2133	2994.6702	430.9145197868347	21.545726084709166
21	653.64606	756.6111	4513.303	100.31883	9247.778	0.460317	9248.779	9247.237	70.86567	1000.0	104999	1430.2864	561.7527	2234.6746	-59.561832	-1473.3862	3450.5215	454.24401569366455	21.630667516163417
22	588.082	558.60986	3177.1365	91.508545	9229.764	0.5904418	9230.573	9228.773	63.792683	1000.0	109999	1479.8035	586.07904	2274.129	-63.70796	-1523.4365	3970.3884	477.81184577941895	21.718720360235736
23	671.89746	554.5033	2886.279	118.8479	9224.103	1.8671955	9228.176	9222.344	72.85507	1000.0	114999	1520.7141	604.96216	2397.6145	-55.91176	-1564.7758	4678.6055	502.3968379497528	21.84334087371826
24	517.8218	416.40887	1865.8182	91.7663	9229.172	0.38274	9229.715	9228.537	56.18182	1000.0	119999	1566.4075	632.3247	2465.9707	-57.90826	-1611.8667	5127.072	525.3488762378693	21.88953658938408
25	562.55566	454.12543	2177.204	137.5886	9234.118	0.9544958	9235.432	9232.856	61.06024	1000.0	124999	1622.1763	660.0439	2573.333	-58.180878	-1669.5507	5915.9775	548.1750733852386	21.927003030776977
26	519.878	311.18527	1629.9369	119.31872	9234.364	3.7526793	9240.213	9229.534	56.44318	1000.0	129999	1692.2329	689.1368	2681.3567	-107.69083	-1742.146	6924.589	571.2166368961334	21.969870732380794
27	648.8231	563.61566	2729.7292	100.66244	9224.98	1.1750221	9226.902	9223.107	70.40845	1000.0	134999	1762.9275	719.7156	3320.1833	-133.67941	-1814.1212	7848.912	595.9855558872223	22.073539186407018
28	489.07126	357.11584	1936.8806	108.695946	9220.225	0.46106112	9221.055	9219.568	53.14737	1000.0	139999	1837.187	754.8252	3173.2854	-148.28088	-1891.4019	8986.933	619.3633379936218	22.120119282177516
29	514.0516	385.26703	1870.7522	98.51962	9233.455	1.2921578	9236.187	9231.669	55.83146	1000.0	144999	1929.3046	797.2177	3140.16	-150.18925	-1986.6288	10383.627	643.0210638046265	22.17314021340732
30	464.366	424.0031	3520.5676	73.03355	9220.904	1.2584515	9223.022	9219.026	50.474747	1000.0	149999	2035.2073	842.22736	3387.4736	-129.56459	-2097.1265	12008.779	665.8091814517975	22.19363944530487
31	556.32495	398.3404	2158.881	100.52088	9223.463	1.3734692	9226.176	9221.408	60.433735	1000.0	154999	2159.455	900.2406	3678.7778	-124.29456	-2225.142	13496.84	687.7156541347504	22.18437599366711
32	447.54407	397.55518	2413.0125	73.07234	9227.861	0.45174074	9228.496	9226.895	48.656864	1000.0	159999	2296.8384	960.40607	3987.3086	-155.53702	-2367.2312	15947.922	709.6647100448608	22.177022248506546
33	465.5874	369.77753	1840.4341	107.07592	9227.053	0.48779595	9227.79	9226.27	50.626263	1000.0	164999	2438.3389	1019.53296	3988.0955	-173.29456	-2513.2756	18249.084	731.853404045105	22.17737593795314
34	471.98315	352.6236	2191.2527	73.07885	9223.642	0.9119239	9225.187	9222.161	51.336735	1000.0	169999	2552.2917	1068.5621	4204.1133	-182.04283	-2629.7708	20372.031	753.3944616317749	22.158660713364096
35	462.1152	365.8117	2269.807	63.935894	9238.448	0.87480736	9239.848	9237.329	50.262627	1000.0	174999	2673.7742	1123.6494	4368.0737	-196.81805	-2755.8264	22431.62	775.4955303668976	22.157015207835606
36	492.36118	474.56326	2575.8071	72.810936	9221.32	0.8438401	9223.044	9220.154	53.55914	1000.0	179999	2831.943	1189.737	4970.9365	-216.93288	-2920.6084	25218.203	797.4034395217896	22.150095601876576
37	522.19836	393.47266	1815.5242	72.89269	9235.646	0.8468497	9237.2	9234.052	56.820225	1000.0	184999	3012.724	1266.2389	5196.79	-422.27515	-3107.3745	29078.02	820.0875730514526	22.16452905938432
38	411.09772	391.37296	2824.7341	63.503853	9232.46	1.6429975	9235.024	9230.022	44.745453	1000.0	189999	3229.1587	1351.0641	5399.5776	-387.4453	-3330.7952	32513.959	842.0356829166412	22.158833817431802
39	423.78247	300.81613	2273.3909	99.88819	9214.238	1.2425915	9217.334	9212.602	46.136364	1000.0	194999	3414.703	1429.2115	5518.1865	-516.3637	-3523.168	36961.66	863.8175582885742	22.149168210151867
40	449.68225	298.1959	1428.5503	72.99628	9228.667	1.9929624	9234.106	9226.261	48.940594	1000.0	199999	3595.8145	1504.2155	5818.499	-669.2435	-3708.284	40960.69	885.0615646839142	22.126539158821107
41	479.21182	411.05774	2108.1697	73.232155	9237.693	0.569294	9238.682	9236.796	52.13402	1000.0	204999	3738.538	1556.5009	5903.6055	-678.1284	-3854.4631	44429.508	907.5943901538849	22.13644859267444
42	459.55997	368.24643	1710.2001	106.88314	9210.209	0.52472997	9211.21	9209.456	50.01	1000.0	209999	3841.1047	1608.7687	6741.513	-729.0398	-3961.2632	47060.082	929.9016540050507	22.14051561696189
43	478.6359	411.67477	2094.6545	100.4209	9212.82	0.78621536	9213.902	9211.681	52.104168	1000.0	214999	3981.6187	1663.6646	6474.6807	-594.8292	-4105.784	51566.457	951.6446099281311	22.131270042685575
44	440.29062	441.28113	3240.8516	73.15602	8308.188	2698.9417	9210.294	211.36673	47.941746	902.3	219999	4150.2886	1735.4482	6805.4146	-577.44257	-4281.154	57189.715	972.9401271343231	22.112275665456597
45	437.88214	435.7141	2906.8967	63.89469	9226.949	0.5824083	9227.884	9226.136	47.685715	1000.0	224999	4328.2285	1824.4585	7936.749	-455.43484	-4466.5684	63884.79	996.1816539764404	22.137370130750867
46	492.36847	390.6415	2521.0095	72.9172	9185.421	1.5705754	9188.762	9183.3545	53.61702	1000.0	229999	4536.0034	1911.6185	7259.541	-464.29022	-4680.278	70972.03	1017.8413031101227	22.12698489168416
47	400.39984	278.59503	1373.1549	73.07698	9207.965	0.6868416	9209.443	9206.925	43.608696	1000.0	234999	4741.203	2020.3463	7669.276	-515.1974	-4895.2783	78240.55	1039.71284532547	22.1215499411238
48	413.54483	348.3327	1811.9391	64.13137	9210.16	0.7303587	9211.123	9209.183	45.036366	1000.0	239999	4984.5034	2119.9568	8209.23	-557.8081	-5143.3447	85023.7	1061.410656452179	22.11272205412388
49	476.17084	360.1342	1800.9487	63.9773	9204.511	3.194177	9210.367	9200.667	51.82474	1000.0	244999	5199.008	2224.8599	8208.343	-583.0203	-5365.4873	94706.68	1083.389764547348	22.109995228903635
50	456.2114	392.4108	2476.1897	63.730076	9210.076	0.570019	9211.269	9209.416	49.643566	1000.0	249999	5426.7764	2318.738	8916.208	-615.83673	-5602.149	102831.02	1105.1788911819458	22.10357786655426
51	450.53384	318.6949	1582.3456	72.92725	9209.975	1.070516	9211.454	9208.324	49.040817	1000.0	254999	5651.673	2423.0166	9335.454	-653.88226	-5835.165	112829.47	1127.9135825634003	22.11595263668135
52	486.8497	405.52203	2143.1316	63.84966	9196.049	0.99149543	9197.918	9194.439	53.010204	1000.0	259999	5878.2437	2520.5764	9364.767	-756.5832	-6067.863	124418.75	1150.211662530899	22.11945508993589
53	439.51984	365.78195	1915.5027	72.881516	9203.581	0.9362674	9204.63	9202.101	47.865383	1000.0	264999	6149.92	2642.8003	10060.665	-725.85645	-6350.53	135774.88	1172.37588596344	22.120299775645417
54	452.11462	340.4913	1838.1688	82.423004	9209.248	0.9043896	9211.17	9207.927	49.2451	1000.0	269999	6418.7407	2767.7866	10390.862	-929.6229	-6628.2183	144851.0	1195.1998069286346	22.133329788843792
55	425.31757	345.3776	2537.2585	72.986084	9220.005	0.87966365	9221.718	9218.07	46.324074	1000.0	274999	6710.9146	2899.6433	10905.33	-847.1266	-6930.501	160770.33	1217.4211838245392	22.134930654005572
56	436.27438	331.78745	1783.768	73.00055	9211.884	1.4448036	9213.733	9208.553	47.495144	1000.0	279999	6994.2856	3028.3333	11593.106	-1107.1813	-7223.272	178490.9	1239.9580569267273	22.142108189208166
57	423.49503	290.1519	1481.028	73.09459	9214.364	1.020901	9215.98	9212.758	46.109093	1000.0	284999	7324.724	3182.9792	11585.618	-1078.6968	-7563.9185	193931.89	1261.4017055034637	22.129854520161945
58	529.71704	415.20892	2124.3955	64.13943	9210.432	0.78515756	9212.35	9209.594	57.67442	1000.0	289999	7643.6357	3317.7695	12446.984	-1034.4746	-7892.02	213078.81	1283.5652403831482	22.130435216015783
59	414.18222	373.5012	1997.3898	63.87944	9215.073	0.66384727	9216.142	9214.194	45.10811	1000.0	294999	7965.3296	3458.6265	12974.996	-1213.1709	-8224.29	230908.9	1305.5037994384766	22.127183077699048
60	483.68643	366.70227	1586.8741	72.84182	9208.218	0.75757295	9209.616	9207.152	52.666668	1000.0	299999	8309.973	3595.534	13775.513	-1244.8317	-8581.414	253195.92	1328.511390209198	22.141856535275778
61	412.1818	336.40924	1803.0337	64.09074	9208.797	1.1586652	9210.891	9206.988	44.88288	1000.0	304999	8626.432	3765.3125	13776.719	-1332.9932	-8911.161	266469.97	1352.6891286373138	22.175231667815662
62	391.83057	292.18677	1895.7787	73.07954	9202.537	0.40347764	9203.243	9201.876	42.666668	1000.0	309999	8975.012	3911.6848	14446.323	-1507.1519	-9271.639	298311.7	1377.0413644313812	22.210344626057534
63	454.8938	344.5531	2032.3873	108.14173	9213.576	0.7140251	9214.513	9212.066	49.534653	1000.0	314999	9315.349	4077.5483	14750.359	-1421.6973	-9625.043	319937.03	1401.1291768550873	22.24014569842626
64	367.74875	288.41418	1701.3679	72.926	9212.591	1.0787605	9214.207	9210.739	40.072582	1000.0	319999	9700.317	4250.513	17849.477	-1664.2107	-10018.672	347938.62	1424.5451107025146	22.258517388254404
65	428.09174	417.6445	3119.8337	72.9921	9199.409	2.2692318	9202.913	9196.078	46.63889	1000.0	324999	10065.605	4431.081	16447.658	-1676.4209	-10399.824	380432.78	1447.2915630340576	22.26602407968961
66	396.94693	302.52213	1839.2683	63.82866	9195.668	0.39587066	9196.35	9195.0625	43.25	1000.0	329999	10460.5205	4601.2476	16767.492	-1969.9766	-10807.03	406169.28	1469.861748456955	22.270632581277326
67	450.3026	300.20197	1610.3905	63.768032	9208.593	0.5846784	9209.6455	9207.862	49.039215	1000.0	334999	10799.762	4773.4644	17984.768	-1969.2539	-11165.253	438678.12	1492.173476934433	22.2712459564209
68	361.61325	250.45685	1388.0535	73.166176	9203.992	0.9132094	9205.772	9202.055	39.404762	1000.0	339999	11189.93	4933.4175	17987.11	-2083.4226	-11563.412	466226.47	1515.780508518219	22.290889859199524
69	405.8736	294.68643	1359.4471	63.943745	9211.378	2.1453614	9215.616	9208.082	44.2193	1000.0	344999	11561.921	5100.987	18278.785	-2249.615	-11949.755	494298.72	1540.8001294136047	22.33043668926626
70	450.71063	339.8496	2050.1482	73.032425	9212.15	1.8055092	9214.634	9209.155	49.068626	1000.0	349999	11887.685	5279.2544	19844.982	-2192.8435	-12285.432	531899.44	1565.5416674613953	22.364881001199993
71	384.08173	273.98395	1601.0592	63.779884	9203.608	1.8621137	9207.832	9201.084	41.857143	1000.0	354999	12291.668	5437.1504	20383.408	-2485.4126	-12699.356	560369.9	1590.739495754242	22.404781660563508
72	388.7215	348.13693	2400.543	63.653328	9201.533	1.7024024	9206.301	9200.387	42.33051	1000.0	359999	12687.689	5628.766	20172.266	-2371.837	-13111.107	599983.25	1615.2015585899353	22.43335501021809
73	407.33408	266.22922	1215.2982	72.99787	9195.924	0.6784516	9197.41	9195.083	44.35398	1000.0	364999	13045.872	5813.6636	21515.502	-2655.7036	-13486.344	653198.0	1639.9306819438934	22.464803891639185
74	389.6216	263.38083	1335.0756	63.934284	9198.49	0.5409091	9199.09	9197.532	42.449154	1000.0	369999	13551.813	6022.386	22692.24	-2575.3567	-14009.547	689760.2	1664.841125011444	22.497853069692045
75	388.2145	276.16623	1607.5284	63.871372	9192.303	0.55710125	9193.317	9191.544	42.28448	1000.0	374999	14051.3545	6265.1416	23609.197	-2403.3486	-14528.591	738263.6	1689.7140274047852	22.529520394007363
76	417.4809	302.95334	1634.2648	64.08029	9197.178	1.5388702	9199.28	9194.342	45.468468	1000.0	379999	14477.679	6473.1694	23159.242	-3015.034	-14969.472	775326.25	1714.7360706329346	22.562316743951094
77	372.55728	253.53233	1269.5339	63.947113	9203.38	0.8908467	9205.275	9202.141	40.564518	1000.0	384999	14846.377	6650.055	24030.162	-2933.402	-15352.915	829492.8	1739.7513494491577	22.594173394240343
78	366.27075	250.75993	1432.1959	63.845005	9189.109	0.6262526	9189.974	9188.113	39.91057	1000.0	389999	15358.632	6890.2563	24858.064	-2931.2761	-15889.14	892633.8	1764.7923095226288	22.625542451173832
79	408.0742	355.10022	2310.2722	72.72553	9202.053	0.97282064	9203.6045	9200.3545	44.452175	1000.0	394999	15915.807	7134.0225	25581.447	-3269.916	-16460.18	964754.56	1790.137933254242	22.659973865822902
80	401.0393	287.8656	1460.0283	63.39241	9194.416	1.0194508	9195.621	9192.311	43.690266	1000.0	399999	16456.254	7387.237	26647.473	-3334.0754	-17026.38	1034333.3	1815.968073129654	22.699600940942766
81	407.26584	263.4339	1572.97	73.03996	9208.464	1.2535199	9210.233	9205.261	44.385963	1000.0	404999	17057.059	7671.815	28088.87	-3543.0605	-17645.357	1093864.4	1841.4560995101929	22.73402594636988
82	379.24292	282.76642	1395.4983	72.95952	9195.842	1.2672558	9197.793	9194.55	41.31405	1000.0	409999	17704.758	7952.9536	28880.996	-3766.6743	-18319.043	1218293.5	1866.0927629470825	22.75722884259573
83	334.53308	244.85194	1544.8989	63.927498	9201.786	0.76964414	9203.042	9200.387	36.47059	1000.0	414999	18328.385	8291.395	30462.201	-4018.4355	-18960.67	1274942.5	1890.561136007309	22.777845040861383
84	373.1186	281.4502	1248.5936	63.621056	9197.192	2.4124348	9202.371	9194.359	40.66129	1000.0	419999	19021.996	8568.699	30520.238	-3812.4805	-19690.693	1392397.1	1915.0262217521667	22.797931236880167
85	359.1585	273.7452	1508.5764	72.94565	9204.069	0.6170286	9205.474	9203.118	39.14516	1000.0	424999	19613.746	8868.281	31272.842	-4083.6582	-20292.455	1472100.2	1939.5681593418121	22.81844896148233
86	380.02008	321.17642	2267.482	63.67207	9197.043	0.3760946	9197.449	9196.363	41.427418	1000.0	429999	20249.273	9172.174	32575.295	-4532.7983	-20953.447	1573469.6	1964.3894419670105	22.8417377222416
87	353.20776	285.55005	1885.6567	63.759125	9198.342	1.1923189	9199.902	9195.513	38.503937	1000.0	434999	21005.66	9536.756	34370.41	-4455.2427	-21736.209	1678669.5	1989.9749684333801	22.873275523898247
88	361.13065	292.33417	1451.3119	64.053276	9196.785	0.75204897	9197.898	9195.578	39.36434	1000.0	439999	21706.334	9917.572	35044.477	-4837.4854	-22475.28	1835763.2	2014.6453886032104	22.893697622147474
89	313.2338	211.94536	1249.2969	63.922794	9200.555	1.264793	9203.274	9199.061	34.156464	1000.0	444999	22425.809	10284.193	36098.777	-4850.5947	-23219.594	1994921.0	2039.0374743938446	22.9105334442653
90	311.03516	247.1091	1523.2448	63.788013	9198.051	0.8335326	9199.508	9196.392	33.912163	1000.0	449999	23222.69	10653.017	38097.99	-5083.708	-24051.904	2148524.0	2063.5033922195435	22.927815487649706
91	338.39108	289.73248	2088.726	63.424156	9204.205	2.0033548	9207.595	9199.776	36.880596	1000.0	454999	24063.746	11063.168	39572.305	-5106.002	-24927.719	2310825.2	2088.0470271110535	22.94557175007495
92	365.34012	246.0499	1224.348	63.912365	9203.342	0.745055	9204.768	9202.293	39.809525	1000.0	459999	24919.934	11449.413	42665.008	-5362.2407	-25800.473	2443533.0	2113.030608892441	22.967724030432493
93	350.50906	304.05374	2030.457	63.990124	9196.23	0.5328848	9196.947	9195.587	38.224808	1000.0	464999	25661.03	11824.12	41015.008	-5654.3135	-26571.703	2592268.8	2137.5345299243927	22.98424227776066
94	327.7749	272.16693	1609.4055	63.932667	9203.168	1.4707558	9206.191	9201.624	35.734264	1000.0	469999	26423.445	12178.962	42333.594	-6036.539	-27371.434	2725788.0	2162.310806274414	23.003306467482386
95	344.0169	257.95523	1335.6987	72.90048	9203.166	1.5485647	9205.926	9201.399	37.50376	1000.0	474999	27339.02	12645.572	44056.92	-5498.5273	-28319.79	2924639.5	2186.094940662384	23.011525711260344
96	318.4306	243.05286	1201.5327	63.832336	9205.713	0.21453658	9205.958	9205.372	34.71528	1000.0	479999	28239.965	13060.187	47415.133	-5817.9756	-29259.033	3152352.5	2211.1262028217316	23.032564635078113
97	341.70334	250.82979	1118.117	63.47145	1631.3555	1107.431	3173.4568	311.53577	37.2406	177.4	484999	29070.172	13518.776	47467.934	-5776.4805	-30114.094	3387007.5	2233.0143430233	23.02076644995778
98	370.63934	262.58997	1258.6053	63.82059	9204.415	0.8707971	9205.992	9203.048	40.392	1000.0	489999	29792.244	13826.046	49036.812	-6491.7754	-30855.545	3555573.8	2259.8687517642975	23.05988524398025
99	324.38574	242.12473	1415.5857	63.897854	9201.914	1.8015312	9204.112	9199.426	35.376812	1000.0	494999	30854.914	14370.576	50384.152	-6992.6553	-31986.973	3783324.5	2285.386085987091	23.084707958529695
100	363.5044	311.0619	1449.6339	64.01753	9196.662	1.0114907	9198.466	9194.743	39.640625	1000.0	499999	31888.47	14857.179	53121.348	-6900.349	-33044.16	4028695.2	2309.819146156311	23.098191483020784
101	306.50568	227.94688	1094.3036	63.78534	9192.663	0.8702261	9194.033	9191.049	33.42384	1000.0	504999	32909.17	15382.729	52879.95	-7408.987	-34122.32	4280228.0	2334.5786213874817	23.11463983460228
102	313.3254	212.19456	1147.5411	63.99431	9193.376	0.48380792	9194.293	9192.668	34.171234	1000.0	509999	34101.793	15945.008	57340.48	-7320.3633	-35360.92	4633205.0	2365.7348532676697	23.193478976978977
103	315.3623	232.6761	1825.8693	63.748203	9200.182	2.5772057	9203.178	9195.155	34.38356	1000.0	514999	35254.824	16487.207	58167.625	-8797.279	-36555.32	4973651.0	2397.569759607315	23.277376330014572
104	321.2066	247.28911	1186.9602	63.88009	9195.29	1.0368825	9196.941	9193.518	35.02837	1000.0	519999	36427.887	17123.02	59575.176	-7769.1685	-37787.17	5274267.0	2428.6709203720093	23.35260502879436
105	383.67874	328.0129	2196.757	72.775475	9196.118	0.74240106	9197.028	9194.846	41.81818	1000.0	524999	37718.152	17794.057	60491.484	-7787.339	-39119.902	5722176.0	2459.18936085701	23.420851076216923
106	341.2719	253.56926	1260.3597	63.87749	9206.886	0.7248532	9208.141	9205.989	37.22388	1000.0	529999	39144.668	18370.41	67835.625	-9030.743	-40605.355	6223268.0	2489.3072040081024	23.484030251233083
107	366.34866	289.2747	1546.4679	63.968395	9212.224	4.427495	9218.609	9203.935	39.928	1000.0	534999	40332.492	19015.068	69006.83	-9269.547	-41833.85	6539499.0	2519.4003665447235	23.545797840457098
108	333.6369	260.52185	1238.9205	63.893982	9192.874	0.9745958	9194.078	9190.999	36.369564	1000.0	539999	41605.34	19583.03	68434.43	-9611.122	-43173.848	6957511.5	2548.778462409973	23.599800599945915
109	283.3329	225.07303	1213.9053	64.11228	9189.726	1.3328049	9191.827	9187.8	30.913044	1000.0	544999	43190.83	20337.494	70714.28	-10862.131	-44807.37	7542522.0	2578.1019554138184	23.652311537243904
110	364.0784	365.43164	2988.4692	64.020035	9196.751	0.8142077	9198.68	9195.7	39.690475	1000.0	549999	44752.953	21088.838	75636.805	-9459.51	-46414.625	8181525.0	2607.612578392029	23.705568913979963
111	347.9579	294.669	1875.4218	63.787445	9190.1455	0.84945315	9191.58	9188.711	37.946564	1000.0	554999	46286.59	21888.084	76471.46	-10644.144	-48013.69	8699872.0	2636.8771481513977	23.75565000267716
112	353.68277	278.95697	1581.181	63.75102	9192.624	1.3517036	9194.528	9190.48	38.564884	1000.0	559999	47821.914	22602.104	75592.82	-11298.463	-49620.473	9103099.0	2666.8593616485596	23.811244332364627
113	355.22946	251.66849	1279.3118	72.890785	9207.168	0.6673817	9207.835	9205.833	38.713177	1000.0	564999	49253.71	23356.027	79796.164	-11062.456	-51096.44	9908185.0	2697.009553670883	23.86734119980736
114	342.3487	270.13565	1747.7089	63.757233	9196.895	0.7483976	9198.065	9195.906	37.320896	1000.0	569999	50777.395	24138.21	83841.516	-11005.718	-52694.24	10581598.0	2727.164795398712	23.92249822198299
115	316.14737	250.69572	1487.5891	63.870934	9199.476	1.0606769	9200.784	9196.858	34.468964	1000.0	574999	52739.145	25040.635	85180.77	-12947.924	-54733.37	11135764.0	2756.915055036545	23.973174414427383
116	274.50775	188.21292	1002.291	63.5124	9196.4	0.69404745	9197.728	9195.159	29.952095	1000.0	579999	54470.363	25984.656	87928.984	-11965.015	-56528.64	12161848.0	2786.684630870819	24.02314338807402
117	324.294	213.49106	1188.0223	72.76755	9203.095	0.5647749	9204.027	9202.261	35.361702	1000.0	584999	56195.375	26730.885	92270.68	-12260.956	-58328.203	12690537.0	2816.2298340797424	24.070340482597675
118	303.82867	209.96475	1167.4675	63.89089	9192.0625	1.1917528	9194.072	9189.49	33.140938	1000.0	589999	58102.75	27762.008	95795.71	-13750.246	-60320.45	13737424.0	2846.398074388504	24.122017595727566
119	324.67825	220.19403	992.6847	63.85726	9199.996	0.6986391	9200.773	9198.891	35.412586	1000.0	594999	60155.36	28763.37	101261.74	-13930.582	-62450.086	14641725.0	2875.8958241939545	24.167191817980854
120	323.01297	223.62465	1201.7375	63.754166	9191.416	1.0626415	9193.241	9190.385	35.225353	1000.0	599999	62069.895	29817.707	101656.25	-15064.342	-64461.727	15824214.0	2905.479731798172	24.212331118186317
121	319.31784	204.333	1111.5662	63.86294	9199.326	0.28764746	9199.744	9198.934	34.83217	1000.0	604999	63991.016	30794.93	103827.82	-13770.874	-66469.73	16899182.0	2935.220598459244	24.258021494573796
122	333.03125	268.42932	1762.3231	63.882683	9192.862	2.6476	9196.068	9187.994	36.326088	1000.0	609999	66256.05	31930.273	108896.43	-14022.3545	-68840.016	18118434.0	2964.981997013092	24.303131142600638
123	316.93857	230.90512	1307.6633	72.792496	9193.076	1.0169773	9195.568	9191.618	34.565517	1000.0	614999	68676.19	33072.77	111565.77	-16081.41	-71340.695	19334810.0	2994.8708980083466	24.348543905630343
124	371.13498	275.86395	1681.5961	63.74784	9195.084	6.7810607	9200.94	9182.612	40.455284	1000.0	619999	71159.945	34396.984	117750.39	-15039.76	-73903.74	21096488.0	3024.7308938503265	24.392991106356344
125	333.6597	322.26303	2684.3762	72.81466	9186.248	0.6024828	9186.885	9184.983	36.369564	1000.0	624999	73780.66	35782.5	124193.37	-16451.611	-76652.11	22408354.0	3054.533921480179	24.436271390914918
126	337.17325	266.07315	1773.8862	64.05274	9192.123	0.8315465	9193.283	9190.758	36.757355	1000.0	629999	76232.42	37020.1	126648.26	-17432.693	-79204.31	23609726.0	3084.441874027252	24.47969743562123
127	319.46814	246.1449	1315.739	72.87786	9182.481	0.71039206	9184.084	9181.767	34.825176	1000.0	634999	78801.46	38327.465	126776.03	-18209.006	-81906.6	25583246.0	3114.236781835556	24.521549506450263
128	350.04935	242.97034	1332.3165	63.824753	9204.725	0.5864897	9205.862	9203.803	38.147285	1000.0	639999	81409.79	39576.2	174966.95	-19530.145	-84572.914	27102400.0	3143.9247143268585	24.56191185116768
129	352.65393	273.57123	1462.7153	72.91407	9186.607	1.1594543	9190.058	9185.962	38.454544	1000.0	644999	84548.29	41014.4	136404.48	-20185.746	-87852.51	29359298.0	3173.3874294757843	24.599902570709702
130	335.54092	261.21576	1424.2052	63.92829	9200.922	0.9448215	9202.21	9199.077	36.57664	1000.0	649999	87584.91	42508.4	140928.58	-19655.836	-91018.5	31234804.0	3202.64337348938	24.635718275950506
131	356.7201	304.30203	1577.059	63.967094	9201.418	3.3872926	9205.908	9195.035	38.89147	1000.0	654999	90542.375	44117.324	145500.7	-20399.729	-94086.89	33634440.0	3232.079463005066	24.672362331215663
132	321.7143	255.40878	1339.2908	64.02928	8685.225	1548.7634	9204.128	4038.937	35.06294	943.9	659999	93852.6	45710.016	154679.52	-21928.463	-97540.94	36888932.0	3262.1696944236755	24.713406790386546
133	363.3302	317.068	1957.5197	64.04191	9197.816	0.8722908	9199.246	9196.529	39.595238	1000.0	664999	97482.08	47483.04	155603.17	-20835.191	-101397.23	39179104.0	3292.011561155319	24.751966643154173
134	302.50537	219.63297	1413.0056	63.720585	9199.62	0.34020793	9200.38	9198.895	32.986576	1000.0	669999	101109.75	49353.3	166742.62	-22576.443	-105092.12	41825816.0	3321.5810186862946	24.787918065910908
135	331.2757	297.19717	1775.0032	63.710754	9197.297	2.1572955	9200.838	9194.132	36.120567	1000.0	674999	104736.1	51006.098	182240.64	-24505.545	-108863.66	45094250.0	3351.2674643993378	24.824203459421792
136	304.76865	260.60672	1799.7909	63.71554	9209.584	1.0423113	9210.523	9207.26	33.246666	1000.0	679999	108681.98	53221.105	176731.06	-23691.59	-112974.74	48175110.0	3380.9114310741425	24.859642894829022
137	329.6839	244.55273	1303.9999	63.912167	9186.525	1.6604717	9188.433	9183.413	35.934784	1000.0	684999	112410.2	55067.93	180009.66	-25366.928	-116907.13	53130064.0	3410.9547810554504	24.897480183274208
138	312.43274	270.8445	2057.866	64.01434	9205.249	2.6051288	9209.46	9200.965	34.06081	1000.0	689999	116566.13	56951.81	186843.53	-25720.53	-121133.67	55562404.0	3440.5979335308075	24.931869104288626
139	334.4223	249.88396	1177.3724	63.46371	9195.211	1.0444356	9196.52	9192.649	36.452557	1000.0	694999	120318.48	59212.37	193681.88	-29351.021	-125116.55	60748104.0	3470.018997192383	24.96416546457963
140	324.04202	241.14587	1488.7932	63.741726	9189.591	1.1316686	9192.367	9187.939	35.31915	1000.0	699999	124946.016	61041.074	208011.58	-25326.43	-129907.17	63678172.0	3499.4899003505707	24.996356444699423
141	322.50986	220.14664	1262.9801	63.948532	9199.947	1.8946544	9203.514	9197.044	35.14789	1000.0	704999	129135.38	63437.203	210179.28	-30049.93	-134337.11	69263990.0	3529.26256275177	25.030230958411035
142	320.74612	259.09094	1258.9225	63.909164	9196.326	0.72311294	9197.447	9194.749	34.993008	1000.0	709999	133939.36	65644.45	223215.56	-30843.277	-139281.38	73801660.0	3559.2764122486115	25.065326873685272
143	371.7412	274.00745	1560.4323	73.18654	9188.065	0.5970068	9189.346	9187.221	40.532257	1000.0	714999	138748.86	68475.28	227400.58	-32738.805	-144339.8	79948216.0	3589.2461273670197	25.0996232833062
144	333.82205	274.16742	1425.0315	63.861126	9189.185	0.9113261	9191.418	9188.081	36.384056	1000.0	719999	144278.48	70836.8	234189.0	-33382.797	-150078.78	86684390.0	3619.314103126526	25.134125732713276
145	336.2835	268.55276	1442.631	72.956535	9190.171	0.8947963	9191.468	9188.319	36.632355	1000.0	724999	149069.84	73206.08	277208.22	-34964.723	-155070.0	91996104.0	3649.3688085079193	25.16806076312887
146	379.04648	317.20233	1952.7721	63.88696	9193.285	0.70275575	9194.599	9192.176	41.3	1000.0	729999	153756.3	75704.09	244014.03	-36013.816	-159927.78	97077550.0	3678.99977850914	25.198628631356645
147	343.9776	233.8918	1020.1602	63.72423	9190.321	0.7731849	9191.604	9189.569	37.496296	1000.0	734999	159369.95	78346.51	265912.0	-37978.305	-165776.56	105304550.0	3708.720201730728	25.22938914363887
148	344.10483	292.1778	1815.7717	63.921753	9197.221	0.9993392	9198.726	9195.338	37.50382	1000.0	739999	165198.9	81099.77	287349.38	-38580.45	-171775.86	111923770.0	3738.7442951202393	25.261785790726947
149	373.4276	266.34204	1497.8098	63.83761	9187.525	2.0864503	9189.307	9182.918	40.696	1000.0	744999	170321.88	84035.7	274669.78	-39734.74	-177169.11	122566920.0	3768.3088762760162	25.290663613569016
150	379.93756	316.86435	2023.601	63.882233	9209.365	0.783114	9210.654	9207.557	41.4	1000.0	749999	176080.05	86787.29	292587.84	-32241.643	-183216.39	130775530.0	3796.837291240692	25.31224863211314
151	328.94464	273.58847	1654.4116	63.81413	9200.924	4.4826317	9206.01	9193.263	35.856113	1000.0	754999	182743.42	89975.836	299052.2	-43509.223	-190111.89	141866740.0	3826.289793252945	25.33966751919677
152	373.6288	264.0772	1470.9099	63.870403	9199.753	1.037931	9201.822	9197.757	40.717743	1000.0	759999	189623.9	93508.61	305982.06	-45160.746	-197233.33	147709090.0	3856.230148077011	25.369935198834067
153	364.01395	291.32397	2104.4214	72.85104	9205.436	1.977929	9208.639	9201.059	39.65873	1000.0	764999	195822.06	96824.664	316827.4	-42027.97	-203752.42	160775200.0	3886.0123493671417	25.398773548649807
154	340.56284	276.13782	1914.3497	63.82666	9199.016	1.0080842	9200.47	9196.967	37.104477	1000.0	769999	201783.42	100218.61	333846.12	-45762.0	-209944.66	172896130.0	3915.970933675766	25.428382701687998
155	349.0135	275.86536	1499.1545	72.64014	9189.523	1.279566	9192.856	9188.358	38.03788	1000.0	774999	209247.58	103715.39	346946.5	-52165.55	-217704.78	184269280.0	3945.4830045700073	25.454729078662012
156	342.47855	264.6356	1535.155	63.99531	9195.365	1.7391486	9198.1045	9192.604	37.328358	1000.0	779999	216301.92	107121.984	358794.44	-50909.816	-225140.94	192596910.0	3975.05326461792	25.481110690495907
157	363.95993	292.13647	1653.2794	63.88313	9204.041	0.9194238	9205.99	9202.987	39.650795	1000.0	784999	223820.84	110791.29	370208.34	-50569.965	-232896.89	209918880.0	4004.141475200653	25.50408584448942
158	383.10486	302.99234	1664.1433	72.919655	9195.186	0.8899724	9196.191	9193.512	41.73109	1000.0	789999	231442.62	114687.1	372674.78	-49948.93	-240824.34	223168560.0	4033.9678299427032	25.53144197675246
159	396.19003	306.56277	1838.2646	63.73538	9198.868	0.8998599	9199.898	9196.865	43.16379	1000.0	794999	240430.1	118840.36	386742.56	-56674.613	-250240.92	245360340.0	4063.637953519821	25.55747142077992
160	374.2584	312.34033	2184.4387	72.831955	9188.986	0.8016378	9190.901	9188.004	40.788616	1000.0	799999	248066.1	122767.19	404196.38	-56058.832	-258107.64	260293220.0	4093.2257306575775	25.58266083151102
161	399.71747	311.873	1790.2677	63.807247	9210.939	0.35693565	9211.456	9210.283	43.530434	1000.0	804999	256570.66	126863.56	432988.28	-55350.633	-267055.1	275828450.0	4122.541353464127	25.605846929254
162	373.45874	319.59927	2162.4705	73.036934	9205.494	1.038528	9207.316	9203.156	40.674797	1000.0	809999	265114.62	130877.24	441625.16	-62960.17	-275904.62	292468960.0	4152.7255692481995	25.634108462451415
163	438.54172	403.0885	2347.3909	72.9724	9201.512	0.7486221	9202.41	9200.185	47.7549	1000.0	814999	274191.1	135191.58	446461.94	-66097.305	-285303.6	311734460.0	4182.374747276306	25.65874079400045
164	361.30148	315.93668	2188.8196	73.04414	9204.623	1.2632952	9207.263	9202.813	39.36434	1000.0	819999	282742.03	140145.12	453778.2	-68239.984	-294160.34	332275650.0	4212.512597322464	25.68605243723567
165	328.0231	239.43077	1710.7969	63.71087	9213.973	1.2990532	9216.142	9211.965	35.758865	1000.0	824999	292490.0	144601.75	481322.16	-69542.4	-304341.2	349936060.0	4242.259918689728	25.71066618977171
166	390.43408	275.72964	1369.5001	73.05006	9185.034	3.2601542	9193.304	9181.605	42.51695	1000.0	829999	301424.56	149156.66	551307.6	-74407.25	-313600.1	376860300.0	4272.498951911926	25.737945523606726
167	367.33157	306.29163	1608.3646	63.61852	9199.075	0.7842952	9200.772	9197.826	40.008	1000.0	834999	310778.78	153355.4	513241.38	-74547.73	-323279.38	401058080.0	4301.77330160141	25.75912158075207
168	363.35474	287.94366	2007.0621	73.08107	9192.525	0.2587314	9192.953	9192.113	39.584	1000.0	839999	319514.88	158309.73	518049.6	-77987.91	-332469.6	428605380.0	4331.311024904251	25.78161325341179
169	421.88168	325.51913	1840.9095	63.8072	9213.589	0.6135864	9214.5625	9212.351	45.936363	1000.0	844999	330156.2	163258.47	531319.25	-81887.7	-343523.03	457355140.0	4361.524662971497	25.807838260774783
170	355.86447	253.39342	1423.9796	73.00079	9205.51	0.5769934	9206.362	9204.789	38.775192	1000.0	849999	340892.84	167863.97	546366.2	-80193.95	-354698.4	477136060.0	4390.959217309952	25.829171884761138
171	317.92944	264.4198	1554.3351	63.86748	9201.86	0.6190194	9203.104	9200.777	34.65972	1000.0	854999	350028.7	173698.97	586585.4	-76396.24	-364242.44	519937920.0	4420.450697422028	25.850588887755634
172	356.36972	302.41202	1580.1517	72.94787	9201.889	1.0608888	9203.667	9200.388	38.829456	1000.0	859999	362463.9	179312.17	588640.44	-80514.75	-377201.12	550653400.0	4449.972028255463	25.87193041069563
173	368.99948	258.95068	1840.5476	63.914333	9185.325	0.47182465	9186.097	9184.612	40.19355	1000.0	864999	373706.03	184835.6	598598.2	-89876.73	-389053.56	575692160.0	4479.926062583923	25.895526385720753
174	373.49365	304.70834	1556.674	63.733124	9204.288	1.381606	9206.389	9201.944	40.674797	1000.0	869999	385413.1	191013.64	616867.56	-92448.91	-401086.53	624586500.0	4509.629302978516	25.9174097968244
175	343.50903	314.32205	2199.0752	63.97474	9194.802	1.0348699	9196.541	9193.002	37.413532	1000.0	874999	398365.2	197368.9	652083.5	-95554.664	-414515.6	663076860.0	4539.308438539505	25.93890537534441
176	327.38184	274.54395	1830.8867	63.86507	9210.333	2.147397	9214.732	9207.759	35.676258	1000.0	879999	409993.6	203912.27	754751.6	-99173.55	-426809.53	712765300.0	4569.936725854874	25.96554959768599
177	357.717	283.54477	1795.6459	63.36969	9195.236	1.0750158	9197.619	9193.962	38.96154	1000.0	884999	424261.9	210085.1	689994.94	-86717.13	-441533.12	741871800.0	4599.637149333954	25.986650576025752
178	396.4506	309.1371	1626.2944	72.98182	9197.607	0.6162946	9198.888	9196.898	43.181034	1000.0	889999	438066.53	217292.6	701737.2	-98400.305	-455936.72	797443900.0	4629.369033813477	26.00769121325418
179	320.51624	226.59312	1397.2412	63.876514	9194.128	0.9833607	9196.024	9192.538	34.93007	1000.0	894999	451333.72	224373.88	799881.2	-108031.43	-469911.97	855840000.0	4659.093791723251	26.028456948988932
180	357.57825	290.53168	1481.2987	63.51738	9213.814	0.5700533	9214.867	9213.15	38.9375	1000.0	899999	465261.78	231010.56	762714.44	-91783.914	-484061.38	914387400.0	4688.7204258441925	26.04844682349099
181	333.9316	265.1903	1434.974	63.974113	9197.451	0.59153885	9198.489	9196.462	36.375	1000.0	904999	480729.72	238702.61	787495.7	-102459.03	-500552.0	977329660.0	4718.712886095047	26.07023695292394
182	401.1257	320.35684	1528.6259	72.945	9203.995	2.056494	9206.821	9199.607	43.66379	1000.0	909999	494639.62	245705.89	803757.94	-112844.97	-514860.97	1056254100.0	4748.68896818161	26.091697639161413
183	389.16104	299.3007	1526.3766	63.76354	9197.916	0.7202459	9199.56	9197.007	42.381355	1000.0	914999	507984.44	252792.88	835053.9	-116971.84	-528923.3	1087114500.0	4779.412394523621	26.11700763989016
184	344.32443	270.98227	1782.7991	72.78681	9206.943	0.758676	9208.6455	9205.576	37.5188	1000.0	919999	524739.7	260898.4	883021.4	-119969.96	-546333.0	1164051800.0	4809.16810297966	26.136783178733744
185	420.29263	361.349	2114.2346	72.93754	9213.721	0.8000684	9214.761	9212.276	45.779816	1000.0	924999	541704.7	268374.22	863903.5	-119554.734	-563795.4	1225588200.0	4838.712171554565	26.155200940209465
186	348.56226	266.6375	1602.2648	72.70695	9199.862	0.96568173	9201.299	9198.181	37.969696	1000.0	929999	556291.0	276690.47	883425.94	-135343.84	-579131.5	1324485800.0	4869.8453896045685	26.181964471776
187	376.98883	325.0	1656.8679	72.91103	9214.034	1.5777227	9217.507	9211.634	41.057377	1000.0	934999	573948.75	284892.28	1007676.7	-142547.6	-597728.4	1387063300.0	4899.517156362534	26.200626521187033
188	358.72794	265.94995	1651.9211	73.03789	9210.631	1.3147708	9212.937	9208.797	39.078125	1000.0	939999	594744.0	294991.66	968272.5	-128064.23	-619018.3	1523452900.0	4929.324994325638	26.21981380974993
189	413.23465	365.50272	1801.1434	63.77416	9202.729	0.93626326	9204.475	9201.007	44.99091	1000.0	944999	615143.6	304112.88	987811.06	-142542.75	-640398.75	1635072900.0	4959.072488307953	26.23847878673089
190	355.81238	260.72443	1287.0049	63.872257	9206.489	1.6006114	9209.822	9204.336	38.753845	1000.0	949999	634067.9	314651.6	1044251.2	-124366.32	-660038.7	1685056500.0	4988.593268871307	26.255754057984603
191	333.59848	236.84085	1407.1486	63.8093	9192.154	1.0075951	9193.73	9190.925	36.32847	1000.0	954999	655024.4	324044.72	1077527.1	-159993.25	-681966.5	1836241800.0	5018.62029504776	26.275498938186008
192	345.62814	269.80606	1333.2007	63.849495	9200.517	0.7468035	9202.132	9199.488	37.641792	1000.0	959999	677237.6	335002.75	1105664.9	-137649.81	-705038.0	1952982400.0	5048.570883989334	26.294640033195417
193	383.5341	319.77707	1519.2869	63.736973	9211.973	0.71142286	9212.892	9210.267	41.77311	1000.0	964999	698619.2	345501.94	1120086.4	-142438.45	-727327.56	2047593300.0	5078.158047199249	26.311699737538945
194	408.49344	323.5534	1526.4312	63.462383	9198.83	0.8335464	9200.692	9197.759	44.464287	1000.0	969999	718123.2	355479.56	1162322.8	-162528.38	-747726.75	2216972000.0	5108.1455771923065	26.330647314946678
195	356.41672	301.66968	1545.6423	63.421406	9205.156	0.5454672	9206.165	9204.431	38.821705	1000.0	974999	740545.9	366946.56	1200308.9	-177800.66	-770864.56	2325943300.0	5137.7777054309845	26.347577988795745
196	394.78366	298.73587	1914.5883	63.947964	9202.874	0.97470033	9204.619	9201.096	42.974358	1000.0	979999	764564.3	377149.6	1251888.4	-157708.25	-795933.0	2441152000.0	5167.643935203552	26.365530292598567
197	381.47357	282.62445	1183.7975	72.794014	9199.289	1.199912	9200.906	9197.658	41.537815	1000.0	984999	788312.6	389798.53	1255294.4	-157913.66	-821148.4	2676323300.0	5197.198318719864	26.38171737085139
198	405.15796	322.56308	2308.2715	72.79773	9200.526	1.0912992	9201.753	9197.942	44.114037	1000.0	989999	816015.2	402140.56	1289951.9	-194422.16	-849420.7	2815715800.0	5225.559724807739	26.391715837247443
199	411.5318	346.10883	1896.5283	63.79804	9199.153	0.8872317	9200.362	9197.737	44.801804	1000.0	994999	840254.0	412695.3	1417968.8	-175219.62	-874436.8	2986942500.0	5255.656535148621	26.410334358263256
200	386.67722	295.79453	2042.6609	72.71501	9203.81	0.75365853	9205.077	9202.3545	42.108334	1000.0	999999	863936.56	426260.28	1367054.9	-175467.84	-899376.56	3137670100.0	5285.801805734634	26.429009039402008
