Epoch	AverageEpRet	StdEpRet	MaxEpRet	MinEpRet	AverageTestEpRet	StdTestEpRet	MaxTestEpRet	MinTestEpRet	EpLen	TestEpLen	Time Steps	AverageQVals	StdQVals	MaxQVals	MinQVals	LossPi	LossQ	Time	AVG Time Per Epoch
1	19.540106	20.32496	193.14352	4.450417	180.80684	3.2680085	185.76266	175.93022	22.821918	91.9	4999	14.51122	11.764546	71.3004	-17.218693	-17.209517	2.7659	28.042218446731567	28.04222011566162
2	17.715578	13.58748	113.99549	4.2924123	76.54545	0.9157547	77.56693	74.1625	21.842794	43.9	9999	98.105415	61.081295	273.0759	-130.21947	-116.64016	85.24039	62.92495894432068	31.462480425834656
3	56.224674	80.33124	221.25255	-2.4125438	8.830752	1.0560626	9.927878	7.118288	42.896553	36.4	14999	250.76204	102.17066	477.68094	-260.90497	-284.7119	766.2099	99.196533203125	33.06551170349121
4	97.86076	98.64098	384.4929	1.7515696	179.12119	39.224228	250.36794	128.27333	62.3	83.5	19999	393.27887	169.1429	844.9169	-256.4429	-434.96585	1605.4452	135.94313955307007	33.98578530550003
5	224.10982	74.33669	413.66238	20.526024	157.31595	104.30005	448.81815	76.13305	104.125	113.5	24999	614.24744	255.06886	1113.7058	-445.584	-667.6673	2625.9795	172.689528465271	34.537906122207644
6	245.77705	120.83736	538.0584	36.92296	305.30615	21.381653	328.08273	258.33945	134.24324	149.1	29999	803.20935	323.96295	1354.1182	-671.64636	-863.1022	4582.603	209.54149866104126	34.92358342806498
7	242.03383	60.871735	376.6621	118.87046	248.1351	20.71557	274.97662	219.99034	114.954544	110.6	34999	933.62134	390.3469	1549.4803	-1290.6096	-998.3868	4851.5894	246.596577167511	35.22808279309954
8	171.8706	125.899536	517.65375	30.346064	464.5023	231.60335	879.3448	145.35674	110.69768	340.1	39999	1070.5569	456.34686	1919.005	-2022.5654	-1140.002	7486.3457	284.277024269104	35.53462827205658
9	248.09236	111.483604	548.47015	74.78008	231.64261	88.679306	369.59113	144.49854	149.51428	111.1	44999	1283.529	508.45758	2248.6648	-1773.5312	-1362.8673	10743.153	321.13153314590454	35.68128169907464
10	327.73553	199.86911	1098.2318	58.09987	777.70386	218.42024	981.0515	354.18225	185.26923	725.2	49999	1501.439	596.0379	2629.6213	-1269.0618	-1589.066	13613.04	361.362263917923	36.13622660636902
11	371.34955	285.49814	967.42633	32.991497	460.62793	155.03497	671.05286	199.30182	252.85	302.7	54999	1681.2546	671.7165	2626.505	-2617.421	-1774.8888	16282.411	399.19847226142883	36.2907704223286
12	456.06647	256.70425	994.42957	147.33565	926.8553	178.10263	1003.79816	393.51822	329.23077	932.5	59999	1799.582	710.41284	2807.39	-1932.9551	-1895.2468	17610.867	440.4909737110138	36.707581301530205
13	352.13293	304.65	1359.3594	28.321795	187.64218	71.76353	384.16254	138.7431	251.5	110.5	64999	1925.2667	721.2838	3018.358	-1805.2755	-2021.5695	16657.793	477.38682794570923	36.72206387153039
14	385.36722	240.12808	1213.9045	43.678726	165.53857	29.574697	227.89145	137.0824	201.84616	83.8	69999	2004.15	757.1411	3241.245	-1324.7412	-2096.8372	16362.533	514.9310376644135	36.780788557870046
15	328.74026	196.74567	1026.5509	40.1897	427.04697	268.07797	862.77264	124.7571	201.12	399.8	74999	2036.4852	794.3238	3276.0317	-2552.2458	-2124.943	15621.198	553.3618381023407	36.89078933397929
16	342.51465	261.92178	1111.764	89.753494	253.51865	108.43287	510.72488	133.92847	303.46667	234.4	79999	2084.6619	794.8783	3332.2295	-1578.9707	-2170.7217	15757.529	590.7915658950806	36.924473002552986
17	442.23767	270.61237	947.18994	51.52921	400.71368	193.76305	744.27386	156.32819	418.76923	276.2	84999	2096.957	789.3471	3398.4402	-1459.854	-2178.132	14965.268	629.3922343254089	37.02307274762322
18	344.14487	179.89714	895.65027	134.4225	438.4964	96.80565	588.45184	278.07858	202.20833	217.4	89999	2094.148	784.14496	3464.0586	-1260.8213	-2172.2795	15468.909	667.5305366516113	37.08502991994222
19	693.33496	288.2022	1270.9019	344.18927	701.76074	164.1157	974.68634	479.0405	428.33334	316.1	94999	2100.45	795.92377	3463.3347	-1711.2037	-2177.4492	14147.376	705.8794395923615	37.15154957771301
20	586.8466	392.43854	1596.3881	119.19398	286.42902	119.656944	607.41833	187.25914	350.57144	209.8	99999	2092.094	805.7955	3166.1821	-1394.2887	-2165.4844	12680.285	744.0542869567871	37.20271445512772
21	635.9941	465.5734	1380.2843	103.76164	706.2162	497.1902	1879.4529	291.25235	428.58334	396.0	104999	2023.3322	773.8727	3048.4463	-1208.0356	-2091.985	11425.915	782.841495513916	37.27816655522301
22	845.4246	365.33353	1293.1497	378.8358	295.59668	111.39676	485.43436	145.54272	626.8571	145.2	109999	1950.2047	729.1558	2997.637	-1509.9155	-2013.3466	10482.819	820.6235995292664	37.30107280341062
23	528.60785	349.99127	1076.9259	76.37643	180.9724	41.259327	230.92139	64.796074	464.33334	127.6	114999	1886.3331	685.1836	2812.7683	-1438.6099	-1947.4032	10470.077	858.629133939743	37.33170156893523
24	249.47952	179.59653	701.0561	70.15319	808.5784	309.2396	973.75146	176.72536	170.3077	838.8	119999	1829.5269	645.78766	2697.31	-2047.2809	-1887.9404	10333.14	899.5610439777374	37.48171024521192
25	514.8957	296.04773	992.2418	65.30381	971.52356	0.85131526	972.2643	969.3209	545.6	1000.0	124999	1774.0919	603.2913	2619.1414	-1632.6212	-1830.2336	9872.1875	941.4695100784302	37.65878049850464
26	408.80093	316.64188	974.92896	79.717514	963.75745	1.1138704	965.99664	962.29004	409.25	1000.0	129999	1724.3948	572.5125	2546.4155	-1883.988	-1778.3534	9167.427	983.4975416660309	37.826828598976135
27	596.683	325.563	1028.6533	167.0964	974.5177	0.6538184	975.482	973.15985	579.25	1000.0	134999	1684.1577	554.6713	2501.6904	-1497.5325	-1736.654	8853.326	1025.2299973964691	37.97148147335759
28	411.06018	306.87677	1010.11206	19.177017	223.60461	221.57326	713.99365	37.892082	284.26315	138.8	139999	1659.4115	534.73193	2490.7864	-1386.9945	-1709.6256	8535.256	1063.558725118637	37.98424025092806
29	612.6514	530.27	1601.855	31.208307	487.46466	379.31265	1341.4333	132.11523	388.30768	335.2	144999	1663.3658	529.0848	2536.1938	-1939.2883	-1715.3702	9568.357	1102.302134513855	38.01041850550421
30	399.63922	368.4673	1451.6394	16.612637	964.59796	467.11972	1644.6372	257.71176	247.65	598.3	149999	1654.3204	514.4351	2533.8423	-2041.0967	-1704.8691	9461.92	1142.1715943813324	38.0723865588506
31	467.58835	453.69693	1859.0863	45.165318	938.8592	10.814125	948.1852	908.2937	291.58823	1000.0	154999	1628.0989	504.244	2577.3325	-1676.9524	-1679.794	9702.827	1184.0249733924866	38.19435404962109
32	598.87775	468.5368	1342.2329	43.46975	747.2228	408.6744	1601.9572	259.1948	478.45456	477.9	159999	1605.0499	493.72784	2514.8804	-3063.418	-1654.0621	9356.36	1223.4745635986328	38.23358017206192
33	416.67838	309.62183	1141.9242	24.26868	463.37387	128.87347	565.5364	93.32203	234.2381	198.7	164999	1570.7227	484.16617	2446.8584	-1629.0604	-1618.9624	8650.067	1262.0478196144104	38.243873393896855
34	391.45407	195.35892	755.8448	77.28242	305.0439	20.428596	339.13416	275.91852	201.56522	192.8	169999	1524.0664	484.72726	2267.658	-1353.1204	-1569.985	7761.6353	1300.125074148178	38.23897284619949
35	495.44397	303.5813	973.43604	46.790718	921.82697	387.82843	1390.2878	329.54367	296.0	597.5	174999	1480.5477	473.93472	2180.926	-1345.2728	-1524.408	7374.3535	1340.5911371707916	38.30260398728507
36	701.64185	381.57416	1155.2717	183.14368	1251.0326	265.01077	1477.1908	604.3597	627.0	909.5	179999	1440.4594	453.07437	2076.2585	-1887.076	-1480.2438	6563.444	1381.925475358963	38.386818819575836
37	752.4272	385.30673	1337.0721	151.88338	890.9448	231.69447	1211.6792	411.2864	333.6	337.2	184999	1386.9182	432.9459	1996.6119	-2166.9163	-1424.7338	6252.89	1420.9059963226318	38.4028648170265
38	866.3219	274.05905	1459.692	469.9099	290.17572	65.22533	473.3184	239.31886	328.93332	146.3	189999	1339.4563	421.55893	2024.1879	-1499.4261	-1376.6028	5625.4946	1458.696301460266	38.38674483801189
39	550.7989	377.16797	1518.4155	96.23625	300.3747	29.020403	335.22232	253.87045	273.94446	138.7	194999	1278.543	398.05365	1881.7023	-1793.549	-1313.379	5353.8696	1496.7535271644592	38.37829562333914
40	667.37366	547.46875	1709.8173	85.32569	129.61032	77.46874	280.4239	81.96076	371.2857	75.5	199999	1224.9797	378.48605	1857.6635	-3908.4265	-1258.0228	4831.879	1534.4844648838043	38.362111675739285
41	396.94138	358.84305	1204.1918	13.824083	1515.2693	282.3234	1777.2377	755.193	279.11765	923.8	204999	1185.2506	368.2258	1718.5923	-1939.7699	-1216.2673	4798.615	1576.532692193985	38.452016946746085
42	402.10632	414.32626	1521.5413	134.16507	342.12717	161.55878	656.60364	190.84578	296.47058	200.4	209999	1128.9478	353.5769	1626.8076	-3904.6697	-1157.8473	4098.5625	1614.7774691581726	38.44708264441717
43	765.1264	479.45856	1777.3406	163.82848	333.06454	238.63843	890.8209	157.82457	397.92307	182.7	214999	1077.0751	338.72913	1524.8986	-1432.5681	-1105.0986	3857.6335	1652.9446144104004	38.44057247250579
44	540.7074	248.98581	1166.8162	165.07439	1077.4236	617.7249	1914.0315	224.99634	331.0	625.5	219999	1041.2201	319.21194	1502.9417	-3773.3596	-1067.913	3534.0896	1693.3905279636383	38.486148411577396
45	1189.7106	336.1117	1939.5691	1022.5989	983.0209	141.78392	1057.3711	558.5565	962.0	939.8	224999	1009.2551	307.81293	1480.644	-1593.769	-1034.8079	3341.2617	1735.0622119903564	38.55693809191386
46	993.5199	107.203636	1155.8263	855.66626	991.71765	234.76129	1191.0835	426.9083	863.4	883.8	229999	968.74493	289.96368	1418.5359	-979.3042	-992.421	2811.1543	1776.9846994876862	38.63010221460591
47	707.5762	519.69904	1669.68	57.610992	710.71765	471.03546	1576.1927	70.064026	464.91666	428.0	234999	930.61383	270.4908	1362.8395	-1290.7179	-953.0156	2595.7993	1816.4260680675507	38.647363201100774
48	1122.5371	652.24615	1813.6411	138.49738	768.8238	544.51294	2070.6174	244.33571	621.5	344.1	239999	893.46216	258.3988	1298.9698	-990.8981	-914.3456	2417.1067	1855.8155813217163	38.66282466550668
49	852.40924	687.22656	1980.4492	84.710205	1010.83527	495.05328	1812.9604	311.39047	419.08334	574.3	244999	858.2471	248.6376	1247.5769	-904.3334	-878.4302	2258.6543	1895.648042678833	38.68669479720447
50	1218.3999	680.7158	1932.7622	285.95044	1363.6951	585.9098	1931.4365	455.69055	625.125	713.1	249999	833.12634	239.42679	1208.6823	-944.8324	-852.5414	2164.0386	1936.9204196929932	38.73840844154358
51	950.5385	655.287	2272.98	289.51422	1399.1959	819.3403	2482.021	331.10794	445.9091	576.7	254999	810.4047	229.3817	1155.481	-1108.0829	-828.8871	1958.6191	1976.8655850887299	38.76207033793131
52	1235.3767	675.1848	2248.2295	241.97266	341.86093	217.84145	950.258	194.70241	536.2222	179.6	259999	788.29224	222.89601	1188.0957	-895.6041	-805.9347	1898.6716	2015.4264738559723	38.75820146615688
53	826.6921	646.8051	1836.8204	60.257843	948.02704	528.6009	1864.4839	255.30461	406.16666	430.1	264999	753.03076	214.52444	1059.6403	-867.6563	-769.848	1732.702	2054.7087659835815	38.76808996470469
54	1267.3842	676.05725	2258.9797	309.20108	1971.9609	374.99832	2280.9998	1242.7334	583.8889	885.9	269999	718.55096	203.60919	1156.249	-951.8867	-734.2166	1531.3741	2096.5374982357025	38.824768525582776
55	835.4269	729.2191	2690.1956	123.758194	793.90393	484.73294	1617.947	196.69711	359.57144	358.0	274999	685.2306	194.84134	1025.148	-876.86414	-699.92456	1408.5889	2135.3826611042023	38.825139327482745
56	662.7334	370.83783	1404.0226	153.65419	1059.5564	688.6475	2379.3442	86.75401	281.66666	461.9	279999	655.15674	184.1463	920.0735	-737.86804	-668.944	1174.2104	2175.2762632369995	38.84421902894974
57	821.65	492.07648	2182.9814	225.9648	1510.5784	657.18976	2122.3662	377.9359	366.42856	731.4	284999	621.5044	175.3708	1006.33905	-1714.2153	-634.5567	1135.0392	2215.9463500976562	38.876251789561486
58	59.174225	226.0784	1521.847	-2.4111707	68.18503	36.61995	121.37337	30.74824	45.20909	105.5	289999	606.8989	174.67479	1031.3724	-1018.2144	-621.5705	1215.2511	2254.50119805336	38.870710348260815
59	319.9831	234.63644	928.2713	21.984522	327.84717	15.248122	347.1833	288.08115	218.04347	162.2	294999	629.4392	190.03482	1037.9863	-796.7301	-644.1782	1270.9548	2292.624025821686	38.85803436828872
60	663.6579	398.43503	1713.9689	159.53378	1402.1635	163.32156	1705.9658	1151.3308	274.66666	903.6	299999	605.4421	187.51576	862.03735	-879.3061	-618.4466	1178.0972	2334.413163423538	38.9068860967954
61	1176.3507	550.06445	1970.8954	365.54205	559.6488	571.1362	2149.5642	127.624	557.2222	270.9	304999	580.9086	178.83978	1114.6143	-806.3673	-594.0501	1080.5116	2373.1329419612885	38.903818759761876
62	118.647194	261.60776	1122.7324	0.008102243	893.6708	13.695986	919.3967	869.5349	105.723404	1000.0	309999	598.5447	194.82426	1491.1714	-1402.0336	-614.98706	1462.304	2413.4108850955963	38.925982052280055
63	353.51443	345.70224	1031.5555	50.362637	195.19926	104.566185	320.6895	83.05277	318.0625	157.7	314999	702.1366	246.39992	1966.6802	-1063.2169	-722.9578	2272.7012	2447.1006939411163	38.84286819563972
64	290.17865	114.64881	613.28314	46.783787	372.14023	145.57454	511.97635	99.57847	179.59259	215.1	319999	1052.9211	457.15045	2639.838	-1906.1544	-1097.6472	6540.5366	2480.83016371727	38.762971345335245
65	416.33453	229.94641	1131.1072	48.981335	359.55453	36.159462	449.0613	318.6905	192.8077	206.6	324999	1467.689	521.1492	2492.6394	-2128.1343	-1511.5609	9643.507	2514.423661470413	38.683440978710465
66	712.5946	224.01233	1006.94415	347.81076	1192.4155	347.0414	1758.1552	675.6852	553.55554	754.3	329999	1567.8679	540.2359	2488.227	-2372.6362	-1607.0251	9938.711	2550.1231331825256	38.638229323155954
67	1281.7914	544.8078	1852.6862	158.09665	878.78827	573.5332	1753.1709	227.39441	813.6667	512.3	334999	1543.3245	512.5729	2461.631	-2452.1316	-1580.2981	8560.159	2584.848596572876	38.57982983162154
68	1186.192	603.85315	1836.0376	284.3686	1139.4381	633.68085	1680.2943	179.9404	690.2857	692.9	339999	1490.3363	478.62534	2324.883	-2412.7522	-1524.4757	7178.8306	2620.3592438697815	38.53469479084015
69	1144.1494	749.4406	2033.4669	188.7895	511.56323	25.95296	546.97296	461.2305	604.2222	280.0	344999	1442.1837	454.79745	2114.6328	-2093.1064	-1474.367	6280.94	2654.172597169876	38.46626955529918
70	702.1247	539.1021	1892.9991	13.107034	448.1408	275.0716	946.26105	12.923367	398.16666	238.2	349999	1389.3079	439.15402	2103.4377	-2449.59	-1419.3762	5431.2905	2688.1602890491486	38.40228987421308
71	482.15903	472.92984	1619.8319	9.93061	960.20917	722.4198	2269.5366	256.34955	316.2	482.3	354999	1321.3757	417.15427	2005.8644	-1719.1348	-1348.94	4751.302	2723.0877256393433	38.353348278663525
72	1056.6886	451.79883	1915.0139	278.45538	1864.6859	324.89548	2035.1425	902.22864	690.1429	945.7	359999	1256.2014	397.31677	1836.1176	-2364.1724	-1283.018	4212.04	2759.6083455085754	38.327893717421425
73	1071.5143	568.07324	2014.5236	313.06805	1474.068	484.3063	1982.4669	269.65704	545.8	914.6	364999	1186.3306	366.22778	1741.363	-2233.648	-1210.6732	3701.7048	2795.880807876587	38.2997371268599
74	1435.3336	547.3011	2194.4521	705.747	1263.5706	276.18973	1706.2421	662.07684	715.5	811.7	369999	1101.8496	338.456	1595.4065	-1990.1555	-1123.9052	3149.514	2831.70361495018	38.26626509589118
75	1133.466	610.4795	2160.9404	16.586803	966.6497	391.9255	1577.8774	554.1093	691.25	493.1	374999	1038.2452	316.06366	1536.1774	-1314.6812	-1059.1172	2800.9436	2866.6402249336243	38.221869694391884
76	673.52527	691.4566	2270.3992	121.343094	181.84927	5.1297727	191.45842	171.45107	370.7857	120.9	379999	988.9997	300.93115	1518.152	-1041.5133	-1008.9288	2587.7832	2900.274739265442	38.16150975854773
77	445.91684	453.52942	1710.5299	27.981243	1296.0496	542.4324	1947.4097	274.85995	236.26315	648.3	384999	935.1963	287.95264	1394.1741	-1443.4652	-953.7906	2391.715	2935.813568353653	38.12744897062128
78	739.70856	574.6605	1981.4081	50.375042	346.03467	100.43899	505.36386	206.3283	331.7647	192.8	389999	896.3101	274.13937	1336.0494	-1129.2485	-914.8484	2207.014	2969.5644919872284	38.07133967142839
79	1054.1665	575.0167	2256.8691	420.58926	341.38058	511.7481	1793.9257	53.250473	456.9091	214.5	394999	853.24945	261.3786	1349.6528	-1152.4822	-870.4325	2127.4507	3003.54106259346	38.01950714859781
80	588.56586	431.63818	1344.8522	68.514946	394.70438	138.17676	778.3572	315.69302	513.7778	1000.0	399999	809.94495	240.89603	1306.5321	-1206.2177	-826.1262	1934.3907	3040.3199651241302	38.00399959087372
81	535.51654	203.90399	903.3143	351.88245	962.817	314.60278	1353.6112	309.05	1000.0	842.9	404999	772.0173	226.56218	1148.1663	-955.6337	-787.6844	1657.1616	3076.841238975525	37.98569433483077
82	420.62753	262.21027	972.7655	148.77087	178.47366	5.058297	186.02983	168.56302	360.8	101.0	409999	742.2148	214.60873	1270.0576	-1272.2262	-757.0314	1674.4456	3110.3405346870422	37.93098215649768
83	266.28845	180.77693	854.0257	88.16614	514.1797	409.7792	1696.0542	177.67157	163.89655	342.2	414999	723.667	217.03749	1333.3696	-906.46545	-739.169	1807.1702	3144.586316347122	37.88658215051674
84	496.125	221.68011	1049.2295	195.14928	422.02158	12.746927	440.4906	395.0372	232.22728	178.5	419999	749.4516	230.8214	1193.1213	-943.31555	-766.3978	1767.0125	3178.4040100574493	37.838143005257564
85	597.2614	276.62387	1384.4573	331.83533	650.5314	482.59467	2055.0205	343.581	256.26315	273.9	424999	738.08374	231.9515	1105.0769	-1342.0574	-752.9512	1715.894	3212.6156330108643	37.795478066276104
86	1064.3113	594.5	2289.6902	357.91196	2033.3656	544.8822	2363.9673	470.93884	419.45456	879.4	429999	705.9891	215.57576	1069.2017	-854.093	-719.67175	1517.0282	3248.684071302414	37.77539620288583
87	762.9088	629.19714	2230.8145	173.17659	891.11	647.65424	1990.4105	250.7213	348.75	449.1	434999	669.9312	203.01878	978.5479	-763.06805	-682.7347	1342.4042	3283.315882205963	37.73926303578519
88	882.08105	560.59235	1856.8352	278.90802	1002.6478	358.9584	1717.2328	122.66096	431.0	908.5	439999	631.1168	191.3248	959.1613	-831.0576	-642.9699	1240.8555	3319.789918899536	37.724885469133206
89	854.6471	582.47296	1862.6622	156.1392	1200.0822	478.17365	1848.1201	273.1781	592.0	748.5	444999	593.45795	178.2209	905.66534	-778.496	-604.1832	1114.2557	3355.785811662674	37.705458584796176
90	1096.8208	461.06174	1801.4027	413.11227	1504.5895	456.33307	2013.99	744.5535	612.3333	812.5	449999	559.66705	164.96434	797.4338	-649.8613	-570.2315	1033.1605	3391.8597412109375	37.687330481741164
91	713.7348	559.97284	1823.6686	90.823296	623.7422	615.24316	2038.7216	63.506638	449.36365	321.1	454999	540.83606	156.55153	826.9991	-1040.1769	-550.8731	948.0989	3426.2331478595734	37.65091373894241
92	1208.4705	640.391	2285.7249	511.12564	98.515884	12.156973	120.8617	80.23217	616.75	84.5	459999	523.00195	146.78658	823.8147	-1015.58264	-532.7904	904.9168	3459.676607131958	37.60518053821895
93	721.5702	815.5491	2538.0044	78.35849	1632.8536	743.50195	2323.4976	234.87485	379.76923	769.9	464999	505.70282	143.0386	792.7362	-811.18396	-515.27203	874.2488	3495.538909435272	37.5864399069099
94	1005.8899	626.054	2619.9612	283.10684	2265.8718	500.87665	2690.6233	1356.0204	412.33334	862.7	469999	494.11536	137.88696	954.17737	-719.1394	-503.95105	863.7689	3531.9833924770355	37.57429143215747
95	1792.6324	1093.5491	3310.812	596.85266	1743.0101	1014.3561	3326.5408	794.58813	581.375	528.7	474999	486.64474	137.2046	1363.2399	-803.54156	-496.02155	803.8231	3567.2188963890076	37.54967261364585
96	2024.5609	995.9814	3022.3157	155.60905	2396.8662	597.1775	2881.915	1352.8688	702.125	853.3	479999	474.58957	132.01451	786.0761	-799.6449	-483.2937	765.8425	3603.500545978546	37.5364640429616
97	1032.5824	701.9298	3104.0068	564.975	2228.1328	706.5554	3153.181	1033.1007	334.6	713.1	484999	470.30414	131.62175	972.37946	-758.50525	-479.59134	776.2399	3639.5095019340515	37.52071653690535
98	1012.5913	751.9463	2938.7366	343.21808	3062.447	44.04789	3158.6963	3001.3071	335.2857	1000.0	489999	481.04227	137.33835	811.2641	-667.27405	-491.0874	762.8487	3676.1991534233093	37.51223628131711
99	1179.351	811.40247	3160.0994	261.85562	1218.2786	939.98846	3018.3616	284.50882	394.92307	406.0	494999	507.10205	150.0724	805.56305	-634.20685	-517.89087	802.4605	3710.728180170059	37.48210285649155
100	1209.4778	545.9543	2323.359	404.35693	1355.4153	892.6746	2108.0593	256.32178	438.9091	657.0	499999	519.0471	154.15219	796.45056	-814.5365	-529.3086	835.88165	3746.3412013053894	37.463412036895754
101	703.792	548.59985	2168.977	111.41907	486.30536	204.97975	916.07043	249.8331	316.7647	215.5	504999	511.63443	147.38123	922.41394	-609.64636	-521.1299	835.7114	3780.4368982315063	37.430068322927646
102	658.11597	535.709	1636.2227	107.28935	1120.492	1072.1736	2779.6287	38.05522	276.625	409.6	509999	503.003	146.32234	954.97296	-654.0967	-512.6485	848.103	3815.19380736351	37.4038608752045
103	615.5883	515.033	1978.4661	20.928667	758.24585	77.37005	888.35645	642.78467	212.36	245.7	514999	514.5254	152.23114	935.5342	-711.92535	-524.8912	915.0634	3849.4676053524017	37.3734719197727
104	778.82623	421.0704	2033.1136	56.789017	1392.955	586.5195	2641.9966	846.91876	248.95238	471.5	519999	541.03204	163.15521	912.61536	-1047.6348	-552.3203	950.0592	3884.532395362854	37.35127305755248
105	1165.3102	667.60626	2672.932	258.40738	1209.6628	700.56445	2748.8582	530.9427	419.72726	463.1	524999	549.58105	165.43077	912.5559	-653.55743	-559.7849	880.713	3919.4325983524323	37.327929526283626
106	1653.3297	987.14703	3135.6003	356.83014	2835.6907	290.25214	3117.2834	2282.1958	557.375	930.7	529999	542.3471	160.37231	813.2044	-859.2807	-552.3505	882.589	3955.856232881546	37.31939844590313
107	1670.8839	966.23254	3152.7847	579.4632	1542.5159	1078.3479	3229.46	642.8759	569.8889	493.4	534999	536.08923	156.17714	819.51215	-557.7927	-545.86914	812.1038	3990.804895877838	37.29724203760379
108	1433.9786	867.937	2953.9258	307.52274	877.2736	59.16023	939.05096	745.4256	464.08334	273.3	539999	524.08704	151.09328	919.7774	-1353.6931	-533.3528	832.322	4024.9665808677673	37.26820910197717
109	974.7568	509.8608	2507.6108	36.005543	875.67566	292.94876	1204.4696	70.90527	297.88235	282.2	544999	507.45618	149.15407	779.2337	-1072.1254	-516.2913	781.7052	4059.21492767334	37.24050394329456
110	1220.3307	801.5807	3243.2366	58.046524	2133.776	728.2158	3124.8452	1047.1833	382.66666	690.9	549999	502.05252	147.95575	901.2291	-698.2811	-511.095	740.3085	4094.84108376503	37.2258280580694
111	1644.4869	875.0764	3031.4763	635.7625	1916.6882	985.43274	3063.8735	574.62335	548.2	641.8	554999	506.32227	148.37105	1007.8776	-1647.7775	-515.5791	757.29407	4130.52281999588	37.21191731659142
112	977.09674	800.51025	2725.7954	75.06069	1523.8584	794.546	3051.5017	484.6917	354.92856	480.4	559999	504.13385	147.12102	950.6321	-967.7031	-513.1084	724.7776	4165.403267145157	37.19110061866896
113	1397.4028	849.0139	2937.496	186.2482	1037.5303	127.56774	1229.0636	905.43945	452.9091	309.4	564999	497.08734	145.60674	764.9273	-753.2978	-505.5962	713.84625	4199.930114030838	37.16752314989546
114	1397.5283	739.7826	2873.0674	715.6759	1422.5381	794.5902	3040.274	937.34564	448.0	441.4	569999	484.66626	141.74133	770.28296	-612.83453	-492.89	698.61	4234.5751185417175	37.14539579341286
115	1485.2684	784.8666	3090.2278	58.31127	2095.1697	1015.0046	2668.7695	63.644848	470.7	808.0	574999	477.64523	138.9315	727.21326	-697.47156	-486.05356	625.0083	4270.759206771851	37.13703660135684
116	1273.2888	630.387	2787.6143	58.32932	2104.46	679.6203	2993.5723	829.9004	408.23077	699.0	579999	479.565	140.33223	953.82	-737.86005	-488.246	620.8538	4306.52937245369	37.125253342348955
117	1655.2241	714.5724	2920.018	795.1153	2700.588	725.5808	3247.722	1035.071	537.0	830.4	584999	483.8148	140.93135	1137.0251	-658.89404	-492.4912	624.40533	4342.70992732048	37.11717888636467
118	1999.2893	863.03235	2932.8794	665.55237	2230.6255	1026.709	2938.946	624.485	672.75	760.7	589999	489.9387	140.88506	1137.1152	-593.7495	-498.74335	626.6219	4378.7512629032135	37.108061570232195
119	1761.4575	1284.9147	3163.04	12.941248	2231.7273	1015.4305	3062.6614	586.4181	587.875	740.0	594999	494.7772	141.11891	1382.0295	-526.5917	-503.4159	639.2598	4414.527230501175	37.096867501234804
120	2547.6194	514.83887	2970.2214	1494.7894	992.88586	529.45966	2326.161	463.84473	846.8333	335.9	599999	492.93423	137.08958	1192.4758	-690.46277	-501.2292	665.9882	4448.9414484500885	37.07451208631198
121	1628.7407	1019.4216	2970.9988	459.97388	2615.2063	853.83704	3159.8008	507.23593	546.3333	851.7	604999	486.2184	132.92885	1228.9075	-763.8778	-494.1575	614.6681	4485.109779834747	37.0670229915745
122	854.97626	723.72906	2897.1602	12.976959	3165.6716	273.6732	3458.741	2660.2437	259.5	920.8	609999	479.52103	132.97537	1141.3513	-786.0628	-487.52954	589.6821	4521.400871753693	37.060662902769494
123	911.71265	607.0855	2447.6724	15.581464	1524.5504	958.39984	3133.9734	85.640724	279.70587	493.1	614999	480.1168	135.3361	1057.8492	-835.24384	-488.3594	617.6921	4556.501569509506	37.04472822483962
124	1412.3401	1120.8066	3108.0444	239.60051	1069.6633	484.2746	2264.836	672.5391	459.7	324.3	619999	481.98227	136.94398	996.124	-793.9273	-490.4227	648.0257	4590.986310482025	37.024083166353165
125	1747.4045	893.218	3149.0186	484.10248	1870.4143	821.70557	3434.829	728.03094	543.6	522.6	624999	483.10666	134.27562	851.3773	-666.69257	-491.0913	615.2876	4626.083017110825	37.00866415596008
126	1441.2677	1040.408	3209.6885	47.792053	1780.2786	963.472	2968.1653	293.64966	467.27274	621.9	629999	470.9874	130.49355	1087.3519	-469.42392	-478.4607	567.71	4661.473004102707	36.99581751369295
127	1472.6906	633.5529	2643.0679	693.30695	1831.5394	620.34827	3308.3005	1026.6483	432.72726	543.2	634999	459.34845	127.784645	1000.39624	-671.8127	-466.6771	542.05804	4696.67212843895	36.98167032144201
128	1181.5844	1059.1963	3427.1052	46.804783	2853.967	58.751163	2951.292	2774.8677	355.2143	1000.0	639999	458.26578	127.60813	1173.6589	-798.06995	-466.0699	560.26605	4733.143647670746	36.97768476419151
129	1480.3285	981.8455	3183.131	164.3945	1874.0476	401.41565	2470.2317	1210.8595	455.72726	558.5	644999	456.32208	125.273834	705.39014	-708.9532	-463.5862	527.1104	4768.43071103096	36.964579168216204
130	1558.1414	530.47925	2676.401	870.993	2654.851	855.6637	2955.2722	88.01567	494.0	905.2	649999	449.68314	124.27008	998.0091	-722.47363	-457.10095	530.2077	4805.180575609207	36.9629275230261
131	1321.0691	697.38403	3024.0408	642.5385	1678.5778	802.0689	3141.3228	810.98224	422.3846	521.3	654999	451.25705	124.38088	839.7895	-769.4596	-458.6855	501.3051	4840.331132888794	36.94909263385161
132	1318.919	925.5722	3103.76	43.20214	1981.8025	667.42944	2960.6594	1046.8542	419.9091	639.8	659999	445.63797	123.04236	907.8983	-894.99335	-452.5079	495.429	4875.660055398941	36.93681861776294
133	1124.0409	601.8899	2423.7288	66.48993	1048.6295	266.9863	1358.8864	488.70114	348.35715	318.1	664999	438.67548	121.32982	994.0344	-686.39966	-445.6641	475.1464	4909.858402729034	36.91622860808121
134	1382.6056	1064.247	3454.6626	45.563747	2701.4902	574.12354	3061.6204	1455.4747	415.0909	889.1	669999	438.8568	120.84845	639.5142	-880.92004	-446.014	477.1631	4946.316472768784	36.912809514287694
135	1639.5172	836.28015	3249.8274	607.1516	1221.8132	1115.4987	3510.0762	646.45374	491.83334	351.3	674999	434.78152	119.69524	724.59406	-1045.286	-441.6642	464.4944	4980.961140871048	36.896008468557284
136	1680.3724	599.15485	2756.9033	753.48016	2540.839	877.4568	3417.378	1240.8126	480.8	759.4	679999	430.12488	119.86273	837.0013	-1109.8447	-436.7035	444.73196	5017.121287107468	36.890597715097314
137	1306.1213	1024.0011	3379.4224	222.70824	2338.044	1036.9242	3407.9802	975.6373	393.69232	697.2	684999	427.62402	121.342026	804.82404	-870.6062	-434.3577	425.6406	5053.550832748413	36.887232373230646
138	1565.747	639.03845	3070.6187	932.2656	1097.6414	109.98018	1327.3146	989.52576	458.0909	299.7	689999	431.77966	121.71108	797.5432	-676.40125	-438.62155	436.33615	5088.9932589530945	36.87676276331363
139	1199.1698	582.1269	2199.3105	41.82681	1734.2832	721.3952	3393.213	975.58325	365.07693	503.6	694999	432.62402	122.45282	750.1917	-909.12134	-439.5245	432.41254	5124.4804010391235	36.866765492254025
140	929.1751	405.12717	1429.1997	47.801212	988.3793	162.5135	1187.6799	549.5509	288.77777	299.9	699999	434.08807	124.089134	674.90765	-759.27637	-440.9288	459.4425	5159.505276441574	36.853609131063735
141	1299.5417	274.50024	1908.4081	978.1024	1163.3016	1321.4479	3202.8728	262.57898	394.30768	390.4	704999	430.54803	122.90715	718.6233	-883.63257	-437.1268	458.6588	5194.278902769089	36.838857479974735
142	798.43536	460.58307	1770.7759	200.4799	1102.5316	465.10364	2438.1235	781.5315	256.4737	331.0	709999	430.6831	124.338455	677.497	-851.85486	-437.4831	467.4348	5229.0000257492065	36.82394386009431
143	888.4886	317.31555	1649.9065	282.05606	1008.42737	423.70837	1790.4652	152.9609	301.29413	388.1	714999	441.02032	132.22397	721.7966	-775.9009	-448.0618	504.662	5263.870278596878	36.81028168518227
144	836.3699	681.1308	2954.8281	146.09908	651.7797	396.75958	1192.7645	206.21439	278.66666	225.9	719999	458.00262	140.67525	916.3533	-606.5865	-465.5685	525.4699	5297.961527109146	36.791399508714676
145	1386.8173	894.3546	3201.394	472.10605	1677.5836	1153.6969	3102.2524	465.79318	416.75	552.9	724999	473.88806	143.30217	723.0706	-1107.9235	-481.7087	584.0229	5333.400704622269	36.78207383977956
146	1610.2659	1287.2216	3135.7122	44.731293	2339.8667	875.7726	2850.0603	57.139053	543.55554	842.3	729999	484.2922	143.89668	737.30023	-886.22406	-492.2116	606.2514	5369.727801799774	36.77895756453684
147	2109.938	638.63434	2718.4202	995.2659	953.38464	273.479	1492.8445	582.1411	758.1667	362.4	734999	493.676	143.19771	728.74255	-694.53125	-501.5967	585.0087	5404.548759698868	36.765637837299685
148	1793.0441	270.96725	2149.606	1258.286	1355.6409	660.49335	2412.7363	297.12524	710.1429	575.0	739999	490.21396	138.46841	694.724	-547.8908	-497.3698	555.3267	5440.172850847244	36.75792468399615
149	2369.823	319.48492	2737.3691	1972.7502	2261.9187	865.0828	2911.9028	102.41586	963.0	842.9	744999	473.72726	134.72643	737.79254	-711.5696	-480.58945	532.76227	5476.748154401779	36.756699037231854
150	2018.2762	748.9212	3138.485	767.3941	2490.2273	1066.0505	3410.1443	687.723	640.0	766.8	749999	462.0854	130.08102	778.54834	-566.9573	-468.8295	488.1202	5513.067207813263	36.753781401316324
151	1618.5721	1068.0929	3324.8784	446.24307	1927.849	1134.1897	3388.1687	533.928	512.1111	629.1	754999	453.77295	127.2894	805.64734	-852.8914	-460.3563	484.5972	5548.7194221019745	36.74648625487524
152	1505.2612	855.28033	3050.7131	256.66876	2927.1587	736.79944	3448.089	1083.7764	483.8	874.7	759999	447.08792	125.76246	876.3961	-783.3499	-453.69336	474.6044	5585.318984985352	36.745519652178416
153	1896.6738	1049.8433	3428.6316	328.87134	3241.3708	69.13625	3374.1565	3095.602	587.3333	1000.0	764999	444.6094	124.26131	879.8275	-959.9936	-451.1544	479.6038	5622.006985902786	36.74514371273565
154	1784.8528	1126.8717	3437.0073	53.874622	961.8683	160.45436	1395.9628	823.0658	528.4	284.8	769999	441.17023	122.340065	784.1937	-800.95715	-447.49826	482.0826	5656.343364477158	36.72950238066834
155	1584.9528	384.8818	2033.1262	900.0431	2603.978	1063.5886	3347.8276	801.107	484.2	801.0	774999	436.26517	122.17568	761.44476	-600.67474	-442.7459	448.15656	5692.701021432877	36.72710337638855
156	1963.6106	654.2238	3167.028	1126.4741	1945.7346	824.75836	3398.2517	1061.2472	608.25	566.5	779999	432.39316	122.37648	882.0148	-603.65643	-438.6603	452.23715	5728.045265674591	36.71823889475603
157	1520.0868	1042.0596	3110.5771	282.45554	683.554	364.85257	1543.0745	376.6617	474.27274	227.5	784999	426.12857	120.68895	601.95746	-546.74524	-432.28845	404.74353	5762.323495864868	36.702697442595365
158	1203.1483	775.2913	2744.382	167.00317	1056.1912	243.42416	1505.4181	662.82446	377.3846	335.3	789999	428.8757	121.93458	768.7944	-686.69354	-435.39386	428.6827	5797.077843666077	36.69036611122421
159	821.28015	558.3964	1848.5488	121.80468	826.9623	551.5518	1690.5503	113.769196	280.3889	297.0	794999	433.58908	123.936844	676.6896	-535.46356	-440.18304	418.43466	5831.500972032547	36.676106763335895
160	941.2877	416.33743	1567.0264	101.91547	1005.8374	1018.18097	2954.4785	177.53142	318.8125	376.2	799999	428.60388	123.58033	633.25256	-782.2758	-434.6804	424.89404	5866.295514822006	36.6643469825387
161	1413.9764	872.56085	3032.931	152.74115	1357.6967	615.4251	3109.1414	669.54376	442.18182	426.2	804999	423.78668	121.39129	818.5506	-552.46136	-429.8484	419.3831	5901.248195171356	36.65371551128648
162	1970.2417	668.83624	3078.1047	1215.5199	1154.0421	348.7385	1956.4124	844.3896	611.0	380.8	809999	420.39392	117.42754	1299.3431	-518.9099	-426.5107	422.0049	5936.108599662781	36.642645690176224
163	1437.5107	407.66287	2223.0522	927.61285	1365.7577	604.1807	2360.1907	160.57759	443.18182	424.2	814999	425.81384	119.74307	1392.4763	-716.9652	-432.4195	428.11115	5971.242484331131	36.63338948905103
164	581.53784	370.21454	1557.8961	134.98796	205.09688	29.712599	252.7471	159.40921	184.96552	91.3	819999	441.4656	127.547935	983.98303	-924.5354	-448.50626	457.8258	6005.035599708557	36.61607074301417
165	1255.8217	646.58966	2524.3496	181.41896	2139.0515	497.46976	2899.458	1340.7216	431.63635	764.1	824999	445.36075	127.33944	1072.4067	-688.9516	-451.8266	450.1916	6041.051834344864	36.61243537122553
166	1701.1715	790.82	3135.1846	735.6136	2253.9624	612.5371	3040.6243	1186.1344	531.55554	755.9	829999	442.07404	125.25491	835.53204	-839.80115	-448.3754	461.0191	6077.381605863571	36.61073257693325
167	1192.1165	511.9091	2909.215	672.92786	1107.7441	159.32314	1378.6633	799.87103	376.7857	329.3	834999	435.4238	124.196915	1078.1465	-956.1128	-441.3633	431.47006	6111.95089673996	36.59850837798889
168	1072.9614	623.7755	3091.569	29.59684	1998.3668	788.3052	3047.7834	1062.867	315.46667	642.0	839999	436.78806	127.07135	882.414	-547.71686	-443.0935	403.27136	6147.8722012043	36.594477400893254
169	1480.9735	616.35645	3109.8235	650.3691	1538.0333	571.4648	2615.4717	879.99414	440.91666	449.6	844999	438.27087	128.7853	846.50806	-1038.313	-444.345	426.517	6182.930990934372	36.58539049159846
170	1631.9775	768.8934	3097.7441	464.12708	2484.238	667.326	3213.5977	1473.6652	492.3	740.1	849999	440.67938	129.22629	796.4605	-1455.2744	-446.9372	441.95425	6218.992070913315	36.58230631070978
171	1928.7749	740.39996	3055.1196	903.67706	2803.5623	616.3023	3151.7407	1001.1298	616.25	907.7	854999	447.1868	128.85237	770.4029	-490.01196	-453.60986	428.9734	6255.445531606674	36.581552827567386
172	2039.2913	817.56213	3131.3684	927.17084	1816.8597	424.64374	2460.9617	1280.8739	650.5	530.9	859999	453.33118	130.29962	897.241	-488.5554	-459.998	428.99496	6290.513989448547	36.57275576508322
173	1584.0485	970.35333	3164.8718	49.001045	721.8174	745.56805	2051.7495	43.57889	476.2	229.7	864999	459.16428	133.42459	911.5677	-532.3575	-465.7888	460.2055	6325.041000127792	36.56093065035826
174	1245.6039	592.9179	2336.647	100.219536	2372.5234	684.33795	3121.5522	1450.4375	417.91666	754.7	869999	460.4612	135.07932	827.1466	-608.909	-466.943	456.05936	6361.208086490631	36.55866717607125
175	822.38165	754.6134	2416.8567	24.45606	356.08542	667.05756	2114.1638	40.608498	283.35294	136.7	874999	464.20847	137.32162	871.84247	-540.0936	-471.09375	490.50925	6395.327125310898	36.5447264439719
176	2327.558	500.0641	2760.7883	1469.7727	2421.7046	550.4301	3097.1848	1294.6239	863.8333	831.4	879999	476.16116	139.69133	740.5229	-586.0977	-483.4347	522.23425	6431.7999086380005	36.54431767355312
177	1703.5771	983.18585	2946.893	50.62849	1722.405	896.7478	3223.1018	471.04712	606.375	601.2	884999	482.073	138.88431	700.0501	-435.52325	-489.2329	511.6879	6467.517746210098	36.53964829579585
178	1867.1833	902.7426	3131.5398	445.0831	1614.6287	577.6801	2725.4248	1049.705	637.5	549.4	889999	476.342	134.89494	808.1017	-484.41742	-483.085	498.6561	6503.100746870041	36.534273870875325
179	2067.891	778.7109	3023.763	749.9294	3000.4915	168.43349	3121.2722	2505.6924	671.25	973.7	894999	468.60068	131.58223	931.3853	-461.9555	-475.06094	489.0826	6540.170373439789	36.537264670739624
180	2317.6445	897.9999	3087.1904	942.17426	2834.1575	848.0965	3139.8657	290.35764	761.5	914.5	899999	459.68692	129.95268	947.8642	-643.9433	-465.9108	445.9389	6577.082890510559	36.53934941821628
181	2469.9385	751.2841	3199.8528	1290.4148	3174.0767	19.515188	3206.6794	3137.8132	775.0	1000.0	904999	454.7055	129.17697	898.1279	-642.40643	-460.94656	438.3229	6614.027860164642	36.54159040082226
182	2075.8691	937.6099	3193.5137	907.1029	2514.849	876.31445	3273.2122	938.80615	646.6667	769.6	909999	452.88754	128.32382	715.33295	-856.60284	-459.2971	423.84656	6650.442532539368	36.54089304510054
183	1437.2218	547.18964	2755.8481	903.63965	1709.3356	959.4575	3010.2043	459.92572	437.45456	570.2	914999	464.85367	135.4807	697.2464	-734.4462	-472.1941	462.5542	6686.125710725784	36.536206081265306
184	2187.1604	813.66956	2968.2524	943.19257	882.42444	121.05133	1146.663	757.75574	735.6667	270.0	919999	490.65622	144.90472	783.41534	-622.2485	-498.69916	506.42935	6720.592654943466	36.52496009287627
185	2003.1833	654.31647	2783.504	913.0461	2149.233	515.1922	2692.3977	1203.6261	691.0	847.0	924999	501.82108	147.21141	763.7221	-653.568	-509.38696	531.0257	6757.237085342407	36.525605879603205
186	2097.6143	700.03467	2757.3423	951.7957	2047.9524	596.69293	2463.6167	573.9139	808.5	865.8	929999	492.70227	141.60696	756.2236	-730.76996	-499.31155	505.2303	6793.884124755859	36.526258746782936
187	1988.4847	844.70374	3029.32	740.1812	2689.5378	52.31924	2816.4412	2615.9993	675.0	1000.0	934999	473.28873	132.87671	749.406	-581.95135	-479.4552	458.372	6831.032084465027	36.5295833495849
188	2194.5925	982.27057	3148.928	253.66548	2178.4224	860.1218	3279.338	894.0854	792.8571	664.7	939999	459.45834	128.36455	763.9462	-508.68982	-465.40536	441.30115	6866.873972654343	36.52592539914111
189	885.03564	994.58185	3033.2222	53.37283	2641.8037	361.54907	3106.2666	2064.4043	300.9375	916.7	944999	454.38428	127.13269	771.053	-480.49524	-460.63046	428.2936	6903.727651357651	36.52765954234613
190	543.4317	627.9565	2169.4915	54.97177	790.7634	536.4081	1621.3488	71.49724	265.0	463.9	949999	468.13336	133.87982	821.67334	-603.2633	-475.3736	499.8931	6939.00714302063	36.52109023897271
191	1709.4176	402.7296	2184.0525	1136.9316	1652.0938	642.2509	2116.555	70.702705	910.6667	829.2	954999	494.13174	141.38875	777.58356	-632.7807	-501.89	548.9918	6975.644545555115	36.521699201374155
192	1889.5726	818.5057	2610.8818	200.60596	2424.7725	108.02205	2649.11	2282.7358	846.1667	1000.0	959999	492.5585	136.6584	827.55145	-413.5792	-499.1654	524.7417	7012.904368400574	36.525543596595526
193	1842.733	1087.3485	2906.268	314.7374	1634.4502	1248.0099	3120.015	297.33896	680.4286	535.2	964999	481.68488	133.90399	788.11957	-713.49255	-488.0109	503.21924	7048.463982582092	36.52053877973803
194	2135.6294	873.5081	3095.279	839.2904	1849.3203	838.43506	3067.438	437.53613	692.7143	629.1	969999	473.4021	133.62975	753.7242	-746.9012	-479.7727	523.0481	7084.1040415763855	36.51600022537192
195	1450.3013	588.2191	3159.6245	911.6518	1719.0715	1210.2063	3231.6697	240.14693	445.83334	564.9	974999	468.08545	134.92403	889.8794	-678.1288	-474.1841	504.5571	7119.632759809494	36.51093724079621
196	2395.6775	865.37823	3255.2314	1217.6075	1681.4824	715.66187	3000.8904	643.6104	746.0	558.6	979999	471.24994	135.62749	915.9492	-894.35077	-478.0167	529.77295	7155.031415939331	36.50526233838529
197	680.2104	801.15204	2403.3093	7.701433	1261.5845	756.76917	3068.004	136.98161	249.90909	485.0	984999	477.08548	137.87573	760.83264	-1190.8356	-483.93805	553.0398	7190.103621006012	36.4979879347806
198	1442.6814	921.55225	2876.8416	98.66423	1676.9834	1301.0266	2817.416	75.39053	533.2222	645.6	989999	483.3657	137.27754	763.6699	-1319.092	-490.14526	565.541	7226.210817813873	36.49601424342454
199	1810.1156	856.36176	2830.3093	460.49057	2375.5444	537.6999	3024.3828	1285.9631	698.4286	826.7	994999	480.2741	133.22163	727.1423	-926.55176	-486.8782	540.6654	7263.003617048264	36.49750562409061
200	1823.1477	693.44836	2817.9595	1036.3374	1747.1146	388.27118	2310.8665	1219.6624	657.625	671.2	999999	472.3991	130.35939	779.10443	-851.23065	-478.67184	520.0058	7298.948822259903	36.49474412202835
