Epoch	AverageEpRet	StdEpRet	MaxEpRet	MinEpRet	EpLen	AverageVVals	StdVVals	MaxVVals	MinVVals	Time Steps	LossPi	LossV	DeltaLossPi	DeltaLossV	Entropy	KL	ClipFrac	StopIter	Time	AVG Time Per Epoch
0	-51.534878	6.4654655	-34.405758	-70.90059	50.0	-0.01862625	0.20394428	0.43416983	-0.5213922	5000	-2.1839142e-07	648.43646	-0.014525155	-530.801	0.9189419	0.008566832	0.0756	79.0	6.243897438049316	6.24389910697937
1	-48.8008	6.384743	-34.65065	-62.353413	50.0	-21.439915	4.5852346	2.9467504	-25.876253	10000	9.611248e-10	106.2471	-0.014189927	-36.287888	0.89689493	0.006698716	0.0718	79.0	12.381137609481812	6.190569758415222
2	-46.651134	5.216428	-36.318974	-63.49944	50.0	-19.75289	7.583712	3.8121147	-30.252523	15000	-1.3904273e-08	76.01272	-0.016449973	-19.361282	0.8815539	0.006736344	0.0954	79.0	18.845143795013428	6.2817152341206866
3	-43.826218	5.4256234	-29.254532	-57.96159	50.0	-18.977997	7.7800603	-2.7312713	-31.784676	20000	8.2850455e-09	52.710545	-0.017095694	-8.7696495	0.85858214	0.006142344	0.0878	79.0	25.321605443954468	6.33040177822113
4	-43.569405	5.421241	-32.813026	-59.156208	50.0	-19.165115	7.833952	-5.272066	-32.58763	25000	9.587407e-09	43.413895	-0.019457636	-5.5379944	0.82958084	0.013500068	0.1084	79.0	31.952824592590332	6.390565299987793
5	-41.625057	4.888713	-28.093313	-53.099392	50.0	-17.986172	8.33042	-1.3977972	-33.271286	30000	1.6200543e-08	42.35721	-0.021109832	-9.8468895	0.8043995	0.0076660537	0.1066	79.0	38.28194308280945	6.380324125289917
6	-40.261387	4.7715483	-31.016157	-51.390995	50.0	-17.242643	8.103957	1.2580032	-33.249317	35000	-2.6762486e-09	37.174053	-0.01854282	-7.7442474	0.77995086	0.007899889	0.1128	79.0	44.56948399543762	6.367069448743548
7	-38.289444	4.216936	-28.19295	-49.008465	50.0	-17.221869	7.521117	-2.1535306	-32.117966	40000	6.020069e-10	36.810432	-0.018270338	-7.2789764	0.7568821	0.008620765	0.0982	79.0	50.86403465270996	6.358004540205002
8	-37.922417	5.3457575	-26.056385	-51.008053	50.0	-16.11489	7.138558	-0.5622503	-30.109863	45000	1.013279e-08	36.891964	-0.019900484	-8.050058	0.7391184	0.01014657	0.1124	79.0	57.26746606826782	6.363051970799764
9	-36.562477	4.1239543	-26.194967	-45.154373	50.0	-16.257572	6.8156376	-2.3596666	-30.570852	50000	1.2281537e-08	28.8909	-0.019940512	-5.7986965	0.7164534	0.013757197	0.11	79.0	63.72143363952637	6.3721435308456424
10	-34.651524	4.729485	-23.196976	-47.636395	50.0	-15.777319	7.019771	-1.8019005	-29.501762	55000	-1.8447638e-09	24.757515	-0.022354556	-5.417551	0.6917148	0.010881733	0.1082	79.0	70.11193609237671	6.373812545429576
11	-31.991028	4.4803	-21.097279	-43.796608	50.0	-14.2475	6.843173	-0.14867678	-29.568893	60000	1.0663271e-08	23.923683	-0.020358887	-5.846369	0.6636908	0.008252162	0.0938	79.0	76.75802803039551	6.3965025544166565
12	-31.467073	3.979058	-21.276052	-40.5686	50.0	-13.441076	6.4924664	-1.2621315	-26.22633	65000	9.277463e-09	19.356148	-0.020320727	-4.5279074	0.6379492	0.009491353	0.0916	79.0	83.82171773910522	6.447824588188758
13	-30.576075	4.197773	-20.485611	-43.950768	50.0	-12.606272	6.078669	0.04064843	-26.53114	70000	-1.5583634e-08	18.010736	-0.022520157	-4.8025885	0.61274064	0.009246522	0.1028	79.0	89.94075584411621	6.424339822360447
14	-29.716185	3.7255259	-20.85645	-38.96413	50.0	-12.798163	5.99335	-1.949622	-26.401642	75000	1.0919571e-08	19.366404	-0.02226397	-5.3104286	0.58372295	0.011128744	0.1462	79.0	96.17860221862793	6.411906941731771
15	-28.510008	3.5494826	-18.103739	-37.172604	50.0	-12.152131	5.9949822	0.60196954	-25.952614	80000	-4.3570996e-09	15.7795	-0.019306732	-3.69458	0.56198126	0.009125028	0.1404	79.0	102.50357985496521	6.406473860144615
16	-27.45919	3.5315657	-21.329905	-38.01608	50.0	-11.714305	5.4875264	0.6916148	-24.235422	85000	-8.2433225e-09	12.366517	-0.018338325	-2.4571657	0.5419916	0.0076199435	0.096	79.0	109.48203539848328	6.440119883593391
17	-26.415596	3.1965227	-20.364391	-35.380962	50.0	-11.113281	5.4511747	-0.09158332	-24.102272	90000	6.0766934e-09	14.008139	-0.019680109	-3.6886835	0.51621175	0.012205312	0.162	79.0	115.89218735694885	6.438454972373115
18	-26.271717	3.2993522	-17.725468	-34.855583	50.0	-10.638977	5.094817	-0.8645886	-22.411098	95000	2.69413e-09	12.484448	-0.019771757	-3.216734	0.4939726	0.009226577	0.1106	79.0	122.29361176490784	6.4365059952986865
19	-25.034283	3.2924502	-17.262785	-32.92979	50.0	-10.798021	5.2356176	0.79303956	-22.37887	100000	4.708767e-09	12.506766	-0.019853752	-3.5063515	0.46986347	0.0069100815	0.0984	79.0	128.71764636039734	6.435882425308227
20	-24.756636	3.024958	-18.089819	-31.251547	50.0	-10.211216	4.759368	-1.6359208	-21.740137	105000	-3.5703183e-09	11.053099	-0.01999732	-2.1967335	0.4471749	0.0075409897	0.1004	79.0	135.22063422203064	6.4390779222760886
21	-23.83019	2.9632783	-16.487566	-30.173382	50.0	-10.338415	4.783606	-0.82977563	-21.358238	110000	1.3828277e-09	11.653674	-0.020897917	-2.8532	0.42563736	0.011350842	0.1038	79.0	141.39345908164978	6.42697548866272
22	-23.429077	2.8475559	-16.22876	-30.443888	50.0	-9.875636	4.6537976	0.36445323	-20.862751	115000	-9.977818e-09	9.288093	-0.018221842	-2.1206636	0.4010962	0.010882311	0.1012	79.0	147.73715353012085	6.423354584237804
23	-22.533054	3.1267953	-17.13678	-32.163563	50.0	-9.678878	4.4734755	-0.83931863	-20.80731	120000	9.399653e-09	9.394211	-0.02061193	-2.3554592	0.3821793	0.011480152	0.119	79.0	154.063485622406	6.419311980406444
24	-21.643091	2.9454217	-15.497174	-28.626448	50.0	-9.38352	4.4728684	-1.8358886	-20.5131	125000	-1.5825034e-09	9.066373	-0.018791351	-2.6017852	0.3539496	0.011240401	0.1126	79.0	160.55389547348022	6.4221558761596675
25	-21.494085	2.7844107	-15.4262705	-31.31204	50.0	-8.835523	4.375253	-1.167548	-19.649952	130000	3.7878753e-09	8.885722	-0.019247402	-2.4334087	0.33617422	0.009606456	0.0986	79.0	167.01837277412415	6.423783641595107
26	-21.01791	2.8588119	-14.1047325	-29.77842	50.0	-8.613381	4.2534323	-0.65536666	-19.411625	135000	1.6760826e-08	7.3192916	-0.016374068	-1.7671995	0.312584	0.009018909	0.0782	79.0	173.20800256729126	6.415111276838514
27	-20.44283	2.8083782	-14.920849	-27.07389	50.0	-8.5377655	4.150386	-0.46208617	-19.424753	140000	-1.8119812e-09	7.288646	-0.018010294	-2.1610246	0.29199997	0.009583873	0.1112	79.0	179.5271966457367	6.411685696669987
28	-19.633883	2.630888	-12.60086	-26.220047	50.0	-8.343265	4.0525775	-0.27171147	-19.33002	145000	3.6239625e-09	6.331094	-0.017441662	-1.5470653	0.26988095	0.008742852	0.1036	79.0	185.99918055534363	6.41376491250663
29	-19.222607	3.0181906	-12.155172	-29.022366	50.0	-8.060072	3.7022247	4.402657	-18.178215	150000	1.1277199e-08	7.377456	-0.017999023	-1.9581666	0.24774262	0.009112642	0.1026	79.0	192.21928095817566	6.407309420903524
30	-18.638575	2.8248944	-13.415679	-27.035814	50.0	-7.750715	3.898844	-0.46911907	-18.838343	155000	-5.2273275e-09	6.945279	-0.02009665	-2.4742498	0.22680019	0.009153123	0.1124	79.0	198.90292644500732	6.416223495237289
31	-18.004667	2.9099789	-11.911613	-23.582127	50.0	-7.6439	3.6750245	-0.39206222	-17.124025	160000	1.3828277e-09	6.0416193	-0.01957629	-2.001638	0.20337471	0.010901298	0.1036	79.0	205.0300109386444	6.407187901437283
32	-17.363785	2.594326	-12.829773	-23.809496	50.0	-7.2334595	3.595098	0.06342902	-17.270485	165000	-1.4469028e-08	5.4667435	-0.019469222	-1.9724348	0.1800681	0.008417031	0.1126	79.0	211.5492458343506	6.4105832648999765
33	-16.961403	2.4727182	-12.195968	-23.588442	50.0	-7.0511007	3.560553	0.53200716	-16.636534	170000	1.2177229e-08	4.4408455	-0.0196531	-1.3177149	0.1588993	0.010146541	0.0994	79.0	217.87696981430054	6.4081462130827065
34	-16.923235	2.3673422	-10.53147	-24.048435	50.0	-6.5224705	3.5874112	-0.30386987	-16.685358	175000	5.036592e-10	4.3311915	-0.015945837	-1.4613547	0.13459653	0.006751954	0.0734	79.0	224.3376760482788	6.4096479415893555
35	-16.509283	2.2428877	-11.5512085	-23.266302	50.0	-6.684053	3.509624	-0.39331463	-16.5817	180000	2.6017428e-09	3.8968313	-0.017387666	-1.1219528	0.11438369	0.009261217	0.0932	79.0	230.5507619380951	6.404187891218397
36	-16.445362	2.7303438	-11.7820425	-22.122105	50.0	-6.6641455	3.4666865	0.2019693	-15.852263	185000	-1.1384487e-08	4.559036	-0.019373223	-1.5156388	0.0927086	0.010878038	0.1136	79.0	236.8545060157776	6.4014732064427555
37	-15.3614025	2.5189548	-10.207788	-22.392176	50.0	-6.68404	3.3409684	0.519311	-16.727188	190000	-1.4722347e-08	4.2946844	-0.019136088	-1.7150352	0.06898506	0.010642174	0.1318	79.0	243.44940280914307	6.406563300835459
38	-15.645953	2.2689946	-11.163043	-20.172462	50.0	-5.9724197	3.4612901	0.14033727	-16.491947	195000	-3.3035874e-09	3.3473043	-0.019740857	-1.2108245	0.046828307	0.005981804	0.102	79.0	249.48866724967957	6.397145363000723
39	-15.415162	2.3613982	-10.803834	-21.732973	50.0	-6.0724726	3.2595315	1.7583842	-15.884184	200000	2.336502e-08	3.108925	-0.019113602	-0.9884434	0.024323659	0.010163553	0.1138	79.0	257.675039768219	6.441876059770584
40	-14.637321	2.3328862	-10.861647	-19.779976	50.0	-6.2407293	3.1217785	-0.63816285	-15.747073	205000	-1.5580655e-08	2.9512842	-0.017170656	-1.2411578	0.00321734	0.01336386	0.1306	79.0	264.1991853713989	6.44388263400008
41	-14.514281	2.3013332	-9.964906	-20.144543	50.0	-5.7109666	3.1387432	0.71606857	-15.209468	210000	-7.1525574e-10	2.6604695	-0.017409734	-0.90975916	-0.0157651	0.0087333	0.103	79.0	270.77284836769104	6.446972625596183
42	-14.227274	2.3156655	-9.339267	-19.605877	50.0	-5.664295	3.153947	0.8442719	-15.571408	215000	-3.170967e-09	2.4612448	-0.020453773	-1.0152086	-0.038227405	0.0111146	0.1224	79.0	277.22293853759766	6.447045126626658
43	-13.92105	2.4205267	-9.892046	-19.76886	50.0	-5.355567	3.1938717	1.9612914	-15.144486	220000	5.276501e-09	2.9012902	-0.017686052	-1.392652	-0.059071362	0.010345705	0.1176	79.0	283.2856123447418	6.438309414820238
44	-13.357831	2.587073	-9.1271715	-19.731878	50.0	-5.3449283	2.9264612	2.6083734	-15.222966	225000	4.014373e-09	2.3652642	-0.020506034	-1.1479036	-0.075764626	0.011746854	0.1288	79.0	290.3103520870209	6.451341210471259
45	-13.277225	2.3515506	-8.669205	-18.852951	50.0	-5.035328	2.8953025	1.226172	-15.080129	230000	1.6230345e-08	2.8022113	-0.018578641	-1.4327004	-0.09590813	0.005598386	0.0922	79.0	296.75775122642517	6.451255502908126
46	-12.879032	2.731968	-7.5823226	-20.122675	50.0	-5.0212326	2.827981	-0.3560695	-14.6347065	235000	2.8846786e-08	2.3131394	-0.018566689	-1.0300965	-0.11408666	0.010111962	0.1188	79.0	303.10101795196533	6.4489578693471055
47	-12.489841	2.3725808	-7.277771	-18.356165	50.0	-4.829826	2.7211347	1.0198901	-14.503372	240000	-1.1622906e-09	2.8576	-0.020201297	-1.5068206	-0.13162127	0.012018723	0.1268	79.0	309.755038022995	6.4532300134499865
48	-12.564406	2.5609968	-6.2274656	-18.630463	50.0	-4.776139	2.6925685	-0.11838739	-14.7419405	245000	-1.6583503e-08	2.5550888	-0.021401215	-1.1622424	-0.14709145	0.0083099725	0.116	79.0	316.13873076438904	6.451810875717475
49	-11.625501	2.2416027	-7.2592793	-17.489256	50.0	-4.6247754	2.7019548	0.9100308	-13.704413	250000	-2.195239e-08	1.980428	-0.01931441	-0.8573848	-0.16926992	0.014643043	0.179	79.0	322.20590829849243	6.444118199348449
50	-11.323265	2.556159	-7.406335	-19.10838	50.0	-4.3939643	2.5792117	-0.031739183	-13.81793	255000	-2.553314e-09	1.5079635	-0.019382158	-0.6467544	-0.18975791	0.009161447	0.1346	79.0	328.558345079422	6.442320524477491
51	-11.560253	2.551658	-7.240849	-19.303455	50.0	-4.355134	2.5855932	0.49009693	-13.856221	260000	-3.8921835e-09	1.4279244	-0.02032517	-0.53244996	-0.20671667	0.011434411	0.1156	79.0	334.75373792648315	6.437571924466353
52	-10.896093	2.390767	-6.5787625	-18.121445	50.0	-4.0973926	2.4323053	0.78884256	-14.505609	265000	-2.015233e-08	1.7141062	-0.020099822	-0.89226615	-0.23035061	0.009135828	0.1178	79.0	341.17321705818176	6.437230555516369
53	-10.532223	2.1381276	-6.735529	-16.355385	50.0	-4.213582	2.336815	0.5584854	-13.0130625	270000	3.4531114e-09	1.6650075	-0.019921852	-0.8425139	-0.24878074	0.008643453	0.136	79.0	347.63698172569275	6.437721919130396
54	-10.697138	2.8272111	-6.044327	-20.249775	50.0	-4.104818	2.384546	0.5771444	-13.31067	275000	8.514151e-10	1.645427	-0.01958901	-0.77894104	-0.27412382	0.01170224	0.125	79.0	353.7862665653229	6.432477608594027
55	-10.453457	2.7298124	-6.2746344	-18.27932	50.0	-3.8797593	2.3774133	1.2113211	-14.572079	280000	-5.4240226e-09	1.7818708	-0.02079885	-0.96629685	-0.29320756	0.009651446	0.1276	79.0	360.1318438053131	6.430925816297531
56	-10.137014	2.5217602	-5.5818357	-19.986353	50.0	-3.7907035	2.262089	2.348486	-13.893588	285000	4.5582653e-09	1.5643263	-0.019065494	-0.80502665	-0.31427374	0.018801762	0.165	79.0	366.201740026474	6.424591963751274
57	-10.184801	2.200411	-6.399012	-17.249983	50.0	-3.843611	2.3770282	0.8041892	-13.243755	290000	-1.7043948e-08	1.0067012	-0.01933937	-0.4997636	-0.3381264	0.010121073	0.1116	79.0	372.30569791793823	6.419063790091153
58	-9.747802	2.27251	-5.2269583	-15.385081	50.0	-3.592311	2.1268697	1.0377057	-12.860286	295000	-4.0352344e-09	1.0979269	-0.018616727	-0.45987964	-0.3554344	0.010346935	0.134	79.0	378.8925955295563	6.421908423051995
59	-9.6794	2.3307803	-6.0063763	-19.177864	50.0	-3.451059	2.1825106	1.5807155	-12.7307205	300000	2.515316e-09	1.0591412	-0.02115631	-0.57559097	-0.3792772	0.013078379	0.1198	79.0	385.38982462882996	6.423163767655691
60	-9.30095	2.337659	-5.393246	-15.119986	50.0	-3.4713645	2.1648264	0.68412536	-12.584724	305000	3.516674e-08	0.9966701	-0.019447012	-0.5024551	-0.40093812	0.009978339	0.108	79.0	391.7621490955353	6.422330348218074
61	-9.296287	2.6317194	-5.2952213	-18.796827	50.0	-3.3239493	2.2390463	1.1532205	-12.405096	310000	-1.2159347e-08	0.9389471	-0.02062792	-0.49460566	-0.42332387	0.013107788	0.1434	79.0	397.87559604644775	6.417348365629873
62	-8.885724	2.2687814	-4.911741	-15.900178	50.0	-3.1286597	2.0156178	1.0787324	-12.6353855	315000	-7.05719e-09	0.9205377	-0.01962132	-0.47151667	-0.44296327	0.010792564	0.1396	79.0	404.0838739871979	6.414029776103913
63	-8.687758	2.1316197	-4.955569	-13.868015	50.0	-3.080663	2.0442157	1.5229943	-11.378582	320000	-2.321601e-09	0.8700913	-0.022561345	-0.45665446	-0.46938863	0.011447255	0.1682	79.0	410.5341658592224	6.414596371352673
64	-8.470349	2.5275743	-4.4115515	-17.802374	50.0	-2.9735453	2.0038333	0.35493302	-11.137166	325000	3.2782554e-09	0.7670929	-0.01933319	-0.402691	-0.49263012	0.014428088	0.1636	79.0	416.7554335594177	6.411622084104097
65	-8.418723	2.3528728	-3.8766985	-14.833472	50.0	-3.0497937	2.060778	0.84222704	-12.537936	330000	1.5473367e-08	0.7100491	-0.0174321	-0.39941058	-0.5093283	0.01412932	0.1514	79.0	423.09042954444885	6.410461082602993
66	-8.185754	2.1924338	-3.8536422	-14.63474	50.0	-2.8825467	1.9202495	0.6212883	-11.068034	335000	2.7418137e-09	0.7692223	-0.019205444	-0.36595106	-0.53070956	0.0101306215	0.1172	79.0	429.16083693504333	6.405385668598004
67	-8.469895	2.4525638	-4.306132	-15.653404	50.0	-2.834835	2.00061	0.7229308	-11.117526	340000	6.145239e-09	0.60315037	-0.022086134	-0.33663395	-0.5463162	0.016358422	0.1894	79.0	435.57567143440247	6.405524604460773
68	-8.035552	1.8751627	-4.4560575	-13.678756	50.0	-2.6078243	1.895311	0.74117994	-11.148659	345000	-1.3783574e-08	0.52857715	-0.021007424	-0.27430347	-0.5666562	0.010596843	0.138	79.0	441.9505717754364	6.405080778011377
69	-7.6218505	2.0877812	-3.7546325	-13.429741	50.0	-2.4236631	1.7408587	0.33974004	-10.601414	350000	-6.6041945e-09	0.65846145	-0.020689474	-0.3685043	-0.59549534	0.010310593	0.1204	79.0	448.2524313926697	6.403606186594282
70	-7.3753123	1.863666	-3.8582292	-12.015695	50.0	-2.5163617	1.6535673	0.53148085	-10.225185	355000	2.3424624e-09	0.4225011	-0.018858561	-0.22503173	-0.620334	0.010380087	0.1122	79.0	454.57285737991333	6.402434641206768
71	-7.3833055	2.2517266	-3.0858521	-15.061183	50.0	-2.347732	1.7525434	1.2240298	-10.265887	360000	-6.7465007e-09	0.526184	-0.01710306	-0.3063878	-0.6379236	0.010342423	0.1244	79.0	460.8367063999176	6.400509854157765
72	-7.375954	2.1543818	-3.5248482	-14.609246	50.0	-2.383563	1.8333693	0.36312658	-11.32059	365000	-6.6399575e-09	0.4172995	-0.01605844	-0.23402515	-0.65808666	0.012639007	0.1506	79.0	467.05892276763916	6.398067464567211
73	-7.2102227	2.1102417	-3.4643872	-14.35649	50.0	-2.2505753	1.6705034	0.5802253	-10.717186	370000	7.4803825e-09	0.40819606	-0.021586064	-0.23355405	-0.67397285	0.013685803	0.1324	79.0	473.35488080978394	6.396687601063703
74	-6.897201	1.7475431	-3.9000516	-12.54809	50.0	-2.1649606	1.6216862	0.5720176	-10.760103	375000	1.1799484e-08	0.33127138	-0.01639079	-0.18244448	-0.69981563	0.010398372	0.1142	79.0	479.588760137558	6.394516839981079
75	-7.0695844	2.160591	-2.8887405	-13.925239	50.0	-2.2487721	1.6681333	0.65478855	-10.2560835	380000	1.00791455e-08	0.36107165	-0.020630753	-0.19737588	-0.72076964	0.014453675	0.1508	79.0	485.75488233566284	6.3915116379135535
76	-7.0716424	2.0382974	-3.2866433	-14.098403	50.0	-2.288707	1.6745231	0.4338407	-9.819633	385000	-5.1498414e-09	0.37288436	-0.01716282	-0.2097952	-0.74273425	0.016037438	0.1674	79.0	492.0293037891388	6.389990983071265
77	-6.5333724	1.7035089	-3.1826887	-10.964685	50.0	-2.113203	1.5805451	0.5508566	-9.62079	390000	-2.1515786e-08	0.3657036	-0.013521898	-0.23155965	-0.76737565	0.016943969	0.1554	79.0	498.54236602783203	6.391568819681804
78	-6.865368	1.9456458	-3.1254606	-12.865727	50.0	-2.0044405	1.646193	0.40794146	-9.037774	395000	-8.118152e-09	0.26693928	-0.017408902	-0.15559375	-0.78741854	0.00985697	0.1026	79.0	504.7653138637543	6.389434373831447
79	-6.73147	1.6713219	-2.769313	-12.714681	50.0	-2.0087726	1.5968909	0.7036525	-9.222145	400000	-2.9623508e-09	0.30395997	-0.014011072	-0.17240438	-0.8043605	0.012212156	0.1392	79.0	511.12348103523254	6.389043533802033
80	-6.527176	1.9515954	-2.925993	-13.372814	50.0	-2.1077962	1.5319214	0.6686545	-9.345521	405000	6.6280363e-09	0.34224612	-0.020452665	-0.2253449	-0.82201844	0.01608544	0.1658	79.0	517.52641248703	6.389214992523193
81	-6.3834605	1.7622242	-2.8946085	-10.192457	50.0	-1.8751187	1.6078635	0.5890078	-10.001849	410000	1.2910366e-08	0.22678263	-0.01649205	-0.12681143	-0.8383368	0.014971277	0.132	79.0	523.9791779518127	6.389989998282456
82	-6.6016526	1.8120643	-2.7909906	-12.409879	50.0	-1.9198537	1.6590072	0.8775723	-9.071573	415000	2.8133393e-09	0.22939263	-0.019369766	-0.1468459	-0.86287695	0.012870535	0.1458	79.0	530.2509136199951	6.388565244444882
83	-6.091178	1.7123973	-2.3697464	-10.660884	50.0	-1.8857543	1.4891981	0.105286986	-9.142966	420000	-9.340048e-09	0.2105456	-0.009569695	-0.12252141	-0.8833907	0.014380066	0.234	79.0	536.4447183609009	6.386246667021797
84	-6.1185093	1.8307707	-2.279405	-10.790523	50.0	-1.7754136	1.4245902	0.308471	-8.646602	425000	-2.9700994e-08	0.24396802	-0.020186944	-0.14729598	-0.90416545	0.010127446	0.128	79.0	542.8761050701141	6.386777734756469
85	-5.966681	1.9396285	-1.8747991	-11.357823	50.0	-1.8192968	1.4944974	0.45966345	-9.190238	430000	5.2511693e-09	0.24390005	-0.01905704	-0.14584619	-0.9276761	0.0118753435	0.1214	79.0	548.9276421070099	6.3828795815623085
86	-5.912208	1.7500075	-1.9490378	-10.191794	50.0	-1.7713675	1.4799751	0.44494617	-8.289675	435000	2.0840764e-08	0.22039649	-0.019127415	-0.14546669	-0.94411427	0.008963638	0.1386	79.0	555.1101529598236	6.380576495466562
87	-5.786444	2.0495985	-1.8443844	-11.572283	50.0	-1.598824	1.40574	0.07673976	-8.976709	440000	1.938641e-08	0.17963332	-0.017291432	-0.1041636	-0.9665797	0.013366324	0.1402	79.0	561.2645485401154	6.378006255084818
88	-5.843844	1.8405263	-2.34163	-11.599731	50.0	-1.6725881	1.4345133	0.58865994	-8.999015	445000	6.4998864e-09	0.17625925	-0.021054398	-0.10651945	-0.9840587	0.015030191	0.1444	79.0	567.5208704471588	6.376639015219185
89	-5.8757906	1.6509027	-2.2532268	-11.551144	50.0	-1.6928239	1.4490349	0.5890628	-9.030663	450000	2.6267022e-08	0.16112609	-0.014907684	-0.09726768	-1.0029073	0.0155021595	0.1704	79.0	574.0155544281006	6.3779506233003405
90	-5.577896	1.775958	-1.783202	-11.348644	50.0	-1.5945038	1.408612	0.81544054	-9.157322	455000	-3.7565826e-09	0.12943418	-0.014554144	-0.08010619	-1.0197697	0.011270506	0.1226	79.0	580.2121732234955	6.375957968470814
91	-5.986293	1.9574128	-2.0127928	-12.654117	50.0	-1.560336	1.4553099	0.96219325	-8.825729	460000	-7.0512294e-09	0.18044764	-0.009351894	-0.11204466	-1.0435636	0.018504657	0.2176	79.0	586.6817581653595	6.376975660738737
92	-5.8563576	1.7861985	-2.029407	-11.157098	50.0	-1.5404687	1.4933211	0.540857	-9.322027	465000	1.9550324e-09	0.14572757	-0.010828033	-0.09624632	-1.0578276	0.021936363	0.2478	79.0	593.9060022830963	6.386086066563924
93	-5.959636	1.7886856	-2.1571536	-11.486273	50.0	-1.5705426	1.486579	1.0390041	-8.711911	470000	-3.4928322e-09	0.18728663	-0.016011005	-0.11966765	-1.0696062	0.0114790425	0.1466	79.0	599.9257659912109	6.382189020197442
94	-5.6761723	2.0409439	-1.704047	-13.344343	50.0	-1.483832	1.3947142	0.36673993	-8.428546	475000	2.0736456e-08	0.17177953	-0.016253944	-0.11556406	-1.0693206	0.014647673	0.1436	79.0	606.3401689529419	6.382528121847855
95	-5.4564443	1.7389941	-1.962404	-9.661719	50.0	-1.4918313	1.4121543	0.52940077	-9.964815	480000	-1.8669665e-08	0.12616767	-0.017684454	-0.0826379	-1.0903878	0.014054245	0.1302	79.0	612.529807806015	6.380518851180871
96	-5.809768	1.9105531	-2.3008866	-10.843695	50.0	-1.5542879	1.4023817	0.31175956	-8.408456	485000	-1.6003847e-08	0.15731409	-0.021478716	-0.10044883	-1.1064618	0.02483874	0.2176	79.0	618.8857567310333	6.3802655505150865
97	-5.5857463	1.7395824	-2.0472786	-9.991319	50.0	-1.5042006	1.4729481	0.30127788	-8.151301	490000	-1.8322467e-08	0.13498391	-0.008444744	-0.09420702	-1.119196	0.01704237	0.21	79.0	625.0387592315674	6.377946539800995
98	-5.5691414	1.8573045	-2.1960597	-10.957062	50.0	-1.4911367	1.3826379	0.73907775	-8.733741	495000	-4.3660403e-10	0.12946364	-0.018451918	-0.07860321	-1.142665	0.0151883345	0.192	79.0	631.2913620471954	6.376680443985293
99	-5.3105636	1.7388672	-1.375827	-9.861021	50.0	-1.3979062	1.3489437	0.29799926	-8.618896	500000	6.008148e-09	0.08192968	-0.016210267	-0.05020721	-1.1676595	0.01668673	0.1634	79.0	637.6517517566681	6.376517536640168
100	-5.4335	1.9970309	-1.7739598	-12.165393	50.0	-1.3500761	1.3589573	0.48326096	-8.506459	505000	1.2686849e-08	0.13456874	-0.01566776	-0.08628039	-1.1883111	0.020964608	0.2162	79.0	644.0456473827362	6.376689599292113
101	-5.5408	1.9231637	-1.6894	-11.61976	50.0	-1.4476037	1.4246861	0.38412526	-9.168065	510000	-5.4778533e-09	0.10062103	-0.012833874	-0.062405597	-1.2082516	0.01978682	0.242	79.0	650.5818929672241	6.378253868981903
102	-4.8929253	1.6215152	-2.0479844	-9.173636	50.0	-1.2944857	1.2229573	0.5445042	-8.853706	515000	-5.5730345e-09	0.09252262	-0.00483107	-0.058110025	-1.2247746	0.022222476	0.2448	79.0	656.9427847862244	6.378085310019336
103	-5.3636065	1.8065461	-1.8085515	-9.845903	50.0	-1.3085634	1.34192	0.55727094	-8.414055	520000	-1.0445714e-08	0.097988896	-0.013137974	-0.06384797	-1.241923	0.022747573	0.2066	79.0	663.3037166595459	6.377920377712983
104	-4.968483	1.6817176	-1.7994347	-9.488636	50.0	-1.2803383	1.2714789	0.45798665	-7.259854	525000	1.772493e-08	0.07182377	-0.01579818	-0.044757724	-1.264007	0.013099617	0.1586	79.0	669.4896488189697	6.3760919116792225
105	-5.342828	1.9859754	-1.6946906	-12.552051	50.0	-1.3313992	1.3552506	0.30078664	-9.081227	530000	2.5629998e-10	0.10791438	-0.016906185	-0.07185213	-1.2843937	0.014707534	0.1668	79.0	676.0207381248474	6.377554151247132
106	-5.3801513	1.7743183	-1.7800047	-11.03797	50.0	-1.3834149	1.4374477	0.3462111	-8.580423	535000	-2.4318696e-09	0.08281341	-0.015820278	-0.054422118	-1.3055941	0.015833262	0.1794	79.0	682.5225307941437	6.378715261120663
107	-4.8392835	1.8688235	-1.7284476	-9.957904	50.0	-1.2422099	1.2441055	0.61088103	-8.204963	540000	1.3008714e-08	0.103134476	-0.016173149	-0.07698229	-1.3203624	0.016496282	0.1336	79.0	688.7016627788544	6.376867263405411
108	-5.0619802	1.6634896	-1.6240886	-10.986536	50.0	-1.242878	1.2340904	0.27055028	-8.244473	545000	-1.6868115e-09	0.075728655	-0.011163163	-0.048570715	-1.3358201	0.026867734	0.2368	79.0	694.929309129715	6.375498266395079
109	-4.8667226	1.7235538	-1.626347	-9.779848	50.0	-1.1746864	1.2875651	0.5349482	-7.9092803	550000	2.2154302e-08	0.09330967	-0.016253414	-0.06260219	-1.3512582	0.00547897	0.1194	79.0	701.3022956848145	6.3754754348234695
110	-5.0151634	1.7507577	-1.3256258	-10.318573	50.0	-1.2261734	1.2069296	0.54332405	-8.328888	555000	-3.2160432e-09	0.088892944	-0.018721797	-0.054358307	-1.3679547	0.013524969	0.1212	79.0	707.6431994438171	6.375163982580374
111	-5.011108	1.6364548	-1.7882957	-10.694934	50.0	-1.3043284	1.2979532	0.6420967	-8.547145	560000	3.2313913e-08	0.08803478	-0.01001782	-0.063220456	-1.3807868	0.020804232	0.2434	79.0	713.8106548786163	6.373309435588973
112	-5.4354095	1.6615894	-2.1299326	-10.703918	50.0	-1.3159091	1.3403897	0.5989115	-8.016391	565000	6.055832e-09	0.06935992	-0.010448613	-0.04360213	-1.3982493	0.016399505	0.2098	79.0	720.0264446735382	6.371915458577924
113	-5.1044254	1.9943122	-1.4940916	-11.0085125	50.0	-1.2962514	1.3713969	0.20987043	-8.986386	570000	1.9446015e-08	0.07502467	-0.013464921	-0.047768258	-1.4216591	0.013784624	0.2028	79.0	726.5247657299042	6.373024275428371
114	-4.882106	2.1724138	-1.3887777	-13.459611	50.0	-1.218189	1.349598	0.26853788	-9.022371	575000	-1.4841556e-08	0.06525842	-0.012044568	-0.0422678	-1.4357711	0.032284714	0.2736	79.0	733.051554441452	6.374361357481583
115	-5.1912575	1.8227621	-1.6946722	-10.364723	50.0	-1.2559661	1.3542266	0.4433353	-9.702081	580000	2.8413535e-08	0.08338037	-0.016440004	-0.059423216	-1.4489601	0.01334508	0.1388	79.0	739.9052860736847	6.378493863960792
116	-4.908357	1.9168833	-1.4521188	-9.440499	50.0	-1.1935508	1.2731644	0.415365	-8.648121	585000	-3.6382676e-08	0.06751345	-0.010122831	-0.047043175	-1.4573517	0.02681605	0.2068	79.0	746.2501833438873	6.3782067115490255
117	-4.8378234	1.8953888	-1.6257023	-10.517503	50.0	-1.1906811	1.3307588	0.80516857	-7.773616	590000	1.7923117e-08	0.067312464	0.07399183	-0.048306793	-1.4665704	0.22697483	0.4986	49.0	751.8110353946686	6.371279977135739
118	-5.2265	1.5908718	-1.9501772	-10.504803	50.0	-1.1534691	1.2756337	0.40495047	-8.020387	595000	-3.3259393e-08	0.17998417	-0.01352144	-0.14239553	-1.4835677	0.013418475	0.1746	79.0	757.9344935417175	6.369197438744938
119	-5.08491	1.9053229	-1.4164855	-11.174552	50.0	-1.356223	1.3712986	0.077178225	-8.989751	600000	-6.119907e-09	0.08473179	-0.016262919	-0.052377563	-1.4950018	0.017310198	0.1898	79.0	764.1770594120026	6.36814217766126
120	-5.2226796	1.9164501	-1.5534451	-10.040373	50.0	-1.3170562	1.3811991	0.1804845	-8.968183	605000	1.5294551e-08	0.07780555	-0.01319548	-0.053370215	-1.5190847	0.014066256	0.1752	79.0	771.1156239509583	6.372856415992926
121	-4.8836656	1.4428754	-1.164061	-9.088727	50.0	-1.2171477	1.2165511	0.37379497	-7.8394017	610000	1.5714765e-08	0.05324409	-0.014169584	-0.029260008	-1.5358819	0.013706695	0.12	79.0	777.4052941799164	6.372174556138085
122	-4.7834926	1.941349	-1.1757336	-10.7897625	50.0	-1.1729848	1.2888786	0.3515706	-8.149002	615000	6.428361e-09	0.06504848	-0.013883315	-0.044737995	-1.5560454	0.023501037	0.1848	79.0	783.5373182296753	6.3702221129967915
123	-4.8057485	1.8939708	-1.4074628	-10.825275	50.0	-1.1796468	1.3438108	0.39545238	-8.444122	620000	7.007122e-08	0.052380767	0.08845561	-0.03383361	-1.5695819	0.15514852	0.5658	35.0	788.5642573833466	6.359389191673648
124	-5.293379	1.7301476	-1.4271929	-9.07689	50.0	-1.2664258	1.2903732	0.4335278	-8.023523	625000	-7.2091817e-09	0.09015605	-0.016483363	-0.065600716	-1.5772219	0.017700508	0.1576	79.0	795.0062415599823	6.360049947738648
125	-4.9349213	1.7129992	-1.1066611	-9.323793	50.0	-1.3096853	1.328731	0.48731637	-7.4336324	630000	-1.8799305e-08	0.062160987	0.012993236	-0.042232305	-1.5836955	0.039634407	0.3796	79.0	801.6888370513916	6.362609834898086
126	-5.1420245	1.9517032	-1.4924266	-10.579365	50.0	-1.3130555	1.3937844	0.14538515	-8.162009	635000	1.1422299e-08	0.0604354	0.07829802	-0.04244326	-1.5976691	0.20010218	0.606	5.0	805.9841644763947	6.346332022524256
127	-4.4262676	1.7039689	-1.5644552	-9.827878	50.0	-1.0309068	1.1856595	0.58879435	-7.93232	640000	3.6764146e-08	0.08906688	0.13119169	-0.07199475	-1.5984172	0.24834199	0.5994	1.0	810.0302166938782	6.3283611964434385
128	-5.43421	1.791491	-2.4513707	-10.562755	50.0	-1.1951724	1.2450426	0.9997781	-8.546692	645000	-1.9335747e-08	0.300506	0.049111363	-0.2645442	-1.5986171	0.1532566	0.5512	20.0	814.7215089797974	6.315670625183934
129	-4.9065795	1.950959	-1.3683926	-12.532448	50.0	-1.3968147	1.3890511	0.29667908	-9.078861	650000	4.9495696e-08	0.13682154	0.12028752	-0.11791328	-1.6001924	0.28531653	0.6352	1.0	818.8485057353973	6.29883467234098
130	-5.216738	2.1171086	-1.0207967	-10.28341	50.0	-1.1320146	1.3864181	0.49550042	-8.689802	655000	-3.0222534e-08	0.17104964	0.09378461	-0.14470214	-1.6002513	0.16296825	0.5652	1.0	823.4808828830719	6.286113626174345
131	-5.7141814	2.2041202	-1.5861126	-11.965001	50.0	-1.5198201	1.4994684	0.25666487	-8.618895	660000	-9.328127e-09	0.105091654	-0.014295973	-0.06674184	-1.6003414	0.0115965195	0.1462	79.0	830.2826490402222	6.290020082936143
132	-5.1016674	1.8742051	-1.3345412	-10.374009	50.0	-1.449855	1.3809459	0.16049264	-9.055597	665000	2.7763843e-08	0.06613037	-0.014640764	-0.037626147	-1.6153724	0.006154728	0.1206	79.0	836.8094620704651	6.291800479243572
133	-5.040838	2.160343	-1.2990608	-10.902743	50.0	-1.3284321	1.375203	0.15663543	-8.428624	670000	1.1937693e-09	0.058862377	0.006043088	-0.029113159	-1.6256131	0.040398464	0.4188	79.0	843.1330831050873	6.292037949633243
134	-5.334274	2.1276906	-1.4323957	-10.98921	50.0	-1.4681932	1.5074844	0.5316246	-8.692825	675000	-6.132722e-08	0.065501526	-0.015214823	-0.037643556	-1.64112	0.0152086	0.2022	79.0	849.5798907279968	6.293184388125384
135	-4.897721	1.9811277	-1.2750192	-10.796961	50.0	-1.3230999	1.3404232	0.18555042	-8.6222315	680000	2.1159649e-10	0.057981458	-0.016347552	-0.033466965	-1.6519473	0.007000113	0.1452	79.0	855.8301706314087	6.292868915726157
136	-5.2041087	1.4592265	-2.4293294	-10.738642	50.0	-1.3141176	1.3218099	0.34869903	-8.369853	685000	8.408427e-08	0.04853252	-0.015847145	-0.027462605	-1.662716	0.015958373	0.1914	79.0	862.139401435852	6.2929883473110895
137	-5.2517242	1.901575	-1.3137139	-9.852482	50.0	-1.3403702	1.4206297	0.53588116	-8.250078	690000	-1.630187e-08	0.045330506	-0.01900848	-0.02764792	-1.6851168	0.009219152	0.1632	79.0	868.6807460784912	6.2947880288828975
138	-4.8950253	1.8655939	-1.1455796	-8.774611	50.0	-1.2378721	1.3369601	0.89785033	-7.8873625	695000	-3.115535e-08	0.04175431	-0.013632449	-0.027141899	-1.6985466	0.019420467	0.2286	79.0	874.9234244823456	6.294413137778961
139	-4.5894923	1.87686	-0.89390075	-9.548422	50.0	-1.175509	1.2515094	0.55162644	-7.8270273	700000	-2.444461e-08	0.043101043	-0.010903969	-0.026479198	-1.7166197	0.033238336	0.262	79.0	881.202467918396	6.294303357601166
140	-4.450712	1.6409043	-1.1948969	-8.423335	50.0	-1.0678067	1.2006748	0.17836457	-7.6218867	705000	-6.785542e-08	0.03267547	-0.015369628	-0.021039266	-1.7282865	0.017017592	0.238	79.0	887.7292447090149	6.295952101971241
141	-4.676594	2.0947697	-0.94328964	-11.448944	50.0	-1.1354717	1.2936109	0.18787263	-7.651807	710000	1.6780197e-08	0.04653292	-0.01459916	-0.028479576	-1.7613293	0.011757082	0.1744	79.0	894.0271537303925	6.295965886451829
142	-4.734331	1.7959334	-1.3445729	-9.111683	50.0	-1.1672004	1.2714607	0.14120297	-8.467948	715000	-7.2419644e-09	0.032148853	-0.013974167	-0.01904601	-1.7762227	0.025962442	0.212	79.0	900.3953740596771	6.2964711656103605
143	-4.594555	1.9993819	-1.0236268	-9.926845	50.0	-1.0988164	1.290883	0.3632281	-7.9183335	720000	-3.3161044e-08	0.03792514	-0.0086636655	-0.024833733	-1.7872899	0.0135582825	0.143	79.0	906.5983991622925	6.295822234617339
144	-4.684536	1.80059	-1.4616929	-8.930029	50.0	-1.029127	1.2471033	0.26482648	-7.9428077	725000	3.3771993e-08	0.03702106	-0.0076874616	-0.023889028	-1.787627	0.017399026	0.2062	79.0	912.7904739379883	6.2951067316121065
145	-4.7053866	2.1180995	-1.0114313	-10.125593	50.0	-1.0740887	1.297212	0.13818297	-8.097394	730000	-9.764135e-08	0.053843696	-0.0046363603	-0.0430896	-1.8071598	0.03306251	0.2778	79.0	919.348831653595	6.2969098189105726
146	-4.5883174	1.8540343	-1.6325604	-9.44837	50.0	-1.0146595	1.2631778	0.19967973	-8.170702	735000	-3.0834972e-08	0.033329006	-0.0077965637	-0.022521995	-1.8183591	0.023446219	0.249	79.0	925.6997439861298	6.297277184570728
147	-4.956623	1.810458	-1.6553335	-9.4624195	50.0	-1.1087549	1.3307173	0.25795278	-8.211936	740000	2.2193603e-08	0.033163503	0.011674959	-0.023512905	-1.8243897	0.04215006	0.4058	79.0	931.7952399253845	6.295913796167116
148	-4.675955	1.9177524	-1.248038	-9.571345	50.0	-1.1300792	1.3237543	0.28468147	-8.48163	745000	-7.261224e-08	0.054536186	0.016676465	-0.046762187	-1.8321561	0.059456706	0.4058	79.0	937.7058696746826	6.2933280019952145
149	-4.6519823	2.0612833	-1.177713	-10.375074	50.0	-1.0365896	1.2865056	0.31164625	-7.735798	750000	4.0966274e-08	0.03639421	-0.01098359	-0.02570707	-1.8242795	0.019181062	0.1978	79.0	944.0764465332031	6.293842988014221
150	-4.62424	1.8139838	-0.8855918	-8.374042	50.0	-1.065956	1.2650791	0.5288662	-7.8174586	755000	-5.199015e-09	0.025138881	0.023917185	-0.01646296	-1.840201	0.06108749	0.3902	79.0	950.7957220077515	6.296660423278809
151	-4.460227	1.6781534	-1.3006133	-8.159683	50.0	-1.0084	1.1995273	0.33161038	-7.229303	760000	2.1994113e-08	0.032558467	-0.016885556	-0.023919452	-1.8623855	0.01741335	0.2046	79.0	957.0119256973267	6.296131102662337
152	-4.5144835	1.9707981	-1.1341239	-9.833794	50.0	-1.029558	1.2698716	0.34843484	-7.9221344	765000	4.376173e-08	0.039329555	-0.0056823087	-0.02972558	-1.8799471	0.062167175	0.3504	79.0	963.2077133655548	6.2954752616633
153	-4.521059	1.7807261	-1.2142581	-11.006581	50.0	-1.0259408	1.2378428	0.1501611	-8.014191	770000	-1.2692064e-09	0.034010462	-0.0050854594	-0.025676806	-1.892181	0.022953445	0.25	79.0	969.4491033554077	6.295124060147769
154	-4.6383843	1.6395026	-1.3571103	-9.145725	50.0	-1.016656	1.2637669	0.37144718	-8.429643	775000	-1.2928248e-08	0.030804621	0.06331123	-0.024630519	-1.914839	0.16205138	0.4874	16.0	973.9240536689758	6.283381005256406
155	-4.744634	1.7422711	-0.9378092	-8.633174	50.0	-1.0239557	1.2265255	0.11675609	-8.200359	780000	-3.197789e-08	0.043839473	0.046587795	-0.036040545	-1.919068	0.15548146	0.5426	62.0	980.1379137039185	6.282935354954157
156	-4.681417	1.7542516	-1.3388922	-8.90881	50.0	-1.0545611	1.3158789	0.50784063	-7.2631364	785000	-5.21902e-08	0.05556686	0.008098438	-0.0441074	-1.9272797	0.041464467	0.3254	79.0	986.5464239120483	6.283735194783302
157	-5.164832	1.8879889	-0.81145954	-10.111114	50.0	-1.1748466	1.3671807	0.19628036	-7.8267446	790000	4.674494e-09	0.03512969	-0.013547959	-0.020387512	-1.9218324	0.012522016	0.15	79.0	992.7373790740967	6.283147980895223
158	-4.654558	1.7763565	-1.0050646	-8.574099	50.0	-1.0589305	1.2388684	0.22024205	-7.6918535	795000	-9.1242605e-09	0.026266146	-0.015491842	-0.016679155	-1.9306313	0.009573951	0.1664	79.0	999.0607612133026	6.283401025916046
159	-4.662402	1.8247695	-0.81268543	-8.840603	50.0	-1.0706221	1.2888992	0.4860993	-7.6684446	800000	2.2456796e-08	0.029310929	-0.012002323	-0.020218547	-1.9466469	0.015976936	0.1786	79.0	1005.6287755966187	6.285179860889912
160	-4.682551	1.9165118	-1.1455314	-11.698658	50.0	-1.0802754	1.2653497	0.33642516	-8.024453	805000	-3.361404e-08	0.05859266	-0.010622338	-0.044717643	-1.9670945	0.022790948	0.2274	79.0	1011.8377544879913	6.2847065599808785
161	-4.507085	1.8538234	-0.77157277	-8.8338175	50.0	-1.1110678	1.277515	0.14817077	-8.554929	810000	-1.6629695e-09	0.034189757	0.0027514738	-0.024219949	-1.9726413	0.04298635	0.3406	79.0	1017.9631814956665	6.283723355811319
162	-4.497717	1.9447027	-0.8476585	-9.808819	50.0	-1.0222492	1.2768327	0.30338067	-8.136813	815000	5.1641464e-08	0.03382474	-0.0058899135	-0.02578989	-1.9815797	0.020653838	0.2244	79.0	1024.265932559967	6.283840085831157
163	-4.3645687	1.7767745	-0.763747	-8.764674	50.0	-0.9008244	1.1815886	0.8379997	-7.7298837	820000	-7.0402024e-08	0.030885143	-0.007516083	-0.024111329	-1.9905602	0.018194549	0.2382	79.0	1031.0271542072296	6.286750953371932
164	-4.3537574	1.7542269	-0.95025617	-7.463046	50.0	-0.954508	1.1852984	0.1386288	-6.8098702	825000	2.2053719e-10	0.020063505	0.100923546	-0.013462153	-2.004098	0.17980306	0.5776	7.0	1035.3483843803406	6.274838703328913
165	-4.6822414	1.8703517	-0.6517302	-9.74237	50.0	-0.9801826	1.2119923	0.21443874	-7.548154	830000	-1.00058315e-07	0.059790313	-0.001446406	-0.04843292	-2.0052085	0.042263355	0.3146	79.0	1041.8699398040771	6.276324948632573
166	-5.2438855	1.7463177	-0.84468895	-9.639184	50.0	-1.2294508	1.3439885	0.18176422	-7.8421903	835000	-1.44302845e-08	0.034185216	-0.0013175769	-0.019077536	-2.0026124	0.04938961	0.3606	79.0	1048.25164103508	6.276955945763046
167	-4.775505	1.8996868	-1.1578892	-10.291056	50.0	-1.1609489	1.3115537	0.46821743	-8.484625	840000	4.7910213e-08	0.03586409	0.07414109	-0.027448263	-2.0175397	0.19056278	0.4668	20.0	1052.9633350372314	6.267638910384405
168	-4.582697	1.658823	-0.6570753	-8.285837	50.0	-0.9642668	1.2595199	0.54818255	-7.862945	845000	2.5872886e-08	0.063767806	0.10837356	-0.0565497	-2.0227802	0.26005295	0.54	1.0	1057.097392320633	6.2550141670294765
169	-4.7952223	2.1570284	-0.98234135	-11.032247	50.0	-1.0519811	1.2556496	0.20174895	-7.770303	850000	7.3492528e-09	0.10350165	0.09953375	-0.088984415	-2.0230315	0.20869958	0.5262	1.0	1061.1372096538544	6.241983596016379
170	-5.440829	2.3620327	-0.90385777	-11.065589	50.0	-1.3495686	1.4384657	0.16354406	-8.466017	855000	4.0508805e-08	0.09755161	0.081537694	-0.07693649	-2.0232632	0.167126	0.5556	1.0	1065.6485369205475	6.231862798768875
171	-5.477338	2.283012	-1.2684003	-10.065315	50.0	-1.4078697	1.4519951	0.55824244	-8.112042	860000	-6.919801e-08	0.094230734	0.005391446	-0.07511418	-2.023507	0.072436675	0.3998	79.0	1071.5762016773224	6.230094208273777
172	-5.7722583	2.3180876	-1.6340714	-9.74675	50.0	-1.5776131	1.5825434	0.3789486	-8.34034	865000	2.5623665e-08	0.06798146	-0.01407296	-0.03555865	-2.0347457	0.008925597	0.1342	79.0	1078.066782951355	6.231599913856198
173	-5.3066454	2.1290781	-1.545542	-9.875681	50.0	-1.4422675	1.4945381	0.19637772	-9.074758	870000	-8.9645384e-09	0.059245545	-0.012712874	-0.036932867	-2.047595	0.015706345	0.1694	79.0	1084.331444978714	6.231789924632544
174	-5.3973484	2.2343988	-1.2207885	-9.494494	50.0	-1.413436	1.5473828	0.5721256	-8.247208	875000	-3.1664968e-09	0.045841493	-0.009503371	-0.03361591	-2.0636	0.01866859	0.2064	79.0	1090.5004954338074	6.231431413378035
175	-5.10274	2.2689855	-1.2249299	-9.413468	50.0	-1.3561064	1.4717547	0.2018218	-8.29566	880000	-4.4715403e-08	0.037117064	-0.008491887	-0.021845508	-2.0620975	0.024182301	0.2616	79.0	1096.9999883174896	6.232954487204552
176	-5.5814757	2.1128194	-1.1544104	-9.280595	50.0	-1.4616295	1.5234886	0.23340593	-8.368504	885000	-6.236732e-08	0.030699296	-0.0035502638	-0.018531527	-2.0743594	0.033716228	0.322	79.0	1103.1526761054993	6.2325010070693025
177	-4.9919653	2.4121037	-1.3492221	-9.815744	50.0	-1.3399538	1.4674464	0.060919635	-8.146851	890000	-9.586215e-08	0.02794654	-0.012709132	-0.016602937	-2.0860133	0.022428123	0.1916	79.0	1109.2364563941956	6.231665498754952
178	-5.462596	2.456871	-1.221786	-11.3752	50.0	-1.4846966	1.5336378	0.3586735	-8.774353	895000	3.684014e-08	0.060151555	-0.011301911	-0.035471693	-2.0845532	0.032007363	0.2996	79.0	1115.3770589828491	6.231156766081655
179	-5.433287	2.1823027	-1.2532523	-9.632147	50.0	-1.419367	1.5739285	0.33841532	-8.882138	900000	3.1638145e-08	0.031116465	0.04849994	-0.017732985	-2.097111	0.15130058	0.4826	40.0	1120.8546180725098	6.226970112323761
180	-5.1238236	2.1665964	-1.3238591	-10.634968	50.0	-1.3251426	1.4252046	0.18275553	-8.404341	905000	-3.412962e-08	0.048532434	0.05139412	-0.036197003	-2.1082883	0.18243098	0.5568	6.0	1125.4288697242737	6.217839072422428
181	-5.5961394	2.2285197	-1.1781545	-12.339964	50.0	-1.4854982	1.544638	0.42164823	-8.550388	910000	-2.5971978e-08	0.0787242	0.06808466	-0.058127724	-2.1097517	0.1581755	0.528	1.0	1130.5822751522064	6.2119905319842665
182	-5.380036	1.9449039	-1.8207616	-9.512743	50.0	-1.3951327	1.4417019	0.5196198	-8.111447	915000	-3.030598e-08	0.06859391	0.063240126	-0.04881063	-2.1099951	0.19061486	0.5922	34.0	1135.9193336963654	6.207209490687469
183	-5.423031	2.1148062	-0.9808486	-10.140187	50.0	-1.4961307	1.5032731	0.77863014	-9.564634	920000	-3.3795832e-08	0.058652394	0.11437653	-0.043277018	-2.111468	0.29424846	0.7192	1.0	1140.128719329834	6.196351747150007
184	-5.734189	2.111606	-1.413514	-9.705156	50.0	-1.4252229	1.516155	0.41601682	-8.191996	925000	4.2039154e-08	0.110533446	0.07468029	-0.08766916	-2.111401	0.18248618	0.629	1.0	1144.305046081543	6.185432689254348
185	-6.112918	1.9413047	-1.5417393	-10.661448	50.0	-1.7182008	1.5348847	0.22566131	-8.932797	930000	5.8585407e-08	0.13333754	-0.010879463	-0.10007164	-2.111366	0.01987766	0.2096	79.0	1150.7671573162079	6.186920209597516
186	-5.565499	2.092495	-1.1327982	-9.221459	50.0	-1.6790326	1.4685822	0.07870018	-8.51306	935000	1.35689975e-08	0.05671377	-0.005609048	-0.03573171	-2.115094	0.01580226	0.2164	79.0	1157.2021577358246	6.188246843011622
187	-5.5684705	2.0562274	-1.1071808	-9.303001	50.0	-1.6240188	1.4643481	0.32711735	-8.290036	940000	-4.3609738e-08	0.06617185	-0.008443908	-0.04238875	-2.133309	0.015899092	0.1956	79.0	1163.2610490322113	6.187558781593404
188	-5.836176	2.2293024	-1.3866663	-10.61521	50.0	-1.7351515	1.5436355	0.3418603	-8.380537	945000	-6.760359e-08	0.09390012	-0.011509735	-0.06001752	-2.1429267	0.010989058	0.1508	79.0	1169.4933216571808	6.1877953627752875
189	-5.3733034	2.0006742	-1.3772309	-9.375389	50.0	-1.6037406	1.4700276	0.8782865	-7.942693	950000	1.00791455e-08	0.061833832	-0.013325685	-0.045602277	-2.1549149	0.020176977	0.2126	79.0	1175.6602635383606	6.187685606354162
190	-5.6180925	1.9264569	-1.2331429	-9.657238	50.0	-1.6092046	1.4876204	0.79808533	-8.171354	955000	-1.5801191e-08	0.08076941	-0.009758227	-0.059445385	-2.176757	0.015999425	0.168	79.0	1181.903722524643	6.187977616075446
191	-5.4512215	1.9575728	-1.1723819	-10.082505	50.0	-1.5181711	1.4476206	0.23278299	-8.266071	960000	-3.6361815e-08	0.056444086	0.00087753416	-0.0433175	-2.1924677	0.05176892	0.3806	79.0	1188.6518924236298	6.1908952829738455
192	-5.219596	1.9689598	-0.92037284	-9.46767	50.0	-1.4490942	1.4132797	0.3667508	-8.446378	965000	1.8095971e-08	0.043120172	0.03887164	-0.03313727	-2.1980536	0.15164533	0.5006	60.0	1194.4569272994995	6.188896003782441
193	-5.472809	1.6585938	-1.9546834	-9.014541	50.0	-1.5637922	1.3880392	0.23618132	-7.646023	970000	-1.3208091e-07	0.14870906	0.0058595245	-0.13090327	-2.1999922	0.040218007	0.3266	79.0	1201.0586924552917	6.191024198974531
194	-5.149185	1.7618191	-1.2045847	-9.011194	50.0	-1.4700736	1.3482461	0.45677426	-7.281574	975000	4.282631e-08	0.06354939	0.0055641644	-0.047340803	-2.1984987	0.047981963	0.4062	79.0	1207.3924732208252	6.1917562827085835
195	-5.182033	1.5315917	-1.47061	-9.240964	50.0	-1.4092302	1.2898585	0.43916416	-7.9998116	980000	-1.7625094e-08	0.06988577	0.08743395	-0.05233879	-2.2126374	0.17300577	0.6176	3.0	1211.4905393123627	6.181074188680065
196	-5.094835	1.7452393	-1.3576661	-9.1890955	50.0	-1.3425895	1.266918	1.3127892	-7.0855746	985000	1.72019e-08	0.13500251	0.049859576	-0.11669842	-2.2130754	0.22421524	0.5564	11.0	1216.3432664871216	6.174331312857303
197	-4.851989	1.5888262	-1.2484313	-8.360157	50.0	-1.4682733	1.2998385	0.42299852	-7.6707	990000	-2.4539233e-08	0.16287881	0.08202415	-0.14915983	-2.214418	0.17004146	0.6844	1.0	1220.5233402252197	6.1642593049039744
198	-4.70669	1.5113022	-1.2943004	-8.609818	50.0	-1.2381928	1.2055959	0.4694366	-7.473435	995000	1.321435e-08	0.0849781	-0.015779857	-0.07549275	-2.214446	0.020693235	0.1858	79.0	1226.7192878723145	6.164418541606347
199	-5.017466	2.096475	-1.0076376	-11.321058	50.0	-1.1944345	1.3799058	0.35410994	-8.171583	1000000	-1.7285346e-09	0.039506506	-0.0077897306	-0.029507354	-2.2285647	0.04192732	0.323	79.0	1233.0667989253998	6.165334006547928
