Epoch	AverageEpRet	StdEpRet	MaxEpRet	MinEpRet	EpLen	AverageVVals	StdVVals	MaxVVals	MinVVals	Time Steps	LossPi	LossV	DeltaLossPi	DeltaLossV	Entropy	KL	ClipFrac	StopIter	Time	AVG Time Per Epoch
0	11.241918	6.039775	46.54527	4.337509	13.624658	0.13558699	0.26437494	0.6277682	-0.6324316	5000	1.5962124e-08	71.848816	-0.028898185	-55.433704	0.9189431	0.020834625	0.2516	79.0	5.2385053634643555	5.238507270812988
1	18.776537	21.841902	213.79875	5.061968	18.138182	7.6512275	3.7723665	13.451141	-0.4655919	10000	-2.554059e-08	430.0575	-0.035384733	-123.18921	0.90815246	0.016275102	0.273	79.0	9.906100988388062	4.953051328659058
2	33.424976	35.924	228.97385	6.039232	26.43617	18.422987	9.521184	33.563076	-15.128792	15000	9.88543e-09	666.7415	-0.034939323	-118.40845	0.89002967	0.020199226	0.26	79.0	14.574397563934326	4.858133157094319
3	81.36979	70.77411	239.34857	6.320506	47.873787	34.107754	11.697187	45.122395	-3.9764636	20000	-2.6214122e-08	1853.032	-0.031261526	-614.6636	0.87751454	0.017388577	0.1876	79.0	19.121525764465332	4.780381798744202
4	127.92624	77.37504	293.28857	9.041836	68.84722	57.369495	10.71795	64.78773	-4.608232	25000	-5.555153e-09	1490.054	-0.025824362	-440.4032	0.86346245	0.008108435	0.1424	79.0	24.049415111541748	4.80988335609436
5	184.44075	56.41058	292.40494	23.34367	94.42308	65.90956	20.85422	86.402145	0.6792048	30000	-1.3709068e-09	930.8441	-0.024368407	-398.80994	0.8608963	0.008542704	0.1474	79.0	28.561310291290283	4.760218699773152
6	203.89328	43.281094	291.65054	99.98013	101.89796	78.27166	29.144484	107.29708	-0.1296272	35000	-1.142621e-08	595.18396	-0.02220041	-147.64752	0.8520138	0.010975924	0.1484	79.0	33.23753833770752	4.748220069067819
7	219.94342	62.28253	312.96228	17.303707	107.978264	82.43797	31.814915	116.53774	-3.4762254	40000	1.8763542e-08	654.3982	-0.021862937	-205.4591	0.84238905	0.011950905	0.165	79.0	38.152952432632446	4.769119292497635
8	250.51985	42.852978	315.85	62.158188	116.25581	89.7938	34.91511	124.85552	-1.8223877	45000	-2.0879508e-08	446.81064	-0.029048966	-238.88759	0.83232045	0.016748874	0.1734	79.0	42.774375438690186	4.75270856751336
9	278.09744	41.879738	332.46875	156.70465	128.20512	101.20625	38.51265	137.1464	-32.589226	50000	-8.586049e-09	434.14874	-0.026000144	-128.57303	0.83217347	0.00932346	0.1742	79.0	47.689390659332275	4.768939256668091
10	299.07303	24.51523	332.44568	198.58984	132.02702	107.81565	39.367943	144.6627	0.17269057	55000	-5.029738e-08	248.52538	-0.022574224	-112.98302	0.8237618	0.012245957	0.1402	79.0	52.545756101608276	4.7768870917233555
11	302.46497	43.17217	334.26596	65.14706	132.64865	114.063065	43.348904	153.00085	-1.4316895	60000	5.865097e-09	233.75208	-0.021559225	-39.30548	0.8027261	0.010411235	0.1724	79.0	57.45779347419739	4.78814959526062
12	316.938	11.622093	350.15176	295.20245	134.37837	116.2544	44.626606	154.61624	0.13417882	65000	3.569126e-08	66.27557	-0.026627503	-35.70179	0.7842099	0.017187372	0.1882	79.0	62.32193398475647	4.793995050283579
13	312.96805	26.562138	364.286	217.51404	128.94737	122.2198	46.362003	161.29791	-0.43114924	70000	4.6491624e-09	135.98813	-0.023621438	-31.69172	0.7676218	0.010589979	0.1534	79.0	66.93614983558655	4.781153695923941
14	317.8072	50.097195	363.07285	30.326666	128.6842	122.940025	46.513054	162.9392	-8.459602	75000	-3.999472e-09	188.57736	-0.01914416	-50.18318	0.7602669	0.013768578	0.1666	79.0	71.60445165634155	4.773630237579345
15	334.89478	15.475743	368.35168	301.84048	133.32433	124.85965	48.708023	166.65726	-0.055231273	80000	-6.9856645e-09	79.6645	-0.022632588	-36.976936	0.75415826	0.014266671	0.1754	79.0	76.14016199111938	4.758760288357735
16	339.06903	34.10931	392.2114	166.01306	133.62163	129.99768	49.211693	171.9688	1.7342101	85000	5.9604643e-12	191.82431	-0.020058176	-22.908493	0.7397344	0.016740082	0.173	79.0	81.27147483825684	4.780675116707297
17	355.8684	21.787884	405.19135	286.7397	137.13889	131.69104	49.321934	174.12088	-1.3281169	90000	-1.9812584e-08	132.05666	-0.021288306	-52.60006	0.73083967	0.0129128415	0.148	79.0	85.94117593765259	4.774509880277845
18	369.00772	16.309132	406.71518	329.2481	139.37143	135.47224	51.60155	179.24097	2.1959538	95000	-2.9593705e-08	83.978195	-0.021654114	-47.867416	0.72068256	0.01082374	0.1182	79.0	90.78877663612366	4.778356740349217
19	374.37784	32.79531	539.22894	325.6207	140.71428	141.39815	52.404705	185.19377	-0.7736031	100000	1.3013184e-08	187.49599	-0.020909626	-62.291748	0.70631355	0.02016163	0.1966	79.0	95.37249732017517	4.768624937534332
20	393.6964	56.37904	641.7719	346.91998	145.73529	143.26352	52.3249	187.39893	-0.2791323	105000	-1.3613701e-08	333.8333	-0.022437878	-100.07161	0.68996894	0.016365658	0.1634	79.0	99.94705414772034	4.759383610316685
21	395.8095	43.713173	632.37054	349.3003	144.91176	149.53625	53.572533	192.39804	1.1498238	110000	7.773936e-09	246.85042	-0.019868102	-98.86673	0.67455053	0.014339975	0.1482	79.0	104.85625672340393	4.766193595799533
22	422.72653	80.366356	644.1178	296.7144	151.27272	151.22995	53.597984	195.57858	-0.6164576	115000	2.1150708e-08	714.1013	-0.0214069	-188.25354	0.67062795	0.011354267	0.1202	79.0	109.59903407096863	4.765175466952116
23	475.4691	115.00163	659.1996	275.51535	164.93333	160.9059	54.709187	203.34439	0.28281742	120000	1.7306208e-08	1009.6441	-0.020773143	-251.13458	0.66162395	0.013399672	0.1382	79.0	114.43665838241577	4.768194168806076
24	560.90454	110.22777	674.27264	266.17197	187.65384	177.85007	55.52135	217.8746	1.1748004	125000	-7.614493e-09	1158.2067	-0.020753192	-389.4369	0.6574677	0.014006705	0.127	79.0	119.31905722618103	4.772762384414673
25	539.97314	106.42885	658.17114	275.7623	180.96297	185.1689	63.819477	236.68881	2.01159	130000	-5.1096083e-09	821.1311	-0.022425206	-245.2005	0.6549214	0.01387984	0.1694	79.0	123.89948749542236	4.765364967859709
26	615.2974	32.56298	669.17413	527.60736	202.0	190.7222	62.397686	242.64374	-15.410051	135000	4.260093e-08	211.71132	-0.023696164	-165.96542	0.6417256	0.013832613	0.1632	79.0	128.9270474910736	4.775075903645268
27	632.9859	79.497925	798.7522	407.6522	206.79167	202.83829	62.806847	253.06761	4.5129232	140000	9.039789e-09	500.8743	-0.022025393	-142.58429	0.6265532	0.016226409	0.1692	79.0	133.44797205924988	4.765999061720712
28	667.43085	52.84234	811.0422	587.5091	215.60869	202.17705	67.14283	256.94205	-2.1212964	145000	1.8703938e-08	219.39964	-0.023136018	-97.87507	0.63424057	0.014223546	0.1706	79.0	138.1453948020935	4.763634377512439
29	671.1809	105.05369	886.85974	308.87277	221.18182	211.24408	66.22549	262.4895	-0.6448643	150000	7.176399e-09	660.04877	-0.019101745	-109.891846	0.6388948	0.009439897	0.1672	79.0	142.6316945552826	4.754389874140421
30	725.61633	84.212425	903.73016	646.08704	233.95238	207.51672	64.47523	259.2337	3.9680448	155000	9.095669e-09	324.3778	-0.026466202	-151.53915	0.61775625	0.016174002	0.1984	79.0	147.47225880622864	4.757169692747055
31	729.6991	150.57375	1039.075	272.4154	235.38095	217.27666	68.439835	269.59955	-2.9141285	160000	-3.1836331e-09	767.14514	-0.01987139	-147.11139	0.59884053	0.014753682	0.1702	79.0	151.9471664428711	4.7483490109443665
32	732.2585	100.53361	1063.8218	606.4702	235.61905	217.8454	66.33329	271.24295	-6.7209926	165000	1.8094946e-08	565.21533	-0.025473788	-138.39005	0.5896304	0.012494393	0.1836	79.0	156.69338035583496	4.748284303780758
33	823.8589	96.54314	1081.4391	680.1099	259.73685	218.1052	67.440254	271.59494	-5.107204	170000	-1.3947486e-09	374.81323	-0.023290792	-248.36264	0.579368	0.015168492	0.1666	79.0	161.3176407814026	4.744636549669154
34	813.6904	146.94429	1180.3506	597.9541	255.47368	227.34535	70.71938	284.43198	1.4931247	175000	3.671646e-09	267.61826	-0.024773657	-68.00549	0.56439173	0.01380876	0.1694	79.0	166.19859838485718	4.748531430108207
35	828.4667	91.088425	1028.2802	576.99115	259.89474	229.27983	71.905945	288.03244	-0.58324647	180000	-1.2889504e-09	113.45861	-0.024098694	-28.853836	0.54465264	0.0119641	0.1716	79.0	170.7973654270172	4.7443713082207575
36	845.7058	206.53325	1083.803	292.35757	268.0	238.01297	69.06085	288.59625	-0.7708348	185000	-4.297495e-09	1721.0914	-0.019156057	-261.42773	0.53116846	0.010130777	0.1672	79.0	175.6357123851776	4.7469111970953035
37	849.58734	167.58057	1145.2169	317.9941	264.22223	232.43695	68.22119	291.02905	-1.9453341	190000	4.327297e-09	882.6978	-0.018399818	-167.61584	0.53464395	0.0101564815	0.1756	79.0	180.33304262161255	4.74560642869849
38	876.3113	132.83218	1175.8976	664.9011	272.66666	234.2118	68.9581	294.4717	-1.1993976	195000	-9.536743e-11	305.5973	-0.025872089	-115.49701	0.5256364	0.016701067	0.1664	79.0	184.91162633895874	4.741323813413962
39	863.85504	131.73618	1103.8937	592.7431	267.72223	233.52948	73.64446	296.13474	-8.572009	200000	-1.16199255e-08	146.16182	-0.021485789	-47.326035	0.51898414	0.014709949	0.1522	79.0	189.74434995651245	4.7436087906360624
40	875.66986	127.448	1160.2722	644.89734	271.22223	239.24435	72.773315	299.6007	-10.061723	205000	3.5848469e-09	170.413	-0.025081107	-50.064133	0.51074827	0.00849951	0.161	79.0	194.29325819015503	4.738860002378138
41	951.95917	201.1672	1158.5742	325.10492	291.88235	241.96954	70.80368	301.09946	2.0504713	210000	-1.3664365e-09	1061.6665	-0.017034337	-104.638306	0.49978518	0.011090278	0.1458	79.0	199.2272822856903	4.743506766500927
42	992.2771	128.73492	1334.5371	799.6909	303.875	246.4138	70.97911	302.2329	3.6009357	215000	2.259016e-09	134.00471	-0.021836564	-52.102356	0.4974237	0.015574553	0.1656	79.0	203.95521807670593	4.743144639702731
43	859.6814	167.31152	1094.7455	318.44205	264.72223	244.0534	74.167244	307.43225	-0.63554025	220000	1.1745096e-08	1052.0774	-0.018566646	-342.22742	0.4853279	0.009601076	0.1612	79.0	208.7679307460785	4.7447257529605515
44	937.50726	137.0244	1334.8618	742.5918	284.29413	239.62982	70.67785	300.40686	-2.177915	225000	1.8119811e-08	202.43372	-0.023044921	-117.528984	0.47155648	0.016056342	0.1584	79.0	213.39687776565552	4.742152876324123
45	966.83734	278.87256	1426.7921	235.5645	293.47058	249.0802	73.625595	308.6963	0.81141996	230000	1.0833144e-09	949.2423	-0.0175987	-151.33783	0.4716211	0.013528876	0.1748	79.0	218.3351068496704	4.746415407761283
46	856.7764	258.61984	1154.7566	259.89133	265.05554	247.69168	73.06014	314.2777	1.4879824	235000	1.3411044e-10	2289.6445	-0.021241214	-859.1061	0.4622362	0.011974793	0.1776	79.0	223.3036687374115	4.751141923539182
47	906.6854	209.1487	1393.5331	589.6134	278.29413	234.1196	69.64918	313.72586	-20.392506	240000	1.3299286e-09	1444.7749	-0.020101031	-679.0614	0.45245332	0.014070784	0.1782	79.0	227.95282673835754	4.7490172783533735
48	935.7948	341.77393	1421.3337	289.74036	288.11765	249.8395	68.80525	306.9355	3.5453627	245000	-1.4185906e-08	2386.0686	-0.02063167	-605.26855	0.45032623	0.0068286173	0.1654	79.0	232.3759741783142	4.742366858891079
49	1060.4532	208.41786	1382.2313	616.2002	318.6	246.45876	70.83236	309.035	0.5452082	250000	9.083748e-09	452.12054	-0.023612563	-339.88943	0.44923484	0.015350925	0.1646	79.0	237.1521987915039	4.743044013977051
50	1071.1116	202.15363	1390.3085	595.4647	323.8	262.57468	73.80002	319.82224	4.255513	255000	-5.9723853e-09	1084.673	-0.015036644	-198.44519	0.44109643	0.014048877	0.1524	79.0	241.79892897605896	4.741155507517796
51	1137.0554	99.81848	1303.2288	889.0013	340.0	255.30638	72.33776	313.22287	0.15146518	260000	9.033084e-09	189.59079	-0.021257194	-105.667114	0.43873334	0.0113663105	0.1554	79.0	246.37387776374817	4.737959219859197
52	1130.8466	152.28477	1439.771	906.54333	337.57144	264.37686	74.304474	321.77396	3.078414	265000	-1.9410253e-08	86.15494	-0.021688335	-19.64241	0.4372284	0.019190768	0.2358	79.0	250.96955037117004	4.7352745712928055
53	1052.459	151.0721	1295.8125	793.5202	315.6	260.56885	75.12319	322.78745	0.83883107	270000	-9.100139e-09	140.26997	-0.025570503	-34.141525	0.4280612	0.014723645	0.1624	79.0	255.5314929485321	4.732064719553347
54	1146.3815	330.9081	1747.0104	307.07446	344.7857	265.1608	72.45481	322.6132	3.1143136	275000	-1.1090189e-08	1151.0792	-0.018402819	-358.0891	0.42418545	0.016058387	0.1998	79.0	260.14500188827515	4.729909155585549
55	1075.5399	186.86996	1358.7802	590.6637	321.66666	261.4825	74.63206	325.74753	4.936249	280000	-1.2513995e-08	928.7078	-0.013456918	-275.35004	0.42032006	0.012239009	0.1434	79.0	264.704852104187	4.726872401578086
56	1085.9506	199.48616	1502.567	869.32495	324.26666	258.91846	75.428955	320.80884	-10.164343	285000	4.1782857e-09	168.89873	-0.022760117	-81.500015	0.41839638	0.011870988	0.1738	79.0	269.47964429855347	4.727713091331616
57	1052.7527	369.09402	1798.9426	317.33344	317.73334	265.53534	71.080124	325.8219	-2.63275	290000	-2.0369887e-08	1834.3466	-0.017404271	-577.01636	0.41464347	0.010131189	0.1992	79.0	274.3050820827484	4.729397995718594
58	1106.505	230.2162	1722.8529	810.6604	327.33334	256.0665	73.52486	324.79932	1.0203356	295000	2.3126603e-09	253.59642	-0.022890445	-136.22342	0.40053868	0.011790788	0.1506	79.0	279.17527532577515	4.73178436796544
59	962.8181	105.975716	1299.9424	868.45514	286.52942	258.2478	76.685974	331.4409	-2.1852129	300000	1.7374754e-09	305.70813	-0.023452004	-144.81926	0.39291194	0.02122415	0.2114	79.0	284.13188338279724	4.735531421502431
60	1097.8137	170.34552	1394.6332	732.2221	322.2	260.92624	68.60371	323.92255	-5.5432935	305000	8.33869e-09	459.02655	-0.022673601	-181.09698	0.39106664	0.01901381	0.2074	79.0	289.1945948600769	4.740895025065688
61	1189.2579	178.56717	1497.1493	846.45044	348.57144	268.94098	73.16221	330.83438	6.994652	310000	5.8054925e-09	136.40842	-0.026804568	-60.16884	0.38079637	0.015036661	0.1622	79.0	294.0218963623047	4.7422886894595235
62	1165.8041	326.4014	2025.1902	580.027	343.42856	273.07184	74.005554	335.27335	-2.6029785	315000	3.781915e-09	1183.2725	-0.0152540505	-619.12506	0.36970535	0.008044539	0.1894	79.0	298.8344850540161	4.743404554942297
63	1288.105	496.46323	2860.9482	954.2941	374.23077	273.33395	73.96747	335.875	-4.0611606	320000	2.0846725e-08	222.98413	-0.022611294	-100.23366	0.35962316	0.016624967	0.1684	79.0	303.63766860961914	4.744338594377041
64	1230.1172	532.3218	2680.143	825.42395	356.14285	272.0142	75.15009	341.9485	2.5747752	325000	2.758503e-08	156.32774	-0.02659233	-58.25055	0.35043126	0.017129492	0.1768	79.0	308.59264612197876	4.747579211455125
65	1414.6447	442.32227	2635.0754	912.59186	409.83334	283.6112	73.30515	346.76105	-0.9425156	330000	-2.3934245e-08	108.41316	-0.021544132	-28.116203	0.3337313	0.014185416	0.1794	79.0	313.15668296813965	4.744798252076814
66	1234.4246	376.9803	2382.136	884.8355	359.3846	279.85886	73.93126	345.86337	-9.101022	335000	-2.6325509e-08	169.4719	-0.021750158	-72.309525	0.31259137	0.01054716	0.159	79.0	317.8556077480316	4.744113573387487
67	1395.6852	473.23892	2684.0342	836.2504	406.16666	285.06284	71.36491	346.8142	-4.1231527	340000	1.3267994e-08	1204.3046	-0.016836952	-546.10034	0.31189716	0.007913611	0.1762	79.0	322.6736660003662	4.74520099513671
68	1271.4677	472.34708	2435.6743	614.32135	374.15384	276.2343	68.320274	337.4675	0.9218333	345000	-1.8481911e-08	1626.9921	-0.017241351	-373.83057	0.32364926	0.01649533	0.1746	79.0	327.25648260116577	4.742847601572673
69	1345.3407	468.19568	2243.2869	652.0033	391.33334	278.9568	68.540955	337.9812	1.6038424	350000	9.341538e-09	1270.011	-0.017039934	-321.61206	0.31851527	0.01114703	0.1752	79.0	331.8314824104309	4.740449775968279
70	1325.207	396.02524	1883.2491	296.2039	386.25	286.33484	68.60973	344.27707	-1.3861376	355000	-5.6371094e-09	842.0268	-0.020280937	-347.2403	0.31212014	0.01194509	0.1864	79.0	336.31385493278503	4.736814881714297
71	1258.2482	417.06595	2303.4443	686.3034	365.15384	269.6762	76.64822	343.29123	-3.219122	360000	9.188056e-09	590.36096	-0.025596566	-453.9887	0.30736873	0.020916276	0.1908	79.0	341.14192819595337	4.738082359234492
72	1330.4949	456.14172	2359.7485	310.84464	390.75	286.39496	72.10852	344.48068	-12.660505	365000	-1.9603222e-08	1069.5428	-0.020790402	-433.67566	0.29923546	0.01143998	0.1768	79.0	346.21555733680725	4.742678890489552
73	1307.5653	205.48288	1737.6732	1009.12195	378.53845	272.5617	75.31075	342.38925	2.0619373	370000	1.1581182e-08	280.779	-0.02418324	-188.25665	0.30960846	0.0157529	0.1994	79.0	350.8657648563385	4.741429277368494
74	1341.4109	497.78256	2610.0698	616.5385	391.25	286.36426	71.66927	345.68484	3.5053213	375000	3.0735507e-09	1169.3735	-0.016855378	-451.38184	0.2966052	0.012769186	0.1942	79.0	355.5011479854584	4.740015331904093
75	1400.9371	273.76517	1885.0194	930.1316	403.75	282.126	73.72017	342.8149	-0.06371045	380000	2.3770331e-08	120.9432	-0.027503805	-50.18541	0.28751567	0.014295665	0.1898	79.0	360.2539050579071	4.740182983247857
76	1301.7538	482.89465	2241.4268	253.17162	378.53845	285.45694	72.88001	345.23273	2.0853868	385000	-2.4151802e-08	1092.7623	-0.019479418	-155.09973	0.2819557	0.011936842	0.1582	79.0	364.77664256095886	4.737359015972583
77	1286.9994	412.0949	2032.6619	337.09253	377.3846	282.04333	69.57695	344.97137	1.4157226	390000	1.5616417e-08	1903.0398	-0.02012555	-492.66675	0.2747823	0.007190271	0.168	79.0	369.5141816139221	4.737361324139131
78	1320.8298	305.38678	1950.3751	890.338	381.69232	274.46957	73.29526	341.7293	5.9342594	395000	5.108118e-09	212.46295	-0.02545645	-143.43686	0.26971483	0.01730552	0.1958	79.0	374.2424314022064	4.737245985224277
79	1350.7999	297.04865	2228.3784	911.0051	388.25	283.13245	73.14938	344.1957	-0.6476518	400000	1.4340878e-08	52.955944	-0.026520273	-18.263458	0.2645755	0.012404838	0.1676	79.0	378.7124743461609	4.733905950188637
80	1338.7191	374.45233	2154.3706	867.78564	386.58334	283.32156	73.88005	348.1109	2.7446325	405000	1.3619661e-08	112.6427	-0.02518857	-74.013	0.25243074	0.011609349	0.1746	79.0	383.44363832473755	4.733872104574133
81	1238.8766	112.96461	1516.1462	1072.4078	357.14285	277.24594	77.14819	347.8769	0.30648804	410000	2.9087066e-09	69.16762	-0.025507478	-34.977467	0.23890258	0.012601052	0.1786	79.0	388.1932284832001	4.734063782343051
82	1343.6863	310.285	1999.9022	942.23065	386.75	283.4561	71.941284	346.83722	4.8261023	415000	-1.6710162e-08	145.1202	-0.022754842	-43.32093	0.2466891	0.01804645	0.2428	79.0	393.1649103164673	4.736926650426474
83	1296.787	307.53442	2066.6416	927.3612	372.46155	280.4008	74.894684	346.6741	8.108201	420000	-1.5098601e-08	81.814575	-0.026082383	-42.947582	0.23248228	0.017915709	0.195	79.0	397.69265937805176	4.734436438197181
84	1700.6067	458.8514	2299.0093	903.4694	483.9	294.42264	70.391754	348.8516	4.5182824	425000	1.3321638e-08	72.62706	-0.025420766	-43.756016	0.22812016	0.018744418	0.1848	79.0	402.42528676986694	4.734415160908418
85	1433.8385	584.47205	2618.9214	243.97472	412.0	294.89917	73.24773	354.48755	4.615242	430000	1.8087029e-08	1057.8925	-0.019082895	-276.549	0.22199258	0.010438761	0.1822	79.0	406.9553129673004	4.732038545054059
86	1576.7635	450.62616	2600.866	1023.0167	450.27274	291.81885	72.027596	351.2568	2.3687353	435000	2.6458501e-08	140.633	-0.021989405	-90.836815	0.22298461	0.01609645	0.2026	79.0	411.5245475769043	4.730167229970296
87	1528.9446	353.6213	2273.9358	1188.8445	437.0909	293.38074	73.54087	351.85947	4.777202	440000	1.2606615e-08	68.766884	-0.02483506	-25.856236	0.21304008	0.012435237	0.1828	79.0	416.3743996620178	4.73152728785168
88	1485.5876	621.4151	3397.1016	1042.841	428.0909	295.74088	70.475174	351.25854	1.8808881	445000	1.1461974e-08	72.182205	-0.027221764	-26.089935	0.19681132	0.012327012	0.195	79.0	421.10093355178833	4.731471182255262
89	1756.6755	520.70416	2693.2397	1168.278	501.0	302.57037	69.63824	354.18677	1.9880006	450000	-2.785325e-08	50.809822	-0.025425447	-18.935066	0.18568061	0.018827789	0.1976	79.0	425.75966906547546	4.730663010809157
90	1600.5306	509.4403	2978.3667	1030.4958	456.4	300.22882	70.93786	354.92834	4.5678377	455000	-1.7413496e-08	63.53683	-0.021643307	-31.666065	0.18576354	0.015216327	0.1734	79.0	430.7791132926941	4.7338364307697
91	1570.7202	623.3577	2861.6902	611.4496	454.4	302.9354	69.264206	354.36743	-2.7957346	460000	-1.2418628e-08	1296.5999	-0.01699976	-164.02112	0.1806344	0.012658203	0.2336	79.0	435.2208762168884	4.730661716150201
92	1514.2452	537.42004	2234.8914	558.3474	439.63635	294.94635	67.79974	346.23877	3.0209484	465000	-3.1769276e-09	2176.256	-0.018487869	-1170.6772	0.17675976	0.014881154	0.1994	79.0	439.98706340789795	4.731043713067168
93	1825.2402	703.48584	2829.0747	963.3498	522.55554	294.7867	63.710552	345.70642	1.6106045	470000	-8.368493e-09	800.3013	-0.01772751	-262.98596	0.18469451	0.022959111	0.2154	79.0	444.7215805053711	4.731080661428735
94	2298.0083	579.2398	3128.3916	1517.0459	653.2857	306.63654	62.435722	355.27454	3.9154105	475000	1.7631054e-08	166.11475	-0.012838611	-149.83885	0.16022684	0.024798064	0.2626	79.0	449.4219346046448	4.7307572239323665
95	1691.3403	502.73746	2620.2756	869.6494	484.0	306.3427	68.843	361.28036	5.603372	480000	-2.503395e-09	152.38014	-0.028246941	-67.331245	0.1637562	0.012419944	0.1742	79.0	454.372909784317	4.733051160971324
96	1659.279	490.3875	2368.6018	674.5477	473.6	294.34515	75.21269	354.99976	2.631818	485000	5.3703784e-09	66.26079	-0.02806773	-32.398895	0.15464061	0.011315012	0.1978	79.0	459.0218594074249	4.7321841372657065
97	1646.3076	259.73715	1975.2087	1250.0192	470.33334	302.69452	70.79479	354.02173	-5.849263	490000	1.1730194e-08	118.52561	-0.026266182	-55.645023	0.14972647	0.010008038	0.2016	79.0	463.52144479751587	4.72981067822904
98	2070.9229	527.25714	3175.5818	1504.1198	590.625	303.89746	68.19512	352.6626	0.650854	495000	-2.5308132e-08	124.29055	-0.024513481	-98.01103	0.12698373	0.020502541	0.1926	79.0	468.12047815322876	4.728489692765053
99	1760.2157	522.4786	2681.994	1163.1741	506.77777	308.33585	66.04505	359.0056	9.539293	500000	2.4412572e-08	1314.9927	-0.016238056	-851.5061	0.1286379	0.014673445	0.2312	79.0	472.70064783096313	4.727006497383118
100	1753.4752	523.46783	2632.07	951.1044	502.1111	298.514	67.85827	348.4703	3.5744498	505000	3.8444994e-09	414.37943	-0.024694527	-380.99863	0.13252512	0.019639745	0.2116	79.0	477.31650018692017	4.725905958968814
101	1459.163	292.60138	2079.7432	1057.0024	415.72726	290.83252	75.45257	356.28052	-0.7529801	510000	-1.1271238e-08	67.96578	-0.018591452	-51.69289	0.11743293	0.022360753	0.2448	79.0	481.8963463306427	4.724473999995811
102	1685.4457	342.48093	2327.6084	1305.7795	480.0	300.23224	70.29046	357.51346	0.14285374	515000	4.4204294e-09	83.59283	-0.026899442	-39.849094	0.10347323	0.0125819845	0.2048	79.0	486.8877491950989	4.727065544683956
103	2452.9744	861.45044	3487.9973	1170.3096	710.5714	322.58798	54.19029	359.38763	4.0683184	520000	-4.8153104e-09	1296.9965	-0.014731216	-559.52423	0.08817019	0.013205433	0.2134	79.0	491.4625594615936	4.725601549331959
104	2132.5037	605.75885	3250.0742	1449.3298	608.875	304.6692	65.317215	353.42453	3.7525532	525000	1.2362003e-08	179.01462	-0.024010122	-155.85138	0.09326609	0.017125396	0.2224	79.0	496.1106297969818	4.724863156818208
105	1886.5306	706.3377	3301.5515	1168.5634	537.8889	303.42084	70.23534	353.57898	4.790129	530000	-4.015118e-09	57.192326	-0.021844283	-22.961727	0.07126361	0.015953494	0.2156	79.0	500.6566050052643	4.723175536911443
106	1925.2213	898.04065	3487.5642	848.8516	550.44446	305.55484	68.204765	356.06348	-6.1430044	535000	7.1436634e-09	76.44637	-0.023309365	-29.7928	0.068292335	0.011808691	0.2142	79.0	505.4098906517029	4.72345693980422
107	2159.771	642.35443	3379.8137	1524.2117	614.375	308.61636	67.960754	355.79388	8.303426	540000	2.9683114e-09	25.408579	-0.022825513	-12.330984	0.05425518	0.018457426	0.2368	79.0	509.99364733695984	4.7221634167212025
108	2459.309	864.7397	3499.9106	1300.173	706.4286	316.98846	61.087257	358.43228	1.8483738	545000	8.4728e-09	40.596836	-0.024948684	-19.345911	0.04394489	0.024236107	0.2514	79.0	514.8279805183411	4.723192499318254
109	1633.3185	708.83875	3396.8743	958.0755	469.55554	307.31653	69.464874	359.36606	2.344191	550000	9.922683e-09	54.392063	-0.02152267	-36.647896	0.050059933	0.02468675	0.2606	79.0	519.5213685035706	4.722921547022733
110	1792.6528	660.8079	3392.59	957.6235	517.44446	309.21518	68.63883	358.77643	-0.8090347	555000	2.2009015e-08	59.233906	-0.021611465	-34.09041	0.03732725	0.015291489	0.2126	79.0	524.1708776950836	4.722260178746404
111	2109.235	767.9865	3518.098	1183.0281	612.1429	319.5302	56.950436	358.85043	5.507744	560000	-2.7236343e-08	2531.4092	-0.015876584	-1079.8337	0.036349874	0.010544311	0.1884	79.0	528.9094886779785	4.722406168069158
112	2093.084	892.91376	3407.6587	909.4949	605.375	308.5889	56.941853	355.70145	5.3175316	565000	-3.086403e-09	1083.8864	-0.018220294	-227.67474	0.045259632	0.019846424	0.1992	79.0	533.49494099617	4.721194184986891
113	2065.11	845.2987	3445.0261	897.88214	593.625	307.19366	63.50839	355.5604	-0.679687	570000	9.819865e-10	97.85557	-0.022933489	-60.9687	0.035411116	0.01889746	0.2334	79.0	537.9324650764465	4.718705848643654
114	2208.0881	808.6437	3503.3772	1423.5494	634.7143	316.44266	60.319187	358.39337	5.968894	575000	1.1143088e-08	33.82954	-0.027492674	-19.283195	0.028509917	0.018660614	0.2056	79.0	542.6554927825928	4.718743430013242
115	1710.4984	661.9229	3446.6611	1152.0576	489.1	302.09567	71.16732	361.2373	5.562667	580000	6.7949295e-09	52.751236	-0.027155	-27.029978	0.02278797	0.018316215	0.205	79.0	547.5283195972443	4.72007173710856
116	1927.4036	738.95795	3417.9163	1131.4424	553.0	312.91284	63.917156	358.60767	-1.8049854	585000	2.2172928e-09	53.309032	-0.027576411	-20.948734	0.01216084	0.01550205	0.2344	79.0	551.9698238372803	4.717690818330162
117	1678.1907	536.9134	2878.7878	1102.4741	478.2	300.20004	72.71473	360.9119	1.9811964	590000	-1.0287762e-08	39.558228	-0.028637843	-19.372824	0.00844594	0.011119828	0.1814	79.0	556.550096988678	4.716526263851231
118	2250.4485	849.32025	3493.5535	1259.5084	648.0	317.4148	57.838394	358.27222	-4.078422	595000	-4.0650368e-09	99.57828	-0.021324491	-57.020874	0.012712146	0.0094541125	0.1472	79.0	561.445779800415	4.718031779056838
119	1732.6022	678.03784	3201.6455	961.3464	494.5	298.826	74.30494	357.64276	4.1860137	600000	-2.065897e-08	64.16047	-0.031034682	-28.898415	0.011806781	0.01829085	0.2478	79.0	566.0045664310455	4.716704734166464
120	2469.1382	766.9256	3465.932	1219.0734	705.2857	315.6841	60.374214	356.4771	5.6192017	605000	-5.3286553e-09	41.499928	-0.025630629	-24.703016	0.00017186001	0.020042825	0.2328	79.0	570.9693269729614	4.718754784134794
121	1543.0532	499.96112	2898.0183	1151.3254	438.63635	296.56418	74.35382	358.0783	5.3675585	610000	-3.2502413e-08	45.151188	-0.02253424	-27.013903	-0.00211215	0.028739862	0.2526	79.0	575.6596350669861	4.718521614543727
122	2044.9404	612.1223	3390.142	1452.4932	589.875	316.6685	60.087296	360.39645	0.5469078	615000	6.3236805e-10	1022.163	-0.018922143	-648.2272	-0.0076200403	0.015335023	0.2284	79.0	580.3943536281586	4.718653293159919
123	1537.7289	526.7402	2369.4563	745.38513	461.33334	312.37054	57.46601	355.64093	4.5167766	620000	1.8540025e-08	3214.87	-0.023081046	-1615.0261	0.0031635344	0.008628617	0.2132	79.0	585.196994304657	4.719330614612948
124	2496.0217	768.32495	3397.6682	1476.8528	727.5	305.54553	48.052048	345.89954	9.901694	625000	-3.052503e-09	1178.4534	-0.025980767	-768.1558	0.00440637	0.03075347	0.2474	79.0	589.7324168682098	4.717859350204468
125	1677.6697	454.95035	2576.594	1198.1743	476.8	298.90375	71.8331	356.47852	8.286067	630000	3.1093506e-08	82.26051	-0.025682071	-63.54129	0.0035170324	0.026157962	0.2496	79.0	594.3880274295807	4.717365312197852
126	1522.7312	354.60965	2503.285	1107.5743	433.54544	295.0032	74.16556	358.46292	1.5289029	635000	-4.2274593e-09	59.4483	-0.025639102	-35.0961	-0.014587416	0.02128143	0.2244	79.0	599.0910744667053	4.717252567997129
127	1582.9032	211.53575	2060.346	1239.766	450.54544	294.05054	73.49167	358.0874	0.56951326	640000	3.6805867e-09	49.761723	-0.028755167	-26.15932	-0.02665397	0.011394452	0.189	79.0	603.6008784770966	4.715631878003478
128	1766.6819	568.42816	2930.105	968.9533	499.7	298.58954	73.31073	357.45316	-1.1351564	645000	-3.3038855e-08	51.34592	-0.023903823	-39.86767	-0.03483449	0.0149754	0.2178	79.0	608.1020042896271	4.713969040286633
129	1889.5482	412.12292	2595.1965	1403.283	538.0	307.0856	69.398254	358.01273	8.22507	650000	-3.1217933e-08	112.03955	-0.032276727	-54.12346	-0.049647987	0.013606517	0.2174	79.0	612.7760543823242	4.713661969625033
130	2061.6118	814.6389	3404.4968	1241.2053	594.25	317.5317	61.321552	359.1297	4.644817	655000	9.423494e-09	32.321465	-0.030183166	-14.879129	-0.058294136	0.025706949	0.2402	79.0	617.3867282867432	4.712875803008334
131	2354.121	603.58453	3399.3213	1572.4442	673.2857	319.11914	61.54906	358.45505	-1.5483229	660000	-7.818639e-09	35.137436	-0.024158053	-19.44038	-0.07415514	0.018111736	0.245	79.0	622.0229659080505	4.712295212528923
132	2101.2778	587.89685	3142.615	1206.8604	595.625	311.06805	68.05738	361.37332	7.523839	665000	3.7875772e-08	24.512484	-0.02765774	-14.421562	-0.084933326	0.024483874	0.2244	79.0	626.8178446292877	4.712916139373205
133	2482.2258	877.46704	3399.9495	1175.9708	724.6667	329.0669	50.614895	362.03232	4.7897105	670000	1.06453895e-08	1358.9634	-0.016838057	-571.3903	-0.089124806	0.024822371	0.2802	79.0	631.5021810531616	4.712702856135013
134	2183.6196	851.0349	3486.719	1212.0236	626.2857	318.52164	57.41391	358.56097	6.7210846	675000	3.5100804e-08	90.39151	-0.021588815	-78.726074	-0.09048417	0.018030595	0.235	79.0	636.0579142570496	4.7115401197362825
135	1751.7511	518.16583	3160.1245	1393.1178	499.22223	308.11255	67.68218	359.25137	3.673285	680000	2.1493435e-08	118.487076	-0.027155217	-79.70296	-0.103827156	0.019870432	0.3084	79.0	640.6998565196991	4.711028376046349
136	1666.4391	645.9118	3477.288	1219.5375	477.8	302.79883	69.10219	359.4892	4.0205417	685000	1.0293722e-08	689.1183	-0.020345971	-222.59644	-0.123780325	0.015093445	0.225	79.0	645.2534341812134	4.709879095536949
137	1870.1223	604.0273	3218.4153	1242.021	533.0	306.7737	66.90177	357.62094	0.3248021	690000	-4.044175e-08	110.558426	-0.029882552	-78.62651	-0.13296303	0.022369565	0.2672	79.0	649.7557940483093	4.708375333012015
138	1721.7924	693.9455	3392.7664	589.1236	498.44446	311.804	64.08055	361.3036	2.6885734	695000	2.141297e-09	927.6494	-0.020959537	-696.9043	-0.16069321	0.0094684195	0.1876	79.0	654.430465221405	4.708132857041393
139	1918.1621	779.6972	3404.907	609.66003	553.25	314.0704	65.12997	357.988	5.0174794	700000	-1.8510223e-08	389.23956	-0.021567516	-189.29878	-0.16054544	0.018467274	0.2562	79.0	658.9940674304962	4.707100493567331
140	1860.2788	574.9078	2923.0479	1036.684	527.6667	302.3742	70.90669	362.13898	3.5508504	705000	-1.2907385e-08	276.21255	-0.022072747	-262.9603	-0.1649991	0.028092181	0.2688	79.0	663.608626127243	4.706444168767185
141	2039.7155	482.50986	2643.6353	1342.3452	576.625	310.29535	67.82066	357.85034	0.005658865	710000	-2.0988285e-08	43.921883	-0.030084971	-25.297247	-0.18549512	0.019330693	0.2094	79.0	668.9155471324921	4.71067287720425
142	2181.8071	643.0769	3458.31	1488.5245	619.625	314.38855	65.004395	357.32748	4.706141	715000	-1.103282e-08	27.473331	-0.028836614	-10.867754	-0.18189831	0.023813808	0.27	79.0	673.5369300842285	4.710048477132838
143	2393.1448	787.18207	3400.981	1462.0604	683.3333	325.4123	57.652206	361.9734	2.3157053	720000	-4.9567223e-08	17.333931	-0.026921434	-7.8729296	-0.19130664	0.019255282	0.2308	79.0	678.1663641929626	4.709488653474384
144	2486.5278	737.8933	3442.249	1470.7935	709.4286	320.57755	60.31516	359.91776	7.132455	725000	6.365776e-09	89.4613	-0.031244194	-45.539944	-0.19573995	0.02847391	0.2302	79.0	682.7488162517548	4.708612540672565
145	1628.632	552.36505	2291.9424	838.1877	461.1111	305.0542	74.61121	360.37335	-1.140878	730000	-1.0490417e-08	56.21309	-0.025458729	-40.154846	-0.20167933	0.026104715	0.2764	79.0	687.6421496868134	4.709877750644945
146	2570.4563	736.3161	3501.1265	1766.8988	736.6667	325.5317	55.1994	365.14297	0.5560041	735000	4.2557717e-09	33.612995	-0.022883162	-20.907745	-0.21099412	0.022268264	0.2548	79.0	692.9071636199951	4.713654185638947
147	2141.6648	887.1613	3481.7986	1164.1477	607.5	312.05026	66.80659	359.76974	-3.8943126	740000	-4.220009e-09	29.450588	-0.026334258	-13.333475	-0.21106406	0.018747652	0.2594	79.0	697.6072180271149	4.7135622952435465
148	2225.2434	792.5092	3491.052	1169.3163	632.2857	318.24164	64.38805	363.02545	-0.33422118	745000	4.68716e-08	40.70891	-0.028049933	-23.785954	-0.2150768	0.012932371	0.1766	79.0	702.2456641197205	4.713058159655373
149	1784.1364	935.4918	3426.6377	862.8368	509.66666	306.41724	70.93732	357.7681	2.1795933	750000	1.3375282e-08	35.358036	-0.029433753	-17.350504	-0.21518661	0.019674119	0.231	79.0	706.8958497047424	4.712639009157817
150	2347.9575	1180.3828	3416.2449	924.20685	674.2857	323.90466	58.070328	365.08466	2.9572024	755000	-1.3761222e-08	896.5892	-0.017956227	-254.77203	-0.22484715	0.011797086	0.2116	79.0	711.5919897556305	4.712529744533514
151	2768.8047	781.4629	3415.1667	1144.4159	801.6667	329.36246	48.278854	361.27673	2.4098692	760000	9.578466e-09	1332.7682	-0.015590932	-1016.591	-0.21795924	0.015718201	0.2572	79.0	716.2609641551971	4.712243197779906
152	2794.8044	803.2637	3413.7893	1432.0413	811.8333	328.00446	45.453533	358.75494	-0.17572659	765000	4.4846534e-08	188.62083	-0.021224847	-173.28516	-0.22556195	0.03261194	0.259	79.0	720.9184744358063	4.711885464736839
153	2393.607	890.2567	3405.2898	1214.1896	688.0	323.6455	56.75529	359.01483	-2.5915892	770000	-8.8021155e-09	30.837837	-0.024683256	-16.285624	-0.23142463	0.024219908	0.2614	79.0	725.4983789920807	4.711028447398892
154	2415.1716	890.5603	3416.1482	1212.5951	700.8571	328.9592	54.137005	361.3086	3.5650926	775000	-6.632805e-08	16.888653	-0.024866045	-6.724264	-0.23281431	0.02408218	0.247	79.0	730.3264138698578	4.71178332759488
155	2106.8599	1071.3245	3429.0156	916.6743	610.5	323.1382	58.53882	358.5927	1.3392603	780000	-1.282692e-08	25.445694	-0.030847963	-8.991575	-0.2388436	0.020435506	0.2284	79.0	734.7281436920166	4.709795805124136
156	2494.5989	873.4613	3492.4314	1446.7776	712.8333	327.149	55.680122	360.68274	0.32040274	785000	-3.5881995e-09	24.509068	-0.020523638	-17.445585	-0.251803	0.021380676	0.2752	79.0	739.2332518100739	4.708492060375821
157	2813.1433	851.81616	3415.275	1409.753	818.8333	338.54398	38.50837	361.97144	6.5877805	790000	-3.595203e-08	15.690537	-0.024148665	-8.962759	-0.2701656	0.023215562	0.2324	79.0	744.0835652351379	4.709389663949797
158	2261.6414	876.26685	3435.6423	1138.2522	648.2857	326.23343	57.84851	360.3646	3.0760837	795000	-1.22129915e-08	25.784985	-0.025849653	-11.138213	-0.26708478	0.012326004	0.2122	79.0	748.7803514003754	4.709310396662298
159	1943.1694	705.5059	3422.197	1044.5269	552.7778	311.63467	69.23865	359.86813	-0.47173953	800000	-2.0379574e-08	33.300316	-0.027402338	-16.73135	-0.26426575	0.023455782	0.266	79.0	753.466151714325	4.70916346013546
160	2482.048	630.13007	3483.004	1612.6256	702.5714	319.72626	61.746967	359.5752	-2.7162642	805000	4.4703484e-08	23.154902	-0.03107911	-13.341522	-0.27423778	0.020888673	0.2532	79.0	758.5294141769409	4.711362835783396
161	2180.29	860.999	3436.4978	840.6387	618.0	316.79974	66.058815	359.81195	3.0484731	810000	-1.4434755e-08	23.124374	-0.031081129	-11.546719	-0.28360263	0.018520962	0.222	79.0	763.0487473011017	4.710177464249694
162	2790.5833	614.58325	3515.0059	1742.2671	785.8333	325.2845	58.780296	362.3459	1.6583635	815000	-4.87566e-09	18.179577	-0.031672288	-12.443564	-0.29252425	0.015451328	0.185	79.0	767.5996503829956	4.709200320799658
163	2303.2083	845.44684	3479.073	1222.3029	658.5714	325.70624	56.745983	363.486	6.4047923	820000	5.0908326e-08	36.70811	-0.028622447	-24.684221	-0.29800987	0.030358484	0.2768	79.0	772.3785088062286	4.7096250638729185
164	2375.071	997.26984	3433.1382	923.4816	685.7143	329.40482	56.02642	365.527	1.6531664	825000	1.2665987e-09	40.496723	-0.027458178	-31.286396	-0.30105183	0.02539523	0.2344	79.0	776.9191379547119	4.708600846203891
165	2560.8152	750.7493	3428.7656	1522.1605	735.0	332.47296	52.289883	362.7762	4.3674088	830000	-3.2788517e-08	72.13836	-0.028563894	-53.662132	-0.30699128	0.010180973	0.198	79.0	781.4250221252441	4.707379659974431
166	2436.8777	765.0486	3525.7766	1514.6232	694.5	325.96848	59.48803	364.80368	-6.910496	835000	2.6090444e-08	33.652126	-0.028162396	-16.586624	-0.30894795	0.02698164	0.2778	79.0	786.2010025978088	4.707790444711011
167	2706.7556	789.5389	3421.8496	1486.3612	774.0	332.17184	51.956158	361.61667	11.295592	840000	3.402233e-08	18.139328	-0.025956985	-12.147228	-0.32556394	0.024110947	0.2678	79.0	790.5992131233215	4.705947708515894
168	2428.8154	503.17075	3047.2068	1632.3137	685.5	324.71674	62.53163	366.3639	-7.6774516	845000	-3.1222402e-08	48.484158	-0.024831127	-38.4514	-0.34092683	0.018880181	0.2534	79.0	795.331050157547	4.706100898381521
169	2477.7666	765.86554	3422.998	1514.4059	711.5	330.6653	54.054203	363.01956	4.8281283	850000	1.4999882e-08	19.07547	-0.029491827	-10.213058	-0.35604164	0.019009663	0.2246	79.0	799.9375088214874	4.705514766188228
170	3012.433	844.93134	3441.2012	1322.6575	875.2	344.0749	30.092758	363.05814	3.3993914	855000	2.3192166e-08	15.267475	-0.026303723	-10.399303	-0.3616194	0.022023939	0.2088	79.0	804.8024981021881	4.706447368476823
171	2375.7751	1162.7249	3436.2456	971.9084	684.4286	330.2355	57.25183	364.9236	-1.248204	860000	2.502799e-08	41.484627	-0.030719494	-34.029064	-0.3702983	0.019559518	0.2366	79.0	809.4981291294098	4.7063844813856965
172	2052.7908	1136.2795	3441.6191	726.3345	594.1429	331.68893	52.540363	363.23297	8.542656	865000	1.8021465e-08	942.9775	-0.018794825	-276.41644	-0.37849215	0.013856647	0.2176	79.0	814.3038291931152	4.706958561274358
173	2542.3591	744.6388	3439.863	1322.1906	726.5	325.9172	54.155804	364.52252	3.5222483	870000	2.1225214e-08	1337.989	-0.018396668	-235.51025	-0.3756935	0.019653967	0.2478	79.0	818.8128869533539	4.705821198978644
174	2068.4683	1169.3145	3416.707	892.96014	601.0	323.3668	50.645847	355.29092	1.7618929	875000	-3.4081935e-08	122.11275	-0.017742226	-105.7529	-0.37995908	0.03855063	0.2932	79.0	823.3209879398346	4.7046913746425085
175	2152.978	1106.4952	3428.9841	1017.8421	621.8571	329.23978	54.646194	361.54456	-4.1795616	880000	2.2649765e-08	22.728416	-0.016407128	-15.39331	-0.37919247	0.03054312	0.3274	79.0	827.8966946601868	4.703958503224633
176	1858.0052	1039.8195	3445.5095	820.5044	529.44446	314.64615	66.49338	363.3889	-1.7213616	885000	2.6464463e-08	52.67833	-0.02304603	-32.511337	-0.37942356	0.03083818	0.2798	79.0	832.758380651474	4.704849618976399
177	1654.6625	982.5015	3432.3198	772.50635	472.66666	314.5635	68.66938	364.23724	7.1810436	890000	1.4400483e-08	67.663284	-0.034953192	-39.19455	-0.388343	0.02219061	0.2314	79.0	837.2395758628845	4.703593133540636
178	1879.3177	1049.6663	3439.701	737.39105	535.2222	310.82446	69.65439	364.12228	-0.7645672	895000	5.0652027e-08	73.872574	-0.035168488	-33.465065	-0.3966234	0.024004173	0.237	79.0	841.909556388855	4.7034053522781285
179	2437.3208	935.554	3465.207	994.26666	706.4286	333.78772	48.23408	363.97302	-0.729793	900000	2.3266674e-08	1277.9366	-0.017246969	-134.54541	-0.41031876	0.015014142	0.2606	79.0	846.425840139389	4.702365789148542
180	1950.2823	881.5013	3428.5881	809.9293	553.75	311.36673	67.4484	357.6823	3.7234063	905000	4.6122075e-08	118.59729	-0.027376074	-98.02696	-0.41564032	0.026131598	0.273	79.0	850.8829920291901	4.701011014906741
181	3140.7153	381.916	3496.588	2419.6096	890.8	332.991	54.110344	363.57916	3.5244288	910000	6.341934e-09	11.153997	-0.02847326	-6.952747	-0.43154138	0.019377721	0.2252	79.0	855.5332305431366	4.700732045121246
182	2367.1018	742.49066	3428.8984	1290.9948	670.1429	324.2264	62.596985	363.51215	-7.5928044	915000	3.9411336e-08	30.030588	-0.026435567	-18.668083	-0.43896514	0.018208627	0.2568	79.0	860.5253732204437	4.702324454250231
183	3203.3179	510.64584	3506.588	2183.606	917.2	339.2054	41.621212	362.88416	4.6771035	920000	2.7375668e-08	11.699923	-0.027559042	-7.1539516	-0.44063857	0.021737037	0.2236	79.0	865.4205384254456	4.703372501808664
184	2358.2356	890.77515	3440.2717	909.991	673.1429	329.03134	58.466236	364.07388	5.261669	925000	1.6313791e-08	66.67052	-0.031744786	-33.797028	-0.4357875	0.016234435	0.243	79.0	870.8037269115448	4.707047182804829
185	2292.8845	802.0185	3442.2246	1364.5616	654.5714	327.62265	58.442307	361.40588	1.0187802	930000	-5.553961e-08	24.949863	-0.022715144	-14.573195	-0.4424476	0.021598576	0.2708	79.0	875.2548241615295	4.705671106615374
186	2099.7012	559.53644	2939.4465	1472.2344	592.125	314.46277	69.018364	363.8529	0.37783015	935000	-4.005432e-09	50.54435	-0.028988011	-32.479347	-0.4448386	0.028224917	0.2804	79.0	879.868837594986	4.705180959905532
187	2658.1077	820.8592	3556.9414	1606.1793	750.3333	324.31866	59.86941	362.2358	-0.6632342	940000	-2.2602082e-08	29.713629	-0.027228499	-19.270006	-0.45827976	0.023121342	0.2192	79.0	884.561065196991	4.705112057797452
188	2012.9338	594.8189	3433.3687	1336.7698	570.25	317.9226	66.46468	363.15897	-0.16690016	945000	-1.3907254e-08	32.86125	-0.02220867	-20.549541	-0.4628247	0.01489097	0.2144	79.0	889.0199291706085	4.70380915914263
189	1954.0326	693.9661	3089.3225	922.1854	550.0	309.6335	70.9626	363.1063	-4.387678	950000	-3.105402e-09	62.02952	-0.024904395	-28.801067	-0.46810934	0.020271387	0.2564	79.0	893.7313787937164	4.703849372110869
190	1904.3308	720.1126	3437.131	1197.6842	540.0	316.32834	67.09019	361.12305	-4.328392	955000	7.760525e-09	35.490707	-0.02873072	-23.878777	-0.4732247	0.030196447	0.2718	79.0	898.3864026069641	4.703593739664368
191	2202.84	767.0229	3463.8206	1408.1191	623.375	318.38416	67.1425	364.2376	-2.0586154	960000	-1.7547608e-08	61.48638	-0.025809541	-41.687256	-0.4794309	0.022654299	0.2648	79.0	902.944983959198	4.702838468054931
192	2437.043	776.9502	3435.5586	1512.4878	696.0	326.415	58.779423	365.62762	0.17498374	965000	-1.0341406e-08	31.203262	-0.02273326	-20.226835	-0.4851649	0.023944344	0.2928	79.0	907.8878273963928	4.704082015882502
193	2461.7908	922.1825	3437.2986	1222.0142	706.8333	332.0479	52.786537	362.02335	1.6179994	970000	2.4023912e-08	34.045242	-0.029164053	-24.203598	-0.4943164	0.026620688	0.2534	79.0	912.8743693828583	4.705537995112311
194	2467.862	910.21356	3384.3088	1012.52014	693.5714	317.2032	70.12641	368.78674	8.547523	975000	-5.197525e-08	63.390007	-0.026015013	-51.72449	-0.4971818	0.030717889	0.2668	79.0	917.6834440231323	4.706068953489646
195	2912.0378	736.0367	3468.5952	1511.561	829.8333	331.40964	54.607613	362.91217	0.40213442	980000	-3.5202504e-08	67.07391	-0.024756089	-49.61611	-0.5058	0.018204125	0.2272	79.0	922.2558879852295	4.705387192113059
196	2391.7913	898.9366	3445.6592	1003.7561	682.8333	331.24365	55.945496	371.19287	-0.5756548	985000	2.194792e-08	32.3573	-0.02175982	-24.846775	-0.51549274	0.026792435	0.304	79.0	926.727324962616	4.7041996275713
197	1891.1423	582.35657	3441.2466	1551.9191	537.0	314.27615	68.28798	363.74506	0.66140175	990000	5.722046e-09	45.654083	-0.028131198	-29.809723	-0.52511644	0.015117277	0.2284	79.0	931.4066822528839	4.7040741624254165
198	2627.9001	855.3324	3455.8691	1304.0424	749.8333	331.9247	54.181538	363.18726	3.604333	995000	1.8426777e-08	24.267372	-0.028652793	-12.726876	-0.5285658	0.022335313	0.2274	79.0	935.9147944450378	4.703089427708381
199	2839.7393	562.3067	3443.81	1864.9487	821.1667	341.87006	41.936935	367.14337	7.521238	1000000	-6.9829824e-08	2539.7222	-0.019657167	-379.6975	-0.5341893	0.018576002	0.2872	79.0	940.756245136261	4.703781236410141
