Epoch	AverageEpRet	StdEpRet	MaxEpRet	MinEpRet	EpLen	AverageVVals	StdVVals	MaxVVals	MinVVals	Time Steps	LossPi	LossV	DeltaLossPi	DeltaLossV	Entropy	KL	ClipFrac	StopIter	Time	AVG Time Per Epoch
0	-119.12247	194.42764	40.1079	-622.4879	212.72728	-0.0069616027	0.16233265	0.46955332	-0.50053567	5000	1.04904174e-07	2352.8904	-0.07930646	-1605.0254	0.91894025	0.024135098	0.3584	79.0	8.504266500473022	8.504268407821655
1	-108.32261	175.5686	7.0250525	-556.84717	224.86363	-28.49486	0.71806455	-4.9538207	-28.696577	10000	1.06155875e-08	479.9868	-0.0806721	-120.431946	0.90204924	0.028935632	0.362	79.0	16.97582173347473	8.487911820411682
2	-92.95338	116.21216	8.342908	-400.24725	220.77272	-36.862625	3.2914746	29.137577	-37.358356	15000	-1.9073486e-08	453.26456	-0.08456812	-65.23596	0.8882046	0.034423772	0.376	79.0	25.231459856033325	8.410487254460653
3	-95.716995	142.3756	3.743136	-439.33942	248.95	-31.301128	4.382683	15.783549	-33.376904	20000	1.8632411e-08	260.06934	-0.08655088	-57.56259	0.8773879	0.03755427	0.3938	79.0	33.900115728378296	8.475029587745667
4	-53.683918	76.57443	26.126581	-456.26407	118.86842	-28.040312	8.915179	21.541271	-36.418457	25000	-5.0500035e-09	355.43094	-0.08931693	-82.36084	0.86503273	0.030018618	0.409	79.0	42.36192798614502	8.47238597869873
5	-47.339756	85.67152	23.3387	-386.82712	135.08824	-27.12782	10.371567	15.649129	-38.684227	30000	8.890033e-09	221.38866	-0.09414816	-54.305008	0.8552749	0.030422641	0.4294	79.0	50.62269735336304	8.437116583188375
6	-81.04312	92.65977	11.586715	-335.52628	219.75	-27.643244	9.751809	12.292322	-38.02827	35000	-7.110834e-09	309.5121	-0.09653025	-82.94658	0.8432423	0.027998755	0.4206	79.0	59.05513262748718	8.436447756631035
7	-56.617016	82.95147	26.081533	-319.19736	199.04546	-26.879025	8.949938	20.0407	-37.86386	40000	-2.6538969e-09	337.75055	-0.09808843	-121.34372	0.83320236	0.031255577	0.4326	79.0	67.3694326877594	8.421179324388504
8	-58.216034	107.45215	50.16203	-354.81027	193.25	-24.234777	7.335561	7.38424	-36.92471	45000	2.5987625e-09	229.72722	-0.10038604	-114.75733	0.82151717	0.038712047	0.45	79.0	75.75644636154175	8.41738314098782
9	-33.61475	41.438225	8.973061	-241.56021	103.5	-16.2938	11.144909	20.945467	-37.557903	50000	-2.0980835e-08	244.80174	-0.10163321	-95.3271	0.80681944	0.022650976	0.4668	79.0	84.61307215690613	8.461307382583618
10	-46.815807	60.79331	19.186115	-218.13531	170.96428	-17.674074	7.860385	12.127618	-36.238644	55000	1.0669232e-08	406.52945	-0.10213314	-129.23596	0.796555	0.026945205	0.4626	79.0	93.27095746994019	8.479178103533657
11	-59.93329	87.5779	13.758374	-291.94855	221.40909	-22.173851	7.692296	12.717619	-35.948856	60000	-3.576279e-11	209.68398	-0.10356469	-95.2363	0.78812736	0.033243373	0.4676	79.0	102.66251015663147	8.555209398269653
12	-49.405113	80.48331	8.097637	-307.22278	226.31818	-23.035763	8.233087	12.739167	-35.48679	65000	2.0816922e-09	175.92178	-0.10482656	-82.62401	0.7755875	0.035669938	0.4744	79.0	110.72790956497192	8.517531633377075
13	-46.44713	67.21761	16.328243	-239.7908	183.07408	-20.534863	9.03282	22.534508	-35.309437	70000	1.7881394e-10	200.07256	-0.10129053	-86.11471	0.7628448	0.026411215	0.4698	79.0	118.91220474243164	8.493729029382978
14	-27.546167	57.139862	24.78257	-209.73323	215.05	-17.416756	5.213919	18.465631	-28.605577	75000	9.915233e-09	164.39494	-0.10641591	-69.95895	0.7491729	0.039148267	0.4832	79.0	127.41901159286499	8.494600900014241
15	-40.475536	60.735676	38.189304	-181.48866	260.1875	-13.396369	6.11313	13.298042	-24.695288	80000	-8.507073e-09	145.46896	-0.101085864	-46.87976	0.7369925	0.032206014	0.4694	79.0	136.08561396598816	8.505351036787033
16	-6.5333605	15.80459	16.47621	-43.066437	120.4054	-8.515968	7.8376856	21.444088	-23.376755	85000	-1.9481405e-08	146.30133	-0.10821459	-58.03189	0.7218559	0.028048208	0.4914	79.0	144.5066261291504	8.500389884499942
17	-34.727993	46.528942	13.050457	-158.95316	225.0	-6.65118	5.8488827	17.44405	-19.646383	90000	-7.516146e-09	179.34264	-0.10869257	-67.18371	0.7104313	0.02917456	0.4824	79.0	152.88674569129944	8.49370821317037
18	-24.457388	44.584484	34.31884	-142.71574	223.85715	-11.715884	4.7254915	13.085645	-24.018368	95000	6.5088273e-09	108.51526	-0.10940275	-49.086384	0.6992688	0.03599268	0.5138	79.0	161.36459469795227	8.492873505542153
19	-1.2483805	30.637627	52.61002	-68.345764	180.1923	-8.008045	5.3267627	13.802502	-19.758986	100000	7.7486035e-09	194.92342	-0.11091269	-74.927155	0.68095607	0.0372866	0.5176	79.0	169.6627278327942	8.483136522769929
20	-3.8161023	25.703878	49.294712	-78.35791	138.74286	-2.7042305	5.9753685	19.171478	-17.12613	105000	2.7120113e-09	165.33003	-0.10991076	-44.910606	0.6745049	0.0320224	0.5134	79.0	177.99453330039978	8.475930236634754
21	-9.172006	17.729841	35.046734	-42.24585	302.8125	-3.2917907	4.412874	17.720201	-15.785275	110000	-1.577139e-08	80.39829	-0.106264606	-22.632141	0.66122025	0.029918903	0.5058	79.0	186.28717064857483	8.467598763379184
22	0.17058942	23.40866	54.666546	-55.88742	191.5	-1.6616297	3.8462331	15.623378	-14.652122	115000	1.3314187e-08	133.46407	-0.1140269	-50.865936	0.6425667	0.04657925	0.5358	79.0	194.40568161010742	8.45242104323014
23	1.1431086	35.995384	101.27014	-43.5131	262.8421	-2.4741476	5.3712063	16.294666	-18.007294	120000	1.7881393e-09	170.65529	-0.112904795	-61.921227	0.6292324	0.035935555	0.5288	79.0	202.89322662353516	8.453884532054266
24	1.3097813	30.622835	80.52021	-54.33711	291.4375	0.51835954	4.3319106	14.116814	-17.631382	125000	1.3363361e-08	129.6741	-0.10773726	-40.233337	0.61652976	0.022907685	0.5002	79.0	211.52867650985718	8.461147136688233
25	25.534506	34.544647	119.62817	-20.061747	214.86957	1.4221014	5.8368225	27.239986	-24.955208	130000	-1.7398596e-08	250.04608	-0.11322485	-108.15196	0.60228294	0.045202248	0.5442	79.0	219.79373145103455	8.453605119998638
26	16.963997	32.280663	72.89322	-56.025852	261.6316	3.0562403	6.821527	24.463745	-24.357498	135000	-1.12235545e-08	176.8599	-0.11157818	-57.270584	0.5914713	0.03677555	0.5262	79.0	228.147296667099	8.449899938371447
27	42.871	42.76191	122.071075	-6.2079687	401.0909	6.2206335	3.5162444	22.636719	-13.5656395	140000	-4.2948127e-08	61.054756	-0.11117949	-23.134254	0.5773759	0.035236225	0.5208	79.0	237.22638392448425	8.47237092256546
28	31.429106	46.163105	136.15024	-32.340694	234.90475	9.089922	2.3447106	18.176655	-10.193497	145000	2.2172928e-08	109.655785	-0.11279347	-21.67855	0.56397873	0.03019177	0.5312	79.0	245.22174954414368	8.455922472065893
29	43.925526	62.711594	193.25801	-36.958904	256.26315	8.472045	4.34931	24.986319	-16.60258	150000	-8.1658363e-10	182.83276	-0.11371395	-42.753845	0.5500537	0.034146953	0.5396	79.0	253.65136790275574	8.455045676231384
30	44.646595	59.73701	229.75551	-9.928505	257.57895	12.325396	4.0306373	28.631811	-11.669932	155000	-2.1984986e-08	108.0419	-0.11830223	-24.192245	0.53924036	0.039185867	0.5632	79.0	261.9591009616852	8.450293640936575
31	93.28312	68.31197	227.87048	17.35447	394.08334	14.148491	3.3954058	24.027817	-7.942602	160000	-1.2600422e-08	136.57135	-0.114543274	-47.975075	0.52857584	0.049094	0.559	79.0	270.9384174346924	8.466825604438782
32	43.17601	66.68229	235.92822	-24.927925	216.63637	18.017916	2.9589522	29.099566	-5.539899	165000	4.4226645e-09	124.89229	-0.11310184	-39.1772	0.51479185	0.019183014	0.5508	79.0	279.40267062187195	8.466747652400624
33	49.87739	48.816067	165.99422	-12.669614	251.94737	13.612753	4.4719543	24.85002	-20.828432	170000	-2.4914741e-09	180.07271	-0.116453454	-53.782623	0.4992085	0.034207698	0.5676	79.0	287.739000082016	8.462911823216606
34	50.485905	60.241375	255.3823	-21.634567	223.59091	9.950758	6.954607	26.294724	-18.709312	175000	-2.4199487e-09	232.0988	-0.1224677	-100.74049	0.4922025	0.0461085	0.57	79.0	295.9938700199127	8.456967769350324
35	80.13897	74.56238	210.88097	3.5160863	346.41666	15.518467	5.5275173	32.6693	-6.465654	180000	-1.1628866e-08	136.07266	-0.11737728	-66.37742	0.4811291	0.03243317	0.558	79.0	304.3329875469208	8.453694144884745
36	79.11042	73.5304	243.19768	9.024591	327.73334	19.778126	4.187432	33.676792	-7.9211493	185000	-2.02775e-08	155.83495	-0.11444074	-71.01443	0.46868217	0.014190334	0.5552	79.0	312.6795198917389	8.45079788001808
37	126.969925	90.240685	278.59723	24.39912	525.5	18.024612	6.087895	30.57222	-7.612672	190000	1.0401011e-08	100.58	-0.11300346	-57.910866	0.45703793	0.03956289	0.556	79.0	320.8329155445099	8.44297150561684
38	130.64845	106.019135	292.5189	12.892153	434.1	21.452433	6.4073086	33.2852	-4.924094	195000	7.2866677e-09	141.82205	-0.10945152	-68.73831	0.44711837	0.038833957	0.5372	79.0	329.5750834941864	8.450643209310678
39	121.04325	106.038956	304.3834	13.385862	410.2	25.827507	5.5369363	36.920433	-6.8123803	200000	6.729364e-09	111.214714	-0.11288139	-56.5256	0.43220547	0.032127995	0.567	79.0	337.62977361679077	8.440744400024414
40	68.03686	78.74499	265.2336	-21.665024	309.625	16.57274	9.538494	35.940315	-8.895119	205000	4.9084424e-08	235.38557	-0.121637434	-107.30859	0.41864058	0.03966938	0.5764	79.0	345.80980825424194	8.434385607882243
41	161.31088	134.96426	374.77475	7.1351337	498.4	20.620302	8.02702	33.810326	-13.278199	210000	-2.4306773e-08	236.54645	-0.11629121	-116.01269	0.40599364	0.043972638	0.5574	79.0	354.6019835472107	8.442904421261378
42	144.70412	137.74554	346.88895	3.6985285	442.18182	27.045446	7.351723	41.161552	-15.497026	215000	-1.0477007e-08	142.68686	-0.11499419	-53.140015	0.39428815	0.033908136	0.566	79.0	363.18161630630493	8.446084138958954
43	177.39326	148.49727	414.21768	6.1389885	489.3	25.493328	8.68895	39.199894	-7.6818743	220000	-2.1040439e-08	198.39632	-0.115399756	-101.759964	0.38535646	0.035003982	0.5706	79.0	372.2253837585449	8.45966818115928
44	175.76263	134.71129	408.60034	9.971518	409.0909	32.664314	4.812157	45.085342	6.063877	225000	8.869171e-09	255.59743	-0.11627974	-81.80623	0.37414604	0.023590805	0.5542	79.0	380.8824372291565	8.46405421892802
45	202.1034	150.84152	400.471	11.487043	548.1111	35.388195	6.014929	54.054523	-7.623279	230000	-4.196167e-09	152.19998	-0.109580256	-88.90721	0.36265206	0.020697307	0.5526	79.0	389.47336864471436	8.466812403305717
46	169.80002	152.96387	403.8947	3.4550557	425.72726	36.248524	6.7342653	53.982746	-8.173626	235000	-1.4543533e-09	139.03949	-0.10780991	-75.668564	0.35023662	0.01698076	0.5492	79.0	398.0448417663574	8.46903922710013
47	228.20221	157.29185	453.2538	30.336548	609.125	32.098907	6.875802	46.024395	-10.962162	240000	5.239248e-09	202.9692	-0.11439857	-80.98268	0.33807555	0.031456828	0.565	79.0	406.38861894607544	8.466429596145948
48	223.38937	146.83485	418.80292	5.756945	549.44446	34.58108	8.924577	51.04529	-5.268085	245000	-2.2605062e-09	103.67939	-0.11522556	-51.308365	0.32690546	0.046624705	0.5762	79.0	414.5425968170166	8.460053044922498
49	207.50954	170.4657	505.3293	16.945513	497.44446	36.641495	7.1324115	54.19767	-9.126963	250000	-5.5253504e-09	206.83815	-0.11185676	-90.54204	0.31716415	0.03247027	0.5798	79.0	422.82765340805054	8.456553115844727
50	272.04517	171.70424	519.34973	64.04876	597.8571	37.94692	7.998866	57.486717	-12.48348	255000	-1.4233589e-08	147.33862	-0.114289686	-69.90271	0.30723312	0.04116818	0.5972	79.0	431.0138313770294	8.45125164237677
51	278.93863	166.52689	566.3626	101.428154	586.125	36.033005	10.12127	59.18093	2.9264538	260000	-2.49058e-08	289.04788	-0.121640384	-142.1007	0.29718855	0.044580434	0.608	79.0	439.53387808799744	8.452574615295116
52	184.32372	169.58228	481.18423	10.926193	391.54544	42.63902	9.375721	63.536022	-3.5806043	265000	1.3253093e-08	268.6645	-0.11664776	-137.8175	0.28752053	0.024266897	0.5906	79.0	448.07308983802795	8.454209273716188
53	296.3714	156.88747	538.9132	102.90843	698.5714	38.816322	9.673092	63.230972	1.7158949	270000	-9.894371e-10	198.29889	-0.11858731	-116.15649	0.28033262	0.04027528	0.5854	79.0	456.3713345527649	8.451321045557657
54	270.21625	174.37836	480.13538	15.368182	610.0	38.54311	8.6154375	66.71044	-2.911981	275000	-1.513958e-09	233.34865	-0.11543063	-131.8432	0.27024496	0.027969955	0.5816	79.0	464.9466800689697	8.453576057607478
55	232.18207	159.26852	477.91415	16.208586	502.875	41.438232	5.1985598	62.50761	8.903297	280000	1.1622905e-08	134.41745	-0.1153174	-68.19332	0.26402864	0.027695872	0.5888	79.0	473.89475321769714	8.4624063372612
56	183.25226	179.03001	483.88947	12.785607	386.0	43.526676	5.4517345	59.82939	-5.2123446	285000	-2.4431944e-08	219.43878	-0.10761117	-137.72119	0.25565723	0.012681853	0.5702	79.0	482.1800923347473	8.45929989898414
57	336.6057	175.37459	537.7508	77.97225	674.1429	39.937813	7.8458633	60.332455	-17.82403	290000	1.3661385e-08	231.99153	-0.11932558	-159.26758	0.24315241	0.05858443	0.606	79.0	490.3546075820923	8.454389818783465
58	248.57753	211.04305	518.11945	16.25814	494.77777	45.23278	8.088082	70.1321	5.20726	295000	-5.0783155e-09	198.02745	-0.11603697	-100.74351	0.23502314	0.02191365	0.6168	79.0	498.7317228317261	8.4530800803233
59	271.33197	132.2717	455.7474	71.47804	602.625	39.842445	10.093822	72.986435	1.8274802	300000	-3.247261e-08	285.0323	-0.12262465	-136.40005	0.22426262	0.039086524	0.6058	79.0	506.8816864490509	8.448028139273326
60	404.8937	129.7396	496.68533	162.06892	858.6	40.0226	10.762243	73.37114	1.6915663	305000	1.7541646e-08	214.7448	-0.12308433	-131.36353	0.21427915	0.04894655	0.6124	79.0	515.1095762252808	8.444419325375167
61	254.19026	184.5527	531.89056	14.290225	522.125	45.279114	10.9676075	77.784	9.330908	310000	-1.9037724e-08	234.8982	-0.11608762	-116.239494	0.20708755	0.026472254	0.6022	79.0	523.769172668457	8.447889904822073
62	320.28372	239.22922	628.1044	9.507508	555.3333	45.92629	7.2300634	67.15376	16.253052	315000	-1.3661385e-08	325.40472	-0.116704844	-186.14497	0.1944329	0.04297751	0.6158	79.0	532.0315136909485	8.444944692036461
63	360.32028	181.88632	528.2149	85.28438	667.2857	50.168274	10.776107	78.83847	10.029953	320000	-1.4609099e-08	258.19305	-0.11800968	-132.017	0.18464871	0.026455704	0.6036	79.0	540.9181668758392	8.4518463909626
64	295.62817	201.13063	532.0734	3.3767273	588.375	47.00756	11.244117	83.1226	2.145455	325000	-6.0498713e-09	303.60266	-0.1210977	-167.66133	0.17566982	0.03197944	0.612	79.0	549.3832468986511	8.452049977962787
65	318.2708	243.33424	583.2963	21.67823	614.5714	47.789986	7.57614	81.59081	-1.1665266	330000	-1.1146069e-08	228.93288	-0.1126414	-132.97777	0.16630524	0.03370772	0.5986	79.0	557.9136509895325	8.453237168716662
66	296.73343	171.58316	485.3967	56.730118	642.1429	41.610733	14.475219	83.51279	-6.4975533	335000	2.630949e-08	248.92508	-0.11951199	-182.70459	0.15350783	0.04793465	0.6228	79.0	566.4885275363922	8.455052678264789
67	374.99326	199.03607	534.35944	76.885254	707.0	40.173973	8.86515	70.12094	5.945836	340000	2.1010637e-08	368.9687	-0.119598545	-254.75577	0.14355744	0.03924783	0.5932	79.0	574.814608335495	8.453156032982994
68	371.53195	250.31027	725.91534	60.582314	644.2857	53.303837	7.2173944	82.81846	25.326124	345000	-2.939105e-08	322.7589	-0.12299642	-175.00407	0.13497497	0.035223503	0.625	79.0	583.2139928340912	8.452376731927844
69	423.80826	236.77007	642.8177	54.527206	694.8333	56.967896	9.730757	92.061165	10.420316	350000	2.6941299e-08	273.69382	-0.116275765	-157.97119	0.12430293	0.034883674	0.609	79.0	591.6448819637299	8.452069769586835
70	483.51578	225.62671	700.9004	69.337105	803.4	60.012264	11.476385	91.393166	10.219517	355000	5.4954924e-08	275.9575	-0.12625463	-150.17035	0.11557041	0.04382604	0.6402	79.0	600.3809440135956	8.456069657500361
71	400.39233	249.82903	647.2142	34.076775	637.8571	57.482243	10.246207	89.932	6.4743366	360000	8.654594e-09	225.7684	-0.11932182	-113.9073	0.107962094	0.03575801	0.6302	79.0	608.5540816783905	8.452140056424671
72	559.723	86.08518	674.3947	434.29715	1000.0	56.086742	9.570422	85.21254	10.96758	365000	5.2515418e-08	127.212814	-0.12675896	-69.604225	0.0949531	0.042419527	0.6242	79.0	616.9475741386414	8.45133665163223
73	437.24564	261.3426	704.3475	78.809715	667.5714	59.48928	8.650798	89.61391	26.012753	370000	-6.969832e-09	228.15117	-0.117936835	-127.03573	0.08776976	0.03279729	0.6194	79.0	625.5406708717346	8.453252331630603
74	445.70346	282.63184	903.6656	30.79912	666.8571	60.94124	8.572908	88.5418	19.95484	375000	6.937981e-09	317.17703	-0.1176372	-146.1426	0.07697775	0.03331619	0.6346	79.0	634.0910124778748	8.454546868006389
75	368.7639	247.09811	750.5275	96.553986	579.4286	63.116913	11.374555	96.14264	23.602243	380000	9.822846e-09	370.7202	-0.116645604	-192.24336	0.063512474	0.021512717	0.6176	79.0	642.3393495082855	8.451833574395431
76	589.3952	242.50949	820.2631	140.10266	841.8	61.857426	10.881088	97.68057	11.4938965	385000	9.329617e-09	212.83105	-0.12334907	-128.62425	0.054286115	0.04175268	0.6276	79.0	650.9427046775818	8.45380138731622
77	547.53955	235.60432	741.5262	82.148766	778.8333	65.527	11.601066	96.45378	21.562025	390000	4.603863e-08	254.47314	-0.11743379	-122.84233	0.044289336	0.027435541	0.6044	79.0	659.3975763320923	8.45381510257721
78	622.4938	57.08814	720.5952	552.87555	981.4	63.887436	9.059782	91.92087	20.274805	395000	1.4781952e-09	227.33383	-0.121676736	-116.90953	0.03381743	0.040727053	0.6284	79.0	667.6528670787811	8.451302139064934
79	557.94617	213.8239	769.02765	147.77681	829.2	62.853127	8.855189	98.70233	31.386862	400000	1.0232627e-08	116.8231	-0.11645472	-73.62306	0.022063546	0.043613352	0.6266	79.0	676.226621389389	8.452832785248756
80	589.39874	145.49483	716.54	309.07047	955.6	66.46145	11.326202	94.67753	32.383804	405000	6.0021876e-09	241.39102	-0.12486097	-142.2312	0.011162924	0.035985716	0.6472	79.0	684.8348701000214	8.454751506263827
81	557.88446	275.29547	838.81866	26.763147	754.8333	64.379425	10.476272	91.182175	27.746141	410000	3.2825767e-08	225.91963	-0.12126885	-136.1503	-0.0032788482	0.040016048	0.6436	79.0	693.70800948143	8.459853797424131
82	490.9248	212.54904	718.58777	114.014915	686.1667	65.223434	10.89193	93.30428	39.88544	415000	1.1312961e-08	231.45662	-0.1046576	-122.153305	-0.01601256	0.015365529	0.6074	79.0	701.84486079216	8.455962204071412
83	590.69305	60.145615	672.9533	494.0583	919.2	60.900883	12.553945	96.63126	7.061287	420000	7.5936315e-09	260.13614	-0.11536014	-120.78337	-0.025632825	0.030093411	0.603	79.0	710.7552797794342	8.461372398194813
84	702.346	89.28707	812.7988	554.8902	913.8	66.52456	13.088547	106.419464	16.482368	425000	2.0331145e-08	256.23145	-0.11630016	-146.84933	-0.03552112	0.038294718	0.6118	79.0	718.8633680343628	8.457216119766235
85	681.8374	130.89041	826.8098	488.05325	1000.0	68.71275	15.710136	105.12961	15.738794	430000	3.1009318e-08	169.4004	-0.1278495	-101.49582	-0.043454517	0.049091022	0.6428	79.0	727.1918821334839	8.455719576325528
86	492.4082	230.38211	772.5605	16.64864	691.7143	67.586174	14.178453	102.622955	23.569208	435000	-7.784367e-09	306.4693	-0.10566466	-170.35783	-0.048075654	0.017654091	0.595	79.0	735.7172431945801	8.456520058642859
87	636.4627	61.372208	714.83795	553.7811	1000.0	60.646996	13.159886	98.35154	15.735171	440000	-2.5749207e-09	161.43178	-0.12574144	-104.075775	-0.057875995	0.052507464	0.636	79.0	744.498571395874	8.460211057554591
88	520.31714	269.50995	778.4327	17.635256	706.0	66.79849	10.7029505	99.20627	36.333702	445000	2.5865436e-08	262.41724	-0.11093974	-139.1878	-0.06715898	0.023350436	0.6166	79.0	752.9867577552795	8.460525397504314
89	742.5921	113.40554	917.2094	591.9193	1000.0	67.944664	10.883311	103.53898	22.184534	450000	2.3097359e-08	162.05742	-0.12470316	-113.901276	-0.076309085	0.05778244	0.6482	79.0	761.2228174209595	8.458031323220995
90	790.05096	179.9955	922.18604	435.82236	886.0	82.33012	11.935745	110.63349	35.28322	455000	1.192093e-10	202.25294	-0.12784892	-111.59851	-0.08387376	0.04097486	0.6598	79.0	769.4324293136597	8.455301441989102
91	720.30804	75.958496	809.23773	622.93286	1000.0	77.55312	12.276419	113.68126	11.980255	460000	-1.0725856e-08	175.68936	-0.12509204	-112.51633	-0.08813442	0.051985655	0.6466	79.0	778.073433637619	8.457319951575736
92	539.6147	304.3244	917.23535	137.98488	703.0	73.494804	14.381461	99.18464	26.242851	465000	3.3198297e-08	405.6989	-0.10618994	-205.77803	-0.09919509	0.017500965	0.5996	79.0	786.6880450248718	8.459011257335703
93	709.3037	287.57028	954.6806	102.14605	817.1667	75.98295	10.881786	104.01993	41.452366	470000	-4.1162966e-08	317.31543	-0.1178598	-180.6545	-0.10860801	0.043386776	0.6286	79.0	795.0701978206635	8.458193614127788
94	410.3911	330.96832	876.68604	48.77468	480.1111	81.43973	11.957502	110.00703	15.0176325	475000	8.1300735e-09	439.8214	-0.10560754	-240.25304	-0.116431326	0.0059903464	0.6062	79.0	803.3440005779266	8.45625265773974
95	681.3992	171.39594	919.81085	487.60626	906.2	70.703995	14.490069	101.54254	19.093256	480000	-2.1469592e-08	234.23752	-0.11881422	-152.76836	-0.12723517	0.041117903	0.635	79.0	811.7429766654968	8.455656024316946
96	911.23987	45.539577	994.56885	864.7291	1000.0	83.36893	12.104894	114.89155	44.006134	485000	2.0176172e-08	200.44273	-0.13438717	-134.96382	-0.13461581	0.057952907	0.6946	79.0	820.1946604251862	8.455615078051066
97	699.03	260.52505	891.8336	184.24493	835.8	84.26701	15.699664	117.93143	46.31398	490000	1.5384703e-08	249.94168	-0.119999744	-150.38707	-0.14240819	0.043101877	0.6368	79.0	829.0192141532898	8.4593797557208
98	590.50665	283.64282	938.48474	105.51092	755.6667	75.0317	13.20101	106.9858	33.586052	495000	-9.7125765e-09	298.99716	-0.11185168	-159.72922	-0.15057802	0.025753964	0.6394	79.0	837.645092010498	8.461061554725724
99	801.12384	100.76301	922.1938	661.5041	976.6	77.17204	11.510368	106.7885	38.390583	500000	-5.8460234e-08	177.91566	-0.12447991	-108.444305	-0.16258821	0.037968177	0.6566	79.0	846.1636128425598	8.461636147499085
100	704.90704	316.49048	1034.4667	68.4623	788.3333	80.52097	13.047142	110.93022	31.613926	505000	2.8645992e-08	337.33496	-0.11514033	-160.54805	-0.17371552	0.033448696	0.6498	79.0	854.8288502693176	8.46365200410975
101	873.41766	71.19695	960.22046	748.272	974.2	89.612854	10.895172	115.454445	42.480637	510000	1.9168853e-08	225.0704	-0.123282336	-114.4253	-0.18337676	0.05510353	0.6658	79.0	863.4871816635132	8.465560623243743
102	452.7246	319.87073	944.50024	28.747025	535.44446	84.5939	13.87551	114.14666	29.410154	515000	-8.374452e-09	569.8508	-0.106931485	-325.1767	-0.19169511	0.011125705	0.628	79.0	871.9507126808167	8.465540920646445
103	767.26715	209.66194	952.7685	378.79428	866.6	74.76834	13.265267	109.52287	23.957869	520000	6.3180923e-09	275.5299	-0.12621886	-186.79419	-0.20307237	0.047975216	0.6804	79.0	880.2575674057007	8.464015087256065
104	874.13965	130.27028	1020.18414	664.23126	934.2	85.502335	14.125383	115.177185	44.41401	525000	-4.3392183e-09	192.40283	-0.120916866	-115.8874	-0.21520655	0.03288037	0.6536	79.0	888.6492862701416	8.463326547259376
105	786.8353	87.60265	860.2478	626.51465	969.4	85.2863	14.827892	118.00219	45.254658	530000	-3.0213595e-08	277.5377	-0.117178775	-169.81427	-0.22276148	0.03118223	0.6454	79.0	897.0488748550415	8.46272525472461
106	839.25037	173.99962	1115.3656	663.5935	1000.0	79.51846	13.10888	108.778015	42.86913	535000	-1.180172e-09	236.74008	-0.1279808	-138.43805	-0.23386224	0.050963692	0.6614	79.0	905.2626144886017	8.460398281846091
107	894.1833	110.47279	993.3379	693.423	1000.0	86.66577	16.069788	118.39036	34.3775	540000	-3.8599968e-08	145.07097	-0.13136202	-86.442795	-0.24141069	0.0531114	0.6738	79.0	913.881756067276	8.461868136017412
108	716.55524	242.97995	997.74774	433.35806	739.3333	97.0044	8.6277	119.03325	36.9344	545000	-2.6464463e-08	417.11346	-0.10644091	-204.4887	-0.24627353	0.007870878	0.6206	79.0	922.1346580982208	8.459951011412734
109	853.92224	130.05696	1012.24835	698.1895	942.4	83.690384	13.369834	113.12915	46.544743	550000	1.6844272e-08	190.29042	-0.1170843	-105.47914	-0.25637987	0.03818314	0.6532	79.0	930.497448682785	8.459067730470137
110	808.6684	117.321526	964.45844	665.60065	1000.0	81.83096	15.483177	117.3251	27.302681	555000	8.141995e-09	124.082565	-0.13183269	-72.64518	-0.26646215	0.052800886	0.6824	79.0	938.6820695400238	8.45659524041253
111	756.7731	317.519	1023.73804	141.55135	823.6	83.25754	16.184042	117.628815	27.477217	560000	-2.5433302e-08	147.28755	-0.11264772	-70.18332	-0.27411896	0.03867625	0.6572	79.0	946.8348879814148	8.453882945435387
112	790.24176	371.33868	1110.8895	88.18988	769.3333	93.5835	11.228323	117.10116	53.521656	565000	4.0324405e-08	360.63293	-0.10611078	-156.84373	-0.28293598	0.02067928	0.6436	79.0	955.6502408981323	8.457081790518972
113	796.7715	271.34265	1121.8248	314.56564	855.4	91.7057	17.470692	122.07785	39.71935	570000	8.106232e-09	187.65146	-0.11524731	-91.93466	-0.29609096	0.041148067	0.6684	79.0	964.1440966129303	8.457404372984904
114	952.45215	143.51028	1147.6239	780.7967	1000.0	92.65453	15.152522	122.38401	48.487347	575000	-8.320808e-09	152.7734	-0.13153288	-84.716	-0.3055174	0.04762284	0.698	79.0	972.6525361537933	8.457848159126613
115	731.094	301.22147	1145.7507	397.95667	718.5	98.278915	14.908511	122.01823	12.990039	580000	4.8208236e-08	511.8946	-0.10508128	-228.4513	-0.31691	0.023425607	0.6584	79.0	980.831547498703	8.455444387320814
116	807.48376	301.98138	1173.4926	294.93152	858.4	88.737434	14.704782	120.23004	46.096992	585000	2.9189884e-08	269.83374	-0.12077005	-134.37685	-0.32429045	0.050540898	0.6786	79.0	989.4276034832001	8.45664619991922
117	701.07367	280.6935	1096.2246	217.45807	842.8	85.44085	19.94991	127.61927	26.55523	590000	-3.7842987e-08	209.65765	-0.11304774	-110.510345	-0.33217648	0.040611077	0.6446	79.0	997.9381685256958	8.457103137242592
118	802.2166	394.82925	1163.8396	79.7823	748.0	98.69965	14.686862	128.3553	52.704502	595000	5.841255e-10	457.744	-0.10919038	-212.67229	-0.33913353	0.033043053	0.6688	79.0	1006.2877399921417	8.456199511760422
119	976.6009	168.27498	1141.109	701.8921	1000.0	95.92041	19.223291	130.5508	49.92285	600000	1.4823675e-08	137.51224	-0.13135882	-77.16734	-0.34925297	0.05373463	0.697	79.0	1014.7595613002777	8.456329695383708
120	782.75555	285.39984	991.8281	153.37956	816.1667	93.29365	20.000835	133.71939	45.82613	605000	4.3821334e-08	261.05963	-0.10539093	-149.53148	-0.35779247	0.02342457	0.6508	79.0	1023.2676043510437	8.45675707848604
121	972.2409	104.941574	1125.4908	849.06805	1000.0	94.46924	18.462063	131.83972	51.26126	610000	-3.3789874e-08	123.444275	-0.13177612	-78.98045	-0.367503	0.05260801	0.6864	79.0	1031.5987448692322	8.455727430640675
122	944.3037	78.47867	1062.458	831.8622	966.0	95.514465	17.536766	125.43546	55.21277	615000	-5.671978e-08	207.9656	-0.11488352	-97.95288	-0.36913818	0.036152333	0.672	79.0	1039.9565889835358	8.454931633259223
123	891.23926	172.99687	1116.2584	704.9143	1000.0	85.882645	19.342552	123.64427	47.787334	620000	-8.221865e-08	70.42249	-0.1288114	-44.523804	-0.37805393	0.051933557	0.6996	79.0	1048.4984669685364	8.455632811592471
124	870.5366	342.1822	1172.654	278.49515	787.5	105.67822	9.305848	128.47202	53.639416	625000	2.3460387e-08	301.9644	-0.10631726	-139.18344	-0.387598	0.03416108	0.6854	79.0	1056.9217312335968	8.455373865127564
125	1074.4331	111.99365	1193.3844	896.94696	1000.0	103.183876	13.584156	128.32463	54.936253	630000	-2.7385354e-08	192.83499	-0.13619944	-119.97649	-0.39930126	0.052638996	0.7192	79.0	1065.5905287265778	8.457067701551649
126	1124.6937	72.22505	1264.1655	1056.5201	1000.0	111.21766	13.459421	134.65205	48.203583	635000	7.9190734e-08	171.68512	-0.13704114	-90.505585	-0.40514174	0.050560832	0.71	79.0	1074.2419128417969	8.458597755807592
127	919.96375	367.0299	1193.5388	198.17857	838.4	105.359924	18.000315	136.11894	48.44177	640000	6.307661e-08	256.36642	-0.11776931	-144.84277	-0.40960234	0.040800516	0.6894	79.0	1082.27716755867	8.455290386453271
128	1025.4064	176.28152	1204.3816	699.0899	994.8	100.09239	16.23076	130.02223	45.459637	645000	-1.9180774e-08	278.05817	-0.122811206	-139.95174	-0.4193463	0.050188802	0.7192	79.0	1090.5881412029266	8.454171655714049
129	943.8441	283.62122	1199.5701	513.0049	883.2	102.46127	17.491789	134.55444	50.035286	650000	3.31223e-08	200.05493	-0.12092216	-99.945274	-0.4291976	0.030740958	0.7228	79.0	1099.0736782550812	8.454412922492395
130	697.5948	398.5435	1147.2227	150.69933	709.1667	95.90045	22.043562	134.207	34.97755	655000	-3.8957594e-08	296.98953	-0.10694738	-165.82155	-0.4355591	0.016766991	0.6426	79.0	1107.5648267269135	8.454693353813113
131	1067.234	187.15457	1243.0856	753.40546	959.8	100.4661	17.105936	130.07957	46.442013	660000	1.796484e-08	263.74042	-0.11630148	-167.53836	-0.44995597	0.040821444	0.6842	79.0	1116.062914133072	8.455022093021508
132	1025.6794	177.22493	1236.8312	768.50146	921.4	108.60981	19.505428	136.9774	37.128178	665000	-3.7413834e-08	349.60916	-0.10414084	-166.60551	-0.45635965	0.023558117	0.6506	79.0	1124.9148659706116	8.45800652898344
133	942.8887	444.7246	1175.366	53.59155	809.8	111.930916	10.848264	135.72775	44.494106	670000	-2.118349e-08	259.66983	-0.12085049	-123.98627	-0.46426338	0.036291294	0.6966	79.0	1133.736356496811	8.460719092568354
134	856.938	384.2472	1162.8013	121.600136	827.4	105.92182	17.692379	137.1859	37.437565	675000	3.5238266e-08	238.0981	-0.116480894	-124.63305	-0.47480616	0.036132954	0.683	79.0	1142.0876054763794	8.459908204608494
135	871.0563	322.8504	1160.2532	247.88937	812.0	102.8358	16.828236	131.78954	56.22258	680000	-7.587671e-08	336.0238	-0.11189542	-173.33858	-0.4827285	0.02591058	0.6982	79.0	1150.003568649292	8.455908610540277
136	1109.8147	185.98573	1263.3993	752.8139	1000.0	100.09286	16.616829	131.86479	40.536278	685000	-7.3117015e-08	304.8692	-0.12737037	-222.38739	-0.49188384	0.06648082	0.6916	79.0	1158.4390361309052	8.455759399998797
137	859.9378	259.37158	1177.0785	459.91077	812.0	110.19935	19.157719	140.07324	53.91616	690000	1.4750659e-08	413.2242	-0.10395893	-206.45067	-0.5017023	0.028358083	0.6548	79.0	1167.0507099628448	8.456889214723006
138	1099.3082	163.7651	1263.8408	876.4502	1000.0	100.60308	19.9838	133.84471	49.937817	695000	1.1205673e-08	184.97212	-0.13325302	-113.65164	-0.51115555	0.06563105	0.7358	79.0	1175.499624490738	8.456831846305793
139	1068.3105	130.20718	1192.5844	852.5121	913.6	118.67853	7.9318194	143.31032	69.97814	700000	-5.2273272e-08	323.9112	-0.10265367	-162.35329	-0.52062345	0.023122903	0.6612	79.0	1184.0901732444763	8.457786968776158
140	1039.758	197.71982	1195.2911	656.03864	898.4	107.42051	15.438713	129.30817	57.983036	705000	1.4364719e-08	224.25693	-0.11521179	-100.03761	-0.5289758	0.04715638	0.7088	79.0	1192.4655539989471	8.457202524158125
141	1135.872	102.08744	1236.1156	988.2206	962.2	112.2841	14.238692	133.8969	58.94495	710000	-2.5725365e-08	267.74554	-0.11301477	-112.8008	-0.5369415	0.032959983	0.7056	79.0	1201.1851222515106	8.459050170132812
142	961.00916	363.01273	1216.1414	260.365	800.2	117.08269	8.105253	141.03242	68.346954	715000	4.6684967e-08	291.03186	-0.109979235	-123.980835	-0.54362965	0.04769954	0.6952	79.0	1209.8675413131714	8.460612193687812
143	1177.5764	134.3081	1309.3668	946.6415	1000.0	112.13355	13.768881	136.43105	41.237984	720000	2.5641919e-08	171.50928	-0.13644476	-94.68328	-0.55837226	0.07025413	0.7416	79.0	1218.4772136211395	8.461647328403261
144	1042.4039	193.77312	1222.902	745.0041	1000.0	102.92655	26.183254	142.55614	48.445538	725000	4.6300887e-08	127.188286	-0.13018718	-64.641495	-0.5660585	0.05150744	0.7302	79.0	1226.847766160965	8.461019088482034
145	1135.086	179.02563	1253.3578	782.06995	1000.0	110.67805	19.98571	139.86147	56.50427	730000	3.159046e-10	128.00092	-0.13242066	-71.19133	-0.5762163	0.057889733	0.7202	79.0	1236.2082633972168	8.467179897713335
146	949.5082	338.10327	1190.6072	292.0108	827.0	104.34073	26.834044	144.12985	19.18115	735000	-2.5133788e-08	506.63846	-0.098834045	-237.25745	-0.5874762	-0.0018270004	0.6456	79.0	1244.793577671051	8.467983532925041
147	1156.7819	92.54062	1266.7764	988.9959	1000.0	110.051674	18.026928	137.71785	44.385754	740000	1.7976761e-08	155.47998	-0.13520125	-90.69261	-0.5967488	0.07570576	0.7378	79.0	1253.4231507778168	8.469075354369911
148	927.4208	224.82579	1316.8446	683.2923	840.2	104.89721	25.908476	137.5796	51.409786	745000	3.677681e-08	431.1277	-0.09880559	-162.42407	-0.6046014	0.017152103	0.6494	79.0	1262.1165387630463	8.470580806668172
149	902.78674	252.54257	1245.4734	472.06122	879.8	105.02555	25.918184	146.0436	50.070236	750000	-5.2678587e-08	279.31967	-0.11589408	-143.95085	-0.6131613	0.035350554	0.704	79.0	1270.3912286758423	8.469274870554607
150	1166.8578	176.84435	1287.6805	816.4839	1000.0	108.670166	20.202805	140.42621	51.882336	755000	-1.08003615e-08	183.2905	-0.1356067	-117.030365	-0.6189188	0.070048556	0.7316	79.0	1278.6004343032837	8.4675525624231
151	734.4072	469.14365	1280.8226	167.37456	585.625	125.11392	8.541461	145.0985	41.301125	760000	-1.4935434e-08	787.51135	-0.101974934	-377.58618	-0.63304776	-0.0014817616	0.6516	79.0	1286.812835931778	8.465873931583605
152	961.42615	297.97375	1222.5621	485.99915	883.2	105.79008	23.399487	145.82704	20.567547	765000	5.636215e-08	395.1169	-0.12111798	-234.07129	-0.6433498	0.053232007	0.7368	79.0	1295.1379010677338	8.464953614216224
153	922.713	372.15564	1175.7701	183.93199	828.2	112.58958	16.403975	140.56892	-7.1959176	770000	1.2886524e-08	254.29323	-0.118311524	-120.03436	-0.65226346	0.049134314	0.7172	79.0	1303.9312267303467	8.46708589714843
154	726.3367	519.24615	1285.731	54.397068	580.25	109.34105	16.450905	137.84364	11.871751	775000	1.066029e-08	513.21606	-0.10369494	-209.63474	-0.65840393	0.009547882	0.678	79.0	1311.8726687431335	8.463694649357949
155	850.2699	355.68082	1232.7579	244.00238	815.0	103.21314	22.575478	140.39954	22.485828	780000	1.0516346e-07	442.5191	-0.11042064	-198.47282	-0.6714262	0.035927508	0.6934	79.0	1320.2722237110138	8.463283496025282
156	855.36304	434.77936	1316.0525	41.91373	764.5	107.55065	23.697094	142.87698	52.17582	785000	-5.1009653e-08	368.03857	-0.103389196	-154.58466	-0.6764373	0.039082214	0.6996	79.0	1328.4920094013214	8.46173255458759
157	1165.7908	159.74905	1277.6353	849.2659	1000.0	115.121635	18.444841	147.53703	49.3658	790000	2.5272369e-09	195.53604	-0.13149206	-107.06008	-0.68631077	0.06566289	0.7552	79.0	1337.1888766288757	8.463220753247224
158	677.84143	432.53723	1273.3444	19.422958	657.2857	99.743355	27.284676	142.95807	51.130177	795000	-2.9957295e-08	424.152	-0.09805485	-195.4107	-0.69374794	0.0050137793	0.6668	79.0	1346.981199979782	8.471579886082583
159	836.8409	381.61496	1282.5714	78.10124	789.0	102.60912	22.018135	138.3056	31.996809	800000	-9.915233e-09	328.33524	-0.10835301	-132.24286	-0.7082637	0.041319046	0.7218	79.0	1355.1594321727753	8.469746460020541
160	1105.1941	337.92368	1378.2975	464.624	875.0	112.45438	14.061973	138.84169	32.992573	805000	6.118417e-09	425.54065	-0.12334644	-246.8113	-0.71829045	0.06426615	0.764	79.0	1363.8585784435272	8.47117130800804
161	868.19116	408.73492	1293.5868	51.17553	790.5	113.211685	24.540022	148.18327	22.386139	810000	4.029274e-09	405.04346	-0.10377547	-193.7174	-0.726032	0.02180673	0.6904	79.0	1372.2986800670624	8.470979518360561
162	1109.9639	180.6635	1273.3501	848.02155	1000.0	103.647484	23.180803	139.19623	28.324911	815000	2.9683113e-08	167.2194	-0.13076128	-96.25743	-0.7382513	0.076522	0.7454	79.0	1380.881097316742	8.471663185423868
163	1201.3285	206.74144	1448.0085	892.99	1000.0	112.069176	24.461643	144.11697	40.583652	820000	-1.8906594e-08	212.10063	-0.13249569	-101.56793	-0.74526125	0.07366435	0.748	79.0	1389.3441817760468	8.471610876118264
164	1247.5745	127.25019	1348.1677	1009.4495	1000.0	122.31325	21.48071	149.73026	50.795677	825000	-3.3640863e-08	128.56787	-0.13544491	-57.91606	-0.7536612	0.0719459	0.7686	79.0	1397.7528805732727	8.471229589346683
165	854.98956	381.96564	1193.7728	164.2686	811.4	111.577675	27.30999	154.86186	59.587555	830000	-9.8645685e-08	584.8774	-0.10479715	-267.53482	-0.7675705	0.0025479256	0.6976	79.0	1406.2066631317139	8.47112448962338
166	1015.2474	345.34595	1367.549	518.27203	809.0	115.52915	19.125877	142.58675	-33.8451	835000	1.9350647e-08	487.80453	-0.110793345	-203.14728	-0.77688426	0.04093808	0.7408	79.0	1414.795361995697	8.471828524937887
167	1073.8895	244.02916	1363.5997	752.15356	1000.0	104.98815	26.737673	149.90358	5.849697	840000	-5.531907e-08	178.40338	-0.12704754	-89.57358	-0.7868815	0.081807144	0.757	79.0	1423.1956989765167	8.471402982870737
168	995.06903	367.18936	1348.4664	312.76318	812.8333	117.12066	21.76749	146.33365	38.199383	845000	1.1326075e-07	446.36246	-0.1049841	-162.77185	-0.7988508	0.029555935	0.7262	79.0	1431.6760132312775	8.471455710879445
169	1087.1621	172.69875	1361.8142	869.83704	924.8	113.78429	24.904316	150.75243	36.867886	850000	5.683899e-08	265.65295	-0.116697304	-106.75937	-0.81043935	0.06702528	0.7478	79.0	1440.0889782905579	8.47111164822298
170	991.45856	413.55945	1445.1371	339.2574	743.5	126.55543	7.963519	147.06108	22.295895	855000	1.1254549e-07	649.56055	-0.108530104	-291.09818	-0.8193662	0.025723977	0.7282	79.0	1448.7919754981995	8.472467705520273
171	1232.0319	239.69908	1389.1174	757.61145	1000.0	113.800125	25.213642	149.93536	31.595394	860000	6.7830084e-09	269.4934	-0.13046932	-169.66316	-0.83078146	0.08509815	0.7644	79.0	1457.0816321372986	8.471404847710632
172	1047.6868	491.77527	1428.6593	91.45556	812.2	128.7364	17.500444	154.42448	56.765995	865000	2.911091e-08	261.103	-0.120162636	-104.2957	-0.83823025	0.05168258	0.7406	79.0	1465.4308314323425	8.470698458610931
173	918.08	291.1071	1334.8217	472.56946	821.6667	114.25057	27.38732	151.976	47.537678	870000	9.080171e-08	421.09296	-0.098929964	-220.5432	-0.84899676	0.018808138	0.7064	79.0	1474.2655427455902	8.472790486511142
174	1177.9441	156.83992	1351.0214	967.2984	1000.0	111.134	21.415989	139.2089	55.125202	875000	1.0877252e-07	164.27539	-0.12905996	-88.15365	-0.861021	0.0929137	0.7564	79.0	1483.866094827652	8.479234835760934
175	1049.0216	280.11847	1336.3903	603.30255	825.2	123.97314	15.897671	145.126	32.341686	880000	5.785227e-08	341.51297	-0.10195538	-123.02695	-0.86929286	0.023438463	0.7228	79.0	1492.315131187439	8.479063258929687
176	1258.8726	120.019424	1355.6359	1039.0966	1000.0	119.42448	18.948929	144.32574	46.22665	885000	-9.2622635e-08	153.54358	-0.13568698	-79.61689	-0.88090354	0.08739472	0.7852	79.0	1500.8884217739105	8.479595612671416
177	768.9006	511.40692	1389.1394	23.418085	565.0	131.80078	6.2704167	150.92445	24.047113	890000	1.026243e-08	820.03235	-0.092038125	-284.32935	-0.8862087	-0.022319278	0.6936	79.0	1508.9946472644806	8.47749802771579
178	1033.4512	338.94708	1406.148	483.902	874.0	113.698	24.108519	148.35522	7.21096	895000	1.6713143e-08	359.94046	-0.115596525	-144.65268	-0.899007	0.05194264	0.7236	79.0	1517.3711233139038	8.476933660453923
179	1104.3829	223.36569	1371.5347	799.7532	1000.0	103.76099	29.388788	149.15805	40.952286	900000	-6.635189e-08	124.87165	-0.13146561	-64.410614	-0.90806574	0.07026333	0.7494	79.0	1525.9756186008453	8.477642336156633
180	1323.1547	83.86921	1457.3605	1209.7488	981.2	127.972	16.324842	149.14287	43.454296	905000	-6.163717e-08	409.95883	-0.112679616	-143.98947	-0.9107662	0.046429463	0.7466	79.0	1534.396483182907	8.477328644273031
181	1011.6923	452.86725	1458.114	360.4768	765.0	125.402275	23.47527	154.5496	38.17889	910000	-3.2702832e-08	509.7833	-0.102894515	-156.95898	-0.9196898	0.016215747	0.7174	79.0	1543.1929066181183	8.4790819136651
182	1142.8988	214.45245	1352.9642	761.3224	1000.0	114.5493	28.48026	154.49286	43.413094	915000	-1.270175e-07	203.9573	-0.12456825	-89.99402	-0.93165255	0.057544354	0.7068	79.0	1551.806028842926	8.479814376987395
183	850.5734	348.21707	1338.887	269.4387	837.6	97.616455	28.14137	148.68556	49.198067	920000	2.58632e-08	260.0663	-0.10453845	-116.76495	-0.93722343	0.045093603	0.703	79.0	1560.0501096248627	8.47853321744048
184	1084.1195	357.1902	1363.2246	429.1808	868.2	115.56818	18.77118	142.00826	58.86856	925000	-6.539822e-08	325.09204	-0.11479972	-151.76767	-0.94476277	0.07247777	0.759	79.0	1568.3587622642517	8.477614942756858
185	1029.6521	459.84406	1387.63	200.33156	828.4	123.15535	22.125751	149.40974	48.2284	930000	-1.502633e-08	260.69623	-0.103136435	-81.56839	-0.9533907	0.044942316	0.7188	79.0	1576.968356370926	8.478324508154264
186	1250.7205	221.68239	1384.9778	809.14197	910.6	133.44205	6.700413	151.01706	73.08232	935000	-9.0420244e-08	253.22115	-0.11906632	-84.927	-0.96367705	0.050563894	0.766	79.0	1586.256515264511	8.482655172042032
187	1149.6874	463.36478	1489.8547	258.20013	837.0	131.71548	14.383952	151.48988	64.14636	940000	1.1563301e-09	342.2759	-0.11106307	-139.39166	-0.97856706	0.05556097	0.7604	79.0	1594.49063706398	8.481333186017705
188	1233.4889	215.1845	1385.2936	819.94147	1000.0	121.58848	28.744633	155.66528	10.585693	945000	-2.7120113e-09	103.26479	-0.12933075	-53.39887	-0.99335134	0.09395784	0.7794	79.0	1602.9175474643707	8.481045234771003
189	1360.1855	14.081288	1379.5183	1347.5916	991.4	136.90675	7.3642335	151.73927	0.10259247	950000	-4.3973326e-08	235.23656	-0.11255865	-79.91641	-1.0014957	0.054978773	0.7394	79.0	1611.2198839187622	8.480104660987854
190	1298.0374	205.6931	1482.3297	900.0207	1000.0	123.768875	25.445345	151.93205	32.6406	955000	-4.0906666e-08	170.96297	-0.12978004	-68.2635	-1.0123048	0.09716633	0.7824	79.0	1620.1491529941559	8.482456307136575
191	915.9266	457.5012	1341.9329	43.21315	807.6	115.70622	31.919676	154.24927	17.48003	960000	-1.9201636e-08	275.05624	-0.09465318	-111.88052	-1.0200398	0.029558694	0.6616	79.0	1628.6120097637177	8.48235422745347
192	1003.8566	581.6585	1468.1628	91.917145	710.1667	134.51402	5.703786	149.85306	76.59943	965000	6.352663e-08	355.90228	-0.10050273	-120.18964	-1.0316991	0.027987257	0.7194	79.0	1637.0686702728271	8.48222109937915
193	1389.0828	60.33425	1486.8997	1316.317	1000.0	135.17554	10.1674795	152.54446	57.241257	970000	-1.5960931e-07	155.1218	-0.1382769	-65.865166	-1.0385461	0.11232435	0.789	79.0	1645.565808057785	8.482297987053075
194	1273.1432	192.22517	1420.9673	894.37	976.4	127.988	24.471382	155.91881	61.812035	975000	3.3557416e-08	229.4106	-0.11063556	-79.143555	-1.0460601	0.05980123	0.748	79.0	1654.4113113880157	8.484160579779209
195	1156.7975	296.7419	1446.5177	658.2031	851.2	135.89717	12.408776	153.77126	65.86452	980000	-5.1862003e-08	535.0846	-0.10316386	-215.4603	-1.0565717	0.032274053	0.7526	79.0	1662.885398387909	8.484109186396307
196	1239.342	225.2297	1389.9613	795.11444	1000.0	118.30929	26.313936	150.32378	34.966206	985000	-2.3323297e-08	224.8692	-0.12518103	-93.95123	-1.071323	0.07887979	0.78	79.0	1671.4392852783203	8.484463386729283
197	1300.4651	264.4646	1462.2719	772.85406	924.0	135.54648	6.1574874	153.17274	52.476677	990000	1.0931492e-08	339.21957	-0.110028386	-101.462494	-1.0807229	0.06219256	0.764	79.0	1679.8261094093323	8.483970259175155
198	1301.5692	198.56644	1422.4308	905.66254	1000.0	126.93092	24.382082	156.2562	59.635414	995000	-1.0070503e-07	109.140564	-0.13388401	-47.28911	-1.0897107	0.09995627	0.791	79.0	1688.4902906417847	8.484875840757361
199	1029.8384	502.2462	1404.9706	119.4201	816.4	125.1566	27.055115	155.61145	54.43995	1000000	6.456375e-08	263.9503	-0.11063229	-91.43677	-1.1012391	0.050049838	0.7532	79.0	1697.0187585353851	8.485093803405762
