Epoch	AverageEpRet	StdEpRet	MaxEpRet	MinEpRet	AverageTestEpRet	StdTestEpRet	MaxTestEpRet	MinTestEpRet	EpLen	TestEpLen	Time Steps	AverageQ1Vals	StdQ1Vals	MaxQ1Vals	MinQ1Vals	AverageQ2Vals	StdQ2Vals	MaxQ2Vals	MinQ2Vals	AverageLogPi	StdLogPi	MaxLogPi	MinLogPi	LossPi	LossQ	Time	AVG Time Per Epoch
1	19.095451	15.363273	117.97486	5.691463	95.21568	0.4734549	95.722145	94.20956	23.01389	52.8	4999	13.777714	10.310837	63.6372	-16.339556	13.77714	10.305503	64.15543	-15.891965	0.039710283	2.0614324	21.148476	-11.712847	-15.332443	2.2671924	27.038252115249634	27.038254737854004
2	17.75783	19.360874	175.9493	5.1645055	83.74135	0.47386268	84.27334	82.82594	21.650862	48.0	9999	61.636143	27.858295	169.78052	-72.524284	61.635098	27.834751	169.93544	-54.83136	2.6463928	2.7145815	28.164923	-11.395381	-67.20878	27.9662	60.243958473205566	30.12198054790497
3	250.61758	105.22446	578.3198	79.85477	1099.6633	62.181446	1265.367	1033.6199	108.17778	419.2	14999	125.11375	37.782845	214.98662	-66.08419	125.110466	37.742012	212.93005	-69.47514	2.570051	3.2710583	34.532494	-11.334248	-131.81548	98.90666	96.24317932128906	32.081060568491615
4	348.94635	53.3596	474.47244	232.905	796.736	6.235235	810.46	789.3172	151.02942	277.3	19999	158.71045	44.14278	246.56055	-89.84269	158.7089	44.10011	244.79741	-88.00084	2.448142	3.2995994	32.611176	-11.969652	-164.59515	108.61615	131.8477029800415	32.96192646026611
5	397.26083	83.23488	613.0345	298.81772	548.82935	1.4703772	550.8472	546.9146	148.63637	180.6	24999	176.87393	51.810604	287.4725	-110.95659	176.87654	51.782642	291.1103	-116.8372	2.4301267	3.1978574	32.011425	-11.201551	-182.08516	105.84978	167.15323948860168	33.430648469924925
6	453.20273	199.90549	975.96295	72.86556	301.3072	9.080626	312.04984	278.07098	160.58064	118.8	29999	186.3583	56.11654	322.50818	-116.43484	186.35672	56.11348	327.02216	-111.33967	2.436041	3.1062737	34.19756	-12.9244375	-190.70714	97.70099	202.18607139587402	33.69767892360687
7	337.3537	142.72858	679.0042	37.097736	409.27933	1.5613055	411.6005	406.64517	128.8718	141.7	34999	188.40411	62.27284	322.6349	-196.42142	188.4021	62.28165	324.36987	-159.68272	2.1814923	3.0080307	41.55494	-17.073465	-192.19063	98.95505	237.02367210388184	33.86052489280701
8	441.92743	177.95999	894.23065	214.99731	678.88586	135.47418	864.4768	388.46817	153.0625	231.1	39999	186.25024	65.29656	305.10327	-178.38164	186.24939	65.314064	304.93958	-178.83691	2.2137723	2.9385068	39.576187	-11.110291	-189.68056	86.64423	272.5095953941345	34.06369969248772
9	870.4885	478.93546	1742.6632	39.445816	715.8578	169.77724	1065.9652	579.95966	292.58823	267.3	44999	187.33794	65.21684	319.16492	-154.47862	187.33803	65.227356	314.54773	-173.22453	1.9776745	2.8682806	41.694225	-15.2023735	-190.3183	77.857895	307.95784306526184	34.217538356781006
10	679.9879	342.19904	1395.4635	241.99156	1432.0605	260.90073	1833.0691	953.3124	241.2381	451.7	49999	185.29242	61.488346	294.30972	-160.55954	185.29195	61.50255	294.80392	-120.35779	1.7328147	2.8120756	41.121185	-11.400605	-187.77693	68.15454	343.92703652381897	34.39270384311676
11	983.9926	673.1013	2394.3704	242.92522	2215.48	517.11346	2591.45	1271.8052	387.75	872.6	54999	182.39502	58.619907	276.59683	-151.38991	182.39378	58.626377	273.0236	-153.33961	1.509798	2.7348177	43.57823	-11.591144	-184.50998	69.35824	382.0058319568634	34.72780310023915
12	1152.0856	413.871	2250.3047	719.8709	2608.9612	96.72043	2689.647	2333.657	374.92856	989.1	59999	182.32094	55.637127	266.5926	-128.86496	182.32047	55.65571	262.79184	-152.4048	1.4946898	2.7210827	42.295044	-14.08637	-184.1755	67.57748	420.1690397262573	35.0140868028005
13	1476.8539	759.9867	3085.94	709.5412	2924.9966	8.364365	2938.0386	2912.0251	473.36365	1000.0	64999	184.10295	55.291565	269.98538	-145.917	184.1023	55.30335	269.4239	-141.6653	1.3141968	2.6253707	38.65138	-13.031481	-185.71825	63.90301	458.3458003997803	35.257369444920464
14	1554.9845	668.8382	3012.0508	850.13873	3199.6685	46.485844	3234.768	3065.7817	477.5	1000.0	69999	187.12779	56.562397	271.55853	-150.28859	187.12595	56.572174	270.06912	-134.45396	1.2804252	2.5606065	52.22428	-10.8658495	-188.67247	58.477787	496.72757959365845	35.48054153578622
15	2230.2336	731.43066	2980.2864	899.69275	2758.789	27.246391	2800.3872	2715.2468	733.3333	1000.0	74999	193.39717	57.272312	273.53275	-127.903534	193.39694	57.282627	270.8651	-140.47527	1.2630701	2.5396683	41.143013	-13.756882	-194.88283	55.83954	534.737212896347	35.64914766947428
16	2074.5593	708.58875	3058.2966	1140.6031	2692.7625	459.17062	2974.7896	1325.5189	711.5714	948.9	79999	199.29077	57.8667	273.88812	-170.19586	199.28926	57.881893	275.6449	-98.47267	1.2519468	2.5447977	45.156105	-13.398283	-200.69911	53.8174	572.624666929245	35.78904181718826
17	2221.5925	787.3928	3062.9666	741.9698	2645.4006	9.529554	2659.5933	2634.407	726.4286	1000.0	84999	204.97275	58.760666	279.86725	-105.603714	204.97153	58.77844	280.0804	-157.16344	1.1884363	2.5218437	38.588627	-11.212453	-206.3184	50.981037	610.7840490341187	35.928473584792194
18	2133.559	1014.2951	3046.4656	17.18112	2298.4663	298.5971	2861.8132	2003.1818	697.5	724.0	89999	211.05467	59.40072	282.31696	-112.23689	211.05382	59.409782	284.0357	-236.93048	1.1777802	2.4807367	38.53127	-11.5963	-212.32436	52.273357	647.8225467205048	35.99014160368178
19	2144.9136	871.8349	3159.1313	987.96954	2999.096	14.157395	3017.674	2972.6064	684.1429	1000.0	94999	217.05695	60.27829	288.24734	-158.60962	217.0565	60.28583	288.53906	-101.63828	1.14041	2.475016	55.35075	-12.163712	-218.33513	50.895126	686.1756539344788	36.11450821474979
20	2322.8281	1042.4775	3013.1846	15.142899	3125.1868	21.473703	3162.861	3100.4666	744.6667	1000.0	99999	222.36858	60.62049	293.0734	-129.78705	222.36772	60.63682	295.52142	-115.18996	1.1512233	2.440834	38.846962	-11.856298	-223.59372	48.66087	724.5016915798187	36.22508467435837
21	2449.07	812.7196	3097.024	1111.4445	3051.245	32.755302	3083.5818	2977.6565	782.7143	1000.0	104999	225.71321	61.01144	294.88495	-110.10258	225.71198	61.026676	294.88364	-94.72277	1.1394017	2.415875	37.67532	-12.069319	-226.8598	49.458744	762.7955703735352	36.323598691395354
22	2821.9143	545.3316	3136.5068	1733.6425	3104.9702	19.351301	3123.7598	3055.4724	901.8	1000.0	109999	229.86806	60.98554	297.93033	-93.426636	229.86739	60.99962	297.285	-119.1912	1.0840831	2.3943663	49.668217	-14.560573	-230.9282	45.48275	800.980553150177	36.40820706974376
23	2134.0464	617.14703	3139.3909	1318.2314	1095.059	11.426779	1112.1818	1073.4554	657.0	326.5	114999	233.25854	61.09245	298.75598	-169.37222	233.25739	61.113003	302.12253	-176.15279	1.0950484	2.3899596	37.642326	-11.881535	-234.3292	44.021473	836.3555362224579	36.363284266513325
24	1454.9009	598.1902	3290.0002	983.5478	2172.8447	387.2675	2732.1868	1677.3281	437.23077	652.9	119999	236.27103	60.99722	304.23297	-119.6466	236.26964	61.016926	302.1938	-211.16808	1.1365932	2.408753	32.291985	-10.76478	-237.32253	42.281628	873.3005647659302	36.387523621320724
25	2041.382	786.00555	3310.3086	1048.8613	1551.3274	89.005135	1654.505	1444.9294	613.7143	454.1	124999	237.5148	61.105644	303.82874	-117.968056	237.51457	61.114384	302.41776	-83.97756	0.92021215	2.4040446	34.94507	-11.718769	-238.45605	39.302345	909.4766867160797	36.379067544937136
26	1766.6674	693.5522	3085.339	1064.3821	2251.469	564.74554	3097.237	1447.0608	538.8	695.8	129999	238.69212	61.646847	304.33615	-111.850494	238.6905	61.66461	304.20853	-78.91609	0.87065315	2.354536	35.482048	-11.312902	-239.5669	37.63924	946.8268475532532	36.41641728694622
27	2326.1455	777.9129	3084.0098	1182.68	3033.8137	129.49274	3126.6956	2655.943	736.8571	980.3	134999	239.68982	62.441776	307.12927	-109.512215	239.68889	62.45258	305.4116	-108.48389	0.84187275	2.3456023	31.852285	-11.136055	-240.4962	39.259674	985.1442708969116	36.486824927506625
28	2446.49	914.8213	3230.0308	1109.1412	3003.8362	13.375447	3029.242	2987.4167	784.3333	1000.0	139999	241.65028	61.778095	304.416	-111.73251	241.64998	61.790276	305.37415	-88.44225	0.78354526	2.2683513	33.911488	-14.261677	-242.42682	36.620403	1023.5177817344666	36.55420657566616
29	2559.9448	733.8299	3137.3079	1349.1598	3073.2712	8.84816	3089.3276	3058.2192	818.6667	1000.0	144999	243.4055	61.522606	305.19373	-131.4243	243.40396	61.5328	305.51233	-97.0634	0.78310466	2.2965996	42.229187	-11.804497	-244.1679	36.345524	1061.66690325737	36.60920364281227
30	2817.3455	365.82858	3173.9348	2118.025	3080.6997	2.4092531	3085.1604	3077.7231	878.6667	1000.0	149999	245.1431	61.072926	306.6852	-152.45377	245.14305	61.086937	304.75143	-96.95058	0.7144065	2.2374716	37.82696	-13.616925	-245.8548	36.77902	1100.0151691436768	36.66717236836751
31	2819.3704	495.71082	3082.9204	1828.1597	3083.337	12.205831	3107.2869	3062.0376	903.6	1000.0	154999	246.87117	60.830906	306.35962	-116.592476	246.8701	60.8515	307.5081	-88.87578	0.7355185	2.274633	56.343582	-10.417063	-247.5629	34.512146	1138.379002571106	36.72190338565457
32	2793.989	529.5431	3109.7363	1622.0441	3131.3875	28.862917	3189.2344	3089.9707	897.5	1000.0	159999	248.8684	60.214413	306.04163	-97.74222	248.86716	60.2333	307.14273	-101.393265	0.7099786	2.254227	42.326965	-14.244643	-249.56116	34.189205	1176.5299580097198	36.76656124740839
33	2175.8286	1086.7891	3164.4353	16.384926	3076.161	10.420353	3096.7095	3057.6792	688.4286	1000.0	164999	250.7636	59.439514	309.61566	-135.81639	250.76274	59.45806	308.629	-82.177734	0.65696925	2.2494307	43.00677	-13.556501	-251.40062	33.24718	1215.0126044750214	36.81856383699359
34	2625.4753	456.0431	3133.799	1972.7081	3052.7202	17.305609	3077.3499	3029.731	815.1667	1000.0	169999	252.40475	59.706253	312.85202	-104.75571	252.40414	59.716526	311.68997	-115.801735	0.6364467	2.228965	37.6548	-12.110619	-253.05533	33.335274	1253.0664110183716	36.85489450482761
35	2517.4905	786.9238	3098.7712	1378.6738	2938.4585	241.59766	3158.0837	2228.779	809.3333	967.8	174999	253.71144	59.429836	309.51578	-111.34201	253.71039	59.454586	309.81073	-96.88981	0.54009175	2.2083743	34.88503	-11.967014	-254.28398	32.35808	1290.9682734012604	36.884807872772214
36	2941.095	233.76823	3103.997	2435.5793	3045.5767	6.683374	3055.5923	3030.2563	942.1667	1000.0	179999	254.87881	59.56482	313.90244	-82.79905	254.87799	59.57869	311.02875	-103.81827	0.53719044	2.1930635	39.321297	-12.221359	-255.4682	30.032106	1329.1077675819397	36.91966027021408
37	2294.7097	1064.4446	3099.629	36.046185	3109.1606	4.8901987	3118.4397	3102.1353	730.0	1000.0	184999	256.50116	58.839104	312.31342	-206.2198	256.5012	58.851807	312.3367	-143.02911	0.5106145	2.2137692	34.636204	-12.684667	-257.07004	29.166906	1367.492511510849	36.95925712585449
38	2522.9421	840.4224	3177.986	1165.4883	1812.7903	686.4966	3195.4395	1414.3107	800.5	564.0	189999	257.5618	58.763645	310.80536	-119.26452	257.56183	58.772793	309.59894	-73.49028	0.5253405	2.2323933	45.744617	-12.011915	-258.123	30.887428	1404.2394094467163	36.95366872611799
39	2547.456	604.4885	3118.3306	1625.4126	3083.004	22.468626	3120.5444	3036.3477	787.3333	1000.0	194999	258.44983	58.616547	311.34198	-172.49284	258.4494	58.635483	308.6877	-99.51395	0.47044796	2.2056627	35.129242	-12.587319	-258.98035	30.643053	1442.600233078003	36.989749621122314
40	2260.4106	610.2156	3099.6658	1356.2054	3051.5208	16.541182	3077.4468	3021.2305	690.375	1000.0	199999	259.0272	58.230167	312.58377	-105.64071	259.02698	58.24252	312.50613	-109.57132	0.4328843	2.175553	45.293674	-11.149926	-259.5222	28.977575	1480.8327593803406	37.02081903219223
41	2609.1648	692.861	3134.7957	1589.2578	2404.991	802.4964	3155.4534	1312.5282	824.1667	760.4	204999	259.46307	58.33193	311.53455	-79.63454	259.46234	58.348248	310.71542	-94.53012	0.4704804	2.1766238	41.32213	-12.729497	-259.9214	30.159906	1518.3369932174683	37.03260964300574
42	2302.5703	633.4919	3182.2034	1455.3424	2036.6318	608.30786	3196.7021	1485.3202	697.6667	603.9	209999	260.16476	58.630535	317.4605	-173.06766	260.1643	58.643105	310.9689	-148.15723	0.49094576	2.2034483	72.51515	-12.564712	-260.62286	27.265024	1555.1066048145294	37.026347784768966
43	2500.293	584.4989	3159.0708	1565.5094	2297.4907	647.51965	3440.9304	1722.1123	775.0	695.3	214999	261.1114	58.175957	317.92822	-120.295746	261.11087	58.18689	312.8864	-85.717545	0.45834985	2.2051835	44.025684	-12.798988	-261.5497	27.421165	1592.3241698741913	37.03079469259395
44	1744.7957	972.8564	3181.2053	240.31017	1795.1873	234.12914	2299.1787	1552.9436	539.2	536.2	219999	261.9279	58.532364	316.15497	-149.92365	261.9266	58.546772	315.26706	-77.95492	0.47564292	2.2025561	45.087326	-10.703811	-262.40076	26.691425	1628.8144471645355	37.01851020617919
45	2419.1152	524.03174	3176.7263	1552.9843	2953.705	447.62753	3129.0835	1611.6345	737.0	948.2	224999	262.73703	58.65757	325.1704	-140.195	262.73755	58.6673	315.13638	-100.331	0.40307075	2.1609027	36.44216	-12.309176	-263.164	27.976826	1666.8368289470673	37.040818468729654
46	2076.6035	803.37573	3209.9229	942.4182	3099.3057	22.497578	3145.9448	3072.036	624.5	1000.0	229999	263.07184	58.246017	317.40836	-98.819496	263.07138	58.254894	316.85995	-106.72113	0.42327237	2.171297	36.99599	-10.711729	-263.47876	29.312445	1705.0416932106018	37.06612380691197
47	2663.1833	504.81836	3139.017	1904.2513	3097.4202	18.096327	3115.8801	3060.6167	813.3333	1000.0	234999	263.97525	58.032894	317.28	-112.46463	263.97534	58.044094	318.5894	-136.39658	0.43007672	2.19519	47.50804	-11.051833	-264.3637	28.74945	1743.5441393852234	37.09668385221603
48	2384.61	754.9743	3116.6582	1295.6249	2574.679	607.05096	3189.172	1693.0251	747.2857	798.8	239999	264.4275	57.704517	320.07004	-122.165825	264.42734	57.717728	317.16824	-81.62385	0.39109007	2.2034104	40.973557	-11.621546	-264.80753	27.299982	1780.9582331180573	37.10329656302929
49	2473.7085	498.25366	3139.7473	1734.3707	2125.795	102.46892	2312.6062	2051.7747	753.2857	629.2	244999	265.08887	57.608887	319.401	-128.23601	265.08835	57.621006	318.55746	-114.6579	0.32597515	2.1511383	43.061775	-12.131672	-265.4577	26.701557	1817.8551316261292	37.09908436269176
50	2178.4932	751.43915	3182.6372	994.4329	2872.7454	333.7516	3190.6467	2314.45	651.875	881.1	249999	265.37967	57.79702	319.82468	-206.06813	265.38016	57.800014	320.56146	-150.19785	0.29496387	2.1415513	36.53267	-12.196483	-265.69815	27.770256	1855.6864392757416	37.1137288236618
51	2298.3843	788.48236	3338.4507	1292.9921	3143.8198	8.5501	3155.9568	3126.3787	688.0	1000.0	254999	265.80893	57.620586	329.4117	-146.43768	265.8081	57.630333	324.759	-108.60333	0.30999634	2.1911006	46.801712	-12.318882	-266.15176	26.162655	1894.1323626041412	37.13985027986414
52	1905.9998	950.1104	3398.586	986.92926	1690.6263	125.588936	1984.7472	1570.0414	574.6667	474.4	259999	266.6375	57.52403	323.7258	-86.31589	266.63745	57.53316	325.78003	-103.58041	0.31718567	2.1744606	50.33844	-14.85379	-266.98676	27.2123	1930.2354209423065	37.11991198246296
53	1882.2782	712.8658	3160.994	1029.6481	3215.1216	82.893875	3389.4114	3130.2065	550.8889	998.7	264999	267.51135	57.80863	321.5084	-108.60675	267.5116	57.81956	323.25864	-103.91405	0.33136296	2.1812797	51.50561	-13.698124	-267.8709	28.138304	1968.4772548675537	37.14108032100606
54	1890.2809	722.15967	3161.9133	1023.32556	1724.5107	154.33955	1991.5406	1476.5723	557.375	508.9	269999	268.22473	57.886353	321.40704	-124.12846	268.22455	57.89015	328.84015	-82.20994	0.30489752	2.210989	47.241734	-10.724661	-268.5819	27.599957	2004.7048325538635	37.124163605548716
55	2185.4624	747.60156	3199.0918	1284.6792	2670.482	632.4999	3321.8352	1617.8463	649.375	792.2	274999	268.7274	58.243626	323.53732	-165.01282	268.72775	58.24576	324.1951	-68.14143	0.26380172	2.1532726	44.365223	-13.324789	-269.05176	24.940027	2042.2835307121277	37.13242786580866
56	1821.333	707.1634	3345.235	1168.2006	2235.9146	429.5712	3201.5803	1731.6527	530.8	660.7	279999	269.54358	58.01213	326.436	-130.68277	269.54337	58.018333	325.62674	-117.11711	0.25208637	2.1466763	37.734394	-13.343086	-269.86935	25.041607	2079.097484111786	37.12674081751278
57	1789.3854	563.33466	3164.946	1038.9722	2158.8608	652.93005	3498.523	1748.0118	524.7778	637.2	284999	270.20486	58.08386	326.24585	-113.00816	270.2045	58.091515	328.57233	-109.82517	0.2289855	2.141705	42.143806	-14.093755	-270.49103	26.944094	2116.056985139847	37.12380679448446
58	2357.389	639.33765	3384.4841	1430.5824	2829.2852	330.20508	3186.302	2269.3857	705.2857	870.2	289999	270.96988	58.21494	328.6618	-236.24136	270.96964	58.217457	329.92627	-145.08226	0.25219208	2.1774254	58.763905	-13.9289055	-271.2873	24.199732	2154.030963420868	37.13846492356267
59	2901.7776	373.63586	3207.8665	2358.2869	2327.3882	738.4994	3355.123	1595.0072	893.6667	655.5	294999	271.8426	58.359238	329.7377	-98.237206	271.842	58.36198	330.07852	-115.38368	0.2119664	2.1878598	56.14154	-10.697538	-272.1349	24.892044	2191.1849122047424	37.13872735783205
60	1830.2112	707.027	3324.6755	1099.2131	2627.2966	534.49365	3229.919	1781.1412	517.44446	775.2	299999	272.6421	58.23486	328.89963	-130.4179	272.6429	58.233265	329.17242	-210.86221	0.1953391	2.1852095	47.504597	-16.52472	-272.9012	25.568945	2228.713428258896	37.14522384007772
61	2110.9114	899.3064	3260.8433	1038.8024	1672.1892	344.3814	1942.9696	972.28784	617.125	522.2	304999	273.07275	58.986065	332.80106	-125.85814	273.07236	58.988262	337.80115	-95.237656	0.21202989	2.191193	35.760757	-12.671591	-273.37656	23.016153	2265.0220382213593	37.131508854568985
62	1434.147	895.9747	3097.0134	24.719212	1777.2112	665.9888	2887.585	1016.11096	418.0	522.3	309999	274.23303	58.201977	331.5432	-177.91446	274.2325	58.206554	333.72644	-111.123055	0.15862636	2.1817703	38.33882	-12.234344	-274.51227	23.752636	2301.5426828861237	37.12165620634633
63	2109.8164	837.0211	3301.653	978.80566	3187.5977	11.5821705	3203.8484	3160.5898	629.75	1000.0	314999	274.50122	58.492733	328.43646	-88.965454	274.50162	58.49319	336.74744	-89.21573	0.18364812	2.160316	59.81324	-12.125852	-274.75876	23.429962	2339.451797246933	37.13415554213145
64	2610.2878	580.58044	3213.911	1643.0753	2394.599	357.5203	3199.563	1857.9888	779.3333	702.0	319999	275.27078	58.53462	330.0422	-178.94969	275.27002	58.53946	334.11984	-114.665	0.15359338	2.140374	39.94522	-12.628373	-275.54752	25.048279	2376.667309999466	37.13542675599456
65	2326.097	726.03973	3189.4246	1480.6531	3125.655	6.9373083	3133.205	3112.135	691.7143	1000.0	324999	275.86325	58.70975	332.52554	-113.58166	275.8638	58.713257	334.48712	-87.31712	0.16968171	2.1636965	36.532227	-11.181544	-276.12186	24.569391	2414.7733850479126	37.15035979931171
66	3251.1968	75.70196	3338.336	3159.7202	3182.1284	15.344395	3199.6152	3156.7534	1000.0	1000.0	329999	276.58102	58.69106	333.1414	-97.57817	276.5808	58.69583	332.32587	-77.35843	0.15232003	2.1373127	35.878876	-11.48147	-276.8517	23.419987	2452.7969720363617	37.16359051429864
67	2624.7551	662.83435	3363.7996	1392.1765	3172.305	19.631792	3217.4084	3142.6172	789.5714	1000.0	334999	277.57968	58.475826	333.89252	-139.11905	277.58014	58.4834	333.83392	-131.20677	0.1752218	2.1713529	43.504166	-13.280455	-277.8658	24.287046	2491.086356163025	37.1803934111524
68	2214.5154	972.1906	3435.0674	1098.7307	3153.7778	30.930855	3208.633	3125.8083	663.2857	1000.0	339999	278.25574	58.728878	336.13492	-91.32094	278.25543	58.73353	338.37424	-100.65181	0.13181259	2.1795378	38.683968	-13.631264	-278.5389	21.589355	2529.4107236862183	37.19721655284657
69	3052.02	226.40115	3263.9055	2689.0928	3151.822	18.232483	3194.8342	3128.1582	914.4	1000.0	344999	278.7735	59.061333	336.31992	-154.56606	278.77448	59.061184	338.31363	-96.299805	0.15624663	2.1794915	43.569527	-11.588818	-279.0321	24.59812	2567.595788002014	37.211533190547556
70	1651.6364	1036.6421	3226.8235	71.77987	3163.3953	3.4374418	3169.4326	3156.6226	489.45456	1000.0	349999	279.5387	59.05385	340.02475	-96.38088	279.5383	59.05511	335.54132	-103.48653	0.15085934	2.1372566	37.4498	-10.938433	-279.76086	23.648693	2605.6635653972626	37.22376524720873
71	2022.8588	991.19244	3310.994	8.32904	2578.9297	637.5319	3188.407	1272.8417	577.2222	794.2	354999	280.20187	59.019	339.7629	-142.5466	280.20178	59.01464	339.0343	-152.62057	0.1995997	2.1866646	53.44664	-12.014265	-280.4591	26.0936	2642.757521867752	37.22193695793689
72	113.02133	514.2898	3377.7063	-0.9340109	25.367573	0.37900585	25.943941	24.80167	59.011364	49.7	359999	281.08972	59.26374	345.15735	-170.12756	281.09027	59.26524	378.08563	-165.89722	0.2685388	2.2304814	53.289528	-10.766039	-281.384	32.581326	2677.607402563095	37.188991728756164
73	1117.6603	1129.8108	3266.9282	10.796831	3005.3328	241.79922	3105.5476	2280.447	340.23077	968.8	364999	280.57794	59.983788	337.51068	-155.60489	280.58	59.977997	338.64203	-176.79677	0.27758306	2.258473	44.057365	-12.317345	-280.8666	30.61851	2715.6167862415314	37.20022998117421
74	1886.5183	667.40674	3296.1743	1317.6937	2670.313	568.6227	3143.5596	1805.1447	538.8	824.3	369999	280.58676	59.9096	339.53967	-82.71471	280.5863	59.91292	340.3741	-61.775555	0.23035257	2.2178462	34.00728	-12.245628	-280.88315	28.975847	2753.2565212249756	37.2061692315179
75	2179.1055	573.5738	3224.5198	1511.1504	3157.0203	257.1808	3400.448	2571.5354	631.25	926.8	374999	280.5291	60.39509	339.93033	-109.287315	280.529	60.393852	337.5036	-102.765144	0.1721102	2.1930568	37.954994	-15.742214	-280.80914	26.762487	2791.3695590496063	37.218260815938315
76	2476.4436	699.08954	3186.6462	1508.8497	1992.4724	182.78677	2467.7275	1853.941	728.8571	548.6	379999	280.70752	60.82334	339.93097	-180.49684	280.70862	60.818573	340.14935	-84.71972	0.18191141	2.156349	39.44037	-12.304215	-280.98685	27.2273	2828.0315611362457	37.21094162213175
77	2245.7847	479.35028	3286.726	1840.442	1393.638	118.17803	1582.7551	1260.0605	634.1429	402.6	384999	281.3943	60.733604	348.9022	-66.60685	281.3945	60.73519	341.92126	-146.48145	0.18020937	2.1803498	45.014477	-13.191475	-281.6704	25.17571	2864.114599466324	37.19629352123707
78	2472.7231	596.4064	3227.8003	1331.9977	3193.9155	18.361084	3217.7874	3163.0828	730.8571	1000.0	389999	281.61218	61.05818	347.7176	-165.86542	281.61203	61.05407	345.04755	-81.038635	0.1558766	2.1958506	47.14549	-11.673826	-281.8825	24.238894	2902.430497646332	37.21064743017539
79	2034.8105	737.62787	3253.545	1185.3256	1360.0559	172.85954	1741.0575	1184.6368	591.44446	376.9	394999	281.95987	61.062572	347.2402	-94.69564	281.96036	61.06158	342.74677	-103.16316	0.16387106	2.1903481	47.934772	-11.775608	-282.21686	25.631834	2938.3282380104065	37.19402835640726
80	3128.626	362.98157	3388.5544	2409.6804	2922.9287	328.01138	3163.3975	2222.7	934.8	901.5	399999	282.22763	61.29956	352.82993	-106.14402	282.22842	61.297176	358.2156	-73.98101	0.16681193	2.2360687	51.808235	-10.61748	-282.48703	24.436028	2976.282766342163	37.2035346031189
81	2420.625	928.8527	3341.3	1185.2152	2165.1077	254.50883	2529.426	1766.5413	721.0	594.1	404999	282.84268	60.850407	351.15643	-237.55931	282.8428	60.854855	349.22308	-228.95802	0.12056569	2.1923602	39.177174	-10.511966	-283.10687	23.813034	3012.879465818405	37.19604281142906
82	1777.6731	526.05054	2775.8604	1084.8145	3315.345	117.77562	3512.3428	3148.1213	489.0909	994.3	409999	283.435	60.730442	354.05743	-80.52825	283.4351	60.72812	345.78906	-74.7999	0.16149014	2.1785164	54.21867	-13.730147	-283.69144	23.681906	3050.945904493332	37.20665739803779
83	2465.3638	834.1819	3493.6775	1536.2189	2329.6255	594.86816	3562.3252	1728.0409	701.4286	639.4	414999	284.18924	60.98162	351.46368	-114.2659	284.18967	60.976353	347.37988	-97.70096	0.15077695	2.2318516	44.858826	-11.195334	-284.4461	23.042204	3087.7734713554382	37.20209003643817
84	2574.0725	870.48175	3618.5488	1426.5952	1538.551	90.982445	1729.5603	1416.252	717.1429	426.4	419999	284.79764	60.87229	353.71225	-73.713615	284.79758	60.87443	350.83224	-70.49833	0.10766598	2.1719756	41.37102	-12.331004	-285.03375	24.045734	3123.949333190918	37.18987319582985
85	2034.1088	1148.7394	3324.8147	6.2271056	2508.479	510.9012	3303.1724	1996.9564	596.5	718.9	424999	285.2647	60.70127	355.34286	-121.627815	285.26535	60.699318	352.4667	-99.725845	0.11269186	2.1999593	51.801804	-11.431141	-285.5076	24.163416	3161.1558043956757	37.19006831225227
86	2119.9443	745.4229	3365.5046	1213.9236	2259.5803	249.90706	2618.1252	1824.5464	599.25	606.8	429999	285.29907	61.028328	355.11835	-96.820595	285.29913	61.031723	351.27872	-111.91105	0.09784569	2.1824183	52.605568	-11.421091	-285.52536	22.872293	3197.9888327121735	37.18591668439466
87	1767.4503	939.83307	3300.9824	10.1591	3225.3433	43.711647	3303.172	3180.849	494.81818	1000.0	434999	285.74973	60.91953	352.6033	-92.65779	285.7502	60.916626	350.79367	-94.97567	0.115262225	2.200653	56.34638	-10.951197	-285.98456	25.963356	3236.025225877762	37.195692273392076
88	2577.1526	872.2234	3625.9004	1384.8544	1959.1301	162.70674	2371.0947	1743.4354	730.0	505.4	439999	286.0944	60.926666	350.70847	-92.07724	286.09497	60.92486	349.07846	-91.23488	0.15464649	2.1701856	43.539814	-13.119879	-286.33115	24.894827	3272.4263994693756	37.186663654717535
89	1864.1615	664.49756	2745.7036	975.6735	2366.793	644.1343	3155.1353	1665.932	502.33334	663.3	444999	286.53418	61.23944	352.8706	-101.494064	286.53467	61.240704	353.585	-141.81087	0.18366696	2.1753576	41.352688	-11.266622	-286.7691	25.68334	3308.875647544861	37.17837808641155
90	2016.276	702.8512	3330.1267	1024.3018	1305.1365	98.385155	1422.6562	1103.3708	564.1111	349.8	449999	286.7545	61.600258	353.20834	-107.03176	286.7547	61.598835	352.2509	-140.66925	0.17363802	2.1640308	35.968853	-12.490355	-286.96466	24.900993	3344.0785262584686	37.156428096029494
91	2289.3345	989.1123	3348.3828	1027.3793	3216.839	362.6432	3492.1035	2146.3777	666.125	957.5	454999	287.25842	61.203175	353.1259	-128.52737	287.25842	61.203026	353.3872	-103.36951	0.15531313	2.1874855	48.70397	-11.33126	-287.4748	22.862364	3382.0302460193634	37.1651675596342
92	1805.4021	755.4396	3243.6216	689.84827	2174.9924	237.6941	2544.2458	1845.033	494.77777	586.1	459999	287.29102	61.497356	356.47928	-168.35147	287.29233	61.492413	355.35245	-101.69604	0.122572854	2.1837637	46.210052	-11.929186	-287.47556	24.298485	3418.9657847881317	37.1626715996991
93	2479.4155	645.0068	3358.1472	1099.98	3171.77	476.57104	3552.7253	2288.8342	689.0	901.9	464999	287.32608	61.506542	356.24155	-123.12475	287.3265	61.50596	357.44626	-146.32173	0.18371347	2.2237835	50.87769	-12.30999	-287.5275	24.367174	3456.8555767536163	37.170490095692294
94	1981.293	907.1821	3397.3772	1040.3999	3202.565	10.976502	3220.6975	3183.6833	557.8889	1000.0	469999	287.599	61.996872	356.3022	-130.36546	287.60004	61.996655	358.18753	-138.07191	0.20079662	2.2299113	55.366688	-11.907324	-287.8442	26.979687	3495.11634349823	37.18208878091041
95	2309.1667	1067.5538	3471.3948	1080.3164	3396.6938	167.70833	3573.3345	2930.8096	654.0	975.2	474999	288.00262	61.786247	362.7235	-87.26316	288.00208	61.791092	360.48923	-69.58565	0.12323467	2.2121577	58.02949	-10.084883	-288.1981	24.384443	3533.4209842681885	37.1939051201469
96	1666.0326	799.7508	3480.1262	148.80606	2139.0806	652.24677	3463.1863	1609.0247	460.41666	597.7	479999	288.38034	61.750336	359.95383	-111.8702	288.38065	61.74629	360.67734	-122.690865	0.14296933	2.2496872	50.142673	-11.696077	-288.55783	25.479082	3569.8550384044647	37.18599000573158
97	1992.6339	839.7242	3391.41	1003.7934	1424.0319	95.93289	1577.3672	1293.0634	551.8889	380.3	484999	288.61288	61.495808	361.4356	-133.58713	288.61356	61.496243	358.77335	-224.03177	0.11950591	2.21045	45.467415	-12.144639	-288.81625	23.02286	3605.5736870765686	37.170862775488
98	1411.8578	737.0267	3430.9082	897.09564	3211.1108	710.50226	4032.8762	1381.1492	395.91666	898.0	489999	288.53265	62.010746	363.6159	-180.21344	288.53375	62.009434	362.5516	-320.11578	0.13106182	2.178009	38.13414	-14.605547	-288.72305	23.856041	3643.534372806549	37.17892219339098
99	1790.263	787.5106	3633.1055	1041.7758	2892.7258	370.49258	3445.4023	2122.536	479.45456	781.6	494999	289.15366	61.955997	361.37415	-88.74195	289.15527	61.950386	360.68045	-81.43497	0.15244351	2.1706583	42.017204	-10.755926	-289.33557	24.837524	3681.1342446804047	37.18317421277364
100	1737.4177	1148.9982	3439.379	11.397375	2218.954	627.37274	3665.7603	1626.9895	473.6	594.9	499999	289.23322	62.215706	366.46216	-76.65652	289.23557	62.204052	362.50256	-85.9653	0.14847913	2.1901495	45.979305	-12.844549	-289.4006	24.526945	3717.782217502594	37.17782219648361
101	1901.4807	835.32324	3338.167	1042.1471	3037.3032	367.3173	3379.527	2131.0732	520.7	882.5	504999	289.35587	62.63997	364.73468	-169.78539	289.3564	62.63802	364.86942	-138.35503	0.16122785	2.2074764	54.562782	-13.052084	-289.5265	23.590813	3755.288099050522	37.18107030887415
102	1748.2588	850.28046	3554.204	942.724	3246.3567	23.315035	3295.3242	3204.8147	472.6	1000.0	509999	290.39316	62.054466	366.1867	-93.55639	290.39435	62.049625	370.82324	-71.01996	0.21049963	2.2727556	68.11284	-11.74237	-290.58615	23.975985	3793.349266767502	37.18969871249853
103	2118.1477	1078.596	3539.3188	815.0168	3366.5796	473.71915	3680.4893	1994.8629	590.2222	920.8	514999	291.15466	62.398064	367.44843	-150.31313	291.1549	62.395744	370.77283	-165.91103	0.19327696	2.2125645	67.482834	-11.654169	-291.3544	21.268766	3831.200895547867	37.196125222641285
104	1651.8414	578.22015	2837.4448	1036.9667	3417.0308	39.33223	3474.3723	3353.7444	437.18182	1000.0	519999	291.93958	62.71003	369.5579	-104.13224	291.94052	62.70886	369.2466	-123.92196	0.17481092	2.2140398	43.399258	-10.170163	-292.13297	24.376665	3869.6307034492493	37.20798755150575
105	1786.3102	836.0699	3400.9417	949.32324	1895.4619	334.32947	2282.8235	1383.4551	492.7	488.5	524999	291.8936	62.620354	370.37848	-68.62783	291.89368	62.619617	370.8993	-77.181404	0.1801711	2.2023113	45.358955	-12.554283	-292.0709	23.133379	3905.938604593277	37.19941530227661
106	1867.3071	796.30786	3402.542	1155.4352	1751.1843	256.354	2088.4065	1255.7638	496.66666	443.7	529999	292.11337	62.5922	369.88928	-87.06229	292.11316	62.592808	372.0775	-82.47502	0.1158422	2.183063	38.304657	-12.57557	-292.26334	25.92798	3941.9560482501984	37.188264624127804
107	1592.7528	913.0734	3588.4573	893.0623	3231.2427	11.743595	3244.7854	3209.103	435.69232	1000.0	534999	292.0544	62.72269	372.83612	-89.462296	292.0556	62.717514	369.43585	-172.69046	0.098049976	2.1822996	41.515663	-12.31352	-292.1969	22.497831	3980.1201264858246	37.19738437750629
108	1637.6095	757.0205	3386.6096	1122.0854	3315.7734	15.638638	3341.3691	3296.2756	447.0909	1000.0	539999	292.0191	62.867535	371.18643	-96.07541	292.02	62.863728	370.44302	-92.25801	0.07935569	2.198177	46.79848	-12.467775	-292.148	23.061493	4018.3998296260834	37.20740584973936
109	2458.5288	954.47284	3657.7058	1080.0114	3271.9233	29.67797	3330.4453	3214.7004	684.0	1000.0	544999	291.78564	63.14129	369.80814	-95.26775	291.78766	63.13097	368.5143	-129.92856	0.10153477	2.185369	46.082047	-11.820083	-291.93503	23.490534	4056.738695859909	37.21778622242289
110	1724.7173	800.30554	3373.679	1121.6897	1729.3894	819.4948	3348.172	1155.6272	487.27274	486.0	549999	291.8913	62.994183	373.5324	-165.03847	291.89334	62.985176	374.17615	-93.2958	0.119073	2.218159	45.96256	-14.043719	-292.04236	22.545279	4093.0604360103607	37.20964034687389
111	2172.1877	1093.2076	3618.4143	988.892	2518.2412	794.63446	3317.6716	1547.2434	609.0	718.8	554999	292.23392	62.732056	373.00607	-71.65719	292.2341	62.734142	374.92032	-116.79403	0.11592825	2.1745763	51.31963	-10.3195305	-292.34735	24.358265	4130.2734615802765	37.20967084008294
112	1602.304	620.07587	3309.2673	960.2985	1120.0164	20.96145	1157.684	1080.7904	434.76923	303.1	559999	292.63287	62.79033	372.92026	-94.96113	292.63412	62.78912	371.83813	-88.645996	0.08548369	2.1981091	48.769775	-13.18112	-292.7813	24.799635	4165.929656505585	37.19580052154405
113	1550.2192	619.3348	3412.508	1094.8271	3409.518	85.934975	3619.924	3302.8647	416.63635	1000.0	564999	293.08383	62.99143	373.15094	-84.927765	293.08414	62.99177	373.7675	-210.6734	0.17378971	2.208303	47.653397	-12.263836	-293.23376	25.566757	4203.889091968536	37.20255835288394
114	1680.486	660.98224	3323.0093	1138.648	1326.3182	162.78389	1638.8817	1146.919	455.91666	350.5	569999	293.29343	62.914505	371.30798	-134.37483	293.294	62.909714	372.0009	-101.90757	0.12099945	2.197077	47.48274	-10.476804	-293.40625	20.805975	4239.665042638779	37.190044252496016
115	2216.9548	918.5588	3440.8162	1048.5942	3001.0588	676.1782	3427.7053	1516.2692	624.5	884.4	574999	293.17368	63.123035	374.28027	-76.04444	293.1744	63.118923	374.48517	-77.14983	0.14075686	2.2045624	45.60651	-11.344746	-293.30008	25.91881	4277.362370252609	37.1944554121598
116	2421.2512	989.81885	3720.3936	1284.9469	3231.3914	16.789782	3268.812	3206.874	652.5714	1000.0	579999	293.40945	63.122406	371.021	-144.48991	293.40985	63.1186	373.561	-114.69516	0.09609078	2.1642623	41.951744	-11.337749	-293.521	20.22206	4315.57701420784	37.20325014097937
117	1994.8881	971.0148	3456.3384	1041.4648	1327.2639	87.25855	1570.4679	1233.1001	556.8	346.4	584999	293.56213	63.488476	373.0352	-105.63276	293.5631	63.48471	373.8183	-123.57794	0.100863025	2.2232733	61.823765	-12.025125	-293.68576	20.935266	4351.5677053928375	37.19288639329437
118	1925.0709	879.99506	3358.9321	1024.2948	1349.4358	63.260994	1466.878	1291.2125	532.6667	351.7	589999	294.2338	63.190247	374.5122	-148.2452	294.23523	63.187088	387.00122	-104.92395	0.107456736	2.20631	45.61034	-12.767944	-294.37845	22.353296	4387.488935947418	37.182109644857505
119	1238.2333	288.92258	2179.9702	932.24133	1065.4135	38.784645	1139.1039	1013.63135	333.66666	292.8	594999	294.25967	63.27129	376.11383	-96.17116	294.26013	63.26728	379.38718	-87.64699	0.083138704	2.1963573	61.99038	-11.759949	-294.3925	23.647722	4423.0760769844055	37.168706547312375
120	1352.5518	271.99286	2048.1885	1030.9069	942.2526	209.05333	1320.568	803.59863	361.5	277.3	599999	294.4681	63.642487	374.68738	-78.69429	294.46786	63.644768	372.77908	-84.03702	0.038126983	2.1798902	44.563072	-11.592346	-294.58524	21.378738	4458.264962911606	37.15220803817113
121	1667.1831	773.13855	3379.789	964.2938	1135.0328	89.28908	1291.792	1063.8633	458.0909	314.8	604999	294.1612	63.688652	375.22314	-81.981544	294.1619	63.682487	376.04126	-87.5947	0.048250884	2.2017365	56.486923	-10.676306	-294.25903	22.410835	4493.764073848724	37.1385460806287
122	1543.7445	611.24084	2866.44	946.8807	2157.5652	675.38257	3425.6584	1606.7767	409.9091	573.1	609999	294.0277	63.63186	377.9291	-105.32229	294.02792	63.63548	375.52258	-150.89037	0.014439979	2.2108974	50.347195	-11.6320095	-294.1407	24.69716	4530.414324045181	37.13454365534861
123	1652.8643	854.2707	3579.1194	1081.8469	1352.5295	99.79856	1548.7858	1183.152	448.91666	356.8	614999	293.7081	63.57392	376.81052	-94.52094	293.71075	63.56265	381.82455	-82.94036	0.049873825	2.2296817	59.859116	-11.953029	-293.8069	24.088858	4566.293005943298	37.12433339715973
124	1327.5344	413.36508	2583.5225	955.19385	1421.5404	81.489	1541.609	1314.9706	359.58334	365.8	619999	293.68372	63.69589	373.4974	-126.04757	293.6849	63.689125	373.95767	-124.2445	0.09533091	2.2418406	64.23446	-10.32207	-293.78925	23.729338	4602.134751081467	37.113989943458186
125	1638.3157	792.75214	3417.3333	691.0528	3294.4448	34.21905	3331.274	3223.599	449.0	1000.0	624999	293.9725	63.614468	378.93793	-127.86842	293.9717	63.61691	376.74142	-156.19278	0.08610725	2.2190483	58.263798	-11.509614	-294.0664	21.875525	4640.323268175125	37.12258616065979
126	1687.0907	733.01843	3441.0095	1070.5757	1685.9382	452.63577	2748.3616	1316.7611	456.45456	445.9	629999	294.20853	63.613342	380.64975	-69.70673	294.209	63.61251	380.43015	-88.34378	0.09487513	2.1983697	43.8011	-13.478224	-294.3004	23.806929	4676.347862482071	37.11387194149078
127	2263.902	1122.6772	3733.575	951.64435	2775.1628	761.3897	3524.0034	1717.7144	616.0	785.5	634999	294.18307	63.53393	377.9728	-82.09732	294.1844	63.531685	375.99182	-164.6741	0.09388944	2.201323	48.76583	-10.778149	-294.27115	24.05465	4713.801627874374	37.11654826787513
128	1465.9019	598.1048	3472.7332	1068.8307	1410.7477	63.811703	1528.7178	1317.4797	392.76923	369.6	639999	294.08847	63.53835	377.37744	-112.539276	294.0896	63.533665	375.94012	-79.23578	0.037310734	2.1531103	40.5313	-10.679512	-294.17407	19.406137	4749.8883509635925	37.10850275680423
129	1857.2329	860.8079	3409.5623	975.58276	3073.8237	26.626974	3126.5215	3027.8735	515.2222	1000.0	644999	294.29056	63.50188	378.04477	-106.30106	294.29196	63.495907	377.79715	-96.15605	0.088097304	2.2219048	50.675125	-10.948395	-294.36627	24.32957	4788.113442897797	37.11715848686159
130	2330.3887	1062.7837	3596.7246	1027.0311	1209.867	67.86571	1313.5771	1120.9564	667.75	317.1	649999	294.60052	63.23014	376.684	-157.9602	294.60205	63.220367	376.0439	-87.36933	0.07431834	2.2091665	64.56464	-11.574141	-294.67154	25.066097	4823.794847249985	37.10611422428718
131	1942.3904	1078.7686	3549.8745	33.26989	1419.6873	118.14527	1638.4427	1198.584	529.55554	368.4	654999	294.56174	63.688454	375.30246	-148.59462	294.5622	63.685356	376.0757	-116.93871	0.11148097	2.2312477	52.650906	-10.882993	-294.62686	20.552809	4859.762829065323	37.09742619063108
132	1729.3156	667.42395	3343.7493	934.41394	3372.735	140.55591	3454.0908	2960.4285	468.45456	981.8	659999	294.7204	63.47259	377.575	-76.46568	294.7204	63.47384	375.50446	-90.83701	0.03449536	2.1846082	48.91003	-11.739212	-294.78525	21.08532	4898.003266811371	37.10608537269361
133	1497.8185	678.15845	3321.0647	823.4261	1371.4496	58.92277	1535.7118	1328.9504	410.66666	357.2	664999	294.36588	63.99406	377.86362	-120.24798	294.36697	63.989647	376.3279	-130.41243	0.020228917	2.191648	55.576454	-11.611126	-294.414	22.299984	4933.952334165573	37.09738598551069
134	1571.0935	715.92847	3524.747	940.0781	1006.1865	33.126095	1072.1971	962.7623	420.5	276.7	669999	294.61533	64.0328	376.26334	-94.07998	294.61554	64.03534	375.23422	-104.46417	0.021686923	2.1823585	64.55825	-12.629427	-294.69	21.619745	4969.586006402969	37.08646274680522
135	2040.3132	909.63855	3417.7183	1261.6664	3276.4478	12.877605	3300.3242	3254.8833	561.0	1000.0	674999	295.14932	63.818657	376.61182	-97.292046	295.14944	63.818607	374.9	-94.86379	0.030476268	2.1901784	44.28792	-11.112728	-295.21866	21.354755	5007.698110103607	37.094060088970046
136	2756.2048	912.50916	3458.7913	1339.7537	1668.3949	131.81055	1925.3235	1507.3942	794.3333	418.4	679999	295.4161	63.618057	376.06842	-144.61908	295.41605	63.617603	375.77383	-112.63934	0.07022883	2.1831334	51.970604	-11.111002	-295.4847	21.857698	5043.719899177551	37.086175743271326
137	2160.6262	809.9798	3388.288	1323.7579	1841.1799	29.296812	1879.386	1797.6272	587.3333	458.7	684999	295.6648	63.767193	375.56912	-128.96587	295.66516	63.765587	373.93298	-106.593285	0.0626146	2.1492784	36.278996	-11.855553	-295.74112	21.112698	5079.881199121475	37.07942482676819
138	2076.4614	859.3187	3575.9834	1181.23	3230.276	5.9449105	3245.1152	3222.7986	551.0	1000.0	689999	295.65335	63.77253	377.822	-69.81085	295.65335	63.77407	376.79416	-108.16788	0.035063628	2.1628537	57.492027	-11.967171	-295.7177	22.394135	5118.23898434639	37.08868830618651
139	2556.0051	732.7682	3333.5276	1310.8419	1340.2534	12.894872	1356.0459	1317.2462	705.7143	353.1	694999	295.84305	63.596897	379.08624	-81.92774	295.8431	63.596195	379.09186	-100.48492	0.027398348	2.1814103	62.366375	-11.462438	-295.8942	21.65789	5153.921114206314	37.07856918067383
140	2025.8353	869.6214	3411.6887	1089.3043	1449.8279	64.666504	1585.982	1347.4625	562.2222	373.1	699999	295.69678	63.781437	379.1665	-135.01695	295.6975	63.77621	377.7119	-74.07502	0.022182034	2.1632748	39.651653	-12.073408	-295.75623	21.933823	5190.033209323883	37.071665797914775
141	2280.0215	950.92645	3398.8247	1227.0022	3405.773	22.10218	3434.5188	3371.6306	639.0	1000.0	704999	295.96887	63.530956	379.27264	-89.73629	295.96994	63.52603	379.6919	-120.001144	0.0089747105	2.160675	48.18658	-13.647561	-296.0292	19.78342	5227.979128360748	37.07786617380508
142	2583.183	869.16364	3506.2903	1328.4258	2457.7	631.9528	3521.6921	1842.4216	725.0	662.6	709999	295.97678	63.683907	380.5829	-75.41896	295.9784	63.672672	378.65527	-104.16932	0.054729912	2.1451402	54.495422	-11.310921	-296.0063	22.420902	5264.990498304367	37.077397890493906
143	2865.468	744.00085	3449.9756	1582.3278	3180.2622	510.69876	3412.353	1654.9197	821.6667	942.9	714999	296.426	63.438778	379.1997	-115.12278	296.42758	63.431778	379.17776	-74.455536	0.067658044	2.1652532	45.820766	-12.897152	-296.48566	20.732277	5302.999480009079	37.08391246095404
144	2226.3423	913.73065	3716.0015	1189.7057	1391.3732	43.438625	1442.5077	1303.2229	597.25	356.1	719999	296.81146	63.159317	379.35028	-158.36128	296.81177	63.154278	379.7952	-94.32851	0.04848681	2.173641	49.746925	-11.660633	-296.86166	22.12567	5338.9190809726715	37.075826966100266
145	2383.1436	745.4472	3567.1726	1578.8351	2250.7712	124.07493	2504.3208	2016.4233	642.625	563.8	724999	296.82477	63.261135	378.79538	-136.67264	296.82468	63.26143	378.33844	-108.73633	0.006868501	2.150642	41.15877	-12.031926	-296.85443	22.367613	5375.473357200623	37.07223006116933
146	1982.5027	870.70996	3516.2456	1133.2213	3338.1367	21.780018	3380.3652	3314.8843	531.3	1000.0	729999	296.87177	63.16809	380.32745	-73.20539	296.87195	63.167038	380.45145	-105.805374	-0.013047439	2.1700845	62.817806	-11.693257	-296.92023	21.287676	5413.738969564438	37.08040391419032
147	2644.5703	900.2251	3685.4434	1361.1095	1456.6923	68.57636	1539.5259	1359.4675	718.1667	370.3	734999	297.1601	63.31742	379.7231	-84.3565	297.16055	63.318012	378.99533	-120.99214	-0.017579926	2.17014	51.603405	-10.733318	-297.19888	19.519617	5449.379434585571	37.07060841151646
148	2030.6106	904.81775	3492.2068	1122.7491	2085.6133	117.8772	2265.2092	1889.9762	543.7	524.8	739999	297.67236	63.271442	381.27838	-87.38889	297.6748	63.259235	380.55017	-97.83527	0.0032605343	2.138381	51.89567	-10.820705	-297.7078	19.015371	5485.9653878211975	37.067333715993
149	2361.8286	690.92096	3547.3738	1762.6714	1572.1377	104.30072	1827.996	1448.9901	639.625	399.2	744999	297.74088	63.502796	381.16412	-168.53745	297.74203	63.49985	380.81857	-189.60747	0.021372167	2.1942708	55.97672	-12.453215	-297.7602	21.02281	5522.002948760986	37.060422487706944
150	2067.2183	653.08484	3340.8738	1307.0778	1488.7386	23.893456	1549.9445	1463.4198	542.0	385.1	749999	298.14603	63.57978	381.8939	-203.78375	298.14737	63.568	381.0833	-78.155495	0.010027697	2.1651516	58.53815	-11.618521	-298.19147	19.939512	5557.93793129921	37.052919557889304
151	2691.4612	815.2025	3491.029	1233.5016	3347.548	256.32895	3503.0571	2623.257	750.7143	956.9	754999	298.3588	63.23297	381.55734	-81.08462	298.35846	63.234367	382.9758	-82.55305	-0.0005936247	2.1888103	50.06654	-11.872406	-298.4005	21.856327	5596.340097665787	37.0618549640605
152	2226.9336	870.9456	3537.3643	1210.5593	3429.2825	45.62256	3483.1826	3348.3318	600.875	1000.0	759999	298.52335	63.113167	380.44147	-112.10683	298.52255	63.11866	380.4919	-131.63948	-0.00084710337	2.142028	43.786045	-13.867987	-298.5532	20.34904	5635.706180810928	37.07701436155721
153	2702.0286	851.21045	3539.4788	1298.7742	1674.0798	97.68216	1888.0288	1503.4783	760.6667	422.2	764999	298.6578	63.44078	384.0201	-192.36678	298.65842	63.435	383.46887	-137.1898	-0.024620408	2.1635857	51.349792	-11.266204	-298.7157	19.883009	5672.498820304871	37.07515570073346
154	2466.5234	855.80133	3543.3452	1284.4619	1220.5042	25.856548	1265.7291	1184.6941	672.375	324.7	769999	298.89453	63.576565	383.0847	-105.350105	298.89478	63.56997	383.3093	-67.046364	-0.053111363	2.1195073	39.22298	-11.705236	-298.9209	20.528728	5708.156856060028	37.065953624712954
155	1911.2998	475.53638	2873.3694	1399.497	1613.2354	140.77748	1906.523	1441.2025	499.0	404.9	774999	299.0532	63.587234	382.51163	-148.01115	299.05518	63.57676	381.40866	-88.024956	-0.048877224	2.1246502	46.340652	-10.383058	-299.07224	21.559675	5744.189936161041	37.059289924560055
156	2301.0166	965.9242	3599.1316	1431.2789	3409.6401	29.808353	3445.445	3358.0447	627.375	1000.0	779999	299.04285	63.724503	381.63123	-79.73757	299.04416	63.7236	382.5706	-110.3569	-0.03546191	2.1463625	52.693535	-11.340032	-299.05484	19.604828	5782.820004701614	37.0693590151958
157	2359.434	993.27216	3696.489	1260.5197	2637.5405	716.86316	3623.76	1910.24	635.875	681.3	784999	299.26727	63.86585	382.23877	-100.17788	299.2694	63.855915	382.13306	-146.78893	-0.0378982	2.1411784	46.881054	-12.017469	-299.2849	19.781301	5819.816632270813	37.06889576213375
158	2208.2327	806.31995	3172.0208	1135.2407	3529.685	53.689598	3627.5422	3474.4324	588.625	1000.0	789999	299.67346	63.576275	385.7201	-105.275665	299.67554	63.566364	386.40024	-80.931915	-0.06355979	2.1139655	38.02854	-12.374977	-299.70245	19.70647	5858.295608758926	37.07782032218161
159	1841.1941	854.48706	3594.7595	1085.3843	3081.61	724.6587	3742.5017	1626.6392	509.2	801.5	794999	299.76132	63.784203	382.58752	-97.47701	299.76196	63.779415	383.024	-98.103676	-0.022980861	2.1345809	61.687874	-11.219946	-299.75525	20.106148	5895.858641862869	37.080871974897086
160	2505.9512	942.75214	3643.3691	1273.7863	1422.5281	54.24697	1544.6772	1364.3125	678.7143	360.8	799999	299.82608	63.78173	383.47952	-171.27916	299.82925	63.76583	383.61713	-115.42684	0.00077319733	2.1896918	65.344604	-11.064739	-299.8337	20.46987	5931.678822278976	37.07299265116453
161	2038.0616	822.61273	3564.137	1077.8613	3471.8086	50.979214	3526.479	3347.8904	538.7778	1000.0	804999	300.05487	63.34813	386.08755	-117.320175	300.05457	63.351578	386.76135	-143.1285	-0.00484086	2.198098	50.935905	-12.01616	-300.07126	20.666807	5970.040620565414	37.08099765807205
162	1812.0194	815.7121	3451.4688	305.33154	1555.8774	58.250477	1641.1661	1432.8708	479.75	397.7	809999	300.04562	63.1734	387.82187	-94.80951	300.04364	63.179874	385.60242	-116.74136	-0.002274166	2.165605	43.803383	-11.396314	-300.06064	24.472868	6005.997702598572	37.07405990582925
163	1846.7338	635.21497	3264.1401	1170.9614	3427.5007	43.079296	3486.1213	3344.3718	485.4	1000.0	814999	299.83743	63.260452	385.11688	-99.36731	299.8368	63.26449	385.91803	-93.051125	-0.00564567	2.1483507	40.123646	-11.288406	-299.86557	21.24024	6044.303825378418	37.08161857230532
164	2022.755	889.4534	3751.8347	1302.9866	3064.6763	758.6782	3481.1758	1545.3552	537.6667	884.7	819999	300.12784	63.087227	387.4005	-67.356766	300.12775	63.08428	386.30252	-65.58118	-0.03901041	2.144554	59.00604	-10.8083935	-300.1443	21.106533	6082.3209817409515	37.08732307247999
165	2135.9678	933.94073	3521.2344	1284.1356	3331.2195	17.490597	3357.3486	3298.2559	589.8889	1000.0	824999	300.38943	63.289238	391.85022	-69.18768	300.38895	63.28997	387.5388	-62.685154	-0.026897226	2.1677516	53.11033	-12.445333	-300.4175	19.768126	6120.5400013923645	37.09418183818008
166	1616.5454	807.50653	3553.3186	238.50688	1308.3738	11.152413	1335.052	1293.449	435.0	339.1	829999	300.70615	63.04135	386.484	-159.41794	300.70465	63.04393	384.7084	-69.89529	-0.08934908	2.1115885	37.470703	-12.047832	-300.7179	19.460207	6156.311110496521	37.08621151906898
167	1466.8917	546.4362	2424.42	241.80634	1848.2565	138.42946	2118.6626	1638.9388	385.33334	457.5	834999	300.75598	63.184315	386.55588	-71.91541	300.75577	63.184917	384.89246	-98.70198	-0.031027934	2.1362472	35.3033	-10.502158	-300.75412	21.912516	6192.732238292694	37.0822289860891
168	2008.7717	983.9088	3633.604	1138.6349	1291.9001	19.749231	1329.4717	1250.6542	537.1	333.0	839999	300.87695	63.05532	387.51495	-98.06007	300.87747	63.054928	385.05865	-70.96432	-0.038144175	2.1374013	41.954	-13.052452	-300.88986	22.495615	6228.6775023937225	37.075461336544585
169	2475.1494	814.77014	3628.4802	1149.8928	2568.791	387.01312	3100.0806	1898.344	653.0	661.9	844999	300.68317	63.037308	388.62967	-89.92976	300.6827	63.03624	385.98767	-105.27062	-0.06536424	2.1185396	45.884083	-10.589779	-300.6801	20.08647	6265.872161626816	37.07616664813115
170	2606.9648	823.3303	3543.4268	1630.0417	1274.8152	24.993504	1327.518	1242.6398	709.8571	329.7	849999	300.527	63.29333	391.31818	-109.37496	300.52594	63.29971	386.32806	-114.01679	-0.08482959	2.143566	51.988434	-15.094178	-300.537	22.811882	6301.664649248123	37.068615595032185
171	2231.099	880.0052	3550.3628	1154.636	3420.371	54.062344	3464.1782	3312.7717	601.1429	1000.0	854999	300.669	63.382175	386.7155	-121.80219	300.66946	63.3748	384.41156	-82.83696	-0.07653694	2.1436064	47.247414	-12.272427	-300.6677	20.15662	6339.850564479828	37.07514950964186
172	2273.8975	907.01013	3773.0725	1230.0588	1749.0186	235.18271	2357.0256	1587.5604	596.2222	433.3	859999	300.95966	63.496147	388.9024	-124.442184	300.9599	63.496586	389.24124	-134.87747	-0.08652836	2.117113	36.155025	-11.529485	-300.95676	20.842821	6376.30188369751	37.07152259349823
173	1808.6992	800.3361	3505.3845	1049.7494	3438.6594	64.861404	3537.8623	3310.1897	480.0909	1000.0	864999	301.1644	63.513348	388.4328	-97.9279	301.16394	63.518692	389.31146	-97.087036	-0.11783972	2.1076903	51.76247	-10.853958	-301.20123	19.01118	6414.7060005664825	37.079225449203754
174	2044.3794	704.48114	3138.3833	1255.0079	1437.3615	81.383804	1588.957	1324.6448	547.2222	371.2	869999	301.53857	63.417587	389.94882	-101.26664	301.5385	63.419662	388.89224	-93.93281	-0.1290083	2.1061764	41.42441	-11.46427	-301.5431	20.960432	6450.804008960724	37.07358626935674
175	1512.1738	648.3842	3486.413	850.80695	1841.6207	619.7297	3558.7153	1287.7686	404.3846	475.4	874999	301.4879	63.477947	389.17035	-159.52731	301.4881	63.478798	389.37784	-120.36746	-0.066910714	2.1364481	44.470856	-12.88893	-301.47086	21.639853	6487.012494325638	37.06864283697946
176	1846.6602	628.70703	3395.3005	1203.1571	1424.8766	43.46496	1512.9939	1364.4144	473.4	370.1	879999	301.45004	63.793606	390.5547	-81.271866	301.4506	63.791473	389.92264	-81.780045	-0.09124314	2.131088	45.789608	-11.704264	-301.43384	20.42199	6522.950346469879	37.06221788986163
177	1327.6497	262.97375	2105.5913	1043.3777	1439.3982	82.29834	1586.2783	1335.5144	349.2857	369.0	884999	301.5171	63.811882	388.2085	-93.21784	301.51727	63.80887	387.2924	-88.48252	-0.09918901	2.1356497	66.74602	-13.608103	-301.507	21.999971	6558.8738622665405	37.05578454335531
178	1771.1864	650.1904	3139.0583	1197.6147	1205.4397	16.45139	1235.4412	1184.4521	462.72726	311.3	889999	301.6277	63.941956	388.57474	-159.38286	301.6275	63.943344	386.72272	-81.174835	-0.05524611	2.1203732	37.480003	-13.061459	-301.61682	20.961988	6594.6368980407715	37.04852191116033
179	1594.5468	716.8557	3083.2747	929.4631	3440.2551	237.61081	3769.7388	2802.138	424.5	956.2	894999	301.62073	63.966618	391.4634	-92.35145	301.6206	63.969234	394.7939	-97.23885	-0.041199848	2.1385796	62.613815	-11.790412	-301.62057	22.547022	6632.614922046661	37.05371465896095
180	2167.487	372.85477	2803.3408	1708.2517	3492.4324	42.568565	3542.3774	3412.4702	571.44446	1000.0	899999	301.4925	64.175514	390.453	-81.768135	301.49197	64.18135	389.77127	-70.970215	-0.030875733	2.135775	61.255863	-11.082391	-301.49725	21.792612	6670.965128183365	37.0609173907174
181	1744.2311	601.718	3033.1748	1085.592	3489.0632	17.941057	3521.4104	3455.1467	455.4	1000.0	904999	301.61096	64.126976	388.59918	-138.83508	301.61093	64.12623	387.5316	-96.09739	-0.07658233	2.1513705	43.33368	-11.196037	-301.5873	18.289974	6709.975729703903	37.071689126241274
182	1784.509	644.5165	3425.082	1187.1895	3035.1177	708.45984	3704.3489	1999.8346	474.63635	813.3	909999	301.52432	64.13431	391.4479	-78.08896	301.52383	64.13457	390.90717	-148.67847	-0.03240182	2.150753	48.711983	-12.628152	-301.51672	23.346828	6747.581209897995	37.074622044196495
183	2036.9858	487.84964	3131.3962	1343.5818	1705.471	112.15193	1939.579	1596.4211	526.8889	436.8	914999	301.78546	64.14088	393.13098	-114.08931	301.78583	64.143074	390.32773	-81.83415	-0.04647645	2.148695	56.851017	-14.45796	-301.76645	21.693825	6783.648239374161	37.069116073879385
184	2836.6868	644.8231	3563.7253	1872.4152	3463.6157	12.244968	3477.9434	3438.8657	794.6667	1000.0	919999	301.53232	64.26295	391.50815	-114.895515	301.53253	64.25823	389.0892	-80.28743	-0.025233846	2.1561995	55.75357	-14.16148	-301.4946	21.594057	6822.016534805298	37.07617683384729
185	2095.1196	792.40857	3537.0764	1283.2185	1728.1302	200.45236	2020.5903	1311.1168	561.8889	436.7	924999	301.70056	64.03882	391.65643	-110.377014	301.70108	64.036575	391.03748	-114.5975	-0.04345495	2.1323047	47.205177	-12.8949585	-301.69925	21.48081	6858.399972200394	37.07243229247428
186	2117.8884	670.54156	3358.4048	1577.6862	2451.6262	746.28754	3562.99	1651.2467	568.0	629.5	929999	302.09442	64.13773	388.81802	-110.54865	302.09558	64.12952	389.5902	-103.40276	-0.018296037	2.125378	46.147152	-11.681018	-302.0924	20.191713	6895.422764539719	37.07216541228756
187	2526.073	1030.1943	3607.4353	1328.093	1290.0964	55.63731	1391.6648	1225.2845	678.8571	344.5	934999	302.7492	64.0118	392.17633	-110.62526	302.74948	64.00679	391.4853	-123.878204	-0.040967252	2.1457648	50.46913	-12.776576	-302.736	18.273462	6931.7758004665375	37.06831979879083
188	2471.5286	826.76196	3703.6755	1291.3822	3501.4194	48.26923	3583.8984	3421.3284	646.1111	1000.0	939999	302.61838	64.171104	393.37595	-97.12172	302.61865	64.1721	394.62747	-94.89197	-0.06311598	2.1396966	37.91747	-10.788004	-302.57724	22.119219	6970.354532957077	37.07635390885333
189	2047.7487	853.48303	3524.9814	1237.8522	1877.6898	204.59001	2178.7998	1553.8457	537.2222	469.7	944999	302.4299	64.47967	392.96768	-85.73864	302.4299	64.478615	392.45724	-69.84596	-0.10031798	2.1580606	47.752457	-11.895395	-302.3979	20.74975	7006.844978570938	37.07325386496448
190	1890.9802	811.33765	3749.4192	1211.3384	3533.2827	291.25986	3658.719	2661.0732	502.6	966.1	949999	302.58917	64.60981	391.3428	-89.96413	302.58896	64.60932	391.42447	-87.61035	-0.08694319	2.1537042	35.605156	-11.047529	-302.58398	21.227938	7044.714445590973	37.077444461772316
191	2146.4	938.3718	3818.4346	1185.478	3492.4526	20.265097	3524.3167	3464.6028	573.75	1000.0	954999	302.94727	64.47257	392.60364	-95.80094	302.94818	64.46971	392.42044	-92.056885	-0.038247406	2.1267312	34.69107	-12.9008465	-302.91254	20.388834	7083.133605003357	37.08446914612935
192	2318.5737	951.8557	3550.8237	1213.6765	2822.8452	450.92227	3622.3667	2280.4067	643.125	756.5	959999	303.17535	64.3104	394.2439	-64.97223	303.17502	64.311264	392.72568	-68.03787	-0.02793675	2.1531315	84.50096	-12.487865	-303.1494	22.55819	7120.38410115242	37.08533387134472
193	2763.4783	817.30554	3712.598	1455.6881	1312.8158	11.190704	1322.7089	1287.7847	745.2857	347.9	964999	303.1065	64.30037	395.3724	-124.92924	303.1078	64.29636	394.036	-125.03224	-0.03192456	2.1423676	64.988495	-11.057217	-303.093	21.938473	7156.021810770035	37.077833225072354
194	1824.0171	661.9432	3600.6707	1144.8419	1678.1227	124.18835	1941.4269	1554.9227	467.72726	421.6	969999	303.29166	64.36328	393.64523	-65.6765	303.29147	64.368225	392.15558	-55.620605	-0.010345214	2.149585	35.085552	-11.19509	-303.2591	21.05412	7192.083020925522	37.072592901200366
195	1907.2705	752.18805	3748.6326	1323.2719	1598.3135	60.237156	1676.3474	1459.62	498.4	401.7	974999	303.49185	64.30898	393.80905	-111.97684	303.49207	64.30129	392.1396	-87.55808	-0.06805384	2.1290555	36.332905	-10.650136	-303.44	18.986872	7227.969290971756	37.06650919547448
196	2280.892	682.3585	3518.6267	1399.8105	1409.824	135.11871	1777.6746	1265.1473	602.25	363.0	979999	303.46365	64.51319	397.65967	-110.8696	303.46454	64.51024	392.88757	-79.754875	-0.031322207	2.1409216	48.657703	-10.96136	-303.4347	21.524933	7263.332365274429	37.05781819990703
197	1895.7019	752.1641	3503.359	970.52026	3277.771	15.347992	3302.3826	3255.5776	499.9	1000.0	984999	303.78656	64.46004	394.5253	-89.751884	303.7864	64.46164	393.96213	-112.139305	-0.073352404	2.1003673	34.640438	-11.566204	-303.7556	19.538692	7301.665468454361	37.06429172893466
198	1828.6547	792.46234	3795.2603	972.49524	2250.6875	901.638	3702.2903	1555.8678	487.0	599.0	989999	303.7015	64.42835	395.76288	-88.132	303.7015	64.42861	395.18588	-136.27745	-0.064671524	2.136952	33.750835	-12.338772	-303.6577	20.008625	7338.390629053116	37.06257894424477
199	1800.1714	569.02875	2864.7148	1102.9064	1463.5902	105.77568	1679.1096	1320.7742	472.45456	379.8	994999	303.70074	64.70298	395.2408	-89.89251	303.70084	64.70103	394.97964	-84.2354	-0.028081916	2.1346846	40.73016	-12.220696	-303.66586	20.697926	7374.180215120316	37.05618199511389
200	1866.6609	666.4878	3321.5215	959.51	3192.1216	1057.9517	3581.8276	21.688684	494.3	902.1	999999	303.74368	64.68457	396.63275	-93.868324	303.7453	64.68147	396.18942	-153.75603	-0.05269107	2.1427934	56.94407	-10.555749	-303.70074	19.510462	7411.962719202042	37.05981360673904
