Epoch	AverageEpRet	StdEpRet	MaxEpRet	MinEpRet	AverageTestEpRet	StdTestEpRet	MaxTestEpRet	MinTestEpRet	EpLen	TestEpLen	Time Steps	AverageQVals	StdQVals	MaxQVals	MinQVals	LossPi	LossQ	Time	AVG Time Per Epoch
1	21.81188	24.199781	174.41861	5.0433326	12.75067	0.102808595	12.87819	12.549766	23.842106	11.0	4999	24.106815	22.686213	136.06555	-72.690475	-29.31011	7.30766	27.99015235900879	27.990154266357422
2	16.94885	13.625503	124.091934	5.836363	167.45633	1.1841402	169.5586	165.9823	21.412018	86.2	9999	305.2005	262.846	2297.5876	-449.69318	-370.24533	1441.6829	62.89188742637634	31.445944666862488
3	130.8087	82.38544	223.28635	5.4060917	223.04163	6.188692	238.53877	216.51625	72.54412	130.9	14999	1491.2057	780.6789	3983.6858	-960.9622	-1671.3594	35846.184	99.64559435844421	33.215198834737144
4	195.8789	32.76853	233.83684	47.909363	200.55074	8.2527895	213.58514	190.3621	111.73333	114.0	19999	2059.1538	908.7995	3770.1272	-1524.6709	-2246.5051	34339.64	136.28603887557983	34.07151013612747
5	191.47534	39.02878	248.88779	22.974583	173.585	6.7875643	184.23102	162.88669	96.82692	94.3	24999	2338.1218	1120.972	4034.0518	-1613.5688	-2539.6768	36957.0	172.69257402420044	34.538515138626096
6	70.26057	86.51062	434.44775	0.25954664	55.22935	43.46657	178.50044	27.764238	66.48	70.4	29999	2401.9094	1178.6444	5299.3867	-3043.8877	-2602.745	56138.938	209.40249633789062	34.90041637420654
7	161.342	53.71986	224.25017	2.5056956	222.2568	21.273945	284.7211	207.37381	88.333336	106.8	34999	3174.9358	1454.5286	6116.5093	-1599.6775	-3403.2888	94698.79	246.60974192619324	35.22996343885149
8	243.78902	132.7105	864.2357	92.78293	1062.9465	13.328584	1096.0089	1048.52	138.89655	1000.0	39999	3898.0627	1869.5361	6966.4175	-14038.16	-4178.8433	118950.46	287.4158606529236	35.92698287963867
9	441.63223	317.0607	1056.0474	150.62099	529.9258	43.620808	619.6834	480.56235	333.94116	358.1	44999	5011.0713	2103.4167	8437.763	-3043.0042	-5353.5034	157688.25	326.2950518131256	36.25500596894158
10	504.11676	111.97367	773.58875	347.51746	829.6144	245.74547	1126.0104	405.90872	327.3125	731.5	49999	6227.4316	2320.346	9766.094	-6844.0054	-6604.083	190334.8	366.6661546230316	36.666615676879886
11	270.8024	227.68567	953.22614	14.597476	457.79922	153.55049	811.87787	258.449	208.58333	363.4	54999	6737.5327	2487.624	10581.341	-7728.7173	-7099.014	204820.61	405.1395843029022	36.830871473659165
12	141.7426	236.33365	974.9712	11.877978	923.0173	172.04924	983.31146	406.90155	159.44444	942.9	59999	7034.1113	2570.5518	10659.162	-3801.7961	-7386.029	230516.4	446.33504247665405	37.19458705186844
13	307.00894	278.26755	1011.12286	26.939966	330.4897	130.66185	707.3669	252.01888	237.5	218.0	64999	7442.7935	2597.8994	10779.743	-4583.2583	-7785.165	217021.67	484.72122263908386	37.28624807871305
14	278.59283	59.430588	463.40768	174.88786	286.06006	20.164669	306.5148	240.34541	157.84375	170.5	69999	7683.852	2753.1016	11821.977	-4974.4966	-8023.2993	225374.4	522.6064014434814	37.329028844833374
15	369.74286	172.09004	872.57385	191.03761	747.39343	322.36057	1126.5055	316.5305	258.22223	641.1	74999	7814.6	3034.4985	12809.13	-7706.6455	-8140.528	215415.66	562.3175802230835	37.48783882459005
16	523.6897	193.41759	872.59656	220.25746	736.2052	226.30371	943.79645	353.01904	418.27274	723.0	79999	8185.039	3179.3237	14181.962	-5274.3374	-8513.341	211908.67	602.9235455989838	37.682721734046936
17	512.6722	193.3371	936.55774	166.60263	374.70404	135.48653	696.9774	201.84932	382.93332	223.3	84999	8335.504	3220.9958	13962.098	-7379.941	-8640.677	203613.08	640.9187498092651	37.701103056178376
18	316.7013	152.14923	710.8248	87.05902	279.7177	144.39743	570.6214	113.973526	186.12	212.7	89999	8110.6274	3304.347	13842.16	-6472.334	-8395.788	185100.66	678.9462385177612	37.71923557917277
19	359.1269	203.15668	811.5188	23.564041	1000.22644	100.78106	1104.1311	709.45874	250.11111	968.3	94999	8069.7925	3314.537	14224.337	-5710.5625	-8369.167	206531.16	720.4208788871765	37.91688848796644
20	756.5807	415.14145	1567.3004	208.84233	394.22476	171.80362	719.4208	186.56966	532.0909	229.0	99999	8453.772	3305.1501	14174.083	-8531.779	-8754.52	209378.53	759.0217642784119	37.95108833312988
21	414.92328	313.05756	1230.6816	164.13657	1169.2251	381.66235	1727.0255	569.17285	269.125	689.5	104999	8615.342	3329.0159	13843.126	-6820.738	-8912.574	246244.45	799.2241156101227	38.05829133306231
22	976.3864	338.00516	1337.1918	362.135	387.34546	84.88765	583.08636	312.39215	632.0	221.7	109999	8750.16	3267.19	13805.942	-7138.426	-9046.87	222127.11	837.0143003463745	38.04610465873372
23	542.9854	175.6919	779.64386	235.8748	785.0802	310.7578	1188.8927	62.810234	402.08334	763.8	114999	8740.033	3059.3296	12965.178	-12074.722	-9040.385	222767.75	877.7334625720978	38.16232456331668
24	596.1165	251.84903	1132.3124	377.64676	359.15912	165.8372	846.2452	283.51825	424.0	159.7	119999	8921.409	2970.8696	12922.269	-7063.738	-9220.626	224956.36	915.9920814037323	38.16633682449659
25	299.77405	86.87849	703.46356	86.7526	301.8572	60.351635	371.50427	161.56514	153.4375	148.8	124999	8833.937	3053.841	12900.934	-6738.7896	-9119.067	201390.14	954.4669361114502	38.178677539825436
26	361.70135	188.0705	984.6137	156.78345	415.08154	135.02945	564.5054	47.940926	215.78261	444.8	129999	8459.336	3136.4841	12552.167	-6472.6104	-8721.856	185451.23	993.6050388813019	38.21557850104112
27	250.7946	276.8448	985.2572	25.480007	968.15564	300.3468	1182.3462	287.59384	260.3889	823.3	134999	8164.079	3058.0488	12156.278	-11836.933	-8407.94	192711.81	1034.8963446617126	38.329494326202955
28	634.88165	314.57825	1239.5787	169.43706	295.10577	221.96112	696.0399	137.1545	451.5	200.3	139999	7925.172	2963.5486	11886.018	-7924.097	-8178.4097	187271.48	1073.0393109321594	38.32283260992595
29	429.34943	344.20978	1457.0222	62.917038	351.28503	87.81988	490.31085	220.91127	308.6875	174.3	144999	7812.839	2969.6418	11892.681	-8118.346	-8048.468	184396.75	1110.972648859024	38.30940176700724
30	84.18906	213.46936	944.1622	8.000108	982.7345	2.91345	987.6694	977.77014	93.0625	1000.0	149999	7510.398	2816.2559	11891.897	-8165.58	-7738.5566	195572.38	1153.0413751602173	38.434712592760725
31	849.6948	223.96132	1049.194	412.36414	123.977234	157.3657	588.8265	55.956497	783.0	107.1	154999	7266.195	2726.4768	11381.197	-5444.5767	-7497.519	212602.11	1190.5080380439758	38.403485175101984
32	579.9272	304.75775	992.77277	67.28353	1149.5349	22.695717	1201.8433	1119.7853	557.1111	1000.0	159999	6983.255	2549.1255	10715.457	-6577.845	-7199.395	182904.98	1232.7686672210693	38.52402091771364
33	360.93207	243.4567	821.82196	54.79511	201.14049	94.027214	355.39423	59.899258	302.35294	156.0	164999	6598.7793	2357.379	9897.648	-7311.5923	-6792.4434	163728.72	1270.8781130313873	38.51145805012096
34	287.89246	255.77461	1039.086	43.379074	347.18982	217.2168	772.206	52.411877	233.77777	230.9	169999	6212.882	2172.107	9514.472	-5874.1675	-6391.236	149156.25	1309.406842470169	38.51196601110346
35	720.14575	448.1807	1608.4701	127.42761	509.16187	391.77716	1262.2665	70.59239	476.83334	412.8	174999	5819.2876	1988.4285	9061.852	-5741.3643	-5975.435	107592.3	1348.7267851829529	38.53505106653486
36	953.17053	223.59494	1245.6241	613.64044	1041.9193	3.2261019	1048.8066	1037.4547	732.7143	1000.0	179999	5443.246	1875.1862	8781.999	-4448.1978	-5587.7056	90096.14	1390.6249935626984	38.62847210963567
37	813.34735	320.98294	1043.4359	183.63922	899.2282	231.39844	1053.3619	281.20285	802.0	873.5	184999	5165.861	1762.7206	8086.0767	-4090.2065	-5301.035	75714.984	1432.151151895523	38.70678795994939
38	448.07144	326.62494	1007.33594	66.21715	598.6432	453.5462	969.6769	25.555857	478.2	631.4	189999	4850.717	1638.8501	7680.708	-4182.9937	-4975.7104	68617.945	1472.5417556762695	38.75109889632777
39	126.06848	288.87668	970.47656	5.145401	175.63559	265.27536	969.36957	70.82563	145.13513	208.6	194999	4537.2065	1507.6921	7276.1523	-4254.285	-4659.183	66082.39	1511.5271773338318	38.75710716614356
40	148.9115	174.63799	722.04974	6.893915	604.15314	486.7929	1562.0138	82.558426	164.81482	397.4	199999	4304.063	1366.3218	6734.694	-3442.8196	-4417.244	61080.46	1551.0099687576294	38.775249272584915
41	750.9251	260.5163	1140.7896	425.15866	1024.0212	0.699688	1025.1508	1023.0761	595.625	1000.0	204999	4141.2705	1257.0245	6226.344	-3413.1555	-4254.3774	56733.883	1593.3159697055817	38.861365172921154
42	1032.4949	17.211061	1061.76	1013.1902	929.0822	225.46852	1049.7773	420.21585	1000.0	865.8	209999	3980.527	1202.4095	5758.2144	-3867.004	-4084.0728	48327.83	1634.6868567466736	38.92111568223862
43	548.0413	422.3914	1213.4584	4.712085	282.53308	119.709015	519.7051	118.58649	448.0	148.6	214999	3756.5466	1177.812	5340.6587	-6144.2925	-3859.3777	46637.883	1673.3679687976837	38.91553421353185
44	572.937	311.5788	1151.9658	215.35736	980.1118	301.89883	1288.7286	323.23285	471.7	724.4	219999	3578.8152	1129.6787	5097.703	-3369.7104	-3676.6436	45114.645	1713.8404116630554	38.950918501073666
45	676.3611	363.80072	1200.9021	57.44017	584.42584	327.1162	994.92303	185.28885	571.1111	694.8	224999	3389.2893	1024.2798	4816.8936	-6741.504	-3482.78	41357.805	1754.2691669464111	38.98375930786133
46	231.83139	192.8748	810.6805	45.63681	558.2778	268.57602	1119.6615	192.87047	228.09091	327.3	229999	3273.6106	951.02673	5122.8945	-2895.219	-3357.424	37420.68	1793.4421982765198	38.98787392222363
47	584.10486	264.09592	1066.2854	79.06911	676.04584	290.10312	1152.2369	139.49657	288.375	726.8	234999	3066.2454	883.36896	4951.109	-3571.6785	-3145.9028	36268.074	1834.152491569519	39.02452114795117
48	756.18976	159.3986	933.23224	488.19815	970.27844	0.6659334	970.99725	969.1734	784.6667	1000.0	239999	2950.413	865.0601	4284.815	-6085.7627	-3028.5532	29829.6	1876.5351655483246	39.09448266029358
49	912.2413	130.93962	993.39484	622.86725	996.57294	4.372873	1006.96246	990.22833	941.6667	1000.0	244999	2889.9255	860.3835	4157.2344	-5134.3677	-2964.933	25979.836	1918.371353149414	39.15043582235064
50	587.26807	411.3369	1173.6493	130.72298	511.71933	428.4545	1081.705	88.34866	550.55554	495.4	249999	2802.79	827.3311	4066.9666	-3980.7615	-2873.8977	22654.816	1958.2853581905365	39.165707206726076
51	804.62317	369.0364	1108.8052	241.83586	914.0912	321.5045	1175.7012	147.91017	650.25	776.7	254999	2710.0771	804.0572	3971.9004	-3647.6953	-2778.0159	22056.47	1999.0392639636993	39.196848359762456
52	679.6179	491.58353	1488.1542	73.9855	1030.4899	1.057631	1032.2252	1028.3153	530.55554	1000.0	259999	2606.9841	757.48364	3728.5364	-3056.4685	-2669.991	20796.338	2041.277978181839	39.25534578011586
53	891.8342	198.22005	1041.0488	606.15546	858.52185	227.04897	1057.4629	459.69534	753.0	645.1	264999	2514.7842	712.24445	3426.8672	-2775.7493	-2576.248	17996.326	2081.5968379974365	39.27541209166905
54	619.1889	392.96854	1034.0643	91.471886	1089.1747	14.140418	1114.7855	1074.0623	593.44446	1000.0	269999	2400.669	666.06946	3489.6348	-3132.5942	-2457.1362	18399.273	2123.626500606537	39.32641671763526
55	367.6366	321.52567	1216.8301	47.416138	370.90475	111.42472	591.9422	135.23888	178.46666	135.3	274999	2256.5774	625.13556	3399.484	-3311.1958	-2309.7183	16377.008	2162.2207958698273	39.313105422800234
56	373.8483	270.65518	1008.87317	43.559063	1009.2835	0.77571875	1010.5954	1008.04865	214.7	1000.0	279999	2132.8008	614.34485	3255.2773	-2428.1384	-2181.9312	15204.502	2203.7566289901733	39.35279698457037
57	566.9354	370.9827	1204.4814	101.61547	434.7964	204.27809	824.0916	244.41005	318.7647	192.4	284999	2067.2534	597.0955	3103.0664	-2174.8071	-2116.0789	14342.01	2242.474373817444	39.34165572701839
58	653.61536	210.44861	1149.0023	247.8132	782.00415	241.35022	1064.4426	157.77313	259.9	295.7	289999	2026.9882	595.93713	3112.1108	-2397.8481	-2077.0288	14408.269	2281.1975066661835	39.33099153124053
59	682.3732	297.1583	1352.7313	161.6861	742.1255	186.6512	1006.02057	385.48575	281.88235	322.7	294999	2023.7247	623.49554	3082.8298	-1652.9534	-2074.4016	14086.232	2320.3802194595337	39.32847833229324
60	801.5592	187.95537	1254.792	481.53354	1020.5394	0.5552995	1021.40576	1019.623	380.6154	1000.0	299999	2029.336	656.5656	3146.5461	-2525.702	-2077.3733	13258.021	2362.985454559326	39.38309095303217
61	1027.6075	428.2729	1569.9143	21.722937	469.0208	367.6259	1391.4003	121.18483	572.7778	257.3	304999	1935.5381	624.1355	3194.3718	-2348.033	-1976.5905	12080.072	2401.268200159073	39.36505250461766
62	826.36084	547.2228	1904.2626	12.7058735	1032.0568	101.06086	1223.4474	842.78156	357.14285	765.9	309999	1807.3612	590.3553	3032.1743	-2722.7808	-1845.7808	10595.852	2442.7214193344116	39.39873260451901
63	593.7674	351.9276	1028.3308	93.49104	220.0104	400.73627	1021.55444	18.55358	512.8889	214.3	314999	1711.7917	554.85114	2782.7073	-2432.6848	-1747.9432	10365.9795	2481.211477994919	39.38430921615116
64	638.05035	287.20413	1033.0277	163.54845	861.95654	233.75647	1103.1602	442.0265	487.0	775.1	319999	1644.1957	531.5858	2824.1582	-2847.2627	-1682.4678	10164.742	2522.516238451004	39.41431625932455
65	587.0252	254.35098	1025.6978	317.36844	1029.5571	238.03847	1651.7439	725.8436	526.55554	894.3	324999	1634.4713	535.1652	2763.6785	-3350.0332	-1671.4293	11025.032	2563.98468708992	39.44591830326961
66	958.8302	422.78305	1763.6655	432.8585	83.84174	3.5607882	93.61039	80.4757	674.7143	58.6	329999	1569.6775	515.0416	2576.6685	-1792.2095	-1604.5298	10183.843	2602.0452740192413	39.42492843396736
67	622.54987	513.90576	1645.3323	84.389984	229.74622	25.843138	269.75348	187.76778	379.73334	187.7	334999	1576.8627	524.81085	2510.9773	-1598.7031	-1614.165	10165.248	2640.6631038188934	39.41288217857702
68	503.9615	190.99449	969.95526	222.30286	540.8485	111.79485	698.2571	304.30832	282.44446	259.5	339999	1501.5458	501.1323	2314.4202	-2306.946	-1533.5142	9204.174	2679.257255792618	39.400842028505664
69	591.08575	293.01163	1034.4121	266.93796	811.83624	319.29944	1354.0016	99.35201	440.27274	412.8	344999	1435.6251	464.0214	2171.903	-1985.3186	-1466.3848	8723.459	2719.0297865867615	39.40622882912125
70	504.75864	361.04282	1150.1809	24.0116	432.77597	309.75174	966.09814	112.792725	387.46155	620.0	349999	1345.7242	435.35928	2140.7292	-1594.3391	-1373.3624	7188.608	2759.769362449646	39.42527664388929
71	201.8787	260.87527	1042.9642	9.588202	206.52791	203.42384	548.4778	15.704672	213.33333	388.6	354999	1284.8685	409.57123	2113.388	-2944.9329	-1312.3962	6848.1504	2798.958590745926	39.421952019275075
72	325.28342	250.32379	844.6676	13.655647	94.00239	54.402622	175.48836	34.580223	453.08334	168.1	359999	1212.6147	373.53616	2049.1833	-3355.904	-1237.7675	6043.718	2837.6523327827454	39.41183799174097
73	523.47107	224.78151	824.7073	257.7043	896.4498	213.90892	968.3804	254.72482	640.7143	912.9	364999	1150.539	345.34125	1977.1981	-8251.988	-1174.3156	5389.6514	2879.3993530273438	39.4438267831933
74	597.05634	362.0981	1279.9076	78.66978	331.79565	23.78609	385.2819	296.97372	472.33334	216.2	369999	1102.6449	327.53104	1883.8304	-2141.7273	-1125.7194	4860.868	2918.40767455101	39.43794158020535
75	411.2534	274.78186	1200.1078	116.52741	645.64185	396.47992	1339.2573	186.82841	185.07408	303.5	374999	1081.7068	319.6092	2101.7798	-1747.7856	-1106.2654	5135.412	2957.315894126892	39.4308786201477
76	689.04724	468.7523	1741.8881	231.12166	731.5985	484.06647	1960.3846	255.72128	336.4	422.0	379999	1102.253	321.13104	2219.6987	-1925.2247	-1127.1392	5521.7246	2997.064547777176	39.43505987054423
77	602.5731	363.94592	1326.6431	168.4081	430.11905	367.2633	1065.1388	50.378998	277.8125	174.2	384999	1095.3842	315.6084	2233.8806	-1501.4968	-1119.3491	5176.6826	3036.240795135498	39.431698842482135
78	1093.6246	518.4156	1997.3468	438.91562	1454.6746	570.35455	2637.772	621.0907	457.58334	565.1	389999	1097.5605	313.95154	1826.5203	-1455.872	-1122.2458	4835.3706	3076.1748201847076	39.43813875088325
79	963.3079	327.01666	1422.2034	437.9565	583.7887	116.228645	710.9058	349.37024	369.53845	224.8	394999	1105.2701	325.2772	1733.9685	-1322.3712	-1129.8287	4835.7583	3115.1682369709015	39.43250936194311
80	669.91437	337.88434	1244.4609	63.24003	66.08044	2.5002768	70.574974	63.17054	250.2381	46.6	399999	1075.257	330.9599	1790.0138	-1565.0245	-1097.1222	4418.823	3153.111350297928	39.41389190554619
81	468.11234	279.80405	1242.5797	43.080215	1372.0269	586.0813	2467.9038	787.63556	192.84	477.2	404999	1035.3251	325.5916	1909.4482	-1736.2922	-1056.919	4321.9614	3193.014422893524	39.41993117626802
82	997.5763	505.90158	1956.8062	231.86671	1278.8123	404.79886	2435.0664	1021.1601	368.07144	469.0	409999	1007.06555	327.07175	1718.9532	-7131.1187	-1028.0818	4011.0732	3233.2121443748474	39.42941642389065
83	1187.4863	605.97394	2653.2327	640.9972	1148.8069	474.88318	1853.5461	335.35184	468.8889	447.7	414999	975.8586	327.83627	1608.6353	-3418.274	-995.6948	3664.952	3272.5018768310547	39.42773348452097
84	1737.3123	601.9536	2504.5073	671.857	1654.3821	542.18634	2250.259	723.99835	726.8571	790.5	419999	936.3932	320.73352	1571.1362	-1991.428	-955.0136	3306.4905	3314.2872700691223	39.455800862539384
85	1298.4955	699.6634	2439.5088	328.96707	1146.2571	518.1224	2178.027	625.5594	611.55554	436.6	424999	902.51306	301.69153	1448.3375	-2118.5627	-921.051	3217.184	3353.7024183273315	39.45532260221594
86	944.0061	579.2793	2351.9312	299.8774	379.09485	215.923	829.88715	213.03505	435.66666	194.4	429999	863.72217	276.0879	1436.3353	-3644.459	-880.3568	2938.7974	3392.707623720169	39.45008867008742
87	784.60254	477.8741	1703.2446	241.2272	1528.7878	565.11597	2168.0051	616.51276	387.16666	693.7	434999	827.0078	249.98044	1515.7574	-1981.2139	-843.1567	2685.17	3433.4735708236694	39.465213485147764
88	949.4869	411.80444	1622.9952	228.08887	973.51416	0.5991559	974.68713	972.4841	392.6154	1000.0	439999	799.3238	236.63586	1335.9885	-1064.9519	-815.2688	2452.5251	3476.099205970764	39.50112737308849
89	1201.8015	297.51492	1716.6061	975.07587	975.0366	0.6403458	976.0408	974.143	898.0	1000.0	444999	792.8428	228.81613	1331.753	-896.0957	-809.03564	2254.9348	3518.266066789627	39.53107942891925
90	959.0332	358.57108	1718.2087	578.7944	1290.3497	649.33	2523.7812	442.20636	437.75	534.5	449999	780.4461	224.53496	1460.2744	-1294.1635	-795.7692	2226.466	3558.694256067276	39.541047316127354
91	1012.4723	616.0622	2528.8496	403.3654	1323.435	538.24713	2399.4207	642.94104	396.69232	498.4	454999	774.03534	221.82896	1499.926	-2081.9617	-789.32184	2184.9255	3598.4224212169647	39.543103558676584
92	887.6658	666.8433	2438.573	61.084866	1826.5209	688.7953	2749.7854	996.54236	347.8	687.5	459999	767.40796	220.24092	1400.0828	-1116.1881	-782.40375	2140.329	3639.3838872909546	39.558520539947175
93	806.4823	683.24426	2520.8914	117.168236	1670.3766	839.53357	2677.335	526.66394	327.46667	658.0	464999	763.4679	220.56459	1365.7994	-1081.4337	-778.5416	2107.03	3680.078637123108	39.57073806178185
94	1407.5977	803.3891	2630.583	492.25677	1441.296	442.80988	2093.0452	681.70715	504.2	548.3	469999	763.18634	224.08418	1311.4562	-1025.9136	-778.3554	2069.214	3720.0733647346497	39.57524858637059
95	802.74603	598.57825	2748.4917	244.14824	606.78845	259.53595	1260.1382	282.16904	323.5625	254.1	474999	782.6216	238.60527	1298.1039	-891.75085	-798.7407	2123.3257	3759.2008814811707	39.57053561963533
96	774.1822	348.34772	1736.8094	298.7926	934.1751	470.25183	2085.4907	363.55115	299.4375	378.6	479999	785.61566	243.91824	1297.1874	-4035.5796	-801.0976	2272.5935	3798.6801397800446	39.569584814210735
97	780.6665	437.13568	1359.8945	131.07121	739.2848	388.29678	1582.421	299.32828	337.64285	312.4	484999	767.6109	241.09601	1308.6975	-1783.26	-782.1844	2234.6475	3838.0809648036957	39.56784502255548
98	831.79	439.41827	1563.0222	129.05882	915.91345	325.85175	1679.8752	529.6734	386.0	356.7	489999	740.1008	228.5443	1321.0868	-870.4175	-753.8911	2010.0966	3877.589257478714	39.567237345539795
99	719.3827	422.58853	1527.5557	102.061295	925.61096	597.09296	2048.8984	135.2516	327.0	475.2	494999	719.58386	219.54178	1395.3013	-1185.7484	-732.9941	1960.0134	3917.4255113601685	39.56995468187814
100	943.8457	540.15265	1523.4689	66.771034	310.1438	289.2865	952.8103	115.53863	586.0	317.4	499999	705.6945	217.36548	1540.6326	-992.8341	-718.8585	1970.8268	3956.743208885193	39.56743211507797
101	212.15623	227.3713	915.62103	52.18763	93.80203	10.544612	99.23995	62.703354	200.46153	111.9	504999	707.46216	220.07352	1434.1913	-1047.3939	-721.8749	1953.891	3994.974069595337	39.554198730109945
102	190.87561	242.36507	903.835	55.174786	902.9334	379.65762	1645.76	396.82578	202.61905	625.3	509999	738.0185	229.5418	1375.7327	-1023.8652	-753.6533	2030.032	4035.976231098175	39.568394448242934
103	842.87524	549.96094	2067.358	210.3737	1091.3826	564.29596	1723.812	246.59702	509.54544	642.0	514999	750.576	230.86186	1300.062	-1310.5234	-765.73016	2035.377	4076.618720293045	39.57882255026438
104	1084.5657	285.45844	1502.6495	640.3078	1191.0046	245.18727	1592.7141	867.65924	860.6	735.9	519999	743.617	219.11327	1389.6624	-694.5334	-757.3826	1890.0406	4117.661814451218	39.59290208724829
105	852.9349	399.5242	1362.277	207.6949	1090.1119	452.09445	1645.9813	289.84668	590.4	707.2	524999	712.6711	203.71492	1156.1852	-917.0053	-725.1315	1771.5762	4158.967245340347	39.6092118876321
106	960.2017	443.11148	1577.152	412.91483	922.3503	341.56906	1725.3389	563.75336	691.5714	559.8	529999	675.4468	187.34425	1309.1063	-827.05945	-687.2563	1734.6608	4198.958721399307	39.61281814890088
107	1253.8812	656.02765	2141.8464	192.39081	1272.7555	348.7262	1962.3685	663.1752	732.2857	635.3	534999	643.36725	171.69887	1525.1711	-774.093	-654.26624	1580.12	4240.431550979614	39.630201433306546
108	750.3439	429.06946	1809.2087	226.27596	1494.2029	273.7844	1779.9944	1010.948	489.0	880.7	539999	614.03	159.5383	1267.4081	-797.4391	-624.9302	1506.1979	4282.092226266861	39.6490021193469
109	1195.0796	683.4714	2521.049	417.26205	751.6497	286.39792	1235.8586	397.555	537.44446	286.1	544999	596.05066	153.0879	1312.1934	-824.8278	-606.4986	1397.857	4321.59369468689	39.64764859698234
110	813.5362	486.5308	2369.6777	53.605736	580.3483	20.0074	612.81116	542.39185	283.8889	197.5	549999	588.7308	155.89993	1423.8682	-776.59644	-599.726	1367.7755	4360.413953781128	39.64012687423013
111	666.64795	327.87473	1215.6179	9.034932	1497.7589	706.1975	2489.457	538.4531	238.1	596.0	554999	600.5593	168.12393	1624.4102	-853.88135	-612.3846	1423.8627	4401.136414051056	39.6498776233948
112	131.95377	401.09406	2530.8706	-2.1259828	15.922447	8.508256	26.61257	8.3956175	71.39474	45.5	559999	626.3508	202.10754	2152.7249	-862.25275	-641.1712	2104.9536	4439.531941652298	39.63867807175432
113	155.24565	323.47443	992.24243	7.6058316	990.26904	0.58349234	991.601	989.43866	186.47826	1000.0	564999	998.5015	410.3118	2340.02	-1200.5616	-1038.912	5165.3545	4481.763627052307	39.661625035041205
114	698.12445	477.7103	1416.9366	75.69487	546.4668	218.82089	902.9299	287.7	450.83334	263.0	569999	1340.8035	466.4149	2339.7004	-1841.4718	-1375.0654	8445.677	4521.072878599167	39.65853404162223
115	719.8591	352.76538	1523.8281	108.84651	1026.8484	1.26525	1028.3131	1024.197	376.30768	1000.0	574999	1356.9958	437.35938	2220.013	-1188.0571	-1382.8568	7670.7144	4563.050451040268	39.678699592922044
116	572.86365	387.10257	1024.0013	86.91329	473.16153	218.11362	776.3959	61.138573	499.5	297.7	579999	1274.7852	388.87027	1988.7622	-1219.598	-1298.6226	6281.931	4602.64485502243	39.67797291073306
117	654.07367	298.9278	1447.8947	333.34476	847.2179	434.6719	1627.5597	282.3585	385.42856	448.9	584999	1226.8961	368.31384	1971.5801	-1311.488	-1250.7498	5618.56	4642.232271432877	39.677198919475586
118	702.81354	602.8084	2011.1104	221.0136	420.82294	146.29819	714.0313	218.40059	377.46155	281.3	589999	1156.6924	354.09888	1850.2356	-1205.9888	-1177.0674	4871.5176	4681.473062753677	39.67350055201579
119	670.5096	346.4466	1343.4065	273.2969	379.8097	302.00775	1094.0126	160.98962	493.1	276.1	594999	1070.0721	330.79718	1979.3243	-1214.7607	-1088.6968	4144.521	4720.857980728149	39.67107549034247
120	452.4131	357.05295	1631.2773	108.37237	151.12476	70.61403	332.74542	96.12307	285.88235	163.8	599999	988.3397	303.9032	1741.0498	-1383.771	-1005.6705	3683.817	4759.185559272766	39.659879680474596
121	224.35019	223.29945	859.7025	37.479664	41.008617	16.75164	86.63355	27.986853	209.44	124.2	604999	930.23865	278.80817	1799.0153	-1210.9542	-947.8048	3234.632	4798.006133556366	39.652943274206365
122	108.51005	80.33376	255.51514	28.868996	227.53934	128.84927	507.16803	33.403908	268.1111	295.3	609999	929.073	289.33307	1854.8441	-1040.3494	-948.1639	3326.9604	4837.573964357376	39.652245629029196
123	412.58093	277.90875	925.1823	120.794815	977.18274	1.4581664	980.0334	975.4987	492.33334	1000.0	614999	971.03864	317.20538	2007.879	-1225.8646	-993.9892	3755.7715	4879.933222770691	39.67425386304778
124	974.6532	3.1653137	979.4764	970.5512	985.56964	1.4615958	988.2745	982.77075	1000.0	1000.0	619999	1017.9367	335.50528	3338.987	-1257.2712	-1039.5029	4161.0005	4922.868106842041	39.70054926603071
125	522.12195	340.7836	1050.8745	85.31211	329.22418	21.569464	368.35583	298.69763	412.35715	152.7	624999	1082.2631	356.7064	3073.6528	-909.0659	-1107.3999	5082.513	4961.6933608055115	39.69354690551758
126	409.6124	142.9547	900.95685	212.98404	730.5617	573.5534	2052.9963	154.64514	208.34782	375.4	629999	1151.293	395.54932	2120.0273	-1053.7968	-1174.2388	5155.764	5001.592819213867	39.69518112568628
127	722.4124	388.27277	1626.166	280.08096	1377.124	420.38535	1914.2677	614.73553	421.25	820.0	634999	1045.5372	350.96735	2016.1493	-1725.314	-1062.602	4280.6255	5043.131662130356	39.70969814578379
128	1202.6487	286.12668	1735.705	999.48785	1001.6704	0.791904	1002.83124	1000.16064	1000.0	1000.0	639999	963.46515	297.21207	1757.0107	-1126.13	-979.8847	3291.5137	5086.23863697052	39.736239368095994
129	1021.40186	16.34709	1049.5468	1004.205	1021.325	1.7827706	1025.1069	1018.8966	1000.0	1000.0	644999	905.17554	272.936	1663.8346	-1048.7117	-920.0844	2784.3477	5128.325403690338	39.75446051220561
130	727.0495	443.89468	1898.4912	199.68707	709.73035	374.98947	1289.5769	198.44725	427.91666	425.1	649999	833.7114	246.70398	1325.7141	-1094.8925	-847.3039	2587.4985	5169.312282085419	39.76394064976619
131	802.4562	597.30554	2124.3127	185.78018	243.15459	219.45929	748.6481	49.243935	438.1	124.6	654999	792.58325	229.43343	1306.1676	-915.16547	-805.9116	2328.0935	5208.7330939769745	39.76132134262842
132	739.1895	734.9973	2755.2039	51.83505	1474.2408	1012.61896	2943.4478	306.29642	298.66666	533.3	659999	751.39185	220.58315	1379.1648	-1179.9249	-763.9356	2139.083	5249.829041957855	39.77143215410637
133	1090.8773	561.9954	1958.0928	194.01744	657.58575	237.5576	1143.0891	401.68445	423.83334	290.7	664999	720.2348	213.07361	1193.4886	-749.3873	-732.38043	1926.596	5289.91882443428	39.773825769137616
134	697.13135	434.09183	1867.2727	206.9546	1310.0066	670.20605	2891.429	385.69907	306.29413	517.4	669999	691.52277	203.65524	1542.9004	-1310.3763	-703.60675	1793.7036	5331.030428171158	39.783809183248835
135	908.3327	444.3802	1816.2258	227.8975	1180.1688	694.7355	2134.6094	476.63177	462.6	649.9	674999	739.6338	252.20374	2249.8945	-918.6283	-756.91095	2541.3635	5372.679486989975	39.797625847216004
136	1059.7445	269.67453	1282.7955	496.6249	1008.9164	0.8984883	1010.27545	1007.7823	634.7143	1000.0	679999	1251.8701	740.5995	3886.4712	-1369.6537	-1309.3186	10862.234	5415.649203300476	39.82095004004591
137	1016.6662	11.6077795	1035.4753	1003.6579	1162.1442	129.82756	1353.9818	976.6456	1000.0	835.4	684999	1863.3168	879.87964	3935.2566	-2957.9214	-1908.9772	17426.846	5457.775494337082	39.83777734833042
138	935.7084	357.79333	1396.937	317.71466	1114.0168	164.05739	1477.8938	943.31287	817.7143	968.9	689999	2010.0436	797.908	3699.13	-1707.8597	-2058.2454	18566.36	5500.330308675766	39.85746602044589
139	842.95734	373.19714	1402.2133	238.16385	1010.459	56.25582	1178.7743	986.3052	629.625	1000.0	694999	2054.858	781.60486	3745.1611	-2081.584	-2098.4268	17920.217	5542.660030126572	39.87525203073625
140	728.5854	299.9398	1009.76825	275.0364	435.86084	349.05417	797.3537	63.519432	683.4286	560.2	699999	2020.2546	759.4722	3608.3103	-2613.9426	-2063.0725	17074.72	5583.609615564346	39.88292584589549
141	772.6985	106.32986	932.745	639.1084	806.1859	93.708	953.31256	715.5614	861.3333	1000.0	704999	1992.2831	727.4573	3461.2307	-2646.8586	-2032.7352	15436.365	5625.971261024475	39.900505410864
142	493.77863	279.84036	889.62354	82.46789	719.24475	221.39555	871.28406	76.1841	640.0	875.6	709999	1902.4111	675.66534	3258.203	-4573.161	-1937.7701	14293.93	5668.357992887497	39.918014051209035
143	491.42963	400.29453	1184.0249	90.61043	540.9796	370.16412	1207.1053	103.51314	547.8889	560.8	714999	1757.6537	600.72833	2827.9866	-2315.9016	-1788.7864	11944.63	5709.235282897949	39.924722274700244
144	673.89307	179.85426	968.1587	435.82108	877.64	500.0765	1402.8729	338.99356	710.8571	641.0	719999	1652.3131	542.6297	2673.2278	-2032.08	-1683.3455	10160.315	5750.3493683338165	39.93298174109724
145	639.8207	427.15454	1325.5822	77.47097	1450.2172	267.79678	1760.6245	764.1525	576.55554	888.3	724999	1569.8335	497.01538	2453.788	-1582.8083	-1598.1024	9192.186	5792.593053102493	39.94891762569033
146	1298.3627	427.75433	1646.559	474.36948	926.6102	389.04858	1414.4272	251.44655	878.0	634.3	729999	1469.8098	448.11453	2278.0452	-1696.6053	-1495.5618	7844.063	5833.696465015411	39.95682511917532
147	576.72687	540.92926	1473.8538	37.93458	917.4248	339.82208	1444.8331	261.1535	424.53845	697.4	734999	1387.4976	413.27676	2072.1335	-2555.4006	-1412.1519	7059.95	5875.586043834686	39.96997310515164
148	585.4072	489.32217	1435.2567	10.185036	1387.5983	240.89067	1732.7863	974.6189	539.44446	904.2	739999	1331.1522	396.86716	2163.3	-2125.593	-1354.8622	6283.0376	5917.892539739609	39.98576041814443
149	728.3955	396.38422	1481.504	77.30673	1558.738	429.8379	2096.19	815.51825	449.0909	765.8	744999	1273.7921	368.9465	3043.1284	-2130.1443	-1296.6136	6101.7993	5959.58412027359	39.99720887689782
150	1307.0166	746.17773	2008.4158	115.834885	470.2543	261.78662	953.6422	129.262	665.75	532.0	749999	1231.0479	352.43173	3850.5596	-1572.4904	-1253.0271	6157.6655	6000.442339897156	40.00294894695282
151	342.06393	313.80597	906.3776	39.908184	546.17694	562.9714	1538.3539	82.79786	358.76923	387.2	754999	1185.5739	341.05215	3256.3042	-1569.1521	-1206.5063	5369.061	6040.684826374054	40.004535289789665
152	234.95326	198.97343	1034.9464	109.96261	236.51057	27.62465	279.34537	170.13177	151.14285	118.1	759999	1143.4979	339.73523	2730.6846	-1577.0635	-1163.4702	5079.9604	6079.430048704147	39.99625033610746
153	355.0978	449.55075	2306.527	92.51889	358.558	159.52458	728.90875	233.41997	190.07692	172.2	764999	1115.7994	337.07684	2001.0948	-1214.0906	-1136.3158	4887.244	6119.123274564743	39.99426978242163
154	585.5246	441.4961	1620.5322	198.7832	1477.8322	537.2066	2469.5977	662.8806	265.2353	565.3	769999	1147.3884	373.3884	2662.8167	-1332.3223	-1171.986	5492.247	6160.065479278564	40.0004252040541
155	1124.6097	564.9573	2010.0427	205.75241	1032.4584	1.5554931	1035.6166	1031.0573	545.6	1000.0	774999	1295.9033	467.8475	2886.3594	-1345.6952	-1325.1816	6859.323	6203.095370769501	40.01997014937862
156	1118.2607	185.46686	1487.7015	994.1734	1049.8875	1.0884278	1051.9122	1048.025	885.6	1000.0	779999	1394.5748	518.0175	2794.5945	-2246.8833	-1422.0204	6959.183	6246.333094120026	40.04059677551954
157	1042.9664	12.146751	1061.842	1024.5443	1030.1917	6.0276165	1047.6927	1026.3083	1000.0	1000.0	784999	1441.6326	525.8335	2750.1194	-1552.5281	-1470.092	7321.0986	6289.591556072235	40.0610927275032
158	951.0345	196.32562	1056.93	512.6118	1045.481	3.794161	1051.2186	1038.4099	865.3333	1000.0	789999	1453.4258	499.13104	2560.86	-1862.3082	-1481.4421	7201.5903	6332.313433647156	40.07793313943887
159	943.0053	237.97028	1062.1348	411.04843	1023.6834	6.6734776	1032.905	1011.7769	881.0	1000.0	794999	1491.3116	500.56656	2509.6147	-1239.5406	-1521.4594	7157.64	6375.425099849701	40.09701322009728
160	824.20215	320.31308	1081.895	198.98013	1056.5345	7.006734	1072.3768	1050.0105	741.3333	1000.0	799999	1530.5698	500.33008	2521.1096	-1580.6199	-1561.8591	7744.165	6418.4325222969055	40.11520328074694
161	1012.33905	70.73073	1070.0786	856.79706	985.2454	306.985	1480.0168	160.96922	889.8333	916.4	804999	1546.3281	485.83582	2526.323	-2531.2805	-1576.2184	8003.511	6461.377814769745	40.13278147300578
162	867.09766	315.76575	1256.7035	202.25163	870.9549	350.3538	1353.9838	152.20746	654.0	826.5	809999	1529.8962	460.17642	2489.5051	-4239.0073	-1558.7734	7656.1504	6503.617062330246	40.14578434861737
163	906.21356	441.2246	1395.849	268.16312	796.66156	488.33517	1592.1957	137.20029	731.75	506.6	814999	1502.6509	441.38306	2315.5242	-5816.8945	-1529.8374	7673.906	6543.727322101593	40.14556640788821
164	825.98517	479.00812	1610.844	284.93234	1108.3103	290.39697	1604.2457	627.8639	506.33334	564.5	819999	1435.2435	411.8294	2255.757	-4043.7146	-1459.5717	6801.035	6585.021048545837	40.15256738226588
165	1459.5023	112.63883	1578.0784	1313.1659	1216.3619	393.51227	1635.8909	447.15924	958.6	768.1	824999	1358.5608	384.86636	2115.6265	-5509.5913	-1382.0312	6170.4604	6626.769421815872	40.162238933100845
166	1125.6764	380.67642	1422.152	229.18443	1531.807	128.2992	1862.9541	1365.0171	760.4286	941.8	829999	1302.3529	361.10873	2117.7043	-2120.9358	-1324.0085	5392.2686	6669.351677179337	40.176817348204466
167	1220.9406	520.82654	1928.6465	516.3025	1447.7062	429.3464	1795.1221	574.74005	669.8571	798.6	834999	1245.5637	345.41763	1943.3015	-3939.917	-1266.8357	4807.9536	6711.182632684708	40.186722365681995
168	1131.3815	528.3473	1878.3987	303.72693	816.6337	392.39862	1598.855	221.91084	613.7778	491.1	839999	1187.5647	329.60358	1862.6665	-1851.3539	-1206.53	4423.647	6751.6436631679535	40.18835515067691
169	650.82214	471.6483	1710.9106	252.73396	285.9019	112.69143	569.4543	186.01714	371.15384	155.2	844999	1113.4043	305.51715	1673.4072	-1253.4044	-1130.5121	3820.6392	6791.023577451706	40.18357147690813
170	804.1531	572.798	1934.7582	23.98187	509.0252	549.6064	1602.8654	42.615437	397.76923	246.9	849999	1034.1685	283.23825	1637.5232	-2744.7146	-1049.924	3517.9768	6830.727702140808	40.1807512030882
171	818.978	671.4388	2279.1584	43.79744	1504.8694	787.6756	2792.6245	633.7085	359.92856	517.6	854999	971.4854	265.1755	1463.8411	-1563.89	-987.2296	3259.7017	6871.646440029144	40.18506691190932
172	991.47766	623.9992	2765.1938	231.71507	2291.086	675.199	2871.3137	1069.1404	387.07693	835.2	859999	924.6072	255.1141	1450.75	-928.56964	-939.2408	2916.1675	6913.305945158005	40.1936392285103
173	1935.8215	658.73157	2767.376	946.68494	1754.5789	541.59155	2775.2898	1074.9591	713.0	588.8	864999	888.6032	243.87766	1458.4937	-2633.6658	-903.1252	2649.489	6954.299439907074	40.19826267220381
174	968.6025	679.46277	2698.4421	307.63254	2004.7592	687.70526	2786.4714	797.33014	376.69232	726.5	869999	858.23376	231.80714	1358.0505	-1079.4211	-871.9374	2371.0054	6995.57542181015	40.20445645951677
175	1670.123	779.9509	2511.5564	459.4193	768.74713	417.55527	1966.4471	315.575	654.2857	341.5	874999	831.38855	225.29878	1253.0841	-1270.4764	-845.2698	2255.57	7035.298429965973	40.201705327715196
176	1217.8949	739.26953	2522.3516	318.3167	1643.5408	776.4223	2615.4983	876.09393	513.6	657.3	879999	807.895	218.16385	1231.3496	-1540.5028	-820.74335	2091.9902	7076.928253889084	40.209819636561654
177	1105.3427	986.21533	2449.8745	53.35007	1622.0674	678.9432	2452.4875	540.8362	477.4	673.9	884999	772.4767	205.50377	1522.9172	-1398.0087	-784.6518	2024.3932	7117.901180028915	40.21413097273832
178	1532.5549	768.71704	2521.7954	570.06396	1927.639	521.79474	2417.971	1074.4487	629.875	802.1	889999	744.61957	195.7266	1131.2906	-1305.0779	-756.1869	1816.9764	7159.76864528656	40.223419368936774
179	1801.4747	514.70374	2441.7722	976.42053	1514.1036	845.9849	2647.288	514.9092	785.2857	570.9	894999	706.08344	183.44528	1118.2294	-1499.375	-716.6575	1750.6274	7200.538013458252	40.2264693635802
180	1367.1978	819.73566	2313.7983	260.9643	1616.4624	737.8612	2315.2117	690.96606	621.625	696.9	899999	666.9533	171.20093	1066.8993	-1274.231	-677.0106	1556.6095	7242.230390071869	40.23461329274707
181	1523.3632	358.8362	1949.2242	1034.1082	1076.9288	19.231892	1111.8419	1056.1265	846.1667	1000.0	904999	635.06274	160.92375	1134.8713	-1315.5754	-644.5952	1419.9464	7284.661678314209	40.246749617118205
182	1465.0967	646.31195	2557.047	493.32553	1075.5753	650.4887	2050.7712	328.7504	805.0	435.4	909999	602.9711	150.63219	1141.5775	-3309.8542	-611.93915	1283.3918	7324.666229248047	40.24541885512216
183	1968.9338	915.70306	3005.47	571.2365	3076.758	33.38268	3132.028	3024.8186	718.7143	1000.0	914999	572.18854	142.24623	1138.3494	-1435.6213	-580.75757	1183.596	7366.7684462070465	40.2555652941511
184	1001.3737	866.9579	2902.9062	216.56311	1246.348	508.13177	2183.4575	545.0557	370.2857	480.7	919999	549.4852	138.37369	972.17725	-1254.3857	-557.93524	1128.0992	7407.447197437286	40.257865220308304
185	943.75397	802.9314	2715.9976	271.20276	2487.9497	804.96326	3081.1628	773.50525	373.66666	860.6	924999	534.83856	136.1005	970.8135	-748.8291	-543.0079	1066.9612	7449.452574253082	40.267311225066315
186	2596.8137	123.94897	2729.3735	2415.3132	1766.5945	890.63434	3175.0486	765.3196	932.6	579.0	929999	521.467	131.1588	892.0062	-912.126	-529.3408	993.6506	7490.364975452423	40.27077944945263
187	2052.0347	571.97003	2675.6782	1009.1418	1853.4133	701.09546	2440.9968	294.91098	727.7143	782.0	934999	509.4344	127.31365	965.9214	-1181.8429	-517.1992	958.4032	7532.099825143814	40.27860870335829
188	2089.3652	866.4471	2865.8354	247.97269	2057.322	772.50024	2682.5808	690.8135	807.5714	808.0	939999	498.92493	123.564896	1002.1334	-1107.8541	-506.4855	909.0679	7574.352588653564	40.28910952806473
189	1031.5256	959.0184	2620.3062	234.12611	389.78925	228.21017	905.51324	227.41623	420.75	198.9	944999	493.5784	122.59841	1104.1876	-1149.4518	-501.4989	878.1701	7613.392864227295	40.282501939743284
190	1194.6561	803.5709	2637.0078	226.81076	707.85455	833.76697	2849.7598	202.21382	574.375	335.3	949999	486.13535	119.15845	1024.1877	-1057.8533	-493.0603	896.4654	7653.267258644104	40.28035400666688
191	1351.942	604.233	2538.4521	567.6666	1524.3801	676.9533	2642.504	578.32965	495.9091	597.4	954999	473.37317	116.915344	981.1588	-626.796	-480.831	827.8043	7693.953766584396	40.28248046455583
192	652.6688	657.5082	2527.4487	166.337	1441.7322	1113.0731	2782.7812	230.52217	277.82352	566.0	959999	478.74844	121.51501	967.691	-802.9184	-486.284	870.9524	7734.860874176025	40.28573373208443
193	999.53595	776.0278	2899.2458	47.150948	1259.8064	701.0581	2666.2688	331.2502	380.5	472.3	964999	478.19678	121.31283	1011.6158	-913.5267	-485.6041	843.9983	7775.184144973755	40.285928223417216
194	1058.3201	599.81165	2714.0818	487.70355	666.1704	101.92493	932.44415	582.88007	374.92307	211.3	969999	487.0174	120.935585	762.22815	-1950.0272	-495.0942	836.2257	7814.874454259872	40.28285802516741
195	734.4608	244.42047	1574.8549	442.30255	1368.3136	477.23575	2437.0605	702.85565	269.29413	569.6	974999	490.65982	122.16709	719.65955	-957.6407	-498.3494	806.0147	7855.908434867859	40.28670993462587
196	1425.2727	665.3947	2620.8923	636.3971	1758.8562	752.56006	2645.9575	703.6533	546.5	662.3	979999	483.6958	119.23404	931.1436	-695.4595	-490.6598	803.1648	7897.239217758179	40.29203683746104
197	1846.0763	542.4773	2540.499	1027.9314	1009.5797	596.6805	2619.2073	583.0275	777.8333	428.6	984999	465.97577	113.03354	891.819	-925.4302	-472.4433	749.0859	7937.667193174362	40.29272687979761
198	1923.5583	778.43164	2997.4666	786.9063	1427.2786	395.75162	2157.5999	784.66016	674.375	439.6	989999	450.3131	111.73785	796.8174	-535.63025	-456.93744	730.8223	7977.952857971191	40.292691212711915
199	1024.3893	418.12347	1909.4126	566.86456	1825.2096	729.1589	2783.5696	1010.666	351.2857	651.5	994999	450.9474	114.534485	792.92255	-759.5092	-458.0987	750.7652	8019.09206533432	40.29694506271401
200	1449.3848	977.0684	2831.3313	56.66622	308.0858	768.9924	2615.0178	49.11371	511.33334	126.6	999999	450.44183	112.8535	807.6517	-1046.1957	-457.1837	700.9358	8058.179270267487	40.29089636325836
