Epoch	AverageEpRet	StdEpRet	MaxEpRet	MinEpRet	AverageTestEpRet	StdTestEpRet	MaxTestEpRet	MinTestEpRet	EpLen	TestEpLen	Time Steps	AverageQVals	StdQVals	MaxQVals	MinQVals	LossPi	LossQ	Time	AVG Time Per Epoch
1	19.176983	17.868258	127.17957	4.669013	89.50113	0.83596516	90.56903	88.20158	23.443396	49.4	4999	26.919615	28.1362	189.66338	-35.91862	-33.528744	10.6462965	24.356624364852905	24.35662603378296
2	18.391499	18.118082	176.81822	4.588218	7.2542257	0.23977391	7.693447	6.9823103	22.23009	11.0	9999	336.98163	287.95834	1478.1249	-633.07086	-410.97644	1648.0388	54.7024040222168	27.351202964782715
3	37.56509	52.43014	205.82118	-1.7277071	18.533957	5.844438	26.771534	11.35076	41.608334	51.5	14999	1223.9573	572.3325	2822.9302	-1197.4467	-1393.9512	21560.541	86.24768090248108	28.74922768274943
4	216.73677	153.5143	570.2113	8.464284	269.03143	75.80242	376.70187	183.48381	129.59459	116.0	19999	2077.7224	957.6258	5479.81	-1297.1693	-2294.1963	50374.367	117.89568400382996	29.473921537399292
5	311.21564	182.59787	1061.96	179.39272	508.30313	26.728157	547.5219	474.3813	185.03703	373.4	24999	3458.7297	1455.1781	7048.5674	-1335.6539	-3761.8296	99947.84	150.55428552627563	30.110857486724854
6	323.9947	83.42995	605.52356	218.97505	289.68805	11.796592	304.29407	269.82956	177.03448	142.9	29999	4781.878	1905.3994	8766.636	-2084.6455	-5125.3193	113223.984	182.50721764564514	30.417869925498962
7	242.14876	68.99939	474.1288	124.81833	373.86017	183.84637	688.15924	146.56482	114.62791	375.9	34999	6013.576	2465.2007	11118.593	-2627.3103	-6439.2666	187872.03	215.10563230514526	30.729376350130355
8	52.748928	106.62963	762.233	8.774041	60.86671	14.140642	73.87787	30.26126	86.84746	99.3	39999	7549.6597	3361.5466	14639.244	-5440.76	-8071.886	272440.28	246.8531620502472	30.856645554304123
9	443.67404	393.41165	1048.2391	28.107288	748.61	151.35022	1085.617	554.7663	428.36365	588.3	44999	8672.033	3841.1924	15775.741	-14356.479	-9220.089	316622.44	280.52604842185974	31.169561200671726
10	937.6814	184.32567	1048.3577	527.7305	967.3539	128.76778	1014.5162	581.1347	855.6667	947.4	49999	9580.686	3990.8054	16545.402	-7244.3687	-10116.595	297748.03	315.73889112472534	31.573889350891115
11	381.82623	149.95154	698.85486	199.70804	323.5417	94.43393	533.5416	206.9813	241.90475	154.5	54999	9954.494	4086.7993	16815.102	-5986.876	-10484.615	307940.3	347.994469165802	31.635861028324474
12	445.20956	309.61615	948.73065	70.072395	454.63492	262.2927	913.46796	126.42481	484.1	518.7	59999	10069.726	4172.156	16050.658	-9332.551	-10581.914	334364.97	381.3123495578766	31.776029308636982
13	730.07294	332.17526	1036.9021	180.39957	712.31335	354.47897	1069.1088	137.82031	746.1429	735.3	64999	10256.14	4163.9824	15314.151	-7843.026	-10738.349	307085.94	415.2659616470337	31.943535639689518
14	569.653	224.87904	982.7635	273.5182	72.18318	12.731821	104.45318	56.75198	609.375	126.3	69999	10512.251	4031.4688	15687.902	-6318.2646	-10961.409	269195.4	447.54522800445557	31.96751642227173
15	202.56572	152.0991	592.51697	4.36059	271.61954	271.01724	788.39404	12.797784	200.92	267.7	74999	10501.776	3927.858	16084.245	-9365.188	-10927.781	310672.12	480.24546933174133	32.01636476516724
16	372.5904	275.9347	1098.611	102.89717	703.6647	178.8534	1024.8341	496.91144	265.8421	537.0	79999	10408.347	3874.874	16309.94	-8925.648	-10804.864	278973.94	514.0176229476929	32.126101583242416
17	532.7767	203.52728	1012.4322	263.07565	970.55206	81.925285	1010.4195	727.762	358.83334	974.1	84999	10431.557	3935.6658	15867.126	-7380.906	-10809.979	235442.84	549.2970948219299	32.3115939392763
18	752.29846	304.43555	1054.1378	199.62674	965.9535	157.73584	1119.631	666.074	686.875	874.7	89999	10470.562	3938.2114	16190.574	-6640.9595	-10833.949	217341.48	584.0467278957367	32.44704054461585
19	675.2597	281.104	1067.4642	251.48103	1034.006	3.7148557	1042.9672	1028.3606	569.6667	1000.0	94999	10312.747	3792.2522	16216.547	-6582.3916	-10657.323	208025.7	619.6782646179199	32.61464561914143
20	652.0053	349.7293	1043.2152	101.65983	334.70862	104.7873	516.4035	245.0879	506.9	163.2	99999	10611.229	3815.5525	16155.07	-6717.5557	-10982.024	229373.47	652.1703550815582	32.60851786136627
21	328.27698	252.54779	1043.2859	89.03866	984.67883	5.208065	993.86505	979.22314	226.72728	1000.0	104999	11002.834	3980.1575	18463.307	-13629.28	-11374.745	319972.88	687.8482992649078	32.754681053615755
22	559.94824	325.19455	1168.1798	109.47843	637.11096	361.0735	1460.689	316.3326	491.33334	369.8	109999	11413.647	3952.9072	18147.355	-13937.542	-11801.068	375629.25	721.1271538734436	32.778507080945104
23	676.4399	544.29205	1552.8152	30.856644	792.8555	76.95116	913.7587	672.0821	397.0	373.5	114999	11868.1875	3999.0957	17544.623	-11760.116	-12250.059	391275.12	754.7269191741943	32.81421397043311
24	702.7505	182.92175	1017.4547	449.72647	980.71484	23.081987	1045.233	957.9181	454.0	993.0	119999	12374.907	4263.74	17601.9	-7693.2227	-12770.294	378634.34	790.5525736808777	32.939690659443535
25	727.5364	282.61957	987.4217	124.92745	228.79825	62.334534	321.2937	124.71114	660.0	119.5	124999	12350.526	4423.7744	18422.094	-9297.57	-12722.027	342287.47	823.1838290691376	32.92735325813293
26	330.58783	144.11171	603.539	113.26538	554.1141	192.16487	900.20404	257.09204	255.38889	632.6	129999	12041.09	4469.4565	17497.379	-7562.6704	-12409.338	340230.8	857.5455918312073	32.98252284526825
27	380.91873	225.84338	856.7399	116.72284	103.50488	81.46168	290.16812	38.690483	410.3846	103.6	134999	11890.097	4360.2666	17204.719	-8992.897	-12238.201	321078.28	890.1862349510193	32.96986064204463
28	218.77045	169.27373	780.8888	34.25522	362.09857	238.97636	841.2949	78.760956	210.08333	328.0	139999	11568.254	4195.599	17933.504	-12043.917	-11895.862	335046.03	923.6656365394592	32.988058532987324
29	321.76025	264.33618	1025.6073	85.919754	896.3534	242.63463	978.3143	168.45297	282.4375	917.2	144999	11586.53	4103.9336	16477.863	-8189.3467	-11918.823	323217.56	959.1271123886108	33.07334878526885
30	967.8917	33.64435	1021.4869	928.16473	961.6335	55.07992	982.1169	796.45123	1000.0	1000.0	149999	11491.676	3888.757	16262.678	-7346.1567	-11807.07	282285.0	995.1534624099731	33.17178215185801
31	483.95538	399.98276	995.1091	33.041813	393.35886	265.8616	968.4753	118.49495	500.63635	438.4	154999	11330.131	3613.0137	16074.523	-6550.1074	-11636.95	274972.7	1029.0581765174866	33.195425125860396
32	857.70557	87.485886	961.4313	700.68646	917.37146	28.71916	973.44196	877.5992	957.4	1000.0	159999	11177.944	3395.722	15507.721	-5941.7983	-11480.016	259468.31	1064.9890930652618	33.28090921789408
33	623.4514	240.2747	902.06134	221.68251	958.0425	11.314969	968.6443	933.38416	718.1667	1000.0	164999	10996.302	3233.997	15270.992	-10318.911	-11280.972	233385.02	1100.7629234790802	33.356452291662045
34	654.58826	316.04544	963.2468	224.91008	580.9996	189.00775	840.17865	300.76077	713.75	699.4	169999	10892.463	3159.7783	16272.801	-7121.8066	-11179.176	222069.3	1135.6194334030151	33.4005716267754
35	586.55975	325.7863	970.11536	89.06334	901.867	163.99956	963.52344	410.33466	626.125	944.8	174999	10869.932	3068.2454	16282.208	-7316.2173	-11150.987	226235.34	1171.264685869217	33.46470537185669
36	694.13184	517.78345	1398.3002	149.81815	743.95184	592.90515	1656.2731	96.44556	555.125	474.6	179999	10885.857	2988.249	15822.986	-7188.9233	-11153.861	231375.25	1205.17813205719	33.47717040114932
37	993.5941	514.26	1778.6991	221.5512	959.5872	398.88058	1733.9524	582.86707	561.1	477.5	184999	10698.421	2924.8225	15540.727	-7043.3994	-10967.235	240580.81	1239.1372804641724	33.49019682729566
38	992.2037	591.32904	1853.7205	384.23584	1185.6825	472.3893	1957.6797	560.9015	540.6667	614.0	189999	10834.33	3007.5774	14708.617	-14659.113	-11117.974	241340.11	1273.839563369751	33.52209383562992
39	1322.6505	463.36868	1774.1959	429.32812	1061.737	302.90533	1299.6852	371.20782	829.6667	867.2	194999	10721.566	2957.8042	14044.916	-7036.146	-10974.78	209648.48	1309.4048111438751	33.574482392042114
40	758.9806	425.2637	1514.2903	140.32608	989.53186	176.76047	1341.2047	712.08936	658.25	952.3	199999	10191.988	2774.375	13824.215	-7623.3486	-10422.717	181426.28	1345.1731040477753	33.62932766079903
41	305.6724	314.2265	857.2994	35.553844	447.8478	255.40022	834.74774	116.89279	375.72726	576.8	204999	9628.07	2579.1238	13325.394	-6262.9067	-9846.634	171075.44	1379.6086275577545	33.64899096837858
42	540.25665	368.56076	969.3657	30.651201	321.13947	53.18376	395.34344	226.68797	572.5	256.5	209999	9165.817	2424.6042	12217.376	-8376.205	-9379.72	159541.78	1412.86123919487	33.63955336525326
43	513.0752	310.339	1192.7649	207.42877	1543.4644	170.63097	1648.0695	1039.0613	325.375	929.1	214999	8754.627	2320.6702	11836.869	-9035.754	-8952.332	146302.47	1448.2759664058685	33.680836483489635
44	1117.3436	497.46127	1905.6196	409.37427	578.937	176.71591	1098.4235	481.17047	547.8889	265.9	219999	8519.932	2310.596	12038.336	-7021.655	-8724.835	133141.81	1481.6231560707092	33.673253606666215
45	450.04614	216.85512	1100.9412	48.11106	574.3275	269.13672	1357.8601	429.5469	208.66667	262.6	224999	8370.345	2410.9229	12197.752	-5780.9795	-8561.726	129612.555	1515.1368055343628	33.66970684263441
46	854.73883	450.9101	1419.8372	41.625626	1353.0779	117.54312	1423.4241	1011.92615	531.75	968.7	229999	7928.1914	2358.4993	10989.659	-6929.5444	-8104.9097	118915.79	1551.0448679924011	33.718366747317106
47	894.94403	410.73065	1346.3948	257.98642	271.99973	232.61075	869.96875	76.05516	746.7143	333.9	234999	7613.276	2228.4775	10564.645	-5971.7363	-7780.3154	106647.86	1584.8129992485046	33.71942556665299
48	376.84744	366.4833	1040.2706	56.56509	861.4621	458.26266	1352.0996	114.54238	443.66666	654.7	239999	7238.4844	2105.698	10431.166	-10495.116	-7393.7056	103330.95	1619.7347960472107	33.744474962353706
49	609.3911	510.87857	1360.3182	171.595	778.527	510.14105	1299.3677	92.767494	488.7	620.9	244999	6829.945	1979.2087	9927.82	-8648.644	-6974.0776	93533.734	1654.6737277507782	33.76885163540743
50	1216.8582	142.5753	1322.0978	941.82135	1008.19836	331.72086	1489.0555	548.9711	898.0	665.0	249999	6420.9043	1826.6066	8926.691	-6003.802	-6556.01	77851.85	1689.4979846477509	33.789959740638736
51	713.3505	414.0671	1313.9193	290.941	517.6974	295.34515	972.07605	181.70114	483.45456	508.4	254999	6033.8643	1694.4083	8449.765	-7906.794	-6158.844	69452.66	1723.9545612335205	33.803030654495835
52	682.0378	434.4818	1307.5344	156.70665	863.8208	313.43018	1292.2396	434.4585	524.1	536.8	259999	5678.4585	1566.0527	7864.835	-7001.26	-5794.9297	66070.414	1758.393646478653	33.815262478131515
53	972.4957	527.4826	1567.1074	201.0948	682.062	476.3169	1669.6567	50.539482	655.375	361.0	264999	5386.9424	1456.321	7775.0947	-6325.2993	-5500.792	60776.914	1792.1600456237793	33.81434052395371
54	442.37567	297.23294	1044.404	19.26226	1379.1838	766.9265	2153.3765	97.16727	248.35	667.4	269999	5191.0728	1430.0997	7930.3555	-10503.856	-5301.4194	59972.594	1827.0746395587921	33.83471559153663
55	971.63934	641.9255	1989.4703	61.194214	42.797825	4.748341	50.106228	35.736553	502.8	83.1	274999	5055.5464	1398.8373	7491.1826	-10861.509	-5165.092	56020.3	1859.7671341896057	33.813947929035535
56	447.0721	589.01636	1827.4158	16.183823	322.34357	318.22778	1071.1643	81.51175	262.3158	286.2	279999	4896.4443	1373.735	7256.382	-9914.5	-4997.9897	50419.86	1893.029458284378	33.80409750768116
57	583.6331	330.96024	1366.4359	218.18002	867.5573	611.9538	1745.4917	166.80223	422.83334	545.2	284999	4718.3604	1339.2444	6616.1387	-8893.872	-4816.8296	45674.305	1927.4631850719452	33.815143639581244
58	652.20184	379.01437	1481.2058	106.5546	693.6339	543.01355	1660.065	103.72991	424.27274	397.6	289999	4512.3994	1286.9232	6432.6953	-10664.784	-4605.028	44867.688	1961.3052909374237	33.81560849732366
59	293.47614	265.8807	960.9714	26.248133	535.40045	237.42633	950.74915	151.01442	275.21054	452.1	294999	4250.842	1205.9186	6138.8105	-6313.9336	-4335.546	42186.312	1995.4892468452454	33.821851677813775
60	876.067	504.11395	1608.9572	91.80296	991.9618	0.5410553	992.7316	990.75616	497.2	1000.0	299999	4038.2493	1121.49	5723.353	-4566.923	-4123.562	37953.637	2031.928816318512	33.86548031171163
61	1137.9528	343.253	1730.6296	676.71454	983.2122	0.5758022	984.18756	982.2755	722.7143	1000.0	304999	3837.6433	1052.0295	5389.656	-3303.4827	-3915.4663	32331.8	2068.0962719917297	33.90321761271993
62	559.23517	574.92053	1622.9412	49.95532	933.77136	248.93936	1337.9973	264.78305	405.0	906.5	309999	3650.7625	1006.5222	5258.4814	-8086.5566	-3725.3804	29838.305	2103.905126094818	33.933953688990684
63	770.90576	287.49112	973.47565	306.10715	858.132	202.07758	1072.7046	382.33585	735.4286	710.4	314999	3463.5205	962.75385	5015.7544	-5636.208	-3533.4631	28259.047	2138.9818403720856	33.95209273837862
64	848.85236	272.96884	1347.1956	492.3921	833.06726	401.90176	1508.2323	386.2145	691.8571	540.5	319999	3305.2617	902.993	4668.452	-4371.1196	-3371.1816	25452.205	2173.6046900749207	33.96257331967354
65	844.85077	470.98492	1555.6891	194.00838	1439.1521	607.20917	2300.7922	810.67114	563.5	544.6	324999	3133.013	844.8116	4394.851	-6929.1426	-3195.358	23049.984	2208.023738861084	33.96959601549002
66	538.83466	302.1646	1203.9584	73.56732	1869.8522	295.97684	2124.5725	1230.0919	284.25	911.4	329999	2983.069	796.58453	4195.645	-6490.0303	-3042.225	22037.78	2243.8583154678345	33.99785329717578
67	378.6731	260.15747	999.61273	86.19859	290.02783	53.09071	359.1325	178.04242	203.69565	187.9	334999	2816.7053	762.4619	3965.457	-6829.9214	-2873.0718	20421.934	2276.907955646515	33.98370086612986
68	424.13345	404.05612	1585.1299	38.30063	119.22479	121.33378	328.68027	29.675488	249.42857	152.0	339999	2636.4924	728.3754	3689.2322	-9841.797	-2688.3987	18877.178	2310.052288532257	33.971357215853295
69	183.423	244.03966	968.5124	9.418734	98.992485	36.60776	184.27922	59.246853	335.06668	465.6	344999	2485.2703	693.04663	3565.6821	-4954.369	-2535.6094	17831.633	2344.236029148102	33.97443523268769
70	329.50742	319.17917	1043.0333	59.432625	778.8702	309.00266	1052.0497	332.64072	405.5	649.8	349999	2377.887	653.43024	3381.0317	-4408.7266	-2425.3328	15237.953	2379.2818920612335	33.989741342408315
71	556.3965	359.94867	1736.9116	78.895935	708.1844	460.37405	1773.5686	183.15897	322.8125	393.8	354999	2288.2495	604.1896	3213.6096	-6329.585	-2333.6768	14153.171	2413.3251209259033	33.9904946945083
72	958.5394	662.61835	2076.884	46.64398	1189.6926	464.78302	1795.3176	569.02844	482.0	638.0	359999	2153.4766	568.223	2917.162	-5157.198	-2194.9175	12787.138	2448.368626356125	34.005119843615425
73	854.3546	295.65106	1463.0228	307.85446	1513.7439	710.0312	2282.1536	325.174	368.76923	706.4	364999	2037.1696	531.19434	2767.6736	-5415.3335	-2077.986	11154.225	2483.6685717105865	34.022857179380445
74	225.02126	314.61002	1207.537	6.7048335	7.870801	0.4981314	8.893511	7.34476	155.94286	33.0	369999	1944.0801	516.70325	2623.0005	-3913.4912	-1983.2542	10908.547	2516.3411190509796	34.00460974912386
75	142.41612	285.30148	972.20233	10.046154	973.06805	1.1937646	974.99866	971.2701	229.2	1000.0	374999	1912.6904	530.02374	2887.703	-4015.7395	-1954.867	11166.171	2552.7228553295135	34.03630476951599
76	747.85895	263.54178	972.3849	220.77773	690.129	209.6454	950.94653	191.83945	785.1667	843.4	379999	1897.2943	529.56537	2847.2046	-5871.015	-1937.469	10373.243	2588.852647304535	34.06385065066187
77	771.2867	293.2458	976.2963	267.95404	1011.58826	17.414616	1049.6648	982.04083	776.4286	1000.0	384999	1835.6738	513.16437	2647.4941	-3165.8032	-1872.049	9308.967	2625.14506316185	34.09279305594308
78	602.6865	303.66888	1075.2749	80.37653	313.1951	163.3632	684.50885	84.06888	510.7	197.9	389999	1742.5892	485.47534	2602.3218	-3803.545	-1776.395	8542.058	2658.4097049236298	34.082175734715584
79	598.8996	306.55386	1092.01	204.49393	610.54333	404.72324	1174.3654	166.33153	426.08334	334.9	394999	1641.7053	454.77472	2414.7915	-3437.7388	-1673.0355	7603.3945	2692.3597571849823	34.08050328568567
80	510.72455	507.8492	1943.775	13.466347	257.76923	89.26598	491.53287	172.14171	305.8125	224.2	399999	1560.139	435.9769	2272.1133	-4686.504	-1589.9834	7169.1377	2725.8273961544037	34.072842478752136
81	328.13492	307.33145	876.09937	17.73302	343.77063	114.128365	427.32437	12.964928	419.81818	903.6	404999	1474.5994	415.38858	2804.2588	-4650.7495	-1503.076	6518.6816	2761.8058183193207	34.09636815094653
82	227.25972	167.51836	583.21246	59.80894	242.95255	360.18954	962.6556	23.24355	439.66666	284.3	409999	1414.066	406.83502	2883.157	-3325.591	-1442.2395	6157.727	2795.673451423645	34.09357870788109
83	303.3673	280.72504	851.36536	33.368732	159.91862	272.00812	973.1338	27.236053	434.4	187.3	414999	1361.5918	386.4424	2786.5012	-3210.7107	-1388.4576	6303.792	2829.2466406822205	34.0873089526073
84	901.7876	77.508606	973.722	755.73596	986.7291	0.36131606	987.3912	986.06274	918.3333	1000.0	419999	1311.027	366.19504	2642.5703	-2296.9683	-1337.0992	5343.2847	2865.8603117465973	34.11738469487145
85	858.18085	229.7666	979.6329	346.90668	982.6782	0.64384866	983.7069	981.9152	879.0	1000.0	424999	1259.6388	350.3563	1913.5864	-2069.0366	-1284.5132	4734.9526	2902.244444131851	34.14405230914845
86	396.47	356.5642	1021.3655	78.2858	108.42226	96.691895	397.2948	65.39655	421.33334	165.6	429999	1216.873	338.6987	1930.2842	-1495.5043	-1240.0686	4273.736	2935.72883105278	34.136381784150764
87	224.23462	198.90875	751.3159	69.606544	164.88168	73.34491	320.97964	113.480804	223.86363	124.4	434999	1147.1798	315.272	2183.9568	-3370.666	-1168.2875	4030.5352	2968.9383795261383	34.12572852770487
88	339.6409	171.57384	923.83984	102.1234	580.7333	330.34113	1475.6799	326.56122	203.76	318.4	439999	1110.8643	317.91965	2610.745	-2129.9797	-1134.1248	4651.841	3002.928411960602	34.12418652664531
89	323.21674	155.79924	798.1569	55.947895	171.33269	87.730675	302.54233	43.768936	167.73334	109.6	444999	1135.346	336.5392	2708.6194	-2859.1477	-1160.2043	4987.27	3036.0393896102905	34.112802157241305
90	479.22842	302.4753	1445.827	136.84705	587.51917	47.08993	655.50836	506.55063	207.04167	213.4	449999	1195.7507	364.62286	2692.3896	-1896.8372	-1223.8544	5409.6055	3069.5907027721405	34.106563393274946
91	490.60876	253.06306	1023.52045	18.042469	1120.5002	828.12085	2477.823	388.17786	187.84616	475.1	454999	1272.106	387.1435	2265.289	-3810.6538	-1299.5594	5559.1846	3103.845890045166	34.1081966148628
92	908.06055	569.466	2131.7065	424.43942	1036.0085	690.5894	2280.0725	277.9189	389.76923	473.7	459999	1335.878	404.63675	2276.1633	-5688.953	-1365.4587	5492.324	3138.2734904289246	34.111668400142506
93	659.90485	584.43225	1958.9015	44.129078	971.60706	0.65948737	972.9909	970.23834	557.8889	1000.0	464999	1396.273	423.13824	2408.7424	-3121.1055	-1427.9197	5821.2354	3175.0973217487335	34.14083143716218
94	817.60175	354.37607	983.3976	25.23583	976.9764	1.614874	979.7533	973.4757	840.6667	1000.0	469999	1505.3512	472.8458	2531.291	-2502.7925	-1537.3116	6136.869	3211.6475257873535	34.166463065654675
95	804.59357	342.93448	978.2722	39.122345	978.71155	1.5452923	980.2811	974.28815	833.0	1000.0	474999	1513.8158	476.1309	2461.0747	-2798.008	-1543.2465	6432.3564	3248.1798503398895	34.19136687077974
96	516.2852	328.9366	977.8451	55.652176	322.0844	126.65379	572.48724	174.23526	502.5	184.8	479999	1489.2823	443.39783	2880.134	-1881.7714	-1520.0167	7106.123	3281.6357913017273	34.183706184228264
97	439.41138	153.21405	807.7358	200.3929	345.2789	6.949118	361.4003	337.795	180.62962	180.6	484999	1515.0774	461.64792	2737.758	-2235.1445	-1548.382	7472.0015	3315.1971282958984	34.17729000455326
98	526.6302	310.39072	1498.2632	187.07584	694.1562	569.8095	2259.3938	207.07893	226.13637	271.1	489999	1564.693	474.21426	2962.669	-1851.1733	-1598.1711	7925.2354	3349.1081068515778	34.17457254322208
99	863.6729	486.18848	1713.2964	264.49356	236.69287	75.831024	455.87024	192.496	408.81818	134.8	494999	1560.712	474.5143	3332.2358	-1887.9895	-1591.0978	7934.548	3382.2596435546875	34.16423884786741
100	1245.3782	620.32007	1958.4541	235.21011	910.10364	410.46686	1951.9838	310.51794	672.5	489.8	499999	1578.9956	459.71988	3217.8853	-1689.709	-1611.314	7976.7593	3416.7309188842773	34.167309210300445
101	890.57446	740.6254	2043.5295	108.0551	387.9124	263.4493	926.3453	245.30304	437.36365	177.4	504999	1558.2341	435.14752	2993.2407	-1882.1406	-1588.4912	7344.5825	3450.011243581772	34.15852718542118
102	1193.2722	675.05023	2478.1768	547.1301	626.2005	70.05848	781.2229	562.8858	490.45456	243.6	509999	1499.9358	420.71875	2668.5103	-1443.837	-1526.8994	6184.965	3483.7349054813385	34.15426380494062
103	861.2222	417.81516	1337.6539	273.5873	1394.9396	540.94855	2515.9626	620.9184	381.84616	615.6	514999	1433.15	411.91968	2186.1	-1517.7493	-1459.624	5988.813	3518.7128341197968	34.16226054858235
104	1835.6692	410.8087	2192.9146	1083.5106	1638.6445	612.89166	2217.4194	517.0492	886.0	774.1	519999	1390.2749	397.3571	2007.6781	-2055.5474	-1416.8658	5610.037	3553.814561367035	34.171293882223274
105	1039.4497	524.921	1748.148	234.72917	1284.061	442.3215	1934.9482	650.9589	689.25	677.6	524999	1356.9409	375.8084	2124.6953	-2233.224	-1381.9043	5089.043	3589.0688424110413	34.181608047939484
106	1029.6213	574.453	1887.7637	303.28104	1053.9192	532.4245	1899.4749	390.83325	565.5	565.2	529999	1308.4912	349.59436	2077.0667	-1480.0066	-1333.1138	4842.075	3623.7229838371277	34.186065907748244
107	1297.5476	334.21365	1865.1061	946.43945	1262.1649	464.7661	2478.27	958.2755	786.8333	1000.0	534999	1266.2623	329.35648	1911.655	-2069.0994	-1289.0135	4716.076	3660.2361285686493	34.20781430797042
108	1065.8256	597.8627	2136.2556	273.52188	1052.468	248.53743	1693.6586	793.34796	482.91666	391.5	539999	1198.0342	320.75543	1848.0435	-1664.7885	-1218.3577	4105.2085	3694.6799907684326	34.209999936598315
109	1356.0149	837.5804	2452.5032	69.03869	1537.8282	760.13635	2587.145	296.09592	524.875	612.5	544999	1134.7509	307.75687	1766.7805	-1947.7021	-1155.0326	3994.0237	3729.4841544628143	34.21545098024771
110	788.2097	784.43005	2659.3838	9.451263	526.3866	384.0606	1308.5464	241.86353	324.3889	253.4	549999	1098.046	302.4	1778.6786	-1495.5044	-1118.5449	3631.2317	3763.266207933426	34.21151100288738
111	131.11661	331.7578	2154.0974	0.4559147	64.19416	39.956364	161.60258	34.03848	84.01695	232.4	554999	1060.2992	292.46533	2194.4402	-1222.47	-1080.0631	3588.6536	3796.9617443084717	34.20686258281673
112	168.47572	260.46515	970.5933	33.89598	80.54657	9.779257	96.19495	63.212135	466.0	120.4	559999	1125.2739	351.12006	2423.3838	-2612.2703	-1153.761	4485.8745	3830.2309896945953	34.198491000703406
113	320.61487	381.60092	977.95966	45.432228	975.6571	0.7162471	976.3875	973.98114	356.16666	1000.0	564999	1284.3524	410.79095	2386.1953	-1486.0056	-1315.9396	4939.0728	3866.8698794841766	34.2200874501625
114	979.5285	1.1328106	980.66156	977.3884	981.82434	0.48470864	982.8475	980.8764	1000.0	1000.0	569999	1406.0076	458.93723	2513.0388	-1969.9222	-1438.3485	5527.43	3903.190836429596	34.23851613831102
115	970.28955	14.535256	981.23737	941.8423	797.19244	237.52174	884.9653	84.91775	1000.0	922.0	574999	1463.9315	468.863	2451.9033	-2798.0574	-1493.6046	6107.8096	3939.5056204795837	34.25657063152479
116	681.5262	260.25095	1024.4147	436.711	222.90054	69.94916	294.06155	86.02572	990.0	887.1	579999	1458.3342	441.91486	2415.7324	-1781.488	-1486.8971	6210.882	3975.7824759483337	34.27398688423222
117	558.728	336.0399	1020.7522	109.010635	395.34418	235.59372	1023.15125	238.52202	971.2	1000.0	584999	1454.6481	420.1819	2295.572	-1505.6011	-1482.5403	6166.193	4012.42671084404	34.29424541016929
118	214.92822	44.320404	264.18243	142.92728	501.14972	303.03717	1108.9994	73.636826	1000.0	809.3	589999	1424.2864	401.56836	2236.4712	-1768.4272	-1450.7625	5859.072	4048.3064959049225	34.30768218687025
119	229.27576	88.45579	343.29407	71.510345	147.05182	92.819626	402.2866	72.7506	728.0	298.1	594999	1391.6787	383.88553	2302.1416	-2466.4722	-1417.313	5541.4336	4082.457391023636	34.3063646504859
120	605.2281	780.97577	2066.4265	40.45551	1613.9294	420.54938	1873.3369	659.5716	491.6	879.6	599999	1356.6776	376.20456	2251.069	-2629.0325	-1381.975	5519.0024	4118.460808753967	34.32050675948461
121	1415.5946	591.46735	1994.9103	192.3729	1880.9229	57.414825	1976.196	1811.4991	771.8333	1000.0	604999	1333.974	367.099	2167.7542	-3299.943	-1358.2732	4978.0386	4154.740960121155	34.336702167495226
122	1513.9888	416.1769	1810.0651	592.2627	1815.915	37.600773	1865.7611	1730.3345	895.1667	1000.0	609999	1283.6915	349.81143	2036.4934	-1989.4465	-1305.9834	4401.0244	4191.162720918655	34.35379281395772
123	1719.5856	383.9822	2003.113	939.3366	2033.5645	44.74345	2117.3286	1961.6471	861.5	1000.0	614999	1225.3005	332.2679	1866.3302	-1392.957	-1246.9738	3963.8953	4227.429011821747	34.36934157697166
124	1139.2827	749.7569	2130.0613	61.544563	1622.3923	526.1746	2320.0178	803.47974	552.375	695.5	619999	1169.8843	318.97836	1756.889	-1355.8291	-1189.7286	3545.2473	4262.642977952957	34.37615306723502
125	1667.1503	686.4494	2261.0708	481.56827	1507.2603	686.07275	2174.6003	381.65698	792.8571	719.2	624999	1109.3954	300.5906	1753.3391	-1365.562	-1127.8406	3249.9768	4298.3018164634705	34.38641455078125
126	1784.2461	797.5026	2551.8936	571.19684	458.82648	598.2466	2253.122	237.92781	767.1667	215.3	629999	1067.3224	293.2784	1726.6788	-1574.3406	-1085.8202	3076.5715	4331.838261604309	34.37966876181345
127	1711.5348	442.8177	2186.2341	1083.5125	1834.3109	737.235	2584.609	51.4001	872.8333	833.1	634999	1038.329	286.13733	1631.4987	-2262.0078	-1056.416	2997.5396	4368.102507352829	34.39450795256247
128	1568.848	685.40967	2394.593	612.44727	1920.972	113.39578	2072.1206	1637.3286	818.8333	1000.0	639999	1015.68536	272.06808	1677.6996	-1398.2245	-1033.6165	2715.5952	4404.5799770355225	34.410781087353826
129	928.1375	621.94995	1820.4647	387.629	584.37756	16.32834	614.2573	566.3143	869.0	1000.0	644999	996.5446	260.98322	1654.0988	-1116.6053	-1014.3226	2608.607	4441.203792333603	34.42793639685757
130	582.3323	215.34177	844.1739	187.82419	812.95703	125.21757	982.5532	591.64825	899.0	1000.0	649999	1036.6715	283.46423	1864.3291	-2273.2466	-1057.408	2776.402	4477.933813333511	34.44564473628998
131	875.342	169.37009	1011.85864	571.4324	1071.1478	187.10822	1366.7538	667.5281	1000.0	902.7	654999	1060.4427	290.9905	1773.8174	-1608.884	-1078.906	2789.972	4514.528778076172	34.462051761059364
132	681.93475	342.94614	1057.0372	215.90688	1021.7427	465.5068	1839.833	415.18173	457.08334	446.6	659999	1021.6115	275.74524	1658.1344	-2718.324	-1038.3364	2655.4329	4549.157612800598	34.46331526474519
133	1264.2977	286.0528	1818.0416	1044.3956	1058.9613	1.0341411	1060.3201	1056.9078	924.4	1000.0	664999	991.3263	265.62848	1682.0114	-1521.0873	-1008.2842	2604.6106	4585.883709430695	34.48032866026226
134	1237.6145	271.84985	1583.9982	795.383	1167.6283	251.26334	1890.7634	1055.3225	844.6667	1000.0	669999	941.12335	246.82826	1436.1903	-1890.6016	-956.1835	2349.4104	4622.612805604935	34.49711050560225
135	1079.3705	435.60025	1685.446	522.73004	1002.5371	0.73815197	1004.04865	1001.4477	737.8333	1000.0	674999	892.20526	224.15889	1352.2783	-2110.4885	-906.3133	2000.0952	4659.482779741287	34.5146872750035
136	1044.976	161.2533	1290.4413	768.9654	797.37646	413.9111	1563.3762	413.91516	914.6667	530.9	679999	851.1547	209.39088	1477.4088	-2471.9404	-865.2355	1942.4648	4694.449887037277	34.518013891051794
137	1117.9149	223.46251	1379.1814	728.6227	1529.4534	49.989136	1645.5432	1461.0975	901.6	995.2	684999	815.91437	198.53383	1477.201	-1356.9297	-829.0299	1790.3424	4731.1913430690765	34.53424339572879
138	1137.4027	361.7456	1650.5492	511.93823	686.0626	219.16907	1061.0306	460.17648	839.0	670.7	689999	782.4554	187.3123	1212.1307	-1093.6818	-795.3086	1655.738	4766.72433757782	34.54148072436236
139	119.54446	152.30133	645.62213	9.184071	169.6862	56.230633	257.39902	74.6443	249.9	646.4	694999	771.94476	193.29288	1360.6927	-1060.3767	-786.31	1743.5554	4802.283823490143	34.54880450269301
140	626.95776	300.23502	955.0525	95.78887	899.27997	31.40746	968.76654	872.4447	821.2	1000.0	699999	807.584	210.10464	1294.9424	-1264.8643	-822.7907	1797.916	4838.983696937561	34.56416928086962
141	742.07764	204.95015	867.00195	291.346	767.15686	21.331604	805.6522	733.6012	888.8333	1000.0	704999	808.9114	210.8957	1217.2925	-1212.0764	-822.61554	1742.5028	4875.896850347519	34.580828742778046
142	701.6958	217.09369	898.05963	230.84065	283.06824	267.50977	977.5003	93.583626	800.3333	379.9	709999	801.407	197.9977	1340.1683	-1051.4407	-814.6599	1756.4526	4910.362758874893	34.580019443807466
143	577.82306	403.76654	1394.8274	65.214096	102.881775	49.069355	181.0125	37.508	557.6	150.6	714999	782.5937	187.92175	1341.8917	-1267.9407	-795.395	1718.498	4943.921130180359	34.572875052898915
144	199.77115	331.3391	1494.0122	23.766073	132.8388	95.240364	309.31885	27.741898	278.10526	241.9	719999	774.7685	185.86888	1193.6587	-1287.2335	-788.2339	1736.7653	4978.014502286911	34.56954516967138
145	449.52643	413.51743	969.66864	27.503983	969.83606	0.4823784	970.7435	968.9854	496.0	1000.0	724999	765.3795	186.01358	1119.1174	-2197.5989	-777.8995	1719.6237	5014.796341180801	34.5848023694137
146	781.6239	200.9992	970.16345	449.40228	824.99347	291.40372	971.307	190.24239	811.8	855.6	729999	743.27	177.00253	1364.3062	-2423.4414	-755.2405	1593.7604	5051.171215295792	34.59706313479437
147	338.74765	268.74008	971.74133	153.80121	206.476	15.044487	230.61142	181.84468	259.56522	114.0	734999	730.82654	177.7722	1218.9095	-1334.8425	-743.20605	1554.7004	5084.416080236435	34.58786450762327
148	400.21213	423.38766	2028.6272	173.8551	1307.3396	467.02148	2290.727	734.7513	192.33333	574.6	739999	704.36536	181.617	1011.1793	-1968.2765	-714.74194	1431.0142	5119.333437204361	34.59009080641979
149	981.7306	489.14905	1693.1636	302.728	747.004	296.4757	1065.3778	314.56287	522.2	476.6	744999	665.469	171.61058	972.67224	-1195.7474	-675.6917	1403.6971	5154.218982458115	34.59207372377383
150	1184.8947	335.25092	1759.7477	579.50275	1806.8334	726.7157	2753.0134	839.82733	641.5	644.9	749999	643.7	163.54756	950.0614	-909.1068	-653.9552	1281.4618	5189.6152131557465	34.59743477026621
151	1536.5239	787.59625	2614.545	677.21924	2254.236	549.47595	2521.844	613.02356	584.125	928.0	754999	624.2632	157.4901	1000.3818	-1357.7351	-634.2289	1247.4912	5225.8172833919525	34.60806149678515
152	1406.6979	662.40295	2688.0017	784.45276	1380.9581	337.45593	1817.7118	552.244	610.625	922.5	759999	608.8688	153.08887	1087.7196	-1308.3988	-619.07635	1133.4517	5262.218050003052	34.61985560624223
153	1064.5723	422.46735	1527.1373	334.90375	1143.174	368.37683	1606.4623	579.21027	653.25	721.1	764999	607.5573	153.51219	1517.3584	-1141.8467	-618.5724	1367.6357	5297.721060991287	34.62562786675746
154	538.7154	357.01083	1529.1174	21.418365	337.1629	8.889399	355.97626	327.0981	238.59091	164.2	769999	618.7336	164.13739	1055.3722	-1383.6665	-629.4337	1305.9993	5330.891757011414	34.616180254267405
155	795.73157	581.5988	2338.9795	23.22872	1639.4332	496.70422	2128.1208	655.9606	326.92856	776.7	774999	636.9722	174.80101	1101.5387	-2595.4448	-648.9861	1285.9891	5366.324966907501	34.621451413246895
156	920.1108	565.8976	1988.9543	440.0001	844.33215	440.51297	1713.2421	255.84927	566.1111	537.5	779999	660.9724	179.41064	1217.4691	-1171.1857	-672.721	1274.2782	5400.961012840271	34.62154496938754
157	784.9957	455.3233	1400.8152	168.27414	1329.559	44.511898	1373.7991	1213.8873	563.55554	1000.0	784999	678.03033	182.76355	1167.8207	-1737.6371	-690.1318	1313.2856	5437.45888376236	34.633496088586796
158	1106.5259	784.7741	2536.3386	227.67548	297.3253	10.323269	320.9573	286.34598	513.0	143.9	789999	673.4094	179.6393	1077.8254	-1987.4542	-684.1794	1261.7574	5471.180689096451	34.62772589393809
159	884.87866	528.11224	2040.3563	189.19186	1676.2826	482.28333	2245.9534	625.547	395.41666	785.3	794999	653.81793	171.85686	1062.9053	-1857.1836	-664.1555	1229.909	5507.107896566391	34.63589873403873
160	1453.5106	590.4403	2340.0527	590.6507	925.8055	503.3136	1531.137	227.4565	748.4286	589.6	799999	636.70703	160.09541	908.79724	-888.7783	-647.08905	1166.751	5541.800099372864	34.63625063449145
161	1502.2938	576.9793	2412.2095	544.4552	1585.3529	552.92566	2104.0479	573.2751	691.1429	734.5	804999	625.5958	154.10503	929.46564	-1042.7903	-635.4867	1144.9396	5577.121242046356	34.64050462379219
162	1070.7161	697.6121	2200.926	228.47311	1129.9768	425.4398	1730.7201	443.1124	504.3	646.4	809999	600.60925	146.06795	1072.0062	-692.4258	-609.4772	1044.8212	5612.406533002853	34.644484786339746
163	1194.4836	743.65607	2189.3516	177.23466	948.9108	356.916	1727.0209	429.88586	550.7778	554.1	814999	573.6351	142.19662	1032.556	-747.30914	-582.5185	969.688	5647.485417842865	34.64714981588118
164	472.24094	435.3398	2060.006	22.606833	683.73175	257.8363	900.21674	16.604893	212.41667	292.6	819999	584.86566	163.83223	1185.6327	-832.53973	-596.6343	1063.9049	5681.630926609039	34.644091028992726
165	671.17114	132.1337	1027.3315	429.80243	1029.2471	0.7076183	1030.7317	1028.3812	315.9375	1000.0	824999	712.5472	231.30997	1279.985	-1017.0148	-729.22644	1460.304	5718.42932677269	34.65714744943561
166	1029.582	0.99867153	1030.9802	1027.9576	1097.4242	207.4072	1719.6274	1024.6154	1000.0	1000.0	829999	771.085	238.76729	1325.6384	-1113.9104	-784.974	1515.5903	5755.447533369064	34.67137069730874
167	1063.6572	65.703354	1194.9138	1028.1125	1030.7623	2.355309	1034.3696	1026.1569	1000.0	1000.0	834999	775.7072	222.91595	1227.1046	-1189.0054	-788.9133	1609.2144	5792.304087162018	34.68445562602517
168	907.2938	261.14938	1041.8198	385.04004	987.26025	26.829441	1039.2695	964.621	856.8	1000.0	839999	764.52185	203.35393	1170.6309	-1213.1448	-776.921	1584.2687	5829.431049346924	34.69899435696148
169	1091.9497	588.1179	1551.44	151.28976	912.82776	15.551482	940.1861	887.9272	751.2857	1000.0	844999	738.72296	185.53593	1032.5294	-746.6071	-749.883	1450.12	5866.479471921921	34.712896296258506
170	999.3665	51.979652	1064.2256	921.52167	1087.5833	7.532461	1099.7291	1075.1453	1000.0	1000.0	849999	698.5783	174.02524	991.32513	-1672.41	-708.304	1384.4	5903.396427631378	34.72586135303273
171	1161.3828	217.76366	1596.5935	1043.1771	1788.5085	77.36107	1867.5262	1576.809	1000.0	1000.0	854999	653.9623	165.72305	941.43146	-1306.9338	-663.1389	1221.7854	5940.15540266037	34.73775090669331
172	1003.01935	312.08786	1565.7975	553.4219	1212.9015	304.5637	1559.7095	587.8225	791.6667	855.0	859999	615.07153	157.39607	952.7136	-1387.8666	-623.8243	1119.6198	5976.405334949493	34.74654265753058
173	1152.6434	482.35782	1895.1483	502.69492	2087.6436	208.30965	2350.2107	1537.9854	732.75	968.0	864999	583.0318	148.62793	968.46094	-1074.9443	-591.3265	1007.0366	6012.956468343735	34.756973820614675
174	1264.6748	507.77856	2034.432	394.86316	1162.2638	415.9637	2037.7001	762.43396	695.1667	822.2	869999	553.817	142.1227	871.247	-986.01196	-561.8864	945.246	6049.212289094925	34.765587882063855
175	1513.0547	396.37244	1953.8499	1006.919	1342.6248	755.0715	2021.8641	20.39453	1000.0	658.3	874999	530.77515	135.334	882.14404	-1798.9779	-538.7111	897.9632	6084.907274484634	34.77089872360229
176	1258.3392	797.895	1960.5406	14.708213	2152.539	234.4393	2281.265	1464.0818	718.5714	968.5	879999	515.35254	128.6825	952.76465	-1620.6007	-523.2535	859.8456	6121.559795379639	34.78158976002173
177	100.14013	402.68195	2346.335	1.4411082	972.2469	0.34256986	972.9084	971.81067	81.61194	1000.0	884999	532.56445	140.89725	1059.8367	-1500.1432	-543.909	1034.5039	6158.421179771423	34.793340010831585
178	668.7857	387.50818	974.65967	79.203995	967.83105	0.7896767	968.84753	966.4588	699.2857	1000.0	889999	638.6512	187.43584	1026.1887	-1373.0104	-653.2592	1292.5844	6195.33681344986	34.80526301030363
179	974.8783	2.1801934	978.3706	971.522	974.3579	0.8348455	976.2525	972.8719	1000.0	1000.0	894999	674.7792	193.36786	1001.64624	-2056.1675	-686.6539	1418.311	6232.191198825836	34.81671061995309
180	988.7648	17.260155	1011.3712	973.2925	1000.9966	1.0844507	1002.6098	998.845	1000.0	1000.0	899999	677.1266	188.09149	1005.5118	-2339.0576	-688.8278	1397.3168	6269.178258419037	34.82876811424891
181	1018.57166	10.46103	1029.92	1003.1689	1032.1187	0.8087257	1032.9468	1030.4348	1000.0	1000.0	904999	653.0881	171.10144	961.9202	-1802.1564	-662.7116	1199.8848	6306.290394306183	34.84138340712911
182	780.38153	338.34714	1034.1494	263.73257	1091.8264	23.126787	1158.8264	1079.6417	759.6667	1000.0	909999	611.7521	155.3859	945.3717	-1731.888	-620.38446	1058.3094	6343.312891483307	34.85336754872249
183	475.77393	512.06635	1359.3114	47.00649	50.429497	3.9386277	57.055576	45.000576	451.15384	119.3	914999	578.9393	145.39793	850.9279	-2333.4265	-587.2207	983.6468	6376.881987571716	34.84634966928451
184	143.8768	414.5915	2359.6611	11.61066	1469.1567	647.60583	2291.0938	315.11462	164.16667	683.7	919999	547.31757	135.18112	817.8994	-1529.4297	-555.0071	914.4042	6412.616997241974	34.85117934579434
185	393.26883	401.71695	1975.5032	67.32116	1226.2743	728.26166	2368.4075	244.16084	202.48	537.2	924999	522.6936	125.773	812.1568	-1804.7184	-530.1735	850.0504	6447.856269836426	34.853277145849695
186	407.8656	443.303	2495.9707	194.3409	1518.9893	796.826	2609.858	321.7778	183.8077	575.1	929999	510.19452	126.46879	819.8306	-1504.8461	-518.5223	823.6467	6483.262664079666	34.85625089624877
187	1467.8069	753.3469	2461.2478	542.26965	2383.92	21.420246	2413.2805	2341.2485	583.0	1000.0	934999	521.838	135.5311	777.597	-1530.6779	-530.3681	792.6829	6520.077867984772	34.86672658078811
188	1134.8518	841.2119	2427.4526	236.40332	499.4183	674.6968	2523.3877	261.2719	502.36365	232.2	939999	521.3203	136.0981	757.5313	-1237.2288	-529.25415	807.1654	6554.166023015976	34.86258524149022
189	930.6099	577.8719	2386.3474	282.72012	1506.7562	636.4253	2246.805	448.9547	430.36365	681.9	944999	509.68137	129.64978	903.11395	-723.44617	-517.34766	788.1336	6589.732666969299	34.86631041859824
190	1972.3547	386.34845	2305.8623	1279.4048	2127.4	71.86197	2206.6113	1973.339	888.0	1000.0	949999	501.49557	127.186226	734.0128	-779.878	-509.0876	755.8517	6626.3817892074585	34.875693638701186
191	1802.2598	740.75684	2443.5283	165.29153	2290.0625	666.524	2902.8794	1001.07263	834.5714	884.7	954999	493.31332	123.7461	799.4021	-700.47815	-500.7853	751.328	6662.960820674896	34.88461164030105
192	1488.6448	554.79504	2667.4446	856.13696	2288.627	537.381	2842.1084	1586.2698	598.875	854.4	959999	483.1865	120.019264	758.97614	-1176.8458	-490.1875	695.12933	6699.18737912178	34.891600945343576
193	1420.2872	537.70825	2691.1348	524.4476	2779.061	46.022423	2833.5955	2700.3948	519.2	1000.0	964999	477.22195	123.33291	781.58606	-861.688	-484.8404	757.6977	6735.865417957306	34.90085709897966
194	1572.6959	702.4864	2941.1143	873.18115	2392.7766	547.9576	2705.1157	986.7509	507.22223	902.4	969999	490.2558	131.73868	853.0895	-649.5822	-498.6085	831.6786	6772.3594744205475	34.90906946683668
195	1791.1317	547.76855	2344.7415	952.1759	1762.974	42.794586	1869.8771	1713.7909	723.8571	1000.0	974999	502.24042	128.09467	791.1616	-900.0598	-510.4278	826.85	6809.032672405243	34.91811628097143
196	1408.5204	606.6227	2218.467	675.0027	1681.3367	1037.5227	2595.6985	36.235012	652.7143	656.4	979999	494.1593	122.74236	879.7428	-761.91516	-501.3109	770.9061	6844.26828455925	34.919736157874674
197	95.82286	452.75827	2801.9092	-0.8047157	953.93176	0.9632426	955.53046	951.87384	48.00909	1000.0	984999	604.09924	322.74252	3311.9883	-2004.558	-641.97473	3613.7896	6880.975639820099	34.92881036530896
198	340.86066	213.32838	1030.9574	55.637054	389.89142	30.615015	422.6862	335.89056	189.68965	200.1	989999	1790.1385	806.3731	3869.7136	-5215.034	-1875.0148	16853.682	6914.7133140563965	34.922794526273556
199	698.6493	244.4602	1095.0155	357.58926	557.0685	91.71161	749.41876	445.05457	475.1	399.2	994999	2655.8608	916.5008	4405.99	-3241.042	-2724.6646	28752.246	6949.335878133774	34.92128582935237
200	539.2274	268.66086	1007.25354	256.10358	1019.9315	58.58001	1195.6643	999.56525	393.84616	1000.0	999999	2843.0745	923.20715	4189.0566	-2594.2883	-2904.0935	32952.29	6986.465526580811	34.93232764482498
