Epoch	AverageEpRet	StdEpRet	MaxEpRet	MinEpRet	EpLen	AverageVVals	StdVVals	MaxVVals	MinVVals	Time Steps	LossPi	LossV	DeltaLossPi	DeltaLossV	Entropy	KL	ClipFrac	StopIter	Time	AVG Time Per Epoch
0	2.916131	6.8644905	34.840176	-10.023413	22.922018	0.09628848	0.30394766	0.7408465	-0.74805284	5000	-7.247925e-09	28.220057	-0.07212307	-9.78466	0.9189437	0.03625514	0.3798	79.0	5.319111108779907	5.31911301612854
1	4.2067804	6.629359	33.891533	-11.215155	24.830845	-0.0022773927	2.7411919	10.444113	-10.057355	10000	8.541345e-09	20.114197	-0.076198	-5.6101704	0.9085517	0.03256471	0.3958	79.0	10.41375994682312	5.2068809270858765
2	9.003582	9.275297	43.74916	-7.431273	29.331362	0.77081543	3.5113366	15.681764	-16.928772	15000	1.1622905e-08	43.908924	-0.07771187	-14.147465	0.8972137	0.038277883	0.3906	79.0	15.701818943023682	5.2339402834574384
3	14.617293	14.455812	76.91733	-6.5149837	39.96	3.1947222	5.008807	19.121944	-16.443123	20000	3.683567e-09	79.56482	-0.07804657	-25.996727	0.8862607	0.035542358	0.4068	79.0	20.822255611419678	5.205564439296722
4	27.092638	39.07344	257.13675	-2.9856944	45.090908	8.272761	9.160659	39.20374	-24.44704	25000	1.9800662e-08	640.7504	-0.07840304	-286.84903	0.87353516	0.03703927	0.3854	79.0	25.88337278366089	5.1766749858856205
5	45.855125	58.29286	331.3864	-7.9335217	70.710144	16.558243	19.257284	78.065956	-24.997377	30000	6.738305e-09	708.6134	-0.08234844	-274.45847	0.8643398	0.025174972	0.3936	79.0	30.851808547973633	5.141968409220378
6	56.80499	58.458843	281.45715	-2.7526832	81.72131	24.856106	23.7942	85.69435	-26.182592	35000	-3.4332275e-09	624.77826	-0.081526324	-215.47723	0.8534549	0.02483423	0.382	79.0	36.00411653518677	5.143445457730975
7	85.816376	98.83684	355.03793	-5.3203526	101.244896	28.841694	25.371988	95.67603	-25.142937	40000	-1.667738e-08	1229.3885	-0.082026474	-643.0001	0.84420073	0.020972947	0.3744	79.0	41.10117793083191	5.1376475393772125
8	98.84712	96.742676	333.3156	4.699159	115.0	41.331882	32.998684	113.59234	-20.480606	45000	-1.4540553e-08	1044.3441	-0.084529854	-456.13556	0.8347064	0.02705858	0.3846	79.0	46.29599189758301	5.143999311659071
9	154.99068	123.76917	428.1486	15.679952	140.17143	51.633587	36.94326	123.18189	-20.551712	50000	1.835078e-09	1301.1465	-0.08177306	-629.77295	0.8237199	0.029468726	0.3808	79.0	51.62687611579895	5.162687826156616
10	141.29353	104.54816	409.24304	-11.088681	157.7742	49.99845	40.764633	131.76953	-30.153305	55000	3.257394e-09	1077.7935	-0.08334651	-513.64703	0.81416404	0.026178634	0.4016	79.0	56.76571321487427	5.160519556565718
11	181.59709	117.4754	459.45218	30.76127	176.0	50.770115	33.303867	127.100174	-23.422876	60000	8.513034e-09	1081.0829	-0.08768342	-492.75732	0.80425775	0.02601146	0.4022	79.0	61.86181402206421	5.155151387055715
12	183.65614	125.82818	442.68726	22.019472	172.88889	64.6871	38.709267	137.62578	-32.540638	65000	-1.2886524e-08	1105.0237	-0.08814148	-423.87006	0.79373014	0.032371335	0.4148	79.0	66.99442386627197	5.153417385541475
13	198.25409	120.496605	459.02966	1.8821452	160.96774	70.25313	37.867836	143.83063	-39.62291	70000	4.2796136e-09	865.9	-0.08992842	-427.12073	0.78738123	0.029723924	0.4086	79.0	72.26444149017334	5.1617459910256525
14	225.10512	84.92146	360.8415	45.869038	169.7931	76.55587	35.869205	135.32118	-18.555143	75000	-3.0696392e-09	863.4019	-0.08636005	-431.0552	0.7836965	0.028040176	0.4252	79.0	77.33589220046997	5.155726289749145
15	277.78568	132.84242	595.6623	59.981747	246.95	66.68744	39.934525	134.35373	-15.951612	80000	-1.20580195e-08	1214.5917	-0.08530579	-640.8747	0.7744761	0.025291607	0.408	79.0	82.64342713356018	5.165214315056801
16	274.56302	130.55669	623.6844	20.326298	220.63637	80.20448	33.47327	140.40645	-17.600515	85000	1.3208389e-08	850.7847	-0.08745745	-309.24707	0.76533717	0.020635834	0.4252	79.0	87.82852244377136	5.166383799384622
17	305.10858	156.501	680.99005	87.48461	261.8421	78.22556	34.24226	127.08641	-26.519968	90000	-9.62317e-09	831.9931	-0.08764157	-330.28174	0.7582925	0.025619814	0.421	79.0	93.69000720977783	5.205000519752502
18	286.93448	93.12147	503.34103	116.05725	193.32	87.29635	32.622375	142.81488	-33.952747	95000	-2.156496e-08	522.64984	-0.08805238	-308.5437	0.7472579	0.03210472	0.438	79.0	98.82302165031433	5.201211766192787
19	292.03915	149.41951	676.32666	19.449472	217.0	92.75468	40.370247	141.1679	-24.873177	100000	1.1026859e-09	657.187	-0.0855231	-343.44058	0.7399036	0.03160602	0.4484	79.0	103.96522307395935	5.198261260986328
20	284.38266	104.29968	484.09106	61.717567	210.04347	85.2756	40.133793	134.38438	-28.421251	105000	-2.079904e-08	628.56274	-0.08338756	-267.6976	0.73419297	0.028705383	0.427	79.0	109.07067346572876	5.193841684432257
21	288.80472	108.63471	551.99664	55.323795	217.09091	86.47836	40.105824	141.43382	-27.818016	110000	1.1473894e-08	648.0095	-0.08612663	-268.72147	0.7280138	0.025189092	0.4342	79.0	114.31979489326477	5.19635441086509
22	315.70956	138.3778	656.2634	56.0377	261.3158	89.18136	36.942703	143.55872	-29.137676	115000	-1.2695789e-08	1007.9201	-0.08676496	-526.8583	0.7249721	0.02310265	0.4366	79.0	119.44945859909058	5.193454846091893
23	361.67	110.26045	740.1109	251.42319	234.71428	94.3325	26.50175	140.08925	7.400655	120000	1.604557e-08	483.9953	-0.09098782	-397.7392	0.71566296	0.028858246	0.4196	79.0	124.61171507835388	5.192154874404271
24	387.28134	97.44988	584.6747	264.5344	255.73685	106.88307	27.91882	141.62549	5.6722994	125000	-7.534027e-09	204.8932	-0.09206455	-81.61213	0.70598227	0.028602716	0.4318	79.0	129.85371351242065	5.1941486167907716
25	288.06976	73.76489	464.42722	70.90408	177.0	102.560974	31.280918	145.08592	-12.438634	130000	1.9669533e-10	386.55786	-0.08400468	-258.77008	0.6990875	0.023424769	0.4108	79.0	135.0550937652588	5.194426765808692
26	329.19754	99.66528	645.748	224.04561	196.0	104.11695	30.530499	140.62839	8.15504	135000	-2.4953485e-08	172.54298	-0.0896007	-77.519905	0.6887741	0.027410047	0.438	79.0	140.25645470619202	5.1946835782792835
27	285.21722	79.11559	376.9589	30.441746	177.17857	100.019775	37.9941	140.5754	-19.562641	140000	-1.463741e-08	544.30865	-0.07542289	-259.3893	0.68256456	0.012601852	0.3838	79.0	145.24243354797363	5.1872298291751315
28	354.5567	109.19173	619.5873	230.19225	210.56522	105.03934	29.91785	145.23245	-14.965606	145000	-1.036087e-08	281.6343	-0.08619858	-189.14026	0.67680436	0.032518957	0.4324	79.0	150.88549089431763	5.202948035864995
29	347.08044	77.503	519.6816	222.82182	198.72	108.99597	33.303043	150.32765	6.4579773	150000	-5.0246713e-09	205.49184	-0.09239017	-90.02401	0.6686836	0.032018166	0.4414	79.0	156.4718415737152	5.215728147824605
30	317.67944	74.48264	531.38794	217.46959	181.7037	113.93755	31.164118	150.63718	5.792481	155000	-2.6243924e-08	174.59842	-0.09654795	-80.274536	0.6621933	0.031731945	0.4528	79.0	162.09949803352356	5.229016127124909
31	336.26675	62.70031	505.556	234.01608	193.52	109.50785	32.873394	147.55585	-1.2807367	160000	-1.6009807e-08	110.93147	-0.09457715	-43.870293	0.65101326	0.033998564	0.4276	79.0	167.43378472328186	5.2323058396577835
32	309.93417	70.16699	462.3111	65.62688	173.71428	106.047424	34.65329	144.58719	-12.424904	165000	-7.6770785e-09	382.11304	-0.083649196	-243.49295	0.6459986	0.015304142	0.4002	79.0	173.01786708831787	5.242965734366215
33	349.0241	56.194824	461.22485	229.48677	192.26923	112.3291	34.64085	150.83365	2.2036235	170000	-1.7344952e-09	158.1363	-0.08887576	-78.98615	0.64087844	0.030886825	0.4208	79.0	178.32644891738892	5.244895619504592
34	348.9627	48.088413	499.49124	271.5438	190.24	116.15412	34.4591	154.4266	-0.7729155	175000	1.2892484e-08	110.79321	-0.08800896	-42.106003	0.6296529	0.027947314	0.426	79.0	183.6122109889984	5.246063225609916
35	338.04898	54.07145	497.03387	263.31845	179.96297	115.11865	36.61643	154.50374	1.2867559	180000	1.6450882e-09	96.65667	-0.091988586	-33.27926	0.618758	0.026566	0.4348	79.0	189.01497411727905	5.250416007306841
36	350.0344	60.70168	492.05804	232.08095	184.92592	117.14811	35.936657	156.32329	-0.6405339	185000	-5.308576e-08	106.820175	-0.09007572	-44.477886	0.6164134	0.018890513	0.4394	79.0	194.25982189178467	5.2502655338596655
37	317.15356	60.113186	390.61188	109.543175	180.74074	113.10011	43.175606	158.1204	-16.800543	190000	-1.7347931e-08	414.23776	-0.07977667	-314.9474	0.60857356	0.013984145	0.4204	79.0	199.71091628074646	5.255550484908254
38	367.6989	94.1808	754.0193	251.27167	199.28	113.39515	37.36194	155.21388	3.9140415	195000	6.341934e-09	206.44221	-0.084732816	-128.68735	0.606591	0.029063443	0.4278	79.0	205.1470808982849	5.260181634854048
39	354.29895	49.358345	455.41144	259.168	184.59259	119.23712	37.38908	157.57178	1.935266	200000	2.6822091e-09	104.7785	-0.089877404	-42.108833	0.5980144	0.022116488	0.4392	79.0	210.75445342063904	5.268861389160156
40	361.44162	42.255127	486.48645	287.06848	183.85185	119.13404	40.200104	165.36777	0.46236998	205000	5.5193903e-09	101.67009	-0.09166541	-50.449013	0.5877899	0.035320416	0.4614	79.0	216.22302556037903	5.27373237726165
41	354.99408	38.48102	421.04126	263.9979	181.11111	122.9108	38.70291	160.7825	2.1855638	210000	1.3566017e-08	64.74615	-0.09080596	-23.99527	0.5790129	0.028822567	0.4452	79.0	221.53269124031067	5.274587932087126
42	345.46918	45.43743	433.18372	248.42601	174.28572	121.3845	39.06039	159.65337	0.77587634	215000	9.560585e-09	134.62648	-0.0839129	-49.665962	0.565969	0.023920814	0.425	79.0	226.81125497817993	5.274680403775947
43	347.20352	59.518658	583.691	267.74414	176.53572	119.99555	40.537735	162.4315	-0.33382484	220000	-1.3363361e-08	101.2494	-0.09124371	-44.162247	0.55612856	0.029521096	0.4512	79.0	232.0539107322693	5.273952570828524
44	366.49274	54.54038	557.3054	287.03748	190.0	122.30771	38.987774	161.45406	-0.25993863	225000	1.1503697e-09	65.94422	-0.08809194	-29.816536	0.548366	0.021333227	0.4326	79.0	237.146399974823	5.269920047124227
45	332.92926	45.818867	400.52945	204.18748	165.4	118.98563	41.280697	165.45207	-0.7660276	230000	-2.551079e-09	106.18104	-0.09283469	-41.46158	0.54201263	0.030086404	0.4658	79.0	242.53744077682495	5.272553096646848
46	344.802	40.10254	413.14505	201.50864	171.44827	119.88698	40.550922	160.01701	0.7806969	235000	-8.308888e-09	121.365	-0.084297486	-47.975494	0.53150535	0.018658474	0.4454	79.0	247.92605900764465	5.275022582804903
47	341.85007	42.797844	405.5457	186.4661	167.51724	121.1554	40.35587	161.26445	-1.2372544	240000	5.066395e-09	109.085976	-0.085331924	-43.912567	0.51679254	0.022566224	0.4368	79.0	253.2063479423523	5.27513229350249
48	353.56836	40.253536	455.97443	273.3282	174.96428	121.21245	41.39681	161.56451	-0.6774847	245000	-5.6028365e-10	72.67688	-0.08953353	-43.84066	0.50783396	0.032012373	0.4434	79.0	258.61163997650146	5.277788614740177
49	352.18964	46.401894	511.62943	271.7256	174.64285	123.06436	41.79575	166.19824	-1.3810215	250000	-1.3589859e-08	62.383373	-0.09093091	-25.98523	0.5004196	0.021591429	0.4348	79.0	264.17410254478455	5.283482084274292
50	356.15894	39.18969	466.78592	275.40762	173.53572	122.51075	41.151917	164.12883	-0.71836936	255000	-2.8014182e-09	64.73221	-0.09109525	-27.036072	0.4893765	0.030526316	0.4564	79.0	269.53127670288086	5.284927050272624
51	363.93045	36.609634	452.13336	280.0155	179.77777	125.3434	41.825275	165.72772	-0.7722144	260000	-1.1277199e-08	56.506405	-0.083773606	-23.376728	0.47489387	0.027051993	0.423	79.0	274.8597786426544	5.285765015161955
52	363.2894	25.087536	434.29535	318.66888	175.60715	124.44295	42.251274	168.21214	-0.49494034	265000	-8.5830685e-09	48.524624	-0.09316999	-21.934942	0.46716037	0.03776898	0.4586	79.0	280.1228678226471	5.285337160218437
53	361.83374	34.914165	422.082	287.14612	176.78572	126.61025	41.565666	165.99768	-0.81527936	270000	1.6367435e-08	117.66342	-0.07812336	-41.33896	0.45419973	0.020847715	0.4196	79.0	285.6972634792328	5.290690099751508
54	351.30807	39.416805	444.42163	264.98892	169.7931	125.251625	41.755722	167.29337	1.1253251	275000	-2.1463633e-08	65.29159	-0.086169906	-30.436913	0.4413646	0.022512317	0.4164	79.0	291.00274562835693	5.290959046103738
55	345.35434	45.036297	446.50497	251.0458	165.36667	121.99781	42.907047	165.87965	-1.4588858	280000	-2.1630525e-08	73.32351	-0.08926461	-29.49545	0.43431947	0.03558686	0.4594	79.0	296.42610025405884	5.293323261397226
56	353.88544	34.716194	430.5078	250.4663	169.89655	124.89607	43.00101	167.6855	-0.13883248	285000	2.026558e-09	55.82558	-0.09020581	-20.507317	0.4227996	0.028916035	0.4578	79.0	301.64540553092957	5.292024691899617
57	345.31915	30.66649	428.71777	295.43988	163.53334	123.76145	42.184486	165.56711	0.2280574	290000	-1.43319365e-08	84.56029	-0.085580826	-31.844181	0.41352436	0.032522883	0.4464	79.0	307.0359237194061	5.293722859744368
58	344.9562	26.414488	403.9367	297.87848	162.73334	123.187325	43.069553	170.05466	0.09970943	295000	-3.369823e-08	44.686806	-0.08968764	-21.807999	0.40021965	0.026994102	0.457	79.0	312.3361988067627	5.293833910408667
59	354.793	42.656605	457.16296	257.52466	171.24138	125.25845	42.752953	167.0402	0.9952264	300000	-9.693205e-09	110.24359	-0.079076506	-47.01969	0.3895481	0.027590238	0.433	79.0	317.6087489128113	5.293479184309642
60	346.65775	37.451942	410.86234	262.90024	165.6	124.3537	42.54929	168.0204	1.3568159	305000	-1.6099214e-08	66.14467	-0.08470415	-29.412243	0.38230327	0.031280223	0.4484	79.0	323.13077688217163	5.29722589742942
61	351.8898	25.394476	398.6756	300.75085	163.4	122.25615	43.49953	166.2125	0.39838523	310000	-9.536744e-10	73.71608	-0.08178417	-39.232925	0.37156153	0.038528252	0.469	79.0	328.42940306663513	5.297248467322318
62	356.39575	46.56402	482.68066	273.82324	169.68965	127.30694	43.97223	168.78659	-0.12550783	315000	4.8860906e-09	55.746487	-0.08632328	-24.277668	0.35967797	0.029431866	0.461	79.0	333.7578053474426	5.297742972298274
63	339.47488	33.972507	400.44324	254.814	156.87097	123.9704	43.993435	166.85342	1.490705	320000	-1.733005e-08	88.41536	-0.07660353	-30.080727	0.35242346	0.027192863	0.4442	79.0	338.96309661865234	5.296298414468765
64	351.88205	28.764036	409.02988	302.91974	160.19354	123.17272	44.355286	169.77103	1.4694912	325000	1.1348725e-08	87.636536	-0.08584453	-45.87386	0.34403053	0.05372176	0.4516	79.0	344.21793389320374	5.295660550777729
65	350.1946	35.82025	429.15506	273.17636	160.03226	128.16518	44.582855	169.59181	1.0026543	330000	1.1432171e-08	137.62738	-0.07555061	-56.29573	0.33878416	0.030376377	0.4258	79.0	349.6554653644562	5.297810121016069
66	358.09933	36.077072	466.19296	289.65576	167.48276	127.90324	44.57998	170.43465	-1.7067375	335000	1.6736985e-08	82.61679	-0.07946828	-47.636284	0.32700595	0.035989422	0.4324	79.0	355.01013350486755	5.2986587410542505
67	358.163	41.447483	421.47556	199.2587	164.76666	127.10695	44.170612	170.5761	-0.98768884	340000	-3.0827522e-08	94.05827	-0.08231063	-40.876263	0.31949756	0.03591925	0.442	79.0	360.3979797363281	5.299970318289364
68	361.07874	33.048492	430.50467	307.1392	163.0	127.08675	45.48323	175.2388	0.1689314	345000	1.20580195e-08	74.28113	-0.09083854	-33.050385	0.31174612	0.04245042	0.458	79.0	365.91827034950256	5.303163369496663
69	365.37564	34.430897	455.7731	296.56192	164.06897	130.5921	45.87285	174.53809	0.7757458	350000	2.2816659e-08	82.80769	-0.08470988	-30.523636	0.30307454	0.032627195	0.4806	79.0	371.34533858299255	5.304933435576302
70	369.7326	26.466911	434.9221	323.08978	167.51724	131.07397	45.636192	176.33667	1.4615536	355000	-1.31726265e-08	72.60802	-0.09011966	-29.572666	0.29450098	0.038619727	0.4638	79.0	376.6586513519287	5.305051457714027
71	357.71805	39.75778	465.467	279.61035	160.74193	130.0768	46.544224	179.47882	0.27936396	360000	-3.864616e-09	133.11765	-0.092423454	-47.59478	0.28819782	0.04082997	0.4792	79.0	381.9559416770935	5.30494366089503
72	378.5424	31.481092	424.39902	304.50607	169.68965	130.8003	45.892902	173.98463	-0.26500702	365000	5.340576e-09	87.85934	-0.093675524	-39.856895	0.28073904	0.048863307	0.4732	79.0	387.25210404396057	5.304823365930009
73	374.30045	34.429184	466.5089	316.63843	165.53334	132.5942	47.26391	177.15993	0.45025373	370000	9.179115e-10	81.154686	-0.08785823	-30.564125	0.27091885	0.039904796	0.4694	79.0	392.44070076942444	5.303252738875312
74	353.5061	43.001152	431.3786	223.85994	156.45161	133.40526	46.739746	178.67715	2.5919318	375000	-1.0967255e-09	206.3529	-0.07133768	-81.51121	0.25788957	0.024512574	0.4688	79.0	397.87993597984314	5.30506583849589
75	370.94608	30.19854	425.97357	305.80487	161.16129	129.02097	45.96977	175.19551	-1.3957326	380000	1.8548965e-08	119.197426	-0.09185778	-66.895256	0.24553943	0.058263507	0.4914	79.0	403.33653450012207	5.307059698983243
76	379.02716	30.665112	462.53592	328.39008	165.06667	135.18225	47.70388	180.2046	-0.9074005	385000	-2.862215e-08	76.597664	-0.08788137	-26.508873	0.24170925	0.04301453	0.4772	79.0	408.7739951610565	5.308753211776931
77	386.5668	34.72902	461.2602	307.9998	166.7931	135.74867	47.73075	182.32489	-0.39127102	390000	2.0313262e-08	139.77243	-0.088713594	-50.790115	0.23238525	0.047433767	0.488	79.0	414.08311128616333	5.308757861455281
78	394.26752	47.21468	493.4465	261.0378	171.13792	139.00383	46.868572	185.3976	3.8580892	395000	6.651878e-09	131.98752	-0.087607026	-57.85633	0.22354904	0.039692428	0.4752	79.0	419.29004406929016	5.307468939431106
79	396.90613	37.007683	464.49124	293.63852	168.7931	139.33376	47.51009	188.20659	0.27786767	400000	-8.177757e-09	97.17823	-0.08828068	-48.86382	0.21815397	0.045627527	0.4966	79.0	425.4424297809601	5.318030396103859
80	384.9608	31.441631	442.13052	286.61606	158.96774	139.75252	48.786964	188.9013	1.287096	405000	-1.5795231e-09	94.41975	-0.08835019	-41.814613	0.20828405	0.027685706	0.472	79.0	432.13010692596436	5.334939615226086
81	399.78836	34.041206	462.3071	308.5373	164.9	141.69592	50.184616	188.44121	1.4832453	410000	1.9073486e-10	112.03814	-0.09174676	-43.237617	0.19929917	0.037604112	0.4972	79.0	438.10713362693787	5.34276994554008
82	395.03543	53.033436	504.93558	215.69482	163.6	143.6564	50.221485	193.83461	3.3014355	415000	-3.054142e-08	240.4525	-0.08012744	-107.446625	0.19163145	0.030248206	0.4612	79.0	443.19684410095215	5.339721036244588
83	410.9408	59.676598	529.1659	194.63792	170.89655	145.18526	49.00353	199.36714	1.8195944	420000	1.463294e-08	250.995	-0.080561005	-118.29646	0.18573584	0.02660313	0.475	79.0	449.35831212997437	5.349503744216192
84	412.22003	53.68319	528.1907	241.74208	169.7931	146.996	49.672657	203.034	-3.9125462	425000	-2.2053719e-09	127.86672	-0.092984974	-65.405045	0.17805402	0.04442516	0.5022	79.0	455.696665763855	5.361137269524967
85	413.70554	31.417358	468.1138	350.7967	171.34483	147.2218	50.929714	204.211	0.03783825	430000	-2.577901e-08	95.28338	-0.08727136	-50.858437	0.16922313	0.044975992	0.4832	79.0	461.5962097644806	5.3673978101375495
86	419.70224	38.515083	505.20944	343.35004	170.3793	145.14052	49.54595	197.24423	-1.3175546	435000	-1.8763542e-08	111.04893	-0.096577965	-64.59144	0.16332175	0.041542973	0.4906	79.0	467.5362882614136	5.3739803467673815
87	423.07327	48.46688	515.72754	312.29547	173.39285	151.7314	50.70415	200.77303	0.9668894	440000	5.2320956e-08	158.15097	-0.089391395	-72.52376	0.15275869	0.023380378	0.4814	79.0	473.5357267856598	5.3810878260569135
88	426.82562	53.420174	495.8184	248.84764	172.34483	149.4927	48.672638	202.42952	1.228892	445000	2.579391e-09	232.25185	-0.08103769	-99.872925	0.151937	0.02792445	0.4852	79.0	481.31248021125793	5.408005427778437
89	449.49985	44.15959	523.13306	355.90384	178.5	152.12854	50.119328	207.82532	0.06751424	450000	-2.7048587e-08	170.29892	-0.09486054	-85.09747	0.13931344	0.042424068	0.4788	79.0	488.58902072906494	5.428766918182373
90	440.18124	38.534023	503.69614	335.3778	172.21428	157.38258	51.473373	210.33786	0.6056873	455000	-3.6418438e-08	178.073	-0.08819504	-76.264946	0.1285408	0.025529217	0.4774	79.0	493.76384353637695	5.425976323557424
91	437.7173	43.869892	546.5023	353.3707	173.78572	155.71533	51.864178	211.69685	1.9616463	460000	-1.6260147e-08	145.97336	-0.097067796	-64.32513	0.119220324	0.048433445	0.5242	79.0	499.04280853271484	5.424378374348516
92	442.0874	42.594833	529.89996	334.92517	174.78572	155.24838	51.649563	207.66142	2.7131124	465000	-2.091527e-08	140.37617	-0.093169115	-57.14782	0.11070885	0.047503635	0.5096	79.0	504.68349719047546	5.426704293938093
93	429.59842	47.00065	526.4001	320.54623	169.86208	155.07841	50.57889	211.8582	2.0986218	470000	-2.1708011e-08	159.60071	-0.094736405	-70.01329	0.09848696	0.035834927	0.5	79.0	509.6806888580322	5.422135010678717
94	460.20212	41.131325	551.9445	381.93463	179.7037	156.49706	49.992428	216.43945	0.43498752	475000	-1.2886524e-08	120.95164	-0.10026593	-75.352264	0.08918917	0.047938738	0.5186	79.0	514.8845181465149	5.419837053198563
95	449.65277	48.833096	546.1681	336.76794	175.89285	159.63748	52.616104	215.4596	1.1170427	480000	-4.3952465e-08	101.9951	-0.099024676	-45.9915	0.08213438	0.03814272	0.5206	79.0	520.5307416915894	5.422195248305798
96	458.2639	43.586987	523.17346	313.65863	174.71428	159.05292	52.39519	213.35901	2.8403366	485000	-5.4240226e-09	120.83381	-0.098647825	-59.904854	0.07077775	0.041748945	0.5144	79.0	525.5728359222412	5.418276678655565
97	472.70944	49.019794	597.9255	388.4489	181.48148	162.60645	52.12042	217.65031	1.1536555	490000	-1.449585e-08	113.5699	-0.09678833	-58.76629	0.05851219	0.04162226	0.5152	79.0	531.4898715019226	5.423366060062331
98	473.78848	67.50168	637.15906	329.77197	180.92592	164.73009	53.71468	225.21242	0.78349173	495000	4.1866304e-08	212.98296	-0.093059815	-99.797	0.05343422	0.04079653	0.4924	79.0	536.5194997787476	5.419388905920163
99	455.41684	61.92154	588.1849	340.95093	173.46428	162.28363	53.71286	224.80373	1.7677057	500000	1.8835069e-08	153.55011	-0.0971242	-83.07594	0.048230723	0.04325341	0.511	79.0	541.7421457767487	5.417421476840973
100	498.62192	40.109013	572.519	421.66556	189.1923	166.8576	52.620872	224.64513	-0.72838557	505000	-6.2704086e-09	159.0662	-0.10151788	-90.80444	0.037430737	0.046688966	0.5066	79.0	546.6967575550079	5.41283921203991
101	474.46744	58.28103	602.8986	291.7035	178.0	167.4965	54.926735	227.17212	-0.73859125	510000	-1.4007091e-09	237.81827	-0.09370789	-115.333496	0.028026205	0.0402982	0.5288	79.0	551.7086691856384	5.4089085401273245
102	494.10486	58.661354	640.34863	395.66245	182.66667	165.98476	53.660522	224.7781	-3.387247	515000	-2.2178888e-08	242.89505	-0.10056614	-125.275475	0.02077804	0.05145069	0.5408	79.0	556.8143005371094	5.405964099087761
103	483.15344	59.174538	614.5994	342.35635	179.62962	171.37552	55.53237	230.34035	-0.27511913	520000	-1.6832352e-08	192.37149	-0.09563122	-95.777466	0.011618677	0.044058092	0.5168	79.0	561.7068946361542	5.40102786054978
104	493.92456	41.50897	604.9877	407.57056	182.66667	170.4933	54.728344	230.8874	0.15411276	525000	1.6367435e-08	125.65789	-0.101451084	-68.411575	0.005373531	0.04526214	0.5088	79.0	566.6728930473328	5.396884713854108
105	518.40875	50.5153	613.07275	381.49667	192.3077	170.617	53.997707	232.03326	-2.0564532	530000	1.8054246e-08	167.25294	-0.10118218	-94.055336	-0.0033605827	0.057134844	0.5262	79.0	571.8631584644318	5.394935479703939
106	511.93988	50.194626	645.2827	451.06152	185.0	173.21724	56.415882	235.30286	-0.8276701	535000	3.604889e-08	234.12437	-0.10050338	-131.35925	-0.017135553	0.047500275	0.5428	79.0	577.1011054515839	5.393468290845925
107	490.53558	70.40149	608.0801	230.858	181.51852	177.34312	56.096745	235.2279	-3.2071419	540000	1.0508299e-08	431.53976	-0.0841737	-232.58643	-0.028243197	0.016839929	0.499	79.0	582.2039721012115	5.390777537116298
108	504.00867	40.601555	592.8285	405.96735	185.88461	170.12628	53.96896	232.50836	-3.7135434	545000	-1.4519691e-08	101.91098	-0.10533598	-71.16185	-0.040556855	0.0551118	0.5576	79.0	587.0953662395477	5.386196038044921
109	509.2461	58.417206	584.0743	361.64218	184.74074	171.94424	56.922993	232.52667	-0.22298224	550000	-5.7280065e-09	156.70386	-0.101588026	-91.507545	-0.04964589	0.040971715	0.5594	79.0	591.9734888076782	5.381577190485868
110	536.4827	64.867065	676.40106	375.02707	195.2	176.83098	57.808937	238.19012	-3.563504	555000	-2.4271012e-08	245.98848	-0.10440667	-129.52737	-0.060536478	0.042618684	0.5256	79.0	597.0776491165161	5.379077937151934
111	541.163	73.87729	680.99744	352.41583	194.2	179.64651	56.77558	240.65204	1.7469344	560000	6.5551696e-08	229.41933	-0.10146603	-131.5469	-0.072505414	0.050826866	0.5502	79.0	602.2216365337372	5.376978916781289
112	539.5268	54.12921	641.7665	427.446	195.56	183.74556	58.387398	243.46768	-2.2693584	565000	-3.055334e-08	274.723	-0.10404933	-170.04033	-0.083643086	0.027269	0.5378	79.0	607.3974452018738	5.375198649094168
113	544.1753	65.941154	683.02716	423.30792	199.12	179.87827	56.401073	241.75812	0.24928749	570000	-2.0647049e-08	308.34607	-0.097920306	-162.52185	-0.093486644	0.040774167	0.5284	79.0	612.3505294322968	5.371495891035649
114	556.65875	80.1035	738.03894	432.90427	200.75	176.75058	57.64646	248.78113	1.993469	575000	-1.616478e-08	315.41367	-0.097577296	-194.98555	-0.1008768	0.062125318	0.5572	79.0	617.3952016830444	5.368653950483902
115	585.0783	78.83956	797.0348	452.27722	209.13043	187.44905	59.131893	258.3576	-5.3083982	580000	-1.4305114e-08	263.0333	-0.10483132	-160.16104	-0.109879486	0.045472667	0.5644	79.0	622.581369638443	5.367080793298524
116	588.06415	86.27062	840.3763	486.8263	208.20833	186.03958	60.342865	259.78864	-3.7114177	585000	-1.6540289e-09	219.33675	-0.10890712	-126.73428	-0.122355826	0.051417045	0.5638	79.0	627.7062747478485	5.365010915658413
117	586.77655	100.8879	840.21606	426.49124	204.875	187.51323	62.931683	268.463	0.47063982	590000	-3.721118e-08	328.04636	-0.10879243	-177.99086	-0.13064604	0.04903842	0.565	79.0	632.782678604126	5.362565097162279
118	585.6735	72.820854	715.95807	373.35977	206.375	191.85167	62.55003	264.75705	-2.3427272	595000	-3.1125545e-08	275.44235	-0.10209456	-163.2988	-0.13735598	0.050246403	0.5682	79.0	637.9681165218353	5.361076629462362
119	626.5607	109.74968	861.791	339.8624	233.7619	189.26233	62.45999	260.40662	-4.934281	600000	-3.670156e-08	1309.6815	-0.08134871	-1191.6675	-0.14684337	-0.0064088213	0.5142	79.0	643.0522813796997	5.35876902739207
120	597.5224	68.25409	726.38666	487.55066	208.69565	197.2175	62.705563	260.66412	4.8210645	605000	-2.269745e-08	340.77072	-0.10463976	-212.98174	-0.15394986	0.05178426	0.5686	79.0	648.1174919605255	5.356342926498287
121	664.57007	116.75521	1026.4818	471.08688	234.71428	194.78407	62.34803	264.87393	2.620655	610000	6.085485e-08	454.47205	-0.105508484	-228.36752	-0.16659369	0.050623663	0.5854	79.0	653.4917347431183	5.356489644675959
122	657.97296	121.08812	959.24506	495.0984	229.14285	198.15134	60.008698	266.1358	-0.0079962015	615000	-2.5850534e-08	392.2502	-0.10579318	-212.09268	-0.17340173	0.05888055	0.5798	79.0	658.5823311805725	5.354327911283912
123	694.6794	128.43788	1126.5573	512.4129	242.6	203.16158	65.60379	275.30304	2.6789916	620000	-5.2261353e-08	316.36954	-0.102719896	-176.14418	-0.18406133	0.048368715	0.5638	79.0	664.6543760299683	5.360115951107394
124	674.335	132.90417	1030.2709	495.48688	235.2381	204.1917	61.712635	278.12332	0.28386924	625000	3.5977365e-08	374.24237	-0.10275297	-206.80943	-0.19000539	0.046718583	0.5608	79.0	670.6365547180176	5.365092454910278
125	686.68567	119.79492	922.2031	497.82776	234.57143	198.95656	63.162174	277.06982	2.6633053	630000	-5.798787e-09	346.50256	-0.10737668	-198.02716	-0.20078093	0.067621805	0.5936	79.0	676.087296962738	5.365772213254656
126	690.6056	87.52669	818.31793	500.93845	236.90475	207.68338	65.74112	288.95013	-0.49695015	635000	4.7552586e-08	300.81802	-0.10568316	-157.59273	-0.20710087	0.05540143	0.5938	79.0	682.362410068512	5.372932377762682
127	695.604	116.88609	955.6106	419.21808	239.85	206.2055	63.9622	281.586	1.905802	640000	1.8274784e-08	469.977	-0.099469036	-223.04866	-0.21558125	0.049218837	0.5792	79.0	689.1043386459351	5.383627660572529
128	782.0413	117.93558	1028.8611	556.63776	267.0	211.13353	62.106728	281.23505	-0.120339245	645000	-4.2951108e-08	387.0511	-0.10039426	-198.03783	-0.21744475	0.056416657	0.5854	79.0	695.0700562000275	5.388139983480291
129	739.4139	150.22853	1024.2189	500.47293	250.36842	213.56892	66.02375	284.4778	-0.5967883	650000	-2.3162364e-08	505.177	-0.10363347	-260.114	-0.2285462	0.048770905	0.5794	79.0	701.0868809223175	5.392976021766662
130	819.6507	151.98936	1157.2808	535.0632	279.88235	217.79684	61.310757	288.69583	1.0297401	655000	7.18832e-09	390.30893	-0.10280743	-215.49509	-0.2367047	0.06526405	0.575	79.0	706.1950645446777	5.390802035804923
131	757.6604	91.08209	975.3324	643.133	260.89474	215.12476	66.96153	293.77744	-1.5474625	660000	-1.2874604e-09	293.29605	-0.103679724	-163.83603	-0.2481378	0.032844048	0.5632	79.0	711.1626653671265	5.387595967812971
132	712.5045	123.67586	970.01263	509.4958	243.75	208.13626	65.21234	286.53394	-2.8224814	665000	2.7382374e-08	301.05457	-0.106732376	-168.95499	-0.2573801	0.06087992	0.589	79.0	716.2853105068207	5.385603850945494
133	644.52155	131.5233	1004.54926	447.7108	225.59091	205.3326	66.69139	286.5573	-0.72188294	670000	2.1636486e-08	442.44534	-0.1072433	-275.66058	-0.2677462	0.050191853	0.6006	79.0	721.3473291397095	5.3831890376646125
134	719.15125	170.02988	1141.2819	442.71173	240.1	200.3234	60.527397	272.18762	-0.7706001	675000	2.7269126e-08	668.0823	-0.1039417	-452.91534	-0.27802387	0.083294116	0.63	79.0	726.3960819244385	5.380711735619439
135	752.1969	154.27249	1137.8455	519.66345	257.6842	217.45097	68.0759	297.40845	4.0438867	680000	-2.706051e-09	450.30835	-0.102754965	-257.00647	-0.29185656	0.04647973	0.5918	79.0	731.3138279914856	5.377307578044779
136	780.6917	179.84796	1288.1711	375.5376	266.1111	213.12338	63.695873	295.9083	1.5312958	685000	1.3655424e-08	407.37823	-0.10199604	-209.82704	-0.30496103	0.06093544	0.5986	79.0	736.3174147605896	5.37457968544786
137	711.77606	130.85397	1024.2797	544.0965	246.0	214.32146	65.74443	283.17514	4.186446	690000	9.819269e-08	522.46063	-0.10110914	-334.79074	-0.31481013	0.035125807	0.5812	79.0	741.1741442680359	5.37082714792611
138	802.0435	198.79329	1316.9799	622.6016	276.1111	210.454	64.40745	284.87903	-0.22944003	695000	5.4597855e-08	432.083	-0.105672844	-242.64781	-0.32484302	0.061082374	0.5918	79.0	746.3433029651642	5.369376294046855
139	720.8755	168.68808	1067.5388	364.9763	245.15	210.70023	67.43806	290.7381	0.3277013	700000	5.3850933e-08	521.81024	-0.1055776	-268.4384	-0.3373894	0.038845755	0.598	79.0	751.3248283863068	5.366605932371957
140	777.76025	137.49841	1009.924	573.29706	265.1111	212.29535	62.879883	288.03198	-1.5433646	705000	-4.609227e-08	496.21866	-0.10078761	-260.50665	-0.34587324	0.06323649	0.5974	79.0	756.3418765068054	5.364126795572592
141	757.35583	159.6739	1166.2596	522.027	255.94737	215.69984	65.43929	293.7763	1.6862632	710000	-9.644031e-09	417.35907	-0.10691381	-228.72963	-0.35746235	0.050325103	0.5882	79.0	761.3467392921448	5.361596769010517
142	686.50806	161.18088	1008.8227	360.97324	237.6	213.55605	66.4423	301.96753	-3.0944438	715000	3.0428172e-08	432.4829	-0.10485374	-247.63263	-0.36495334	0.049015526	0.5792	79.0	766.512362241745	5.360226324388197
143	736.88794	177.89545	1204.3087	366.35165	250.0	205.54799	64.18621	289.7775	0.69525206	720000	-6.001368e-08	333.31732	-0.109898806	-206.30763	-0.37615705	0.06865613	0.6044	79.0	771.570554971695	5.35812886721558
144	745.6677	151.3183	1094.7988	448.83527	250.47368	209.8047	67.142044	295.5415	1.6294649	725000	-3.0845404e-09	423.6483	-0.10731803	-225.29083	-0.38704616	0.056798585	0.609	79.0	776.6654841899872	5.356313700511538
145	737.1388	162.68376	1031.5255	382.0617	252.47368	215.8607	64.72569	298.8051	0.4571345	730000	5.316734e-09	427.76266	-0.108470574	-247.5318	-0.3916592	0.05314076	0.6098	79.0	781.8967056274414	5.355456904189228
146	717.12286	138.379	946.10046	461.11224	239.2	208.0467	65.013435	282.2702	-3.716772	735000	8.547306e-09	402.40314	-0.10985699	-222.22682	-0.4026831	0.0642242	0.6046	79.0	786.949460029602	5.3533977002513655
147	710.6615	151.70331	1230.9583	472.9352	241.7	210.244	67.768135	303.4799	-1.4480568	740000	-4.1484833e-09	315.9256	-0.10686004	-189.57312	-0.4127404	0.05473626	0.6026	79.0	792.101544380188	5.352037476526724
148	784.8883	156.02432	1036.27	515.4229	265.27777	215.81758	61.784714	286.4134	-5.391767	745000	2.4318695e-08	417.99652	-0.112321496	-242.64754	-0.42273614	0.07800622	0.623	79.0	797.2527675628662	5.350689726387895
149	781.7834	159.71744	1109.4836	553.45404	266.22223	217.2308	66.262634	292.63083	-6.3918242	750000	7.369518e-08	397.7058	-0.10801276	-220.06403	-0.43492934	0.044846363	0.5952	79.0	802.4899742603302	5.34993317604065
150	878.2739	268.95374	1411.689	540.20636	292.82352	219.59958	66.00537	301.94217	1.2544777	755000	-9.673834e-09	833.9698	-0.1003247	-467.43036	-0.4387811	0.06465149	0.6054	79.0	807.5513758659363	5.3480223740962956
151	847.54785	169.67897	1335.1569	633.02655	288.88235	226.0758	70.32781	312.47797	-0.37602282	760000	6.318092e-08	445.64584	-0.10329219	-294.7713	-0.44942167	0.053111903	0.598	79.0	812.5859968662262	5.345960519815746
152	765.76874	129.09215	994.1267	522.23236	258.10526	216.102	65.95479	303.18887	0.8195335	765000	7.653236e-09	474.98276	-0.10412306	-264.15277	-0.4555793	0.05781425	0.6144	79.0	817.5435791015625	5.34342209965575
153	850.5314	189.97676	1195.5691	564.96155	283.41177	216.8015	65.87309	295.28366	-8.850705	770000	-3.4335255e-08	472.2271	-0.10680648	-267.6448	-0.46224633	0.06293009	0.599	79.0	823.932950258255	5.350213978197668
154	759.44696	168.01384	1166.0956	521.6127	255.21053	219.2673	66.7145	308.15854	-10.159463	775000	-5.532503e-08	562.02594	-0.10736433	-303.1654	-0.4734812	0.060861785	0.62	79.0	829.897732257843	5.354178931636195
155	779.036	139.02193	1082.8792	517.7612	257.5263	220.70427	64.01342	299.33176	-1.1986346	780000	-1.0889768e-08	564.1439	-0.09720275	-369.19806	-0.48381913	0.056369305	0.6076	79.0	836.4132997989655	5.361623727358305
156	761.6268	153.75659	1164.3926	511.67642	253.94737	217.72087	65.72533	298.99167	3.6687782	785000	8.7380405e-09	684.0822	-0.105770506	-408.07474	-0.49077728	0.053312574	0.6092	79.0	842.6694357395172	5.367321263453004
157	816.27655	133.38223	1095.2216	651.3025	276.0	217.2836	65.20854	294.76807	0.5910711	790000	5.737543e-08	594.28046	-0.102882765	-308.7252	-0.4963259	0.061627723	0.6164	79.0	850.1221799850464	5.380520138559462
158	781.5553	206.05782	1183.1605	368.83633	261.6111	219.68175	65.43598	304.28522	0.057687253	795000	-4.80026e-08	674.038	-0.102232315	-378.0648	-0.5063448	0.060105402	0.5976	79.0	856.070424079895	5.384090730979008
159	731.07043	170.38249	1074.9076	394.96024	243.05	213.48082	68.68294	300.17303	-4.391975	800000	-7.4161214e-08	517.99316	-0.10881702	-280.03253	-0.51562893	0.06233872	0.6054	79.0	862.962488412857	5.393515565991402
160	750.2462	170.16344	1097.0575	461.85614	247.1	216.59848	64.94601	302.2664	-1.9771268	805000	-6.548464e-08	557.56036	-0.0977918	-319.45956	-0.526359	0.05774855	0.6102	79.0	868.578439950943	5.39489716032277
161	830.78186	128.24438	1109.6432	656.0933	268.66666	223.2353	66.77384	319.322	-7.5140676	810000	-5.64456e-09	391.92236	-0.10501278	-263.7862	-0.5358478	0.06687426	0.6134	79.0	873.969300031662	5.394872237134863
162	767.9525	212.56316	1346.9968	503.96408	255.10527	227.1927	68.77143	310.2426	-1.1658286	815000	-9.077787e-09	583.57733	-0.10315616	-343.7458	-0.54248554	0.055889312	0.6158	79.0	879.1581478118896	5.393608281948815
163	730.097	152.63748	1104.6104	506.19894	237.19048	212.27612	66.57729	301.3762	-3.8468206	820000	2.4065376e-09	584.32635	-0.11164625	-333.75833	-0.55004257	0.07244814	0.6478	79.0	885.6863629817963	5.400526616631485
164	828.1719	147.54445	1057.92	624.5543	269.22223	221.9162	67.054825	315.50473	-4.027712	825000	-7.2574615e-08	454.11435	-0.100854695	-299.91284	-0.5610017	0.08628698	0.6338	79.0	892.3617699146271	5.40825316400239
165	799.20624	155.24928	1220.5736	511.19476	259.6842	225.66338	68.77527	308.0011	-2.2565718	830000	-1.1831522e-08	609.34375	-0.104342915	-343.57654	-0.57354784	0.06082011	0.6086	79.0	898.5735228061676	5.41309352237058
166	832.8387	160.50761	1236.4374	527.73474	274.27777	225.47847	67.86843	310.49377	-2.5344896	835000	4.453659e-08	408.82584	-0.107023105	-226.05988	-0.5814133	0.067623235	0.6266	79.0	904.1353421211243	5.413984094551224
167	781.5896	140.0459	1073.9457	472.99548	258.57895	223.45775	64.756714	300.04187	-2.0744932	840000	5.467534e-08	521.9217	-0.100496516	-349.26624	-0.5958166	0.053497087	0.6234	79.0	910.7030594348907	5.420851559866042
168	788.7941	211.70912	1351.5438	402.19144	254.57895	218.54346	69.05936	308.79282	-8.929887	845000	5.6430696e-09	585.6751	-0.10509767	-344.54352	-0.6081549	0.071026966	0.6312	79.0	916.1101903915405	5.42077036722172
169	808.3276	148.54759	1056.0303	462.5157	262.5	226.7131	67.46423	312.36115	-3.5443864	850000	-9.959936e-09	634.0704	-0.10535125	-402.9926	-0.61748654	0.05018321	0.626	79.0	922.1156220436096	5.424209554055158
170	745.7086	148.24736	1044.132	521.2218	246.85	221.15915	71.08897	307.85397	-23.376715	855000	6.504431e-08	553.5593	-0.1103454	-364.23117	-0.6287445	0.05423877	0.6224	79.0	927.1908092498779	5.422168487693831
171	939.6666	202.86223	1310.2439	478.88528	303.125	225.48344	62.832527	306.245	-2.1884613	860000	8.654594e-09	586.9473	-0.10386961	-440.74988	-0.636448	0.09951578	0.6354	79.0	932.3898329734802	5.420871134414229
172	797.2928	160.62033	1172.8256	506.8689	263.05264	229.16628	72.63244	319.94315	1.3879614	865000	4.7005713e-08	528.4575	-0.10542153	-352.58957	-0.6444791	0.06390499	0.6236	79.0	937.5980172157288	5.419641730413272
173	854.89655	200.89604	1270.9246	563.3132	281.11765	223.24236	68.668274	307.07938	-4.762327	870000	-1.578331e-08	607.5002	-0.10570344	-336.3893	-0.6550072	0.06513775	0.6256	79.0	942.84836602211	5.41866878531445
174	793.0194	161.10545	1150.6244	536.8159	259.73685	224.75998	68.88965	311.6257	-11.731956	875000	8.863211e-09	457.26425	-0.10597545	-268.3183	-0.6630751	0.050432168	0.6266	79.0	948.1407673358917	5.417947251456124
175	904.7534	152.61177	1306.3264	722.1929	295.9375	227.56888	65.22199	305.4886	-5.2153635	880000	7.0181486e-08	426.73376	-0.10690593	-267.89932	-0.6719395	0.07231439	0.6448	79.0	953.4566552639008	5.417367377064445
176	848.282	160.87923	1132.1943	545.6748	274.6111	228.86102	68.68931	314.79648	-5.651906	885000	8.864403e-08	331.1893	-0.102635734	-190.666	-0.67659485	0.084137335	0.6582	79.0	958.4449799060822	5.414943401422878
177	784.38904	200.27687	1274.2499	387.31842	254.47368	225.66722	70.434425	313.44037	0.86068785	890000	-1.503408e-07	476.0424	-0.102515265	-292.21857	-0.6871733	0.047294214	0.6074	79.0	963.7144680023193	5.414126236787003
178	752.2093	163.73372	1228.6068	535.6292	244.6	220.83548	71.07785	310.6557	-4.7996397	895000	-6.122589e-08	497.3139	-0.10190666	-274.8894	-0.69836545	0.069427155	0.6326	79.0	969.0264580249786	5.413555643411988
179	848.7066	227.75821	1248.6438	451.25232	276.27777	224.86577	65.96961	315.7723	-6.672369	900000	3.1811e-08	730.8591	-0.101815656	-426.34152	-0.70500594	0.07805279	0.656	79.0	974.4120934009552	5.4134005308151245
180	849.60266	233.25383	1322.107	456.67172	275.83334	227.56047	71.163445	335.12762	-1.8258066	905000	-1.0895729e-08	443.4109	-0.10822695	-280.44113	-0.71476865	0.05945458	0.6424	79.0	979.9959902763367	5.414342498252405
181	845.3037	203.70793	1227.3522	530.31915	271.83334	230.02162	69.570885	320.80386	-17.111692	910000	2.8306246e-08	562.8518	-0.10532834	-333.64325	-0.7260692	0.068182096	0.6318	79.0	985.200522184372	5.413189694121644
182	864.3659	263.82672	1489.4115	519.56335	282.88235	231.51245	71.09449	326.33853	0.13102624	915000	-9.282827e-08	613.12805	-0.101294905	-383.12305	-0.7395608	0.06631499	0.64	79.0	990.2099697589874	5.410983451728613
183	854.8337	241.72462	1497.3927	424.21936	272.33334	225.17987	67.42487	312.0358	0.7117059	920000	-1.1062026e-07	618.31586	-0.10965715	-394.00787	-0.74813485	0.08867031	0.6566	79.0	995.3654744625092	5.409594980270966
184	853.1206	277.84714	1681.1948	426.60446	274.94446	233.30624	71.20565	332.814	-4.694516	925000	-2.0171703e-08	750.3092	-0.10257298	-394.00464	-0.7533708	0.06732236	0.6444	79.0	1000.5921218395233	5.408606075596165
185	889.3693	249.49623	1347.0723	487.47595	293.35294	234.49423	68.17901	332.72925	-6.865037	930000	-6.729364e-08	810.61584	-0.10262213	-490.08087	-0.7563167	0.054824047	0.6232	79.0	1005.7890093326569	5.407467802365621
186	790.84515	216.26491	1281.7869	385.1396	254.73685	223.30373	71.54848	316.81348	-0.48448852	935000	1.13368035e-08	712.0587	-0.09612112	-408.76633	-0.76778114	0.08142388	0.6372	79.0	1011.2051270008087	5.407514057057426
187	764.01917	204.23106	1372.402	489.30286	253.1579	225.10863	70.2663	324.07376	-16.711802	940000	-4.684925e-08	855.6936	-0.10583589	-552.59875	-0.7729756	0.05320061	0.6314	79.0	1016.4895803928375	5.406859479051955
188	925.6465	281.77554	1596.9058	519.59454	300.5625	227.7695	63.074158	314.50742	-8.042031	945000	7.3599814e-08	709.7749	-0.10835935	-497.37262	-0.78487843	0.09101278	0.6632	79.0	1021.8255565166473	5.406484439890221
189	781.47253	202.30405	1132.729	416.86905	261.78946	226.88553	72.61655	318.88358	-6.517163	950000	1.15156176e-07	607.19147	-0.103954166	-394.7019	-0.7924384	0.060404066	0.645	79.0	1027.169450044632	5.406155009018748
190	840.24146	240.60092	1745.3331	654.5405	276.1111	220.38173	66.48044	305.24277	-0.1400803	955000	1.8942355e-08	448.87506	-0.108015366	-289.75464	-0.8013714	0.07645142	0.6386	79.0	1032.5083134174347	5.405802698035515
191	894.3064	194.63771	1277.9965	550.5845	285.2353	226.45943	67.3872	305.61572	-3.9034486	960000	6.132126e-08	858.3736	-0.110543184	-523.7624	-0.8125882	0.07710486	0.66	79.0	1037.7320930957794	5.404854662716389
192	962.51764	292.56894	1589.4362	595.63385	320.4	240.64986	68.02203	335.24088	-5.85499	965000	-3.4844874e-08	595.99493	-0.102371566	-363.8785	-0.82188976	0.06808338	0.6242	79.0	1043.0432813167572	5.404369344365412
193	843.4011	247.92365	1370.8448	389.1326	277.70587	226.26082	65.89537	310.27676	-9.66875	970000	-1.281619e-07	592.8207	-0.106371514	-356.91376	-0.83199185	0.08655898	0.6588	79.0	1048.3315143585205	5.4037707024013875
194	813.60834	136.59067	1082.3759	613.16504	262.88235	229.9329	67.51869	323.13422	-0.8617379	975000	3.8146972e-08	642.6438	-0.10422191	-370.87805	-0.8390413	0.08197765	0.637	79.0	1053.674197435379	5.4034574325268085
195	873.81464	283.1585	1618.1921	495.49164	287.47058	230.5165	70.11532	313.63223	-13.317047	980000	-1.7244815e-07	371.40094	-0.10682713	-236.15268	-0.8462788	0.063072234	0.641	79.0	1058.9455969333649	5.402783668771082
196	940.9385	290.5747	1441.5726	481.46487	293.94116	224.88126	66.22781	304.991	-5.391952	985000	-4.4250488e-08	1021.5787	-0.11200529	-732.02344	-0.8558936	0.1395468	0.6976	79.0	1064.3016760349274	5.4025465909599655
197	940.4627	256.4516	1369.5803	582.3886	306.3125	248.95895	72.35701	349.86084	4.0944166	990000	-5.927086e-08	900.9276	-0.100578465	-634.8727	-0.8592939	0.05441609	0.6328	79.0	1070.161149263382	5.404854298842074
198	1026.5577	299.90897	1656.3096	527.01105	338.0	239.4159	63.673542	328.00668	-5.1366997	995000	-6.242394e-08	1013.4017	-0.10511521	-640.52356	-0.8750008	0.072727166	0.6672	79.0	1075.3988738059998	5.404014452018929
199	973.4067	339.15402	2036.4944	500.2802	312.46667	246.0958	66.78844	334.15976	3.9133866	1000000	-3.6627053e-08	833.74084	-0.09870388	-476.04083	-0.8833389	0.066025294	0.6292	79.0	1080.6501669883728	5.4032508456707005
