Epoch	AverageEpRet	StdEpRet	MaxEpRet	MinEpRet	AverageTestEpRet	StdTestEpRet	MaxTestEpRet	MinTestEpRet	EpLen	TestEpLen	Time Steps	AverageQ1Vals	StdQ1Vals	MaxQ1Vals	MinQ1Vals	AverageQ2Vals	StdQ2Vals	MaxQ2Vals	MinQ2Vals	LossPi	LossQ	Time	AVG Time Per Epoch
1	-43.29259	3.627383	-35.76793	-52.267544	-8.065442	1.8989507	-5.7811785	-11.751799	50.0	50.0	4999	-1.6389078	0.64822465	1.92769	-4.7044945	-1.6388372	0.6486379	0.51033276	-4.892836	0.9583999	0.0661246	13.418086528778076	13.418089151382446
2	-43.001907	3.4393227	-34.242226	-51.904633	-8.867851	2.9418755	-4.379881	-14.294693	50.0	50.0	9999	-3.053504	1.0838448	-0.0066278577	-7.987724	-3.053469	1.0834928	-0.1911656	-8.151061	2.3371768	0.124976486	30.000128746032715	15.000065565109253
3	-9.303331	2.7386587	-4.7050376	-17.751562	-8.192658	1.9240559	-5.262798	-10.714633	50.0	50.0	14999	-4.075861	1.5318576	1.1868795	-11.309555	-4.0758505	1.5303248	0.64007425	-11.227653	3.4364715	0.22101633	47.47127032279968	15.823757568995157
4	-8.553321	2.391895	-3.8841343	-17.649063	-6.594203	1.1033595	-4.678842	-9.03145	50.0	50.0	19999	-4.5668907	1.688477	2.5887876	-12.104225	-4.566907	1.6865443	2.6765509	-11.740482	4.0505466	0.29915357	65.08321642875671	16.27080464363098
5	-9.888396	3.7241335	-4.850915	-32.28291	-9.721314	5.000236	-5.7102184	-22.949226	50.0	50.0	24999	-4.9747453	1.7940353	7.211759	-12.976246	-4.9746614	1.792321	3.099109	-13.284738	4.5320244	0.37228063	82.8195571899414	16.563911867141723
6	-10.634144	2.9373057	-3.353636	-21.701397	-8.709469	2.4974475	-6.438158	-15.510048	50.0	50.0	29999	-5.336533	1.9314759	1.4683256	-13.952582	-5.336521	1.9306794	1.8982935	-14.069589	4.947622	0.45568243	100.40989923477173	16.734983603159588
7	-9.9261875	2.710409	-3.3390346	-18.058374	-7.1295586	2.431299	-3.7005043	-10.609145	50.0	50.0	34999	-5.5932	2.0980797	2.8720696	-14.94718	-5.593189	2.0964208	2.4875612	-14.61717	5.212361	0.5457279	118.12830972671509	16.875473158700125
8	-8.338683	2.5114279	-3.5197473	-17.450134	-6.9219904	2.641042	-2.3897655	-12.311923	50.0	50.0	39999	-5.641078	2.1660948	3.013455	-14.64033	-5.6410384	2.1650352	2.0937047	-15.025923	5.267008	0.61456496	135.70082187652588	16.96260303258896
9	-9.595852	3.8875825	-3.7398834	-36.59769	-8.813506	1.8581283	-5.41631	-12.208772	50.0	50.0	44999	-5.659882	2.1337934	10.225533	-14.973736	-5.6597157	2.1324987	9.001106	-17.31972	5.2934737	0.6465534	153.29181241989136	17.03242384062873
10	-9.895646	2.3954775	-3.7586017	-16.977345	-7.0507917	1.9486768	-4.3441586	-9.314785	50.0	50.0	49999	-5.80254	2.0620112	3.9467034	-21.398886	-5.802581	2.0599723	5.5925884	-23.085625	5.437517	0.7014674	170.81181931495667	17.08118212223053
11	-9.092886	2.4399827	-3.9926343	-16.956728	-8.78682	1.8694632	-5.4194784	-12.195776	50.0	50.0	54999	-6.1649594	2.0088985	4.181464	-17.027142	-6.1648264	2.0073411	3.2968712	-16.884083	5.8069468	0.8405572	188.41417860984802	17.12856190854853
12	-8.701066	2.7040873	-3.738777	-14.699623	-8.880496	1.6864942	-6.254151	-11.687172	50.0	50.0	59999	-6.4567766	2.087061	3.950487	-16.662668	-6.456766	2.0851264	5.5248737	-16.626923	6.1043715	0.95947325	205.84380340576172	17.15365046262741
13	-8.133086	3.256144	-3.3728206	-21.702412	-8.202483	2.3872163	-5.174943	-13.332203	50.0	50.0	64999	-6.5251274	2.1509428	5.4263825	-17.122385	-6.5251913	2.147697	3.0713134	-17.227587	6.1696353	0.94935	223.67410254478455	17.205700360811672
14	-8.782945	2.9429686	-3.3953397	-18.557491	-7.452862	2.9236622	-2.2696278	-11.185979	50.0	50.0	69999	-6.515572	2.2087157	3.5036347	-17.026083	-6.5155764	2.2065809	3.0344472	-18.035894	6.1886225	0.93234134	241.2815396785736	17.23439586162567
15	-9.339585	3.6291058	-3.9130368	-21.713118	-8.837622	3.0059438	-3.0935078	-13.086348	50.0	50.0	74999	-6.504311	2.2762065	4.7920203	-18.634907	-6.504367	2.2740445	3.9685905	-18.258648	6.1904206	0.9211623	258.9191105365753	17.261274162928263
16	-9.89499	3.9218512	-4.2518635	-23.69089	-8.070471	4.798923	-2.909384	-19.8768	50.0	50.0	79999	-6.510813	2.3053749	6.6433783	-18.41283	-6.510784	2.3031685	5.3343673	-19.072914	6.1923165	0.9370391	276.6297698020935	17.289360746741295
17	-9.276524	5.028833	-3.899849	-55.226307	-5.6739187	1.9121233	-2.843236	-8.105419	50.0	50.0	84999	-6.519595	2.3044496	4.9047318	-18.09428	-6.519681	2.3020248	3.8321838	-18.232325	6.2113194	0.96100056	294.1751835346222	17.304422673057108
18	-8.056857	2.1256769	-4.4355845	-13.506289	-7.2999854	2.081657	-3.6504505	-10.779102	50.0	50.0	89999	-6.49265	2.311218	3.4975684	-23.961937	-6.492672	2.3087473	4.103779	-18.397282	6.1783214	0.9666468	311.838152885437	17.324341972668964
19	-8.19241	2.491889	-3.2354357	-17.038149	-6.7880745	2.1856656	-3.8061986	-10.959941	50.0	50.0	94999	-6.478648	2.2828429	6.8513026	-20.14767	-6.4785686	2.2804494	4.808433	-23.804317	6.1660066	0.9646028	329.53008818626404	17.343688952295405
20	-7.647736	1.4556541	-3.2388146	-10.267092	-6.148883	1.548647	-3.4392416	-8.623046	50.0	50.0	99999	-6.4721713	2.2932818	5.836992	-25.063805	-6.4722714	2.290464	4.8578644	-24.384165	6.1718636	0.96968573	347.2013580799103	17.36006803512573
21	-7.688052	1.5457705	-3.3239655	-10.860045	-5.863516	1.5977417	-3.369595	-7.90717	50.0	50.0	104999	-6.460873	2.2938428	8.097291	-24.39853	-6.460836	2.2907908	5.951047	-24.005333	6.1676345	0.964044	364.6412091255188	17.363867203394573
22	-7.5339723	1.7908324	-3.8916204	-11.525282	-6.2017965	1.3359622	-3.8308017	-8.876479	50.0	50.0	109999	-6.4399686	2.2942162	6.971329	-19.325308	-6.4399724	2.29194	7.1824293	-20.304832	6.1481485	0.9663371	381.9635672569275	17.361980438232422
23	-8.137221	1.7336838	-3.5898764	-16.057383	-7.2507753	1.4441525	-5.369275	-10.205327	50.0	50.0	114999	-6.436313	2.2949357	4.634576	-22.174082	-6.436248	2.2922857	3.5024672	-23.615925	6.1599374	0.9767228	399.52269411087036	17.370551990426105
24	-8.162929	2.27778	-3.4440238	-14.073567	-7.19592	1.7453456	-4.507996	-9.836545	50.0	50.0	119999	-6.465854	2.2976558	3.1731677	-17.834038	-6.465872	2.2950163	2.7584352	-18.344883	6.192053	0.9904736	416.7657220363617	17.365238497654598
25	-7.867113	2.15006	-3.4777226	-13.175513	-5.503011	1.9856578	-2.2909257	-8.620114	50.0	50.0	124999	-6.47444	2.2853434	6.6360245	-19.94291	-6.4743767	2.2829812	3.7203546	-19.893421	6.197829	0.98631257	434.3154602050781	17.372618494033812
26	-7.66803	2.2124944	-3.1132524	-15.006076	-5.9045157	1.6337852	-2.2558975	-8.27352	50.0	50.0	129999	-6.5046053	2.28974	3.9753513	-20.221788	-6.504654	2.287526	4.2382555	-20.900112	6.242385	1.0237197	452.0049092769623	17.384804267149704
27	-7.924931	1.9927864	-3.2793655	-12.352663	-8.030858	1.4629403	-5.5979915	-10.748572	50.0	50.0	134999	-6.512897	2.2834346	7.079034	-19.828037	-6.5129366	2.28073	7.368664	-19.746477	6.2477264	1.0313338	469.5711832046509	17.391525383348817
28	-7.7982607	1.6900508	-4.0008082	-10.953196	-6.3372483	1.6408634	-3.184524	-8.632779	50.0	50.0	139999	-6.498896	2.2921987	8.434992	-20.82984	-6.49892	2.289992	5.749966	-19.77926	6.235781	1.0367123	487.0891191959381	17.396040030888148
29	-7.3842993	1.7363989	-3.540013	-10.957002	-5.9783626	2.0290992	-2.9528377	-9.750347	50.0	50.0	144999	-6.52423	2.3407521	9.301033	-19.405294	-6.524168	2.339055	8.982691	-19.111439	6.249062	1.0774989	504.5650625228882	17.39879533340191
30	-7.705905	1.991443	-3.8938506	-12.324871	-7.012803	1.1513263	-5.6027803	-9.387913	50.0	50.0	149999	-6.5304747	2.3676932	7.8476353	-19.749283	-6.530273	2.3658912	6.178203	-20.192352	6.255112	1.0994271	522.2045624256134	17.40681880315145
31	-7.5094323	1.9936391	-4.051994	-12.49338	-6.2716265	2.3043857	-3.5302045	-10.083265	50.0	50.0	154999	-6.500153	2.3628213	5.9352317	-20.542402	-6.500036	2.3604212	5.1986914	-20.61961	6.2471843	1.0917916	539.8742625713348	17.415298846460157
32	-7.263842	1.9202619	-3.4959059	-14.928271	-6.508269	1.641143	-2.3825834	-8.652121	50.0	50.0	159999	-6.468443	2.3233724	5.8555617	-19.447113	-6.4683704	2.3214443	4.910349	-19.469536	6.226917	1.0537196	557.4085092544556	17.41901597380638
33	-7.759499	2.0376234	-3.6590557	-16.150894	-5.4415917	1.420184	-3.1892233	-6.904003	50.0	50.0	164999	-6.474188	2.307359	5.308933	-19.624496	-6.4740953	2.3059494	4.254322	-19.405449	6.2205544	1.0685332	575.1649448871613	17.42924080473004
34	-7.3917875	2.1863413	-3.505592	-14.77742	-5.552471	1.6321582	-2.9571462	-7.880842	50.0	50.0	169999	-6.5161686	2.322341	5.287661	-19.756414	-6.5161834	2.3192227	4.4395537	-20.331429	6.253284	1.1272979	592.8330886363983	17.436267368933734
35	-6.951823	1.7698411	-3.6772246	-11.558351	-4.966788	1.5517293	-3.0228999	-8.293038	50.0	50.0	174999	-6.469919	2.3120346	5.3159857	-21.738222	-6.469886	2.3102567	13.284611	-22.106804	6.2329803	1.0854315	610.4420773983002	17.44120227268764
36	-7.1432433	1.7525793	-3.4571908	-10.23565	-6.239147	1.1178092	-4.7059956	-7.6872597	50.0	50.0	179999	-6.426303	2.300286	6.9593163	-22.107765	-6.426446	2.2977574	5.299535	-24.907045	6.196072	1.0489529	627.992574930191	17.44423825210995
37	-7.0845428	2.177586	-2.9597278	-10.553633	-6.2371593	1.8920758	-2.901558	-8.736947	50.0	50.0	184999	-6.4103394	2.294232	8.87348	-20.918354	-6.410243	2.2928467	4.676554	-21.13417	6.1913567	1.0420249	645.4854180812836	17.4455518980284
38	-7.2973804	2.0528812	-3.42859	-12.446983	-5.8438883	1.643507	-2.7483144	-8.399856	50.0	50.0	189999	-6.363915	2.2795978	7.8367796	-18.325853	-6.363939	2.2780125	7.564802	-20.481762	6.149378	1.016517	663.1083364486694	17.450219424147356
39	-7.0961857	1.9580575	-3.1974313	-12.236252	-5.9340024	2.091524	-1.8754811	-9.68567	50.0	50.0	194999	-6.322521	2.2750244	3.928595	-25.973328	-6.3223715	2.273424	7.0874557	-23.64217	6.1024017	1.0074228	680.5462374687195	17.449903573745335
40	-7.5255985	1.9218622	-3.9093046	-12.32029	-5.2387953	1.889472	-2.4803882	-8.029974	50.0	50.0	199999	-6.25783	2.257327	7.255809	-20.674715	-6.257902	2.2561386	7.218522	-21.500576	6.0608616	0.97594523	698.0124762058258	17.450311946868897
41	-7.1749525	1.9559224	-3.5298917	-16.797535	-6.2180758	1.537151	-3.3946373	-8.8045	50.0	50.0	204999	-6.228785	2.2507837	6.089432	-21.800404	-6.2286916	2.249279	5.48079	-20.337513	6.017764	0.9739476	715.6238811016083	17.454241054814037
42	-7.392253	1.8965334	-3.6808977	-15.18238	-5.5201654	1.9291162	-2.7407827	-10.202448	50.0	50.0	209999	-6.210675	2.2353654	8.33361	-22.940542	-6.210547	2.234438	5.4986496	-22.199375	5.9985604	0.9703813	733.2347071170807	17.457969268163044
43	-7.263875	2.2318532	-3.1812353	-14.813768	-6.1065383	1.22528	-3.6256511	-7.9349174	50.0	50.0	214999	-6.1963315	2.2080243	3.926794	-20.94399	-6.196374	2.2067935	7.278755	-20.088148	5.994036	0.9613502	750.7530615329742	17.45937357392422
44	-7.298488	1.8410891	-3.4170704	-11.682024	-5.602806	1.5321734	-3.0666173	-8.283679	50.0	50.0	219999	-6.1957474	2.189421	7.726307	-20.429749	-6.195733	2.1884942	4.8283033	-20.990686	6.0173535	0.9409891	768.3199639320374	17.46181740544059
45	-7.3506956	2.1033573	-3.7986357	-12.65907	-6.11733	1.4730184	-3.919094	-8.861232	50.0	50.0	224999	-6.188163	2.1867664	7.094348	-20.971607	-6.188125	2.1847832	7.377311	-21.07442	6.009545	0.981655	785.7637095451355	17.461415815353394
46	-7.1951585	2.1538918	-3.4094064	-18.079521	-5.401969	2.0504348	-2.844186	-8.166343	50.0	50.0	229999	-6.206957	2.2053325	5.5641546	-22.128805	-6.2068696	2.2047243	14.607371	-22.68105	6.0205507	0.9862195	803.2076466083527	17.461035837297853
47	-7.283731	1.8214725	-3.2274568	-10.725372	-6.347774	1.9203329	-3.2999873	-9.593041	50.0	50.0	234999	-6.1795883	2.2090092	8.687988	-20.410986	-6.179624	2.2077415	7.8357496	-20.117094	6.007924	0.9651333	820.8317203521729	17.464504733998726
48	-7.4049854	1.8792536	-3.887537	-14.110056	-5.7206674	1.5025889	-3.9743533	-8.430292	50.0	50.0	239999	-6.2021766	2.188172	7.634998	-20.615644	-6.202179	2.1869972	8.043377	-21.556711	6.019939	0.98540294	838.4483644962311	17.46767430504163
49	-7.308707	2.005569	-3.9615872	-12.184432	-5.7363753	1.303084	-2.8250368	-8.156863	50.0	50.0	244999	-6.260892	2.1718206	6.3425856	-24.604433	-6.2608986	2.1703353	6.1053963	-23.01996	6.0673237	1.04358	856.0286617279053	17.469972732115764
50	-8.025657	2.226624	-3.0705698	-15.390167	-5.774781	2.2386081	-2.7209616	-9.1727495	50.0	50.0	249999	-6.398377	2.2416627	3.612147	-23.549358	-6.398407	2.239963	4.237421	-22.26072	6.1725674	1.1423187	873.7401931285858	17.47480390548706
51	-8.595087	4.451458	-3.4893575	-25.084515	-6.295517	4.439689	-2.2335403	-17.566725	50.0	50.0	254999	-6.585249	2.4153738	8.504587	-23.124477	-6.5849724	2.4150593	5.8199306	-23.12109	6.327494	1.4450744	891.4650642871857	17.47970718495986
52	-9.584201	4.5030046	-3.694753	-22.594137	-7.7061644	2.9198399	-3.3624048	-12.285159	50.0	50.0	259999	-6.7053576	2.5137596	5.625338	-23.02814	-6.705225	2.5119202	5.05651	-22.888617	6.412107	1.585658	909.1441090106964	17.48354059457779
53	-7.7862077	2.49292	-3.2545886	-15.003001	-6.3468785	2.7216551	-3.146015	-10.867752	50.0	50.0	264999	-6.619963	2.3309307	5.240618	-22.419098	-6.620083	2.3298259	5.473605	-22.958004	6.3872895	1.3199314	926.7924444675446	17.486649931601757
54	-7.534518	2.1710532	-3.5283704	-13.3084755	-6.6597223	2.117576	-2.7668185	-10.138546	50.0	50.0	269999	-6.7771506	2.4783735	5.146262	-20.539062	-6.7769303	2.476487	4.6893787	-20.887693	6.4412847	1.6141645	944.2834017276764	17.486729701360066
55	-7.6992292	2.176826	-3.5193536	-13.181639	-6.7155237	1.5871129	-4.272049	-9.26501	50.0	50.0	274999	-6.760299	2.3991115	5.611331	-21.26343	-6.7603517	2.3980372	6.2121778	-20.621414	6.5406137	1.4412335	961.8892123699188	17.48889480937611
56	-7.6199536	2.255998	-3.6354108	-14.128494	-6.5618744	2.7366831	-2.824806	-10.413215	50.0	50.0	279999	-6.6127853	2.35622	5.4440293	-20.81238	-6.612896	2.3546307	5.7883167	-20.413725	6.445498	1.2256062	979.5359144210815	17.49171279157911
57	-7.5374174	2.5318522	-2.8530447	-12.619723	-4.7746816	2.503497	-2.4313006	-8.671699	50.0	50.0	284999	-6.53397	2.3736238	5.4957027	-19.688322	-6.53391	2.3711822	5.186018	-20.22208	6.3446755	1.2507845	997.0545678138733	17.49218544207121
58	-7.9734	2.4940903	-3.2835014	-13.579267	-7.6346145	2.0906432	-4.7649846	-11.920715	50.0	50.0	289999	-6.4381423	2.3183663	4.8622627	-20.171356	-6.4381924	2.3167655	4.3067503	-19.482647	6.2711625	1.1481999	1014.4831244945526	17.491088386239678
59	-8.128077	2.538985	-3.0248065	-13.631549	-5.759742	2.345835	-2.523123	-9.485548	50.0	50.0	294999	-6.365007	2.302665	5.0752187	-22.57064	-6.3650494	2.2997594	9.877869	-21.5008	6.1998587	1.1689141	1032.0413837432861	17.492226871393495
60	-7.787972	2.306613	-3.3516808	-13.671149	-6.161941	2.6405962	-2.8361077	-11.480366	50.0	50.0	299999	-6.3183455	2.3058112	7.5307703	-28.097788	-6.3181815	2.3029633	8.570338	-27.567518	6.1407294	1.2001029	1049.53142619133	17.49219046831131
61	-7.727201	2.40097	-3.0617778	-15.304737	-6.4534035	2.6469646	-3.2531953	-10.7736435	50.0	50.0	304999	-6.2613125	2.2536874	5.5314274	-21.472954	-6.2613025	2.2519248	11.906878	-21.37083	6.117519	1.0317394	1067.0862154960632	17.493216678744457
62	-7.8978095	2.3099625	-3.5781384	-14.680893	-5.752339	3.0178387	-2.242995	-12.508132	50.0	50.0	309999	-6.193932	2.255418	6.9964447	-24.147442	-6.193963	2.2538154	6.4481473	-19.941696	6.057003	0.9868337	1084.7276918888092	17.49560797214508
63	-7.256672	2.0018277	-3.1368856	-12.239081	-6.4522505	2.5348647	-3.1797812	-10.38065	50.0	50.0	314999	-6.1380544	2.2479172	8.296153	-20.41306	-6.138122	2.2463558	11.7441845	-21.343128	6.003431	0.99235374	1102.2461068630219	17.49596998048207
64	-7.8685274	1.9753422	-3.5991032	-12.468905	-6.034029	1.8316123	-2.3271449	-8.50983	50.0	50.0	319999	-6.0913224	2.2475188	9.513372	-19.810375	-6.091355	2.2460423	8.862664	-18.831198	5.96646	0.97394085	1119.7793204784393	17.496551912277937
65	-7.387008	1.9055107	-3.1861925	-11.19653	-5.6456857	0.7554459	-4.5097027	-7.049751	50.0	50.0	324999	-6.0476146	2.2240365	5.719403	-25.467545	-6.04759	2.223006	4.879917	-19.819864	5.9164944	0.94923615	1137.3381688594818	17.4975103194897
66	-7.188156	1.972915	-3.4637496	-13.052495	-5.746078	1.3211492	-2.9738348	-7.7263584	50.0	50.0	329999	-5.9935145	2.2044177	6.942751	-22.928974	-5.9934874	2.2027605	5.552018	-23.523586	5.8578115	0.9321901	1154.953516960144	17.49929574402896
67	-7.1936793	1.8036659	-3.6829185	-11.087968	-6.093604	1.4161372	-3.7865548	-8.09285	50.0	50.0	334999	-5.979049	2.2053103	6.8076572	-20.291262	-5.978992	2.203888	4.3654647	-21.164421	5.8475246	0.93311423	1172.4903676509857	17.49985626562318
68	-6.783541	1.8594823	-3.2848768	-11.48667	-7.1435175	1.741545	-4.474275	-9.680433	50.0	50.0	339999	-5.956056	2.1971052	6.763497	-21.520105	-5.956019	2.1951215	5.6350155	-21.913923	5.8277183	0.92676514	1189.9783194065094	17.49968119579203
69	-7.1473045	2.0441513	-3.37653	-12.839211	-4.9047456	1.6429942	-2.3490496	-7.581083	50.0	50.0	344999	-5.9227324	2.1836853	8.884553	-20.771109	-5.922797	2.182916	8.227791	-22.054214	5.7930365	0.8873799	1207.3532230854034	17.497872825981915
70	-6.8725495	1.5469894	-3.7183015	-10.526365	-5.144305	1.457019	-2.3602598	-7.325719	50.0	50.0	349999	-5.9223237	2.1742299	10.832465	-19.993217	-5.922331	2.1726234	4.542349	-21.193867	5.7808514	0.89496523	1224.8459000587463	17.497798596109664
71	-7.22271	1.5133231	-4.0664525	-10.82013	-6.852317	1.169891	-4.2721577	-9.104699	50.0	50.0	354999	-5.9242687	2.1703818	6.1166644	-26.858227	-5.9243517	2.1692452	8.421442	-18.372065	5.794676	0.901167	1242.2182786464691	17.496032117118297
72	-7.1964746	1.5626678	-3.227824	-11.163729	-5.5796494	1.6022443	-2.9978757	-7.8490715	50.0	50.0	359999	-5.89765	2.151291	7.9380646	-22.974527	-5.8975906	2.1507936	7.246217	-21.954674	5.7747025	0.89702654	1259.6510119438171	17.49515297346645
73	-6.888862	1.7031008	-2.9947922	-10.785277	-6.6549134	1.0944839	-4.7725263	-8.367204	50.0	50.0	364999	-5.8793817	2.1274898	7.8402534	-23.90466	-5.879123	2.1258354	6.155265	-24.960344	5.748439	0.885475	1277.1596457958221	17.495337639769463
74	-7.305622	1.5802518	-3.194575	-11.1348915	-5.1971364	1.7379102	-2.9265122	-7.998528	50.0	50.0	369999	-5.8782206	2.108856	7.0268497	-25.424004	-5.8783517	2.105899	5.2339683	-23.943296	5.7447176	0.90089786	1294.7341153621674	17.49640698690672
75	-7.306264	1.7228658	-3.4136856	-10.482527	-5.3728833	1.7682924	-2.2561026	-7.5563083	50.0	50.0	374999	-5.875207	2.0819492	4.62398	-28.062313	-5.875105	2.0817118	6.089902	-24.72686	5.742345	0.87886894	1312.4117851257324	17.49882383028666
76	-6.9216743	1.6431671	-2.8169663	-11.24039	-5.030054	1.2924343	-2.614004	-6.821959	50.0	50.0	379999	-5.8502016	2.0642948	6.2826633	-20.50594	-5.850012	2.063065	5.03847	-23.700977	5.7176948	0.8979529	1330.2199466228485	17.502894059607858
77	-7.219208	1.7040284	-3.4428196	-11.2505045	-5.0801234	1.6251551	-2.891797	-8.041545	50.0	50.0	384999	-5.8298845	2.0654438	11.451841	-23.652792	-5.829872	2.063925	14.346434	-22.157946	5.701925	0.8711156	1347.6375620365143	17.501786547821837
78	-7.011989	1.6977524	-3.87875	-11.277484	-6.586361	1.0905231	-4.900877	-8.16811	50.0	50.0	389999	-5.825865	2.0647588	9.67302	-27.2009	-5.825825	2.0629995	5.97983	-25.566376	5.698309	0.89090186	1365.1654543876648	17.502121231494804
79	-7.243329	1.7501757	-3.722987	-12.262109	-6.027351	1.3821634	-3.1303642	-7.5691576	50.0	50.0	394999	-5.8239865	2.0651603	10.6311	-28.693972	-5.8240566	2.063518	5.7742944	-20.566904	5.703064	0.8868505	1383.0105752944946	17.506463005572936
80	-6.890207	1.7706498	-2.5820131	-11.38682	-6.30437	1.585363	-2.404594	-8.619929	50.0	50.0	399999	-5.8050666	2.046181	6.6049256	-24.249989	-5.8050494	2.044561	3.835132	-24.097368	5.684387	0.8921818	1400.6944437026978	17.50868057012558
81	-6.728512	1.8323549	-2.9013727	-10.488649	-5.2008233	1.7222376	-2.3226051	-7.0633063	50.0	50.0	404999	-5.801435	2.0436957	7.3157196	-27.91134	-5.8014507	2.043091	5.4360304	-27.698952	5.681542	0.884998	1418.3910784721375	17.511000989395896
82	-7.198212	2.0278566	-3.2691796	-17.54173	-5.3880606	1.971491	-1.8806232	-7.9830503	50.0	50.0	409999	-5.8042836	2.0315487	6.816558	-19.68121	-5.804251	2.030807	8.108124	-20.026733	5.677732	0.8937799	1436.1534512043	17.51406650136157
83	-6.898706	1.7453889	-3.4188826	-10.527367	-6.1726937	1.4402006	-3.4339492	-8.16958	50.0	50.0	414999	-5.842019	2.0179164	6.8811326	-20.300426	-5.8420234	2.0179274	5.776917	-22.204586	5.704368	0.9791566	1453.6809177398682	17.51422794755683
84	-6.8409176	1.7979678	-2.9809647	-9.980935	-5.741985	1.1934376	-4.092977	-8.07683	50.0	50.0	419999	-5.891162	2.0302796	11.839648	-22.067265	-5.891109	2.0297139	7.1728296	-19.239027	5.752407	0.98942345	1471.2051365375519	17.514346886248816
85	-7.001715	1.9470246	-3.0834084	-11.738928	-5.696122	1.6290731	-3.2713118	-8.331859	50.0	50.0	424999	-5.961022	2.058316	6.996658	-28.944235	-5.96092	2.0578444	9.017825	-30.749468	5.793042	1.054078	1488.7998614311218	17.51529250986436
86	-7.204912	1.8321975	-3.2773917	-11.468882	-7.520938	1.2724849	-4.911792	-8.899704	50.0	50.0	429999	-5.9930673	2.069154	6.040049	-35.274338	-5.993079	2.0692937	5.782016	-33.920387	5.8349953	1.0490247	1506.4008066654205	17.516288471776384
87	-7.370104	2.1026106	-2.9413745	-11.264178	-5.8707757	2.4327588	-2.7624526	-9.271868	50.0	50.0	434999	-6.030863	2.054371	7.6411815	-27.421926	-6.0307283	2.0548496	4.5778055	-23.806557	5.850962	1.0593482	1523.8932673931122	17.516014589660468
88	-7.0000153	2.1708462	-2.466041	-12.371893	-6.220605	1.4294648	-3.0123258	-7.5387464	50.0	50.0	439999	-6.0866857	2.0946186	5.8658533	-27.58102	-6.086755	2.094452	5.2962017	-25.539846	5.9116035	1.1300651	1541.5378968715668	17.517476122487675
89	-7.452236	2.1833675	-2.801212	-18.879553	-6.0249777	1.8701843	-2.5132928	-10.072271	50.0	50.0	444999	-6.0856967	2.1260269	6.933285	-27.690145	-6.0856514	2.1252415	6.2295265	-30.772167	5.891738	1.1453048	1559.1146042346954	17.5181416447243
90	-7.0499196	1.7769123	-3.1112397	-10.557207	-4.6616793	2.4229808	-1.5276772	-8.886883	50.0	50.0	449999	-6.083014	2.0913606	6.2344575	-23.427258	-6.082941	2.0905745	5.4291406	-31.28501	5.8818445	1.1349782	1576.7444264888763	17.519382535086738
91	-7.0708623	1.9747926	-3.0749006	-11.222521	-6.5044303	2.0298853	-3.2784498	-9.587194	50.0	50.0	454999	-6.1105714	2.118031	4.541404	-28.177956	-6.1105657	2.1182172	5.6162295	-27.131432	5.9205723	1.1728323	1594.3043987751007	17.519828578928013
92	-7.0357313	2.0667238	-2.9150114	-11.796716	-6.131873	1.3038303	-4.144545	-8.680877	50.0	50.0	459999	-6.0777645	2.1067455	7.3480554	-22.209236	-6.0779076	2.106763	8.464265	-22.824924	5.897838	1.1133796	1611.882758140564	17.520464780537978
93	-6.8059664	2.024396	-2.4075623	-13.86296	-7.068877	1.3928535	-5.2343526	-9.316249	50.0	50.0	464999	-6.1509905	2.128467	7.4028015	-21.447489	-6.1510887	2.1284711	7.24085	-22.419973	5.924693	1.2232583	1629.593224287033	17.52250781366902
94	-7.521182	2.2014694	-3.223519	-11.594274	-5.851637	2.2159517	-1.7819802	-9.082309	50.0	50.0	469999	-6.3793135	2.2776253	18.02018	-32.73307	-6.3791513	2.2776365	6.520892	-27.943941	6.0674334	1.4437215	1647.2074449062347	17.52348347674025
95	-7.6056895	2.3303144	-3.219079	-13.871863	-6.704795	2.3418317	-2.5543401	-11.340637	50.0	50.0	474999	-6.4246116	2.321109	5.975172	-27.446117	-6.4246073	2.3206818	16.194054	-25.54104	6.1625504	1.504301	1664.8883697986603	17.525140757309764
96	-7.903124	2.3078218	-3.0174916	-14.092749	-5.76513	2.8371494	-1.9574819	-9.303782	50.0	50.0	479999	-6.408013	2.2538404	4.9082146	-24.270613	-6.4081187	2.2527523	10.19776	-24.34858	6.155487	1.445464	1682.5940911769867	17.527021802961826
97	-7.2421155	2.107804	-2.4707847	-12.547747	-6.5610704	1.9627539	-2.0411747	-8.580745	50.0	50.0	484999	-6.35673	2.1882336	9.95606	-23.705374	-6.356628	2.188076	12.633186	-23.832645	6.135235	1.378267	1700.113225221634	17.5269404858658
98	-7.43695	2.0148425	-3.043142	-16.187246	-6.8879104	0.9329557	-4.8347645	-8.096796	50.0	50.0	489999	-6.3454523	2.1809113	6.9293585	-27.531733	-6.3454294	2.1805165	6.490371	-28.101864	6.133961	1.3054717	1717.767779827118	17.528242670759862
99	-7.2940736	2.021293	-2.7180383	-14.672116	-6.7742333	1.2206357	-5.147749	-8.80004	50.0	50.0	494999	-6.260302	2.148093	5.522483	-23.499357	-6.260492	2.1472309	9.125044	-23.911217	6.0468388	1.2631404	1735.099868297577	17.526261315201268
100	-7.307352	2.0212991	-2.5284472	-11.646434	-5.341367	2.2222812	-2.219768	-9.056486	50.0	50.0	499999	-6.2491593	2.118569	8.974129	-21.796934	-6.249277	2.1177864	7.4660635	-21.572628	6.068554	1.250667	1752.5688319206238	17.525688338279725
101	-6.9744835	1.9281602	-3.4656944	-10.68095	-5.2743316	1.9136297	-1.425948	-8.091813	50.0	50.0	504999	-6.2609563	2.1034963	7.744523	-21.28772	-6.260806	2.1029212	7.010869	-18.756882	6.0682116	1.2001895	1770.1385328769684	17.526124104414837
102	-7.631015	1.9316789	-2.9257681	-12.612115	-6.860738	1.7566639	-2.9230528	-8.748263	50.0	50.0	509999	-6.3434453	2.1649184	11.433584	-24.83643	-6.343495	2.1649032	5.222873	-24.64459	6.098548	1.3319386	1787.7088141441345	17.52655702011258
103	-7.065524	2.273355	-3.0911918	-13.795007	-5.1087484	2.3165946	-1.9466131	-9.199285	50.0	50.0	514999	-6.3635173	2.14225	4.701345	-32.569637	-6.363437	2.141623	5.0473285	-28.299072	6.1409926	1.2881712	1805.3807933330536	17.527968885829146
104	-7.5541363	3.3785038	-2.3854592	-30.541992	-6.634146	2.5839264	-3.0758677	-10.191467	50.0	50.0	519999	-6.5569563	2.1796782	8.200921	-33.183865	-6.556949	2.1792312	4.48893	-31.399376	6.1819096	1.5076668	1823.0524499416351	17.52935049854792
105	-7.083215	2.2287796	-2.21448	-11.487999	-5.627033	2.3152292	-2.3582582	-11.473901	50.0	50.0	524999	-6.7532444	2.3012705	4.9393487	-21.688156	-6.7533793	2.3020995	9.382805	-20.919287	6.3997374	1.6546558	1840.7393684387207	17.53085114615304
106	-6.913187	2.1819193	-1.9994063	-12.353685	-6.273278	2.156872	-1.4492515	-10.627383	50.0	50.0	529999	-6.73757	2.3037417	7.365277	-31.971498	-6.7375546	2.3036342	5.265165	-26.035004	6.4488688	1.5829022	1858.4536106586456	17.532581255121052
107	-7.469473	2.385576	-1.8698334	-14.32896	-5.4608145	2.391713	-1.5204092	-9.987435	50.0	50.0	534999	-6.700422	2.359294	10.245636	-28.335033	-6.7004185	2.3581555	4.113242	-24.434807	6.367601	1.5740395	1876.0418479442596	17.533101402710532
108	-7.5624514	2.057943	-3.2414608	-12.208497	-7.5793524	1.7490579	-3.6099348	-9.513801	50.0	50.0	539999	-6.64505	2.311697	5.2996464	-26.784782	-6.6453357	2.310654	8.171704	-25.07648	6.302125	1.5145499	1893.5339941978455	17.532722188366783
109	-7.199288	2.2530594	-2.4824128	-12.196546	-5.730043	1.2937398	-3.3982537	-7.2585487	50.0	50.0	544999	-6.560495	2.2483728	5.489306	-23.313116	-6.5604744	2.2479637	6.255287	-22.279482	6.233806	1.3645124	1911.2190692424774	17.534119918805743
110	-7.270202	2.3938243	-2.6942663	-14.979207	-7.453341	3.585172	-1.5453687	-15.612374	50.0	50.0	549999	-6.5482764	2.2675354	9.981573	-23.94597	-6.5483403	2.267425	8.922834	-23.972033	6.2868943	1.383675	1928.913654088974	17.53557869087566
111	-6.9821687	2.2080688	-2.905855	-13.0451975	-5.8896375	2.2095847	-3.3782294	-9.211602	50.0	50.0	554999	-6.485415	2.2255237	8.978811	-25.1609	-6.4853024	2.2254136	4.350112	-23.961878	6.188872	1.3173654	1946.5127477645874	17.536150895797455
112	-7.3060417	2.005276	-2.9818769	-12.484813	-6.25219	1.1571832	-4.9638853	-8.01482	50.0	50.0	559999	-6.438818	2.1824527	6.4040823	-24.77803	-6.4390984	2.1813	9.755406	-25.03979	6.174543	1.2827125	1964.0318253040314	17.535998457244464
113	-7.2590413	2.2865233	-2.6054018	-11.97841	-6.067683	1.6416119	-2.105943	-7.891571	50.0	50.0	564999	-6.370998	2.1530209	7.2313976	-23.956062	-6.371069	2.1525636	7.404874	-23.383528	6.1309123	1.2864234	1981.568294763565	17.536002627516215
114	-7.3064775	2.070622	-2.871731	-12.477792	-5.033247	1.391613	-2.55576	-7.0579224	50.0	50.0	569999	-6.338498	2.1427598	8.458548	-24.608253	-6.338484	2.1427553	3.5916162	-25.323069	6.0535746	1.2639924	1999.080999135971	17.53579825267457
115	-7.3345857	2.1474426	-2.5562446	-12.163184	-7.0314283	2.2351196	-4.2737045	-10.466313	50.0	50.0	574999	-6.386452	2.1627765	6.3914433	-20.650911	-6.3863454	2.1627927	6.8888636	-21.840534	6.076313	1.330433	2016.708825826645	17.53659849996152
116	-7.06551	1.9307141	-2.234122	-12.096939	-5.640607	2.052332	-2.8790617	-9.8468485	50.0	50.0	579999	-6.3009076	2.1217067	6.871535	-23.69219	-6.3009796	2.1211765	5.6703024	-22.594418	6.063479	1.2614435	2034.2359850406647	17.536517128862183
117	-6.931833	1.9330987	-2.1304038	-11.462976	-5.8648357	1.8191266	-2.2327063	-9.516623	50.0	50.0	584999	-6.207314	2.1008046	4.595153	-35.2326	-6.207272	2.1008255	7.766968	-29.920082	5.9814167	1.1763849	2051.923048734665	17.53780385164114
118	-6.85609	1.7865545	-2.5407267	-12.313641	-5.6060266	2.8669705	-1.1401591	-9.480001	50.0	50.0	589999	-6.1472077	2.0730221	4.8506875	-22.289846	-6.147094	2.0729275	4.2510967	-23.06574	5.886496	1.1635934	2069.3986625671387	17.537276817580402
119	-7.247203	1.9205906	-2.918342	-14.196771	-5.451947	2.2989423	-1.760847	-9.544702	50.0	50.0	594999	-6.08409	2.0319653	10.988339	-21.64808	-6.084008	2.031978	7.892889	-20.63075	5.901584	1.1073543	2086.9932792186737	17.53775866292104
120	-7.0411773	1.9084831	-3.0490718	-11.660798	-6.394701	1.8921161	-2.8534977	-10.6974	50.0	50.0	599999	-6.025866	1.9884729	16.472698	-20.63608	-6.0259414	1.9871105	3.6512203	-20.620821	5.8546176	1.0344597	2104.51047873497	17.53758734067281
121	-7.2164264	2.1481225	-1.79651	-11.964327	-4.344667	1.5196818	-1.9287124	-6.566253	50.0	50.0	604999	-5.966646	1.9757048	5.830019	-20.145119	-5.966592	1.9750805	5.865964	-22.332266	5.776412	1.0226347	2122.10528755188	17.5380602454351
122	-7.2029634	1.795518	-2.8724132	-12.34203	-5.4147673	1.4490432	-2.336862	-8.514809	50.0	50.0	609999	-5.920166	1.9830232	14.6707	-20.935545	-5.920074	1.9819086	4.454483	-19.975998	5.731049	0.9855627	2139.5845997333527	17.537578703927213
123	-7.122428	1.8391192	-2.4725914	-11.5550995	-5.0081115	1.5499064	-3.1116354	-7.242893	50.0	50.0	614999	-5.8858814	1.9711939	8.360272	-20.726822	-5.886121	1.9705138	5.7698045	-20.879007	5.7597203	0.94717383	2157.2282741069794	17.538441272285894
124	-6.987313	1.872839	-2.2594032	-11.050343	-4.881144	1.142923	-1.7859672	-6.1463714	50.0	50.0	619999	-5.865343	1.941518	8.827821	-22.713495	-5.8652954	1.9412147	4.3818784	-22.567423	5.7084064	0.9677398	2174.7372527122498	17.538203668209814
125	-6.911406	2.1796193	-2.6160188	-12.240071	-5.9131274	2.267261	-1.832053	-8.580898	50.0	50.0	624999	-5.857604	1.9193727	15.559021	-31.077942	-5.8576646	1.9184004	6.5859127	-31.357056	5.7446675	0.9678992	2192.3391106128693	17.538712900161745
126	-6.8406305	1.9174771	-2.3326192	-11.069944	-6.1246533	1.5538676	-2.2049718	-7.898664	50.0	50.0	629999	-5.875084	1.9068906	6.687913	-22.563726	-5.875059	1.9067804	6.8426714	-24.200573	5.744303	0.9648055	2209.8701503276825	17.538652001865326
127	-6.4838176	1.9988518	-2.1444378	-10.551783	-5.0235906	1.6919702	-2.2874706	-7.5520816	50.0	50.0	634999	-5.864067	1.8976047	5.8446913	-26.50399	-5.8641186	1.8966777	3.3309135	-28.764345	5.739128	0.9553289	2227.4191637039185	17.53873358749029
128	-6.861485	1.833473	-2.0490115	-10.878946	-5.695082	1.4491814	-2.016207	-7.500984	50.0	50.0	639999	-5.8704133	1.8842919	4.9871664	-24.744928	-5.870483	1.8835236	6.2645683	-25.463078	5.7098403	0.975416	2244.861160516739	17.53797782957554
129	-6.4844403	1.8682555	-2.5989926	-11.0315075	-4.9786725	1.8018752	-1.6168114	-7.922812	50.0	50.0	644999	-5.893683	1.8889959	5.6340885	-23.197351	-5.893758	1.8885684	10.814417	-23.9982	5.734172	0.9694299	2262.615036010742	17.539651460425798
130	-7.157896	1.9313054	-2.0420315	-11.987927	-5.4553165	1.4709632	-2.4860144	-7.8212337	50.0	50.0	649999	-5.947516	1.9057877	7.270538	-22.81918	-5.947485	1.9050293	5.7613587	-24.008564	5.74805	1.0452503	2280.174269914627	17.539802092772263
131	-7.203341	1.7842343	-2.2347906	-12.510085	-5.077956	1.7364045	-2.4975822	-7.4294496	50.0	50.0	654999	-5.9443755	1.9138173	16.189077	-28.158302	-5.9444833	1.9128681	3.7930875	-30.20803	5.772534	1.0266038	2297.6617619991302	17.539402779732043
132	-7.2561436	2.2217975	-2.2848587	-15.004158	-4.248875	1.4110255	-1.8755761	-6.2409434	50.0	50.0	659999	-5.9613843	1.9150139	14.391407	-20.970228	-5.9612203	1.9148058	4.0552616	-21.465918	5.732175	1.0412413	2315.1990349292755	17.539386640895497
133	-7.075869	1.9478153	-2.7379656	-12.465495	-5.0957956	2.5874703	-1.2238679	-9.118727	50.0	50.0	664999	-5.975281	1.9184967	5.744174	-19.384886	-5.975147	1.9182497	5.4976754	-19.386122	5.8033266	1.0256176	2332.7682404518127	17.539610844805726
134	-7.3064356	1.9312178	-3.4214635	-13.323163	-6.2328167	1.5929625	-3.9274645	-9.940194	50.0	50.0	669999	-5.976308	1.9182011	14.243409	-20.410084	-5.9763784	1.9179056	5.1837482	-24.670597	5.769318	1.0408884	2350.191807985306	17.538744849945182
135	-7.192329	2.0316184	-2.7077622	-13.226142	-6.3374186	1.6994706	-2.460195	-8.965915	50.0	50.0	674999	-5.996785	1.8990358	9.189515	-26.09656	-5.996946	1.8983933	9.296087	-23.295002	5.8100033	1.0470806	2367.9385442733765	17.540285529030694
136	-7.3759346	2.036093	-2.2363799	-12.931647	-5.1094446	1.7459122	-2.6533787	-8.918024	50.0	50.0	679999	-5.96215	1.8933543	6.9890037	-20.161617	-5.962358	1.8934449	12.411355	-22.137466	5.759446	1.0292625	2385.594745874405	17.541137849583347
137	-6.9925447	1.9923217	-2.2418199	-13.3480215	-5.9477243	1.7063454	-4.128918	-9.852323	50.0	50.0	684999	-5.957934	1.9197558	7.426179	-23.28113	-5.958231	1.920035	29.876144	-23.343655	5.757895	1.039426	2403.1468007564545	17.541217539432274
138	-7.2773194	2.3238256	-2.209111	-14.119414	-5.246629	2.035352	-2.446513	-8.836655	50.0	50.0	689999	-5.910061	1.9069295	14.848407	-28.61346	-5.910049	1.9058886	9.623663	-26.756916	5.7445774	1.0222905	2420.7570798397064	17.54171798194664
139	-7.5947933	2.3352218	-2.6524165	-13.191955	-5.23227	2.1308239	-1.2342887	-7.9572945	50.0	50.0	694999	-5.8853726	1.8729978	5.3612337	-19.519897	-5.8852887	1.8729109	6.8917723	-19.444532	5.700378	0.99465936	2438.290861606598	17.541660888589544
140	-6.9585657	2.100423	-2.5454738	-12.355451	-5.421435	1.7576637	-1.0599127	-7.940945	50.0	50.0	699999	-5.8666687	1.8642777	8.059906	-20.528952	-5.866605	1.8643532	5.777334	-20.643444	5.695371	1.0045503	2455.83895111084	17.541706808975764
141	-6.8689327	1.7053095	-3.0452094	-11.9690695	-6.874528	2.9420252	-2.6414213	-12.562496	50.0	50.0	704999	-5.8413544	1.8586723	4.6452065	-18.929176	-5.8413305	1.8582253	4.670004	-18.72026	5.6674576	0.97170216	2473.4351155757904	17.5420930301044
142	-7.3501415	2.1879396	-2.6672788	-13.16931	-5.731879	1.6824833	-3.249938	-8.516381	50.0	50.0	709999	-5.8901815	1.8695278	5.0952053	-27.536318	-5.890044	1.8694504	7.249398	-25.21882	5.6492786	1.0100254	2491.0441377162933	17.542564361867772
143	-6.849112	1.9076389	-2.8383963	-10.897575	-7.0441008	1.6002123	-4.717891	-8.973977	50.0	50.0	714999	-5.8771744	1.8596942	15.476034	-22.678001	-5.877085	1.8592235	4.5430727	-23.210915	5.7441964	0.97806036	2508.64595246315	17.5429787018916
144	-7.0315676	2.1831725	-2.5760326	-11.652928	-5.3991613	1.5431889	-1.4376593	-6.8142786	50.0	50.0	719999	-5.8624163	1.8553736	4.971553	-20.998318	-5.8623247	1.855089	2.7224822	-20.561512	5.7489514	0.9497844	2526.2371068000793	17.54331325656838
145	-6.818942	2.129324	-2.8380685	-12.392546	-6.1921706	2.4413452	-1.7381421	-10.074514	50.0	50.0	724999	-5.8397713	1.8466582	4.9352646	-19.988459	-5.839965	1.8470162	6.869907	-20.468754	5.722682	0.9595141	2543.986819267273	17.54473669940028
146	-7.4222937	1.897442	-3.0101888	-12.078964	-5.9599776	2.3347974	-1.7735096	-9.120895	50.0	50.0	729999	-5.838182	1.8319579	7.7040386	-20.433983	-5.838118	1.8315321	10.916794	-21.32031	5.7155113	0.95790505	2561.2848513126373	17.54304694149592
147	-6.8277497	2.1633995	-2.1962945	-13.425002	-4.92412	2.1594083	-2.261924	-8.298671	50.0	50.0	734999	-5.8188834	1.8287547	12.609447	-19.064117	-5.8189816	1.8277464	8.8888035	-18.743876	5.702865	0.9289428	2578.9101071357727	17.543606183966812
148	-6.858145	2.1823053	-2.8766153	-12.954482	-6.5451584	2.1131	-2.966767	-10.200116	50.0	50.0	739999	-5.818218	1.8300638	7.0096083	-18.032122	-5.818249	1.8291571	4.7001	-18.530931	5.6475787	0.9591834	2596.325325012207	17.542738695402402
149	-7.0611463	2.0158088	-2.7218862	-11.588275	-4.910451	2.1487632	-1.7760404	-8.52836	50.0	50.0	744999	-5.849777	1.8412884	6.1940527	-20.79572	-5.849793	1.8411719	11.812563	-18.845583	5.662533	0.99722755	2614.0303814411163	17.54382807776432
150	-7.0520616	1.8495439	-2.7211137	-11.103029	-5.4056563	2.0922859	-2.3509748	-8.535866	50.0	50.0	749999	-5.835532	1.8284351	6.119237	-20.09452	-5.835588	1.828478	9.514661	-20.270874	5.6920977	0.97992355	2631.4672400951385	17.543114946683247
151	-7.2741327	1.8560749	-2.309945	-10.924091	-6.2991858	2.2062085	-2.0816221	-8.754289	50.0	50.0	754999	-5.876242	1.8536038	6.4566045	-22.920748	-5.8762007	1.8533077	15.931046	-21.225183	5.658907	1.0406935	2649.1189823150635	17.543834332598756
152	-7.260226	2.0254858	-2.7960203	-12.100445	-5.781631	1.985679	-1.5219896	-9.218909	50.0	50.0	759999	-5.8638325	1.8440315	7.125493	-24.560894	-5.8638506	1.8432572	7.3222494	-27.134226	5.718811	0.98363006	2666.7117495536804	17.544156259612034
153	-7.346158	2.1158936	-2.5070922	-11.624002	-5.6973515	2.0508525	-1.8556823	-7.925201	50.0	50.0	764999	-5.8471546	1.8375744	4.695959	-24.400993	-5.847145	1.8372943	6.7455077	-27.069149	5.687893	0.9824506	2684.3033270835876	17.54446620255514
154	-7.34104	2.0667815	-2.8773067	-15.288391	-5.48979	1.6834881	-2.5156033	-7.9219275	50.0	50.0	769999	-5.823041	1.8375638	7.961194	-20.288582	-5.8231397	1.8373146	6.772233	-21.966915	5.6830435	0.96597236	2702.071748495102	17.54592045870694
155	-7.25238	1.9893792	-2.6874382	-12.377615	-6.365234	1.7042505	-2.9799366	-9.415911	50.0	50.0	774999	-5.8086	1.8399622	5.9402866	-20.589825	-5.808558	1.8401154	9.329294	-21.601797	5.653976	0.98068357	2719.7734730243683	17.546925644720755
156	-7.5764337	1.8885152	-3.043566	-11.283617	-5.3598886	1.0576903	-2.6560183	-6.7519073	50.0	50.0	779999	-5.804587	1.8409797	10.94936	-26.893694	-5.8043723	1.8409232	15.212969	-26.387325	5.650306	0.97438926	2737.4528431892395	17.547774649583378
157	-6.9040813	1.745151	-2.440797	-11.151572	-5.131824	1.6791184	-1.3115644	-7.1471615	50.0	50.0	784999	-5.7955117	1.8436223	14.2479725	-31.039572	-5.795594	1.84327	10.857332	-29.20322	5.656433	0.96093243	2754.810696363449	17.546564960176017
158	-6.8771725	2.0187294	-1.902932	-12.525274	-6.437931	2.8444736	-1.6339935	-10.3511915	50.0	50.0	789999	-5.7885795	1.836062	11.750923	-28.322721	-5.788633	1.8355924	5.3947678	-31.51656	5.621414	0.97329444	2772.3932077884674	17.546792466429217
159	-7.8430367	2.1029966	-2.426906	-13.441846	-5.9299555	2.172408	-2.702164	-9.449195	50.0	50.0	794999	-5.7653656	1.8210195	10.530288	-21.393753	-5.765424	1.82093	11.383656	-21.133923	5.5850396	0.96258694	2789.9911317825317	17.547114051363003
160	-7.0224376	1.7831819	-2.8402383	-13.020161	-4.651097	1.3269144	-2.229262	-6.2495613	50.0	50.0	799999	-5.758237	1.8066139	10.506436	-20.371233	-5.758124	1.8060392	9.537827	-21.496033	5.5955997	0.9432514	2807.6340098381042	17.54771257340908
161	-7.2688026	2.037637	-2.8100183	-15.647135	-5.612972	2.0905724	-1.1541058	-8.520897	50.0	50.0	804999	-5.75142	1.8068546	8.759977	-30.35991	-5.7515316	1.8064041	3.405412	-28.733763	5.624709	0.94928056	2825.039271593094	17.546827787197895
162	-6.9468994	1.5710919	-2.7547276	-9.965465	-6.6613526	2.115118	-3.4502273	-10.5215845	50.0	50.0	809999	-5.766654	1.8015939	7.8979034	-21.537222	-5.7664804	1.8014008	7.1525016	-20.69301	5.5673747	0.9580982	2842.4378938674927	17.545912936881738
163	-6.9467363	1.8084148	-2.0641513	-11.7528925	-4.9575815	1.8917427	-1.7211481	-6.9798613	50.0	50.0	814999	-5.7972484	1.8196152	5.110957	-23.19558	-5.797256	1.8188825	9.326447	-22.119741	5.635378	0.9701957	2860.100222826004	17.54662714560339
164	-7.2856355	2.027395	-2.4626384	-11.976991	-5.962056	2.0087028	-1.5868942	-8.944431	50.0	50.0	819999	-5.790831	1.8268343	7.520095	-28.189713	-5.7907434	1.8269918	6.59	-26.633062	5.5976825	0.98997736	2877.559324026108	17.5460934537213
165	-7.1631994	1.8202368	-2.9427094	-11.8621855	-6.057858	1.7381803	-2.828494	-8.620298	50.0	50.0	824999	-5.836777	1.8517812	10.512846	-22.112965	-5.8368573	1.8509445	3.7606103	-23.457615	5.604578	1.0468608	2895.0360078811646	17.545672788042012
166	-6.772251	1.843493	-2.0795052	-11.670586	-5.977831	1.3330294	-3.0334268	-7.373872	50.0	50.0	829999	-5.844072	1.8223191	5.7121	-23.96924	-5.8439994	1.8216614	8.133094	-26.29592	5.64342	1.0176023	2912.4044830799103	17.544605331248547
167	-7.249151	1.8652936	-2.2867584	-13.054965	-4.9379516	1.8507934	-1.2210004	-7.2199955	50.0	50.0	834999	-5.8255143	1.798292	7.772444	-23.636679	-5.8253074	1.7984933	6.13459	-22.581034	5.673572	0.9887291	2929.860033273697	17.544072066952367
168	-7.315063	1.7978004	-2.8408198	-13.519317	-5.9156947	1.4973614	-2.3171816	-7.6686788	50.0	50.0	839999	-5.8309445	1.8103842	3.936802	-23.763102	-5.831059	1.8102098	8.194534	-20.752193	5.6398144	1.0257592	2947.271477460861	17.543282616706122
169	-7.2850204	1.7700169	-3.3679852	-11.250644	-6.1769285	1.3492783	-3.7079647	-8.077448	50.0	50.0	844999	-5.828025	1.7886345	5.528227	-24.556639	-5.8281236	1.7879769	5.503466	-26.309095	5.6895485	0.97245896	2964.668949365616	17.5424198314283
170	-6.9709706	2.024891	-1.9661967	-11.741526	-5.350358	1.7571498	-2.1447752	-8.467949	50.0	50.0	849999	-5.8077397	1.7611998	7.3711586	-22.936178	-5.807613	1.7610792	9.154032	-23.938953	5.6785893	0.97748184	2982.369747877121	17.54335147072287
171	-7.1347804	1.88603	-3.0736616	-11.702808	-6.116781	1.9997082	-2.185619	-10.001119	50.0	50.0	854999	-5.823121	1.7414747	8.577999	-19.475014	-5.8231444	1.7411374	3.2115564	-17.438217	5.678058	0.97711414	3000.0259721279144	17.544011544065867
172	-6.776037	2.033912	-2.0763962	-11.051159	-5.86917	1.723614	-2.540601	-9.102507	50.0	50.0	859999	-5.839014	1.7559799	9.643164	-25.665857	-5.838918	1.7552228	4.406549	-27.315357	5.6505475	0.9919316	3017.7631182670593	17.545134421004807
173	-7.0442796	1.6374375	-3.5482497	-10.826509	-7.0171356	1.9846709	-4.7905602	-10.066497	50.0	50.0	864999	-5.8590007	1.7668114	8.519239	-21.929075	-5.8590813	1.7665864	8.180466	-17.697702	5.681463	0.9971512	3035.3985114097595	17.545656144963523
174	-7.1193194	2.0124726	-2.689646	-12.493182	-5.804776	1.4975641	-3.3046443	-7.620018	50.0	50.0	869999	-5.8792396	1.7784146	6.18831	-26.595776	-5.879196	1.7779418	4.470208	-28.660097	5.6789393	1.010283	3052.9734110832214	17.545824211219262
175	-7.0925746	2.0421426	-2.2323594	-11.348908	-6.987069	1.1483281	-5.6197815	-9.829646	50.0	50.0	874999	-5.891875	1.7678891	5.9336224	-20.07692	-5.8919306	1.7676834	7.6074505	-21.99606	5.7183127	1.0164748	3070.570850610733	17.54611915724618
176	-7.564273	1.7014319	-3.1248362	-11.337045	-5.572256	1.8806449	-3.291032	-8.55129	50.0	50.0	879999	-5.858444	1.7608336	4.4767947	-26.07689	-5.858666	1.7603906	9.400277	-20.813267	5.7301135	0.9967754	3088.072065591812	17.545864019881595
177	-6.9939685	1.7215265	-2.889243	-11.071017	-6.3960195	2.00402	-2.1340566	-9.554003	50.0	50.0	884999	-5.8136415	1.7535939	3.4286008	-24.48563	-5.8135467	1.7535291	9.187853	-25.778742	5.6929836	0.96053153	3105.739153623581	17.546548902651683
178	-6.7058167	1.7670414	-2.8068593	-10.394401	-6.0188584	1.8634691	-3.0173159	-9.805618	50.0	50.0	889999	-5.831629	1.7427372	4.3345294	-20.711391	-5.831701	1.7424413	4.4776134	-20.265015	5.641222	0.9769764	3123.282321691513	17.546529907858773
179	-6.7648735	1.9989101	-2.2081006	-11.045238	-6.513913	1.1868607	-4.2304864	-8.483997	50.0	50.0	894999	-5.8789454	1.7388659	7.695476	-18.207697	-5.878898	1.7387964	6.868965	-18.853865	5.65521	1.035592	3140.716277360916	17.545901002830632
180	-7.1026626	1.7054989	-3.103455	-11.37842	-6.3190913	1.731068	-3.0238762	-8.928686	50.0	50.0	899999	-5.8236194	1.7341517	8.079254	-24.777582	-5.823472	1.7344023	5.951833	-17.711515	5.6750674	0.99550575	3158.412672519684	17.546737084123823
181	-7.1236086	2.1623285	-2.4428487	-11.284956	-5.6797314	1.882194	-2.4728467	-7.6569543	50.0	50.0	904999	-5.788082	1.7335998	7.0295105	-17.942528	-5.7881026	1.733102	5.629105	-18.426678	5.6364436	0.9655035	3176.080958366394	17.54740862029692
182	-6.9199486	2.000428	-2.664784	-11.037976	-5.524501	2.0152597	-1.817997	-8.488236	50.0	50.0	909999	-5.80222	1.7231369	5.7284627	-19.089037	-5.8020844	1.7238339	13.014515	-18.782612	5.6443152	0.9861043	3193.763373851776	17.54815041756892
183	-7.013648	2.0581245	-3.007512	-13.009215	-4.719447	2.5393963	-0.9046182	-8.248525	50.0	50.0	914999	-5.811467	1.7144829	4.8947177	-20.324171	-5.8114395	1.7143048	7.1028714	-20.667528	5.6850805	0.971216	3211.3728153705597	17.548485341619273
184	-7.1620607	2.10526	-2.5107012	-13.608207	-6.1874423	1.4343666	-3.4013927	-7.4294696	50.0	50.0	919999	-5.837064	1.7291312	9.0641365	-20.137066	-5.837244	1.728988	3.1574063	-20.45126	5.655304	0.9889901	3229.021661043167	17.549030779496483
185	-6.8300266	1.7818522	-2.8090196	-10.578506	-5.735975	1.7238648	-3.2345257	-9.025686	50.0	50.0	924999	-5.832842	1.7334198	3.5616517	-22.700096	-5.8328233	1.7338989	8.710147	-22.630709	5.659329	1.0071268	3246.8173382282257	17.550364002021585
186	-7.174508	1.9710169	-2.1731102	-12.528434	-5.603925	1.8400735	-1.9765983	-8.059301	50.0	50.0	929999	-5.8166676	1.7275103	5.235177	-23.073763	-5.8165836	1.7273363	4.91703	-20.912106	5.6726074	0.9855709	3264.470082759857	17.550914436258296
187	-7.2986736	2.0192726	-2.3596213	-11.63575	-5.6610985	1.3661113	-3.321212	-7.514227	50.0	50.0	934999	-5.8297324	1.7340078	7.7017813	-21.608467	-5.830012	1.7335908	12.0559635	-21.070415	5.68104	0.973078	3282.142776489258	17.55156566242483
188	-7.4636836	1.9322691	-2.5568852	-12.001542	-6.0697165	0.9381248	-4.553994	-7.394889	50.0	50.0	939999	-5.8456554	1.7375815	16.367882	-22.159098	-5.845802	1.7376474	16.861773	-22.355368	5.6779814	0.9908492	3299.8014154434204	17.552135199942487
189	-7.1428485	1.3761518	-2.803168	-10.106559	-5.107571	1.9193149	-2.7818568	-8.161177	50.0	50.0	944999	-5.8417134	1.7331389	8.263985	-20.352299	-5.84151	1.7333677	15.902374	-19.97463	5.677423	1.0040443	3317.5102179050446	17.552964127252974
190	-7.156571	1.9847473	-2.753885	-11.712122	-6.683879	1.4424956	-4.14586	-9.236732	50.0	50.0	949999	-5.8812757	1.7352997	11.446085	-18.719109	-5.881171	1.7353427	7.4530945	-19.363825	5.581176	1.0379168	3335.0881259441376	17.553095409744664
191	-7.4620347	1.8565035	-2.587481	-11.532467	-4.922208	2.0474536	-1.8086147	-8.783253	50.0	50.0	954999	-5.9105215	1.7337304	1.8366346	-19.488602	-5.910594	1.7332641	6.2843	-21.3372	5.703881	1.0645027	3352.717038154602	17.553492355097028
192	-7.1954064	1.7818431	-2.8132987	-11.268488	-5.029424	1.2112075	-3.4204292	-7.629014	50.0	50.0	959999	-5.878878	1.7314812	6.98935	-19.838882	-5.878641	1.7316822	5.1512694	-21.353739	5.6835823	1.0076171	3370.416797399521	17.55425416181485
193	-7.084797	2.024035	-2.5004525	-11.450939	-6.471348	1.5465212	-4.230495	-8.999858	50.0	50.0	964999	-5.9162307	1.7672919	7.2345715	-27.112947	-5.915976	1.7672375	7.6088696	-28.400272	5.67648	1.0487658	3388.040121793747	17.55461203990205
194	-7.189021	2.162879	-2.5392733	-14.2541065	-5.356641	1.7021303	-2.862544	-8.429563	50.0	50.0	969999	-5.884946	1.7557529	5.182638	-32.137726	-5.884919	1.7557417	4.2897725	-28.370918	5.6859527	1.0465584	3405.462507247925	17.553930458334303
195	-7.1101513	1.9212025	-2.3174381	-11.164152	-4.8773985	2.1688063	-1.6510516	-8.29747	50.0	50.0	974999	-5.852262	1.7289811	7.964828	-18.488705	-5.852504	1.7285436	6.1345644	-24.750286	5.694735	1.0089979	3423.0255737304688	17.553977312185825
196	-7.310758	1.6883879	-2.410657	-11.190813	-5.7934685	2.0465868	-1.3388784	-7.966982	50.0	50.0	979999	-5.8392763	1.7309275	6.316461	-29.934725	-5.839225	1.7311687	8.51	-21.65252	5.7103343	0.9927451	3440.673686981201	17.554457597586573
197	-6.9535065	1.7625785	-2.778745	-11.353365	-6.0595202	1.5647334	-2.2402265	-8.215527	50.0	50.0	984999	-5.8588157	1.7457073	5.0461335	-30.77765	-5.8587646	1.7460816	3.9856076	-33.8612	5.6795506	1.0308286	3458.188114643097	17.554254399943474
198	-7.023031	2.0749776	-2.227895	-11.646102	-5.7088776	2.0786064	-2.1615295	-9.520978	50.0	50.0	989999	-5.873295	1.7779258	5.8866467	-28.809196	-5.8732057	1.7778645	9.948341	-25.174282	5.687137	1.0409131	3475.7017579078674	17.554049293200176
199	-6.9189568	1.9958731	-3.1888168	-11.442481	-5.218981	2.18854	-1.9252111	-8.055405	50.0	50.0	994999	-5.8527555	1.7536349	13.289795	-21.043995	-5.8527937	1.7536241	4.0194516	-22.279772	5.7082353	1.0219994	3493.1822893619537	17.55367985682272
200	-7.156157	1.8766444	-2.656291	-12.240436	-6.1581483	2.3393562	-2.8360507	-10.556544	50.0	50.0	999999	-5.8034186	1.7324994	6.9202957	-20.981873	-5.8037295	1.7322125	8.4063835	-19.895777	5.685093	0.9820361	3510.885567188263	17.55442784667015
