Epoch	AverageEpRet	StdEpRet	MaxEpRet	MinEpRet	AverageTestEpRet	StdTestEpRet	MaxTestEpRet	MinTestEpRet	EpLen	TestEpLen	Time Steps	AverageQVals	StdQVals	MaxQVals	MinQVals	LossPi	LossQ	Time	AVG Time Per Epoch
1	54.447372	16.639439	157.0348	26.811094	302.82538	67.63383	418.93274	194.43074	5.995204	32.6	4999	45.25963	39.338535	185.55067	-0.20193699	-54.8914	3.1451147	20.022965669631958	20.02296805381775
2	55.127876	16.721563	129.1759	26.810797	351.5366	140.16673	688.3079	203.07822	6.0704737	37.9	9999	106.39086	117.477554	446.58322	-0.9336913	-150.53688	13.610427	44.99650716781616	22.498255014419556
3	509.37708	219.18034	1303.0923	54.697372	608.70233	155.05382	847.16376	362.66852	54.79121	65.4	14999	219.61534	224.31989	652.27344	-2.834862	-285.28024	60.767914	70.26081156730652	23.42027235031128
4	1220.6471	1735.1576	9335.532	315.03568	9338.127	7.9870167	9355.7295	9333.488	130.93939	1000.0	19999	312.80563	282.62903	771.1134	-6.1911945	-374.9965	86.69817	100.3051528930664	25.07628905773163
5	4809.6846	3562.0173	9311.18	480.42258	9270.475	0.82045424	9271.608	9268.569	516.9091	1000.0	24999	443.59695	342.7436	912.3431	-8.83594	-504.4179	141.17838	129.6680679321289	25.933614110946657
6	2113.7302	2481.506	9103.985	174.4689	9272.523	0.5874487	9273.655	9271.492	227.95	1000.0	29999	593.95276	399.167	1080.1675	-13.572548	-654.9342	303.571	159.15371203422546	26.525619109471638
7	2164.3528	2030.0078	8122.7935	138.22516	9291.533	2.9718683	9297.383	9286.025	233.34782	1000.0	34999	745.24646	447.9033	1234.4152	-18.938793	-806.0587	498.0368	188.96930074691772	26.99561469895499
8	2325.464	1838.3472	6540.078	100.63613	9300.639	1.3560362	9303.459	9298.403	250.45	1000.0	39999	859.33636	486.10196	1345.5948	-22.771246	-919.0289	671.01886	218.8739161491394	27.35923981666565
9	1632.8416	1303.319	5264.2983	174.4256	9276.975	2.1678824	9280.558	9272.805	176.0	1000.0	44999	957.539	510.8633	1516.8215	-28.983824	-1015.6232	914.3093	249.39605975151062	27.71067367659675
10	1246.7811	983.46027	3675.5051	119.14233	9255.016	0.4157511	9255.947	9254.217	134.60527	1000.0	49999	1034.3783	528.3648	1593.6838	-32.09545	-1090.187	1115.7352	279.15120029449463	27.91512038707733
11	1238.9012	778.1363	3291.6057	164.15677	9264.452	1.9849548	9268.791	9261.473	133.77777	1000.0	54999	1096.5651	538.2761	1702.9253	-41.49853	-1150.4138	1368.6427	308.90681624412537	28.082438057119194
12	843.66797	737.1628	3804.7488	118.89783	9263.136	0.61144817	9264.022	9262.056	91.26786	1000.0	59999	1146.6763	546.4203	1773.6243	-39.835842	-1198.9955	1650.8453	338.48912811279297	28.20742752154668
13	998.98663	741.41364	3729.2708	109.63572	9263.406	1.0000495	9264.881	9262.189	108.04256	1000.0	64999	1192.2561	554.2446	1790.3839	-45.953827	-1242.8417	1938.3086	368.3016531467438	28.330896542622494
14	800.89777	721.4167	3636.3088	100.64411	9255.032	0.6943802	9256.363	9254.002	86.67242	1000.0	69999	1228.9713	561.49066	1858.7942	-61.493904	-1278.1696	2231.9668	397.97056007385254	28.426468866212026
15	785.83307	556.6997	2647.097	128.86455	9276.819	5.543683	9286.242	9269.637	85.05173	1000.0	74999	1261.7692	568.05255	1897.5288	-67.58464	-1310.334	2579.1848	427.9000973701477	28.526673332850137
16	900.35394	629.3676	2793.4065	156.42761	9246.294	1.488671	9249.506	9245.0205	97.38461	1000.0	79999	1295.8818	576.1587	1991.3601	-75.00441	-1343.8652	2933.2275	458.1326220035553	28.633289009332657
17	618.3679	442.49115	2448.3923	117.89131	9263.578	0.8646724	9264.709	9262.104	67.0137	1000.0	84999	1330.4379	584.1396	2060.0667	-84.39006	-1378.3339	3239.9878	487.6368088722229	28.684518281151266
18	813.6597	637.73865	2801.3489	110.0612	9255.837	0.9597199	9257.189	9254.142	88.10345	1000.0	89999	1379.6925	598.7837	2206.3472	-83.15639	-1428.3693	3649.7844	517.4907200336456	28.74948455227746
19	709.3833	547.8644	2569.3103	118.558235	9260.564	0.78965986	9261.753	9259.462	76.84615	1000.0	94999	1419.0242	617.7992	2376.5486	-89.41522	-1468.011	4197.6846	547.3963129520416	28.810332373568887
20	677.109	537.8227	2469.941	110.04417	9259.258	0.27044505	9259.745	9258.751	73.32353	1000.0	99999	1478.9589	639.7487	2320.2122	-100.65797	-1528.9436	4847.6143	578.638516664505	28.93192595243454
21	611.9633	474.88483	2310.3093	110.1931	9264.379	5.7223907	9275.817	9260.472	66.30666	1000.0	104999	1543.1588	667.92847	2492.8367	-125.33838	-1594.738	5507.864	608.1629030704498	28.960138468515304
22	469.70416	350.37885	1783.8491	91.71441	9245.467	0.7621192	9246.71	9244.527	50.949493	1000.0	109999	1594.613	691.97107	2679.6638	-109.33115	-1647.2021	6228.9126	638.3209104537964	29.01458694718101
23	470.64587	406.83374	2456.7522	100.93345	9245.053	0.4736151	9245.585	9243.907	51.061226	1000.0	114999	1650.6273	717.3246	2727.6758	-115.87312	-1705.0068	6715.1543	667.8629035949707	29.037517651267674
24	479.77164	317.01245	1559.9338	110.11137	9245.524	0.30888736	9246.233	9245.059	52.072918	1000.0	119999	1705.3378	750.9727	2896.8328	-123.22206	-1762.5702	7516.908	698.0958683490753	29.08732794721921
25	548.111	393.80225	1940.2456	82.44108	9239.674	0.49699837	9240.163	9238.337	59.47619	1000.0	124999	1777.8247	781.5963	2987.934	-154.20728	-1837.5288	8336.938	728.3288748264313	29.133155088424683
26	410.27536	293.72153	1440.6827	91.47206	9240.662	0.7899039	9242.261	9239.711	44.55856	1000.0	129999	1844.0719	809.44446	3179.6833	-141.40358	-1905.1384	9123.376	758.3334221839905	29.16667016652914
27	421.79935	282.1539	1383.7705	109.952934	9239.779	0.54029953	9240.577	9238.853	45.8	1000.0	134999	1901.778	840.17084	3233.0369	-214.78171	-1964.8925	10192.206	787.9049172401428	29.18166368095963
28	446.3473	375.26123	1761.253	82.00616	9231.073	0.40969992	9231.711	9230.517	48.485435	1000.0	139999	1961.1875	875.2764	3334.388	-204.22412	-2026.562	11425.955	817.5039169788361	29.196568548679352
29	406.48636	302.79242	1561.9379	73.197	9234.831	0.6999054	9236.075	9233.834	44.151787	1000.0	144999	2017.8167	898.7808	3477.6528	-206.98466	-2084.4336	12510.448	847.451367855072	29.2224610345117
30	430.16516	310.2487	1769.1519	109.306465	9226.182	0.43537375	9227.366	9225.7	46.73148	1000.0	149999	2062.6345	917.2395	3878.1487	-214.5812	-2130.9612	13203.741	876.7084686756134	29.223615701993307
31	394.73816	295.85202	1494.0624	82.31882	9230.701	0.69704866	9231.91	9229.292	42.897434	1000.0	154999	2127.5144	950.8088	3619.9253	-224.58902	-2197.924	14428.195	905.9574427604675	29.224433714343654
32	425.6307	359.62646	2166.5576	109.33629	9232.347	0.60881734	9233.694	9231.493	46.26852	1000.0	159999	2207.188	989.93585	3819.783	-283.81314	-2281.7017	15470.755	935.6449398994446	29.23890447616577
33	433.08185	329.37033	1721.3608	82.31846	9230.183	1.0645154	9232.025	9228.404	47.066036	1000.0	164999	2284.5193	1023.0529	3947.7302	-335.6329	-2361.6492	17110.695	965.3464424610138	29.25292257829146
34	395.4635	336.4898	2275.9768	72.266396	9232.2705	0.94948035	9233.716	9230.205	42.982906	1000.0	169999	2373.4875	1065.0842	4177.925	-233.511	-2453.7363	18514.14	995.0311326980591	29.265621613053714
35	398.9535	375.5793	2620.208	72.92473	9232.72	0.68238	9234.191	9231.876	43.347828	1000.0	174999	2470.3518	1114.9585	4010.1511	-328.7113	-2555.4614	20472.285	1024.4389355182648	29.269683940070017
36	415.9983	303.63885	1473.7545	63.892654	9230.838	1.1216534	9232.59	9229.044	45.23148	1000.0	179999	2578.9407	1163.9125	4596.482	-417.77948	-2667.51	22387.986	1054.154287815094	29.282063603401184
37	410.83224	332.83853	1725.1188	90.68938	9229.805	0.5993473	9230.473	9228.812	44.657894	1000.0	184999	2686.5146	1213.9108	4464.1167	-345.37793	-2777.9893	24440.54	1084.1937708854675	29.302534412693333
38	409.64655	350.9648	2100.7344	73.00978	9231.153	1.3319287	9233.998	9229.305	44.55357	1000.0	189999	2812.0903	1261.1919	4844.691	-432.8534	-2907.8225	26254.281	1113.8156571388245	29.310938395951922
39	380.22522	303.98975	1566.8484	64.096245	9223.836	0.2605717	9224.309	9223.3955	41.35246	1000.0	194999	2919.419	1321.4414	5384.999	-480.7049	-3019.2126	29146.691	1143.5275087356567	29.321218239955414
40	384.75116	307.42703	1732.4207	100.24963	9222.46	0.42630887	9223.161	9221.577	41.83761	1000.0	199999	3020.9424	1373.1735	5235.3784	-482.273	-3124.5498	30839.814	1173.1668696403503	29.329171818494796
41	411.10855	320.22696	1428.6858	72.921295	9220.08	0.44674248	9220.552	9218.884	44.716816	1000.0	204999	3136.1958	1418.8496	5897.353	-563.68475	-3243.63	33196.23	1202.9131438732147	29.339345024853216
42	359.91528	290.86923	1580.047	73.15831	9229.286	0.57005996	9230.054	9227.981	39.155037	1000.0	209999	3232.5635	1458.9524	5948.395	-646.2053	-3342.0713	34228.895	1233.3267993927002	29.364923851830618
43	353.87466	274.8299	1348.3799	64.03476	9228.214	0.6810053	9229.55	9227.052	38.5	1000.0	214999	3332.8098	1514.5062	5598.0137	-598.79346	-3448.5776	36443.51	1262.9888453483582	29.371833668198697
44	339.63718	224.74246	1325.4729	91.59502	9233.932	0.5512752	9235.091	9232.847	36.97037	1000.0	219999	3436.9233	1570.3716	6224.917	-721.1369	-3555.9153	40863.125	1292.8359973430634	29.382636352018878
45	329.68152	267.53247	1471.4548	91.029625	9220.291	0.91529316	9221.53	9218.446	35.88489	1000.0	224999	3549.465	1625.1953	5940.776	-706.7633	-3674.8071	43139.734	1322.772089958191	29.394935380087958
46	406.63467	311.26605	1520.3224	73.06141	9220.483	0.3883637	9221.169	9219.931	44.238937	1000.0	229999	3649.7737	1684.3909	6763.5864	-742.1554	-3778.5396	46674.234	1351.1484611034393	29.37279270524564
47	319.1305	204.93349	1038.5238	73.023	9213.455	0.43003848	9214.2705	9212.645	34.755245	1000.0	234999	3783.3735	1750.1052	6633.6733	-722.1953	-3918.7231	49647.035	1381.0701217651367	29.384470746872275
48	318.8785	236.73882	1314.8193	73.09233	9210.811	0.53660905	9211.368	9209.789	34.731033	1000.0	239999	3951.399	1840.0612	6543.0693	-739.0572	-4095.2617	53922.88	1410.8489956855774	29.392687474687893
49	370.14267	287.8838	1563.1349	73.033905	9217.723	0.66208583	9218.736	9216.686	40.298386	1000.0	244999	4138.4316	1936.3502	6963.2715	-947.2226	-4290.832	60915.97	1441.112025976181	29.410449558374832
50	352.38412	271.65253	1898.7343	73.04742	9200.463	0.3318251	9201.197	9199.996	38.369232	1000.0	249999	4285.5645	2012.4219	8093.8145	-879.2318	-4440.605	64659.56	1470.7933373451233	29.41586678981781
51	337.2911	250.2414	1087.0752	72.84632	9200.904	0.70456475	9202.101	9199.798	36.735294	1000.0	254999	4459.0396	2086.0527	7681.401	-943.57605	-4624.727	71601.945	1500.5776472091675	29.42309117784687
52	348.63373	261.3306	1596.5409	63.85508	9211.779	0.5900151	9212.847	9211.045	37.977272	1000.0	259999	4653.2173	2194.3281	8151.701	-798.83545	-4824.2144	78947.52	1530.4619958400726	29.431961508897636
53	317.28522	263.5736	1517.763	73.02326	9209.593	0.5665856	9210.559	9208.723	34.569443	1000.0	264999	4879.6245	2314.329	8402.871	-1279.9099	-5061.2827	85428.27	1561.0792798995972	29.454326094321484
54	316.53757	243.06335	1708.3237	73.121315	9212.547	0.6054464	9213.682	9211.767	34.4863	1000.0	269999	5112.5264	2437.6858	9314.345	-1130.3954	-5305.024	97902.6	1591.1881957054138	29.466448134846157
55	390.9853	303.15607	1801.9641	91.03606	9197.239	0.9508144	9198.603	9195.785	42.589745	1000.0	274999	5354.636	2554.5789	8988.365	-1219.5605	-5556.961	105592.3	1620.7562229633331	29.46829501065341
56	315.37228	233.5988	1725.5297	82.15191	9205.268	0.4547054	9205.885	9204.61	34.356163	1000.0	279999	5632.42	2694.8472	9631.457	-1040.5404	-5845.9995	117141.68	1650.8307094573975	29.479119845799037
57	309.56598	236.44804	1341.8711	73.07405	9202.598	1.2289369	9204.248	9200.698	33.72973	1000.0	284999	5917.8823	2844.9685	10490.537	-1476.9332	-6140.3066	132602.28	1680.8642423152924	29.488846389870893
58	370.84204	300.09216	1939.2427	99.722404	9208.543	0.60332406	9209.34	9207.158	40.385246	1000.0	289999	6244.1895	3006.548	10313.903	-1512.8591	-6484.9346	148584.0	1711.4963612556458	29.508557997900866
59	369.4384	293.74445	2014.3475	63.813362	9207.74	0.5655727	9209.086	9206.988	40.24	1000.0	294999	6573.472	3164.084	11401.901	-1090.6108	-6825.8545	162041.5	1741.743940114975	29.52108377521321
60	352.55368	264.1706	1452.1848	72.87814	9201.762	0.5478432	9202.639	9200.768	38.40458	1000.0	299999	6919.6377	3334.1648	11619.8545	-1264.76	-7182.4785	179841.11	1771.8604893684387	29.531008211771645
61	332.51138	216.91559	1186.3805	63.840935	9204.842	0.74507934	9206.103	9203.71	36.224636	1000.0	304999	7278.127	3525.4487	12153.393	-1326.3813	-7562.308	197605.77	1801.6689343452454	29.535556332009737
62	326.85117	213.4567	1152.9861	99.9321	9206.617	0.35245627	9207.282	9206.121	35.602837	1000.0	309999	7743.1836	3748.5835	13008.141	-2130.3723	-8047.6567	228393.5	1832.0479185581207	29.549160026734874
63	344.05154	242.57988	1129.2153	72.97902	9214.006	0.3287532	9214.399	9213.454	37.466164	1000.0	314999	8204.981	4006.8577	14161.16	-2434.9631	-8525.661	260202.6	1862.178849697113	29.55839446991209
64	351.3203	322.30893	2885.2708	91.78639	9192.753	0.64774966	9194.06	9192.092	38.267174	1000.0	319999	8688.529	4241.7095	14841.837	-2641.2117	-9031.712	287369.38	1892.72070479393	29.57376105338335
65	347.83643	264.36456	1601.6663	72.819176	9205.851	0.616308	9206.519	9204.604	37.89394	1000.0	324999	9203.541	4519.13	15007.456	-2840.2288	-9567.895	334170.8	1923.0012958049774	29.58463535308838
66	337.68262	253.7261	1345.3235	73.02282	9209.172	0.5316321	9209.84	9208.022	36.794117	1000.0	329999	9784.641	4788.582	17172.697	-3070.784	-10167.74	370328.56	1953.7614843845367	29.602446776447874
67	318.2501	213.68004	1112.0901	63.83873	9195.909	0.7668316	9196.831	9194.682	34.666668	1000.0	334999	10344.467	5110.8564	19749.94	-2858.6846	-10757.814	423719.3	1983.6036665439606	29.606024909375318
68	334.65628	236.59413	1434.5906	72.852486	9209.885	0.45180082	9210.418	9208.75	36.45185	1000.0	339999	11042.339	5441.173	19860.117	-3225.168	-11483.354	478375.53	2014.3174195289612	29.622315028134516
69	359.153	297.00586	1830.6405	73.45916	9210.471	0.52816993	9211.405	9209.44	39.107693	1000.0	344999	11677.114	5751.7065	20984.465	-4301.809	-12144.87	535119.6	2044.675152540207	29.63297326668449
70	356.45346	264.70157	1397.8427	72.9155	9204.779	0.6691284	9206.018	9203.653	38.821705	1000.0	349999	12275.1	6094.636	20965.385	-2419.0952	-12767.082	595622.94	2074.6937160491943	29.63848168849945
71	334.37756	220.97104	1186.3077	73.00418	9210.216	0.40364757	9210.853	9209.56	36.430656	1000.0	354999	12962.19	6423.4277	22878.738	-3577.578	-13483.645	664021.94	2104.6791710853577	29.643368640416107
72	337.3757	220.01404	1295.8818	73.15762	9204.88	0.369438	9205.531	9204.339	36.764706	1000.0	359999	13618.666	6770.961	23643.385	-3614.5962	-14171.622	735284.6	2135.166827917099	29.655094865295624
73	346.44067	264.02167	1552.6433	82.11916	9203.563	0.46776038	9204.403	9202.782	37.732826	1000.0	364999	14325.232	7148.9575	25042.338	-2808.8743	-14907.268	811444.8	2165.8320939540863	29.66893282981768
74	353.8978	272.99182	1976.3793	73.122116	9206.916	0.45264435	9207.573	9206.013	38.549618	1000.0	369999	15144.865	7525.522	26072.012	-5332.3223	-15745.869	905496.25	2195.9476294517517	29.67496798811732
75	365.24374	268.64426	1488.669	72.84412	9202.414	0.68145066	9203.335	9201.261	39.785713	1000.0	374999	15870.137	7937.7847	27811.533	-3063.5308	-16519.232	1006848.94	2225.7766783237457	29.67702240626017
76	371.367	285.43967	1891.9296	63.526436	9209.889	0.3854214	9210.43	9209.078	40.447155	1000.0	379999	16729.99	8359.196	29131.895	-5142.8506	-17407.865	1111994.5	2255.9176349639893	29.683126804075744
77	352.59708	270.07678	1278.858	72.86327	9211.588	0.49033445	9212.6	9210.669	38.396946	1000.0	384999	17614.049	8805.177	30638.06	-5511.8247	-18330.96	1238923.9	2285.7363364696503	29.684887520678632
78	364.8879	294.70618	1507.1654	72.98273	9208.244	0.43899095	9208.955	9207.66	39.725807	1000.0	389999	18517.764	9289.606	31172.545	-6743.813	-19271.49	1363080.9	2316.0777146816254	29.69330407717289
79	382.77313	312.77255	2006.237	72.88017	9206.899	0.92832935	9208.281	9205.083	41.677685	1000.0	394999	19452.914	9757.942	34085.69	-6520.182	-20255.367	1556164.4	2346.557772874832	29.703262977962254
80	394.4208	261.28174	1260.0641	72.90366	9208.455	0.4490353	9209.505	9207.714	42.94017	1000.0	399999	20481.557	10273.417	36820.184	-4790.9136	-21322.943	1689382.8	2376.601036310196	29.70751298069954
81	353.4628	234.38853	1261.8394	63.863556	9205.454	0.7759196	9206.757	9204.25	38.50769	1000.0	404999	21611.232	10830.934	37187.246	-7115.776	-22498.812	1872497.6	2406.787968635559	29.713431743927945
82	328.0364	243.19264	1599.3263	109.64907	9213.988	0.38458166	9214.52	9213.539	35.735714	1000.0	409999	22741.84	11408.05	39035.434	-4296.5386	-23669.904	2069113.2	2436.7557275295258	29.71653328581554
83	327.4509	240.54805	1610.132	72.98895	9210.222	0.47842115	9210.966	9209.395	35.67857	1000.0	414999	23893.303	12012.294	40703.88	-8400.448	-24873.576	2268630.0	2466.074849128723	29.711745196078198
84	395.6425	300.08408	1894.4545	73.1059	9213.361	0.4025261	9213.817	9212.4795	43.077587	1000.0	419999	25104.139	12646.131	43050.9	-8289.722	-26140.195	2589337.5	2495.542587518692	29.708840353148325
85	379.27707	245.0579	1248.2874	99.684135	9205.916	0.78473544	9207.291	9204.655	41.308334	1000.0	424999	26310.086	13264.576	45403.16	-8466.081	-27380.096	2819966.5	2525.2359941005707	29.70865877936868
86	424.43835	277.15707	1427.1049	73.26064	9206.293	0.39233488	9206.981	9205.644	46.203705	1000.0	429999	27479.707	13909.602	47311.574	-6480.8853	-28618.672	3077554.2	2555.4327569007874	29.714334404745767
87	324.54562	259.19186	1931.7704	63.839756	9209.13	0.78793687	9210.62	9207.992	35.34507	1000.0	434999	28769.832	14553.451	51798.49	-6822.1733	-29965.158	3391852.5	2584.825526714325	29.710638260019238
88	358.83026	286.6101	1559.7524	73.11574	9198.992	0.29838818	9199.54	9198.624	39.07752	1000.0	439999	30240.422	15265.517	51260.285	-6291.286	-31480.832	3691204.2	2613.930821418762	29.703759358687833
89	361.17606	278.15506	1682.7635	72.91261	9210.483	0.54986596	9211.136	9209.7	39.34646	1000.0	444999	31759.385	16070.712	54486.016	-10523.165	-33074.22	4171446.8	2643.9840264320374	29.707685717036217
90	364.88852	243.36731	1529.8359	82.38975	9207.403	0.45849946	9208.283	9206.541	39.736	1000.0	449999	33309.695	16773.336	56813.836	-9739.957	-34675.76	4582149.5	2673.7082154750824	29.70786909527249
91	369.28873	247.3293	1388.2687	73.163666	9211.085	0.5176821	9212.065	9210.122	40.217743	1000.0	454999	34847.93	17581.312	62412.727	-7872.0366	-36279.324	4879579.0	2704.2433619499207	29.71696004500756
92	383.53043	282.0416	2016.3503	72.85139	9204.346	1.4416628	9206.411	9201.68	41.775	1000.0	459999	36298.082	18412.469	63168.38	-7923.1445	-37802.133	5326678.5	2734.4048504829407	29.721791884173516
93	395.20697	295.04752	1628.4381	72.68767	9206.983	0.5006395	9207.807	9206.215	43.051723	1000.0	464999	38019.723	19272.635	66331.266	-8049.1675	-39586.367	5852551.0	2764.5002892017365	29.7258095869454
94	371.10995	275.07373	1562.915	72.94841	9208.121	0.91695803	9210.067	9207.009	40.41129	1000.0	469999	39742.816	20048.943	70299.58	-12897.819	-41392.07	6333279.5	2794.203075170517	29.7255646675191
95	371.67548	228.0357	1497.117	73.13579	9210.493	0.7077715	9211.793	9209.367	40.475807	1000.0	474999	41464.195	21015.607	67987.1	-14476.169	-43188.344	6899846.5	2824.1383640766144	29.72777227602507
96	316.16354	230.65874	1456.6252	63.69894	9201.165	0.5161423	9202.016	9200.312	34.4375	1000.0	479999	43282.72	21923.031	73114.6	-14265.482	-45064.28	7743425.0	2854.7623949050903	29.737108305096626
97	382.11493	256.89532	1296.4811	72.740524	9205.346	0.35838154	9205.956	9204.631	41.628098	1000.0	484999	45088.65	22900.264	77149.24	-8795.883	-46967.355	8245805.0	2884.837137699127	29.740589077939692
98	356.79428	278.16254	1766.2465	72.753876	9213.485	0.7634437	9214.874	9212.392	38.868217	1000.0	489999	46985.78	23787.82	81989.65	-11911.471	-48936.06	9004460.0	2914.957813024521	29.744467504170476
99	380.07217	243.8247	1190.2577	72.98393	9212.014	0.51624405	9212.638	9210.922	41.391666	1000.0	494999	48878.7	24815.266	82650.72	-15411.594	-50886.207	9739570.0	2944.8418815135956	29.745877612720836
100	344.3001	242.87085	1226.3987	100.74468	9202.374	1.0386003	9204.002	9200.677	37.485073	1000.0	499999	50843.188	25742.664	90253.82	-12153.197	-52948.23	10586306.0	2975.357230424881	29.753572330474853
101	338.67206	283.26733	1785.7091	73.01889	9205.883	0.5046954	9206.522	9204.954	36.896297	1000.0	504999	52882.605	26770.94	88397.72	-11768.119	-55059.355	11480751.0	3005.7923953533173	29.760320774399407
102	397.51407	303.77954	1317.6033	72.79428	9207.025	0.48402026	9207.754	9205.983	43.301723	1000.0	509999	54982.76	27907.209	91112.49	-18525.88	-57280.984	12292596.0	3035.562345981598	29.760415184731578
103	358.9858	304.73868	2408.2288	63.55167	9210.304	0.7106845	9211.585	9209.103	39.101562	1000.0	514999	57494.78	29137.06	95836.31	-19467.828	-59889.723	13045303.0	3065.8816347122192	29.765841134543557
104	338.50024	243.65543	1368.6982	72.937035	9210.307	0.56468946	9211.202	9209.187	36.874073	1000.0	519999	60075.113	30487.695	104460.52	-20094.213	-62571.69	14534941.0	3095.3682146072388	29.763155932609852
105	333.78607	255.1249	1407.4438	63.860577	9213.604	0.7915883	9215.095	9212.273	36.36232	1000.0	524999	62513.105	31728.21	106537.984	-14579.592	-65097.023	15309567.0	3125.774242401123	29.769278521764846
106	347.64426	233.05785	1241.3392	72.9389	9209.291	0.3717086	9209.881	9208.483	37.87786	1000.0	529999	64947.75	33008.613	105508.04	-13786.097	-67685.54	17001890.0	3155.554383277893	29.769380996812064
107	388.1322	296.51727	1993.5287	72.62064	9209.3955	0.6836444	9211.067	9208.558	42.260506	1000.0	534999	67441.805	34203.156	136800.02	-23771.285	-70256.66	18185654.0	3186.402700662613	29.779464514456063
108	361.89432	343.88736	2742.6265	63.722343	9215.05	0.7614922	9215.836	9213.314	39.40945	1000.0	539999	70103.57	35614.754	117283.96	-23072.229	-73019.73	19708966.0	3216.435796737671	29.78181297249264
109	373.22885	277.81284	1599.0402	81.90903	9209.09	0.593355	9209.899	9207.971	40.666668	1000.0	544999	73078.586	37071.934	125006.63	-17574.895	-76125.42	21036166.0	3246.461250782013	29.78404819418531
110	425.24997	388.76147	2666.309	63.914677	9213.744	0.431285	9214.364	9212.905	46.296295	1000.0	549999	76057.04	38690.79	127545.336	-27102.781	-79210.78	23479618.0	3276.5646262168884	29.786951166933232
111	372.69952	262.92163	1406.5468	72.86769	9214.127	0.46730644	9214.811	9213.082	40.585365	1000.0	554999	78507.12	39866.574	134356.47	-24021.234	-81781.836	24510326.0	3306.5267515182495	29.788529314436353
112	360.02557	266.43716	1436.0194	73.122635	9208.787	0.4447204	9209.859	9208.211	39.212597	1000.0	559999	81489.15	41509.996	138896.53	-17149.572	-84874.53	26462440.0	3336.540256023407	29.790538021496364
113	375.01953	273.1169	1498.3047	72.74702	9209.165	0.54572964	9210.323	9208.323	40.853657	1000.0	564999	84709.68	43015.99	142007.89	-23435.322	-88235.41	28601126.0	3366.414671421051	29.791280301271286
114	370.12976	278.6256	1755.4353	73.17624	9204.511	0.61345834	9205.482	9203.439	40.317074	1000.0	569999	87956.28	44662.793	148067.33	-30945.664	-91623.14	30878414.0	3396.243463039398	29.791609347912303
115	374.16507	264.25592	1342.9408	72.9686	9214.957	0.4239387	9215.409	9213.985	40.76423	1000.0	574999	91432.37	46594.08	152310.67	-27781.064	-95296.33	33505398.0	3426.315801382065	29.79405047789864
116	366.68344	288.62308	1572.7291	72.704994	9204.508	0.951002	9206.469	9203.155	39.94355	1000.0	579999	95208.59	48321.887	163030.27	-30535.441	-99163.99	36449044.0	3456.188630104065	29.794729590415955
117	373.44846	248.82672	1397.1226	63.687164	9208.007	0.3313402	9208.661	9207.529	40.656	1000.0	584999	98944.05	50398.06	170950.81	-32731.309	-103043.766	38655100.0	3486.232206583023	29.796856484861454
118	456.11218	316.82446	1527.4679	73.17701	9207.125	0.66096085	9208.584	9206.017	49.65	1000.0	589999	103072.836	52226.707	167409.12	-20263.154	-107357.92	42312376.0	3516.3308205604553	29.79941375174765
119	366.42804	286.04782	1534.4993	72.88457	9206.32	0.6958945	9207.711	9205.214	39.904	1000.0	594999	106785.37	54127.85	176742.94	-39090.016	-111202.305	44852984.0	3546.682204723358	29.80405215856408
120	358.93054	298.45175	1776.0548	72.90138	9210.617	0.5770684	9211.487	9209.506	39.09302	1000.0	599999	110553.69	56181.85	186862.83	-36757.855	-115159.5	48765388.0	3576.760991334915	29.80634161432584
121	404.16333	362.2634	2815.488	72.90424	9215.254	0.78914577	9216.493	9214.016	44.0177	1000.0	604999	114993.234	58267.38	193335.0	-39701.008	-119698.6	51318684.0	3606.704591989517	29.80747598852993
122	349.72958	317.43716	2477.0337	100.2714	9203.13	0.48122707	9203.752	9202.177	38.098484	1000.0	609999	118871.445	60602.516	197609.72	-40959.902	-123833.086	55532990.0	3637.080096721649	29.812131957929644
123	366.60724	296.12302	2053.8188	72.97798	9199.986	0.64118093	9200.949	9199.102	39.912	1000.0	614999	123632.914	62933.688	218143.95	-30915.1	-128788.15	60893628.0	3666.9893794059753	29.812921803172042
124	395.76312	299.5707	1635.2521	63.76954	9203.506	0.39557713	9204.058	9202.768	43.11207	1000.0	619999	129135.97	65592.23	216843.42	-47304.457	-134547.22	65456256.0	3696.418920278549	29.8098300233964
125	330.64905	259.15445	1704.5747	72.80129	9199.865	0.6774151	9200.774	9198.576	36.007195	1000.0	624999	134309.23	68232.61	225576.39	-49105.953	-139858.61	71630296.0	3726.4532811641693	29.81162627029419
126	368.04327	267.69345	1404.1417	72.849075	9199.799	0.65270746	9200.855	9198.469	40.09756	1000.0	629999	139170.7	70577.42	226815.2	-51713.918	-144966.58	76270190.0	3756.402950525284	29.812721852272276
127	358.9263	275.82147	1725.4218	73.0603	9209.373	0.5743205	9210.277	9208.324	39.08527	1000.0	634999	144059.12	73053.99	235277.47	-43316.47	-150093.27	81705900.0	3786.4653980731964	29.81468819257781
128	365.92917	277.34335	1821.0856	72.94953	9203.748	0.56801385	9204.772	9202.77	39.857143	1000.0	639999	149602.25	75959.89	253729.45	-51031.113	-155862.62	87033860.0	3815.8382618427277	29.811236441135406
129	353.75845	209.39203	1130.2993	72.97587	9189.427	0.6324206	9190.498	9188.013	38.53846	1000.0	644999	154957.5	78747.83	260621.12	-35140.684	-161461.4	95201040.0	3845.1248478889465	29.807169381962265
130	417.31143	393.85257	2373.399	63.82685	9208.769	0.4462553	9209.611	9208.078	45.463634	1000.0	649999	160587.31	81571.914	279397.66	-54950.715	-167310.64	102180410.0	3873.5019738674164	29.796169049923236
131	387.87674	273.60052	1554.2094	72.946655	9203.847	2.4587886	9206.793	9200.279	42.247864	1000.0	654999	167002.2	84461.664	289996.75	-48012.434	-173985.81	109468776.0	3903.758581161499	29.79968384022021
132	357.99805	277.49478	1674.6295	63.828495	9198.417	0.3977115	9198.985	9197.589	38.984497	1000.0	659999	173028.27	87947.62	291776.66	-61258.555	-180316.22	120576240.0	3933.657870531082	29.800438438401077
133	386.91547	299.93393	1821.9438	63.64309	9201.56	0.6774034	9202.581	9200.457	42.12605	1000.0	664999	180338.25	91407.71	293907.9	-66095.445	-187912.66	130546296.0	3963.8159968852997	29.80312781226366
134	341.47348	215.16347	1103.5406	63.93785	9200.579	0.5060611	9201.402	9199.999	37.19403	1000.0	669999	186679.95	94814.6	332955.06	-66990.15	-194519.27	138561490.0	3994.326125383377	29.80840394212239
135	336.99786	261.14465	1413.3634	72.78523	9192.96	1.7231067	9195.398	9189.624	36.705883	1000.0	674999	193355.48	98313.805	324854.5	-45433.426	-201447.98	146857250.0	4024.351920604706	29.810014242596097
136	387.9598	354.03943	2060.6733	72.77904	9187.173	0.40667245	9187.918	9186.563	42.2437	1000.0	679999	200559.62	101938.83	325304.03	-42705.312	-208954.98	159828290.0	4054.595276594162	29.813200589488535
137	324.23172	221.66246	1231.969	64.02013	9211.619	0.79917413	9212.871	9210.292	35.330986	1000.0	684999	208242.86	105822.92	343867.88	-70036.73	-216976.45	173582640.0	4084.6757543087006	29.815151545253112
138	341.28748	255.93602	1590.8606	100.1449	9197.443	0.7627666	9198.83	9196.393	37.179104	1000.0	689999	215668.66	109791.94	383206.03	-46559.477	-224734.27	187967500.0	4114.830214500427	29.817610269007474
139	376.69443	292.08658	1525.3027	72.772514	9200.874	1.3670107	9203.312	9198.031	41.01639	1000.0	694999	224238.83	114035.12	369463.97	-80355.86	-233757.08	201415660.0	4144.743737459183	29.818300286642938
140	432.13947	323.0093	1896.2582	73.179985	9207.168	1.0309678	9208.48	9205.375	47.04762	1000.0	699999	233017.33	118564.67	392286.38	-56794.082	-242901.56	218972500.0	4174.616374015808	29.8186884028571
141	372.16617	287.27237	1682.1241	63.632004	9195.399	0.93052274	9196.906	9193.776	40.544	1000.0	704999	243102.39	123208.64	401282.66	-82806.81	-253276.52	234125840.0	4204.068635702133	29.816089638581513
142	332.78284	240.1579	1224.1345	63.835644	9188.418	0.91195166	9189.603	9186.697	36.253624	1000.0	709999	252001.08	127714.83	424537.25	-89518.58	-262610.06	253467540.0	4234.77383351326	29.822350960382273
143	395.63068	293.52896	1665.6309	72.872444	9210.522	1.1416504	9212.439	9208.138	43.068966	1000.0	714999	261559.8	132422.33	437174.47	-93838.27	-272369.7	272486300.0	4264.638948440552	29.822650005767397
144	400.80112	275.25174	1206.212	63.558025	9204.865	0.3935375	9205.483	9204.16	43.65487	1000.0	719999	269903.47	137472.23	452084.12	-77374.41	-281241.06	291298340.0	4294.961978435516	29.826124870114857
145	382.41882	271.41425	1489.841	63.98943	9197.939	0.36714008	9198.535	9197.301	41.636364	1000.0	724999	280462.62	141815.64	463428.53	-102331.336	-292148.62	311612030.0	4325.460410833359	29.830761470465823
146	366.94962	270.975	1573.4734	72.78766	9201.8545	0.40697014	9202.326	9201.088	39.96	1000.0	729999	290466.75	147797.8	482341.6	-81695.195	-302766.44	338432480.0	4355.764969110489	29.83400665244011
147	371.41263	287.78482	2025.84	73.09606	9202.331	0.69403607	9203.603	9201.386	40.435482	1000.0	734999	301118.56	152858.73	517337.94	-104985.05	-313773.1	362779460.0	4385.733072280884	29.834918886625847
148	382.16333	283.32507	1279.0779	72.953835	9200.535	1.3839414	9202.681	9198.02	41.615383	1000.0	739999	312277.7	158065.88	526514.1	-108564.85	-325366.3	387530880.0	4415.643009185791	29.835425755462133
149	394.96948	346.54553	2369.4775	73.106224	9192.344	4.2243114	9198.014	9185.456	43.025425	1000.0	744999	324621.78	163942.62	535718.94	-112524.12	-338198.22	426262340.0	4445.665741205215	29.836682841281764
150	381.39206	281.94214	1331.8545	81.749855	9198.536	0.9324478	9199.751	9197.085	41.540985	1000.0	749999	335889.5	169984.66	557804.75	-119632.84	-349933.47	444405200.0	4476.345746040344	29.842304989496867
151	368.59137	278.11142	1696.3158	72.96238	9206.531	0.68482786	9207.9375	9205.245	40.129032	1000.0	754999	346761.88	176679.2	582897.6	-102653.1	-361470.8	488872860.0	4506.561437129974	29.844777745126887
152	378.84894	275.11716	1572.3479	63.872963	9202.421	1.216108	9204.782	9200.609	41.262295	1000.0	759999	360337.94	182776.42	604065.94	-116455.336	-375573.6	516782900.0	4536.836462259293	29.847608320022886
153	392.74777	273.50458	1507.4741	63.858246	9202.394	0.64615005	9203.598	9201.6875	42.74359	1000.0	764999	373984.8	189404.7	604829.5	-124118.33	-389722.7	558759230.0	4567.06365942955	29.8500892991334
154	401.08148	319.85306	1829.38	73.253784	9210.037	0.8468242	9211.734	9208.886	43.69298	1000.0	769999	387616.88	196414.95	628770.4	-102957.15	-403921.78	601991000.0	4597.206192970276	29.851988279974307
155	383.03522	241.79385	1645.8391	63.891975	9204.369	1.4962721	9206.998	9202.093	41.72269	1000.0	774999	402036.2	203506.7	650538.4	-140080.92	-419001.6	648726300.0	4627.364430904388	29.853964085732738
156	429.6025	351.75735	2355.0732	73.09642	9203.115	0.8307994	9205.051	9202.006	46.76852	1000.0	779999	416899.34	210682.33	686921.4	-138850.2	-434367.6	693814600.0	4657.018875837326	29.85268511680456
157	413.89713	342.97745	2076.7173	63.83382	9208.471	0.7791397	9209.834	9207.332	45.06422	1000.0	784999	433391.97	218377.69	706258.1	-139947.83	-451539.66	753877800.0	4687.103672027588	29.85416352976659
158	435.56882	346.24728	2036.3188	73.00512	9204.299	0.75045276	9205.607	9203.206	47.392525	1000.0	789999	449093.72	226542.78	727284.3	-118396.99	-468055.97	800658300.0	4716.835117816925	29.85338683822487
159	408.03055	275.16177	1737.9095	73.07471	9204.028	1.0895162	9205.5205	9201.7705	44.407078	1000.0	794999	465768.06	235017.58	764028.5	-115125.71	-485264.28	879948400.0	4746.724106788635	29.85361074801511
160	445.74268	338.57077	1665.4697	73.06998	9207.489	0.5869909	9208.703	9206.833	48.514565	1000.0	799999	483196.53	243696.75	815572.2	-114865.414	-503474.47	935103740.0	4776.968859672546	29.856055389344693
161	402.00708	266.26236	1434.9287	73.20942	9201.284	0.5199348	9201.934	9200.212	43.776787	1000.0	804999	501740.06	253399.78	838082.75	-110101.3	-522627.47	1015543550.0	4807.097584724426	29.857748997137413
162	445.94016	377.99448	1933.89	63.38672	9209.201	2.3151174	9212.386	9204.688	48.533333	1000.0	809999	521352.34	262823.78	862389.94	-177344.34	-543004.44	1087083300.0	4837.40696811676	29.86053685641583
163	392.95987	240.26048	1332.5911	82.05468	9211.151	0.4633483	9212.078	9210.551	42.773914	1000.0	814999	540866.6	273357.88	897728.94	-178956.19	-563423.5	1170801000.0	4867.716009140015	29.86328841279621
164	392.6379	316.83005	1867.8129	72.82309	9205.2295	0.577831	9206.09	9204.301	42.73729	1000.0	819999	561266.94	282926.16	912491.4	-184934.8	-584811.4	1273666300.0	4898.015994787216	29.865951202264647
165	399.52264	296.73196	1240.283	72.90219	9210.959	0.27594432	9211.431	9210.409	43.491226	1000.0	824999	581799.3	293195.88	963129.2	-187185.84	-606311.75	1385952000.0	4928.155718564987	29.867610427105067
166	413.67972	346.2673	1820.3407	63.87142	9212.514	0.9243333	9214.239	9210.7705	45.02655	1000.0	829999	603859.56	304467.47	1020606.9	-138766.42	-629363.2	1471041700.0	4958.232152700424	29.868868404124157
167	433.928	347.30615	2022.8794	82.22204	9207.908	0.49999627	9208.439	9206.932	47.24762	1000.0	834999	625709.1	314880.66	1007895.6	-133386.7	-652024.75	1587465600.0	4988.607505083084	29.871901250884918
168	422.62936	277.8114	1681.7355	72.899605	9201.261	0.83461654	9202.952	9200.204	46.009174	1000.0	839999	651178.06	325775.0	1076156.5	-165989.28	-678397.9	1718683000.0	5018.873021841049	29.874244191816874
169	426.63385	298.84308	1920.7283	73.12079	9208.353	0.9992737	9209.384	9206.311	46.453705	1000.0	844999	673313.0	337175.22	1102292.5	-155264.53	-701091.25	1810199200.0	5048.743392705917	29.874221269900982
170	441.35498	326.38458	2539.7227	91.798706	9202.734	0.6894001	9203.691	9201.4	48.038834	1000.0	849999	694799.2	349436.9	1124603.6	-177032.38	-723868.06	1959328000.0	5078.956041812897	29.876212023286257
171	422.39218	322.5797	1933.5422	72.816	9206.644	0.6988053	9207.774	9205.59	45.98182	1000.0	854999	721174.44	362374.28	1148125.5	-242173.03	-751088.1	2115806300.0	5109.312915325165	29.879022910580996
172	382.88977	298.20755	1655.9254	73.0954	9188.536	1.9606513	9192.527	9186.329	41.666668	1000.0	859999	747839.44	376204.3	1207190.8	-233735.23	-779101.56	2280253700.0	5139.364408254623	29.880025643248892
173	416.9008	364.26392	2050.8833	99.6368	9205.2295	0.6890502	9206.271	9204.17	45.363636	1000.0	864999	777667.2	390025.97	1265186.4	-245885.17	-810092.25	2443272700.0	5168.769489526749	29.87728029868506
174	439.29352	338.2659	2015.6763	63.636032	9210.439	0.76663566	9212.181	9209.641	47.798077	1000.0	869999	804623.5	404052.25	1398289.1	-248754.53	-838194.25	2602057000.0	5197.781368017197	29.87230672918517
175	432.54077	330.52524	1417.899	63.939274	9208.953	0.74744934	9210.024	9207.589	47.074768	1000.0	874999	833724.06	417708.72	1336664.5	-172676.75	-868330.6	2784230100.0	5227.597316265106	29.87198467527117
176	405.87527	273.42694	1388.3263	72.94719	9209.448	0.88990337	9210.615	9207.608	44.18018	1000.0	879999	861318.0	432635.28	1392737.0	-272460.4	-897027.7	2982108700.0	5257.323086738586	29.871153914115645
177	468.71085	351.65607	1707.818	82.35946	9205.2295	0.90797955	9206.715	9203.4375	50.99	1000.0	884999	893267.0	448689.6	1463116.1	-203821.1	-930964.5	3257274400.0	5288.329537153244	29.87756801998548
178	436.0055	296.077	1535.5042	82.37407	9207.79	1.1761677	9209.401	9205.179	47.451923	1000.0	889999	930026.25	464539.78	1500800.1	-212084.28	-968466.56	3512857900.0	5318.087778806686	29.8768976458003
179	435.2502	330.74805	2082.3135	72.93223	9204.455	0.81331885	9205.973	9203.336	47.327103	1000.0	894999	963393.6	481998.25	1569137.5	-285760.8	-1003228.4	3771139000.0	5347.730108499527	29.875587210308908
180	419.3687	371.61774	2203.4246	63.970333	9201.118	0.5605952	9202.149	9200.361	45.605503	1000.0	899999	1000604.0	500181.12	1592477.0	-207359.44	-1041745.3	4009493800.0	5377.418818950653	29.874549007415773
181	389.48843	275.7687	1335.5814	73.23936	9211.873	1.092285	9213.74	9210.013	42.38053	1000.0	904999	1039672.0	518490.7	1680068.5	-222458.08	-1082818.5	4413283300.0	5407.927550792694	29.878052781299992
182	417.48624	341.80417	2437.257	99.976166	9207.272	0.65943307	9208.806	9206.655	45.434784	1000.0	909999	1081888.1	538140.1	1791165.5	-300266.12	-1126785.2	4709325000.0	5437.518018245697	29.87647263820355
183	456.5327	343.72214	2391.9238	82.20016	9211.754	1.1879467	9214.413	9210.266	49.66337	1000.0	914999	1120437.2	559862.9	1780405.5	-320849.94	-1167300.6	5103703600.0	5467.654291152954	29.8778923144106
184	436.71567	310.69052	1665.8043	72.88559	9218.908	0.9405469	9220.566	9217.292	47.51923	1000.0	919999	1163793.9	581306.2	1879168.9	-350917.1	-1212314.0	5474652700.0	5497.817025899887	29.87944037110909
185	413.79013	307.7258	1758.6691	72.94744	9211.571	0.77951324	9212.819	9210.02	45.026787	1000.0	924999	1214229.2	606032.25	1934472.8	-359890.47	-1264646.4	5904567300.0	5527.846707105637	29.88025248115127
186	485.86664	364.79	1810.1428	73.19615	9208.968	1.0908096	9211.214	9206.903	52.868134	1000.0	929999	1266078.9	628497.94	1996952.1	-382482.22	-1319025.6	6608456700.0	5558.057654619217	29.882030413996787
187	473.36505	397.40274	2174.2424	72.990425	9216.183	0.54663324	9217.272	9215.464	51.49505	1000.0	934999	1319790.8	656040.1	2083413.4	-388402.25	-1374423.4	7061258000.0	5588.741904020309	29.886320353829287
188	454.8984	261.37634	1251.2202	72.80743	9216.335	0.9557833	9217.489	9214.6045	49.49505	1000.0	939999	1373260.5	687280.2	2199045.2	-388872.75	-1429578.9	7717833000.0	5618.948361873627	29.88802321286912
189	402.5297	319.84778	2098.2505	73.17885	9215.217	2.1145883	9218.159	9211.024	43.7807	1000.0	944999	1434808.6	716273.5	2312928.8	-299323.84	-1495809.4	8322871300.0	5649.736232995987	29.89278431796523
190	399.5864	304.15042	1933.4835	73.29922	9211.8545	0.75506485	9212.947	9210.241	43.473682	1000.0	949999	1502630.8	744093.4	2390498.2	-338660.1	-1564778.6	9083616000.0	5679.879902601242	29.894104764336035
191	414.66364	270.02124	1316.642	72.82799	9217.482	0.8873388	9219.311	9216.243	45.098213	1000.0	954999	1567091.2	776268.56	2557869.8	-298373.88	-1631677.4	9963668000.0	5709.555398464203	29.89296021386591
192	564.86395	470.68597	2588.2988	82.52273	9214.533	1.6028597	9216.128	9210.678	61.39506	1000.0	959999	1636495.9	813910.4	2590051.5	-412141.8	-1705316.5	11171344000.0	5739.7123057842255	29.894334938377142
193	429.66907	392.08362	2367.927	73.15003	9219.511	0.6089033	9220.455	9218.577	46.728973	1000.0	964999	1715421.6	848769.75	2676355.5	-466157.34	-1786793.1	11940973000.0	5769.797398805618	29.895323323462293
194	465.66083	342.4561	1655.2622	63.885284	9218.571	0.7990655	9219.727	9217.368	50.65306	1000.0	969999	1786536.6	884347.0	2816381.8	-308087.56	-1860309.8	13001371000.0	5799.859854459763	29.89618483032148
195	419.17697	289.40457	1461.9138	100.331856	9221.039	0.9157732	9222.855	9219.632	45.594593	1000.0	974999	1867771.5	921893.56	2929922.8	-373292.97	-1944868.9	14205782000.0	5830.560084819794	29.900308144398224
196	444.40424	364.74982	1867.7594	72.97669	9215.396	0.39567646	9216.107	9214.868	48.32039	1000.0	979999	1955410.6	966638.9	3067786.5	-390904.25	-2036653.6	15648791000.0	5861.843105554581	29.907362795605952
197	440.5784	328.6017	2034.1146	73.112434	9216.95	0.8688153	9218.871	9215.567	47.895237	1000.0	984999	2044375.8	1016325.44	3347420.2	-528338.1	-2129359.8	17477591000.0	5891.8532457351685	29.907884509430318
198	504.4135	456.94876	2504.3787	81.91833	9221.564	0.527211	9222.508	9220.799	54.846153	1000.0	989999	2158119.2	1062409.2	3542405.5	-428288.75	-2248749.0	19395246000.0	5922.084173679352	29.909516040724938
199	465.8486	339.579	1870.5966	63.74259	9219.327	0.56817585	9220.209	9218.384	50.65306	1000.0	994999	2269931.0	1115286.6	3613137.5	-423844.62	-2364408.5	21273151000.0	5952.289850234985	29.91100428571653
200	496.23776	432.64227	2942.1602	72.44196	9223.568	0.9226289	9224.558	9221.476	53.934784	1000.0	999999	2388341.0	1170200.0	3800775.5	-590776.4	-2486375.2	23513117000.0	5982.206351518631	29.911031777858735
