Epoch	AverageEpRet	StdEpRet	MaxEpRet	MinEpRet	AverageTestEpRet	StdTestEpRet	MaxTestEpRet	MinTestEpRet	EpLen	TestEpLen	Time Steps	AverageQVals	StdQVals	MaxQVals	MinQVals	LossPi	LossQ	Time	AVG Time Per Epoch
1	-42.803978	3.9872875	-33.236397	-53.218674	-9.507063	3.2521396	-2.6715581	-15.309721	50.0	50.0	4999	-1.8639541	0.9162421	1.1975096	-6.708654	1.1866238	0.03677503	15.483110666275024	15.483112573623657
2	-43.067554	3.5951471	-34.158733	-51.87693	-8.15343	1.9883871	-5.01833	-11.595204	50.0	50.0	9999	-2.65634	1.2819749	3.673394	-7.7709994	1.8797059	0.04665193	34.534745931625366	17.26737415790558
3	-8.408675	2.278588	-2.8015895	-14.111229	-8.096178	2.5956256	-3.7055583	-11.617423	50.0	50.0	14999	-1.6193818	1.9022686	8.389403	-8.077992	0.9202653	0.06169419	54.91287660598755	18.304292996724445
4	-8.677124	2.1394827	-3.9636314	-15.059266	-6.5664115	1.2105769	-4.721584	-8.61346	50.0	50.0	19999	-0.29492274	2.1877406	8.455001	-7.8367276	-0.25868014	0.07023849	75.22895765304565	18.807239830493927
5	-8.764081	2.3776426	-3.1432695	-14.589006	-8.035429	2.073806	-4.626829	-10.854899	50.0	50.0	24999	-0.37376428	1.7708931	7.1536193	-8.187724	-0.054890454	0.051669374	95.62191891670227	19.12438416481018
6	-8.402338	2.5031672	-3.6354082	-14.267876	-6.360822	2.8173869	-2.121663	-11.5024	50.0	50.0	29999	-0.82173884	1.4970204	4.2945795	-8.300881	0.4595583	0.034548793	116.18217897415161	19.363696853319805
7	-7.428371	2.2208858	-3.5583978	-13.007619	-5.9234877	2.0409076	-2.258058	-8.894183	50.0	50.0	34999	-1.2147975	1.3630922	2.9111125	-8.435202	0.9101955	0.026276981	136.3472330570221	19.478176423481532
8	-6.740635	2.0416286	-2.9437668	-12.37387	-5.5321646	1.1959887	-3.92346	-7.367226	50.0	50.0	39999	-1.5207077	1.3229501	1.7586745	-8.845539	1.25915	0.024633622	156.70890259742737	19.588613063097
9	-6.4767456	1.5044154	-2.8094976	-9.798547	-6.028821	1.4953192	-3.814072	-8.838235	50.0	50.0	44999	-1.7031904	1.3431177	1.0605145	-8.722967	1.4703288	0.023379263	177.12745237350464	19.680828226937187
10	-6.5185456	1.9594618	-3.0215764	-10.769873	-5.4782586	2.4721835	-1.2173735	-8.315271	50.0	50.0	49999	-1.6318252	1.3063998	0.984561	-8.924375	1.4138348	0.021107115	197.59068775177002	19.75906894207001
11	-6.6237187	1.8213848	-2.7023182	-11.259504	-3.9919631	1.8360252	-1.4400628	-6.903152	50.0	50.0	54999	-1.595359	1.2969499	1.8405783	-8.596154	1.3978359	0.0199438	217.9014835357666	19.809225949374113
12	-6.7643185	2.109471	-2.1710534	-16.34123	-6.238453	4.095955	-1.3722084	-16.797695	50.0	50.0	59999	-1.551139	1.2889837	2.093918	-8.419035	1.3617845	0.020557621	238.36682844161987	19.863902548948925
13	-6.476837	1.9909889	-2.2263916	-11.170825	-4.5536523	1.5962516	-2.3788018	-8.12201	50.0	50.0	64999	-1.4686847	1.2728313	1.2948455	-8.17348	1.2897145	0.01935328	258.59727811813354	19.89209848183852
14	-5.9639463	1.7590861	-2.0973516	-9.866039	-4.9004145	1.3274049	-2.6298323	-6.6930013	50.0	50.0	69999	-1.486588	1.2339007	2.197886	-8.123422	1.3213924	0.018980026	279.2051842212677	19.943227563585555
15	-6.2454205	1.9558427	-2.3612118	-11.569199	-3.9713426	1.4725214	-2.1299179	-6.7316074	50.0	50.0	74999	-1.4733511	1.248767	1.8528632	-8.214688	1.3140732	0.0183419	299.5267310142517	19.968448861440024
16	-6.83029	2.4804754	-2.4597883	-15.084997	-5.1214905	1.8718495	-2.471719	-8.564646	50.0	50.0	79999	-1.4091798	1.223556	4.1006002	-8.521899	1.2561108	0.017888544	319.93077516555786	19.99567359685898
17	-6.147248	2.2991993	-2.3741157	-15.215604	-6.785501	4.896429	-2.445028	-16.660559	50.0	50.0	84999	-1.3705239	1.1982006	1.7223197	-8.655009	1.2243539	0.017481614	340.193888425827	20.01140534176546
18	-6.043916	2.0733485	-2.488046	-15.8276	-4.253053	0.968649	-2.1800346	-5.5219874	50.0	50.0	89999	-1.3664464	1.1984463	1.5364213	-8.463481	1.2281448	0.017051974	360.4661054611206	20.025894867049324
19	-5.616721	1.8085743	-2.204207	-10.352964	-4.3442225	1.3227899	-2.0522833	-5.772516	50.0	50.0	94999	-1.3657432	1.2109727	1.7393926	-8.565616	1.2322456	0.01655269	380.9419193267822	20.04957480179636
20	-5.8306146	1.6143979	-2.4378214	-9.041701	-4.993029	2.2973294	-2.235791	-10.291376	50.0	50.0	99999	-1.3080734	1.1841288	3.7629976	-8.6418915	1.1778556	0.016006397	401.2719614505768	20.06359816789627
21	-6.1249866	1.7455014	-2.692299	-14.021952	-5.025755	2.0760198	-2.0382679	-9.260009	50.0	50.0	104999	-1.2915194	1.1501987	2.1020732	-8.551751	1.1668906	0.015894229	421.51160430908203	20.071981259754725
22	-6.523926	2.3565476	-2.4551334	-14.826069	-7.4408493	3.195357	-2.3387291	-12.514656	50.0	50.0	109999	-1.3135166	1.1674258	3.438301	-8.767494	1.1917654	0.017155014	441.81776785850525	20.082625909285113
23	-7.128156	3.214952	-2.646755	-18.440733	-5.1670523	1.784804	-1.5116602	-8.115646	50.0	50.0	114999	-1.2401382	1.1750238	2.4810996	-9.202414	1.1109506	0.01825599	462.0738205909729	20.090166216311246
24	-5.861419	1.7721355	-2.709436	-11.742835	-3.9409497	1.1974671	-1.6026027	-5.2825146	50.0	50.0	119999	-1.2644626	1.1624266	1.2291658	-8.487941	1.1494082	0.016550304	482.50614047050476	20.104422599077225
25	-5.6271477	1.6867868	-2.6392677	-10.270635	-4.002214	1.5936066	-2.6811848	-8.106247	50.0	50.0	124999	-1.3215257	1.1562359	1.0279241	-8.621757	1.2103779	0.016652524	502.55187582969666	20.102075119018554
26	-5.6687818	1.5578029	-2.4045007	-9.099733	-3.3498664	1.1761909	-1.9975693	-5.5850964	50.0	50.0	129999	-1.2994617	1.1458383	1.4378797	-8.475159	1.1909007	0.015809458	522.8657793998718	20.11022234880007
27	-5.798979	1.7048379	-2.338057	-10.604906	-4.368592	1.4770118	-2.1317072	-6.742191	50.0	50.0	134999	-1.2978917	1.1367167	0.70030826	-8.545785	1.1930902	0.015081162	543.2103881835938	20.118903345531887
28	-5.6667385	1.6175783	-2.1030176	-12.029774	-4.859638	1.5057733	-1.6341107	-6.9761076	50.0	50.0	139999	-1.2832782	1.1343954	0.87938887	-8.30661	1.1805358	0.014972369	563.5720818042755	20.12757442678724
29	-5.510578	1.5415229	-2.3885982	-9.396571	-4.1375446	1.7227378	-1.4209925	-7.021499	50.0	50.0	144999	-1.258696	1.1311315	1.1189634	-8.141903	1.1580154	0.014372689	583.8514034748077	20.132807123249975
30	-5.570814	1.6476268	-2.253907	-8.920234	-4.2065134	1.4019848	-2.2659736	-6.5394464	50.0	50.0	149999	-1.247851	1.1209915	1.419919	-8.6276245	1.1498078	0.013988394	604.1111795902252	20.137039391199746
31	-5.7335467	1.6824685	-1.9038835	-9.342506	-3.8931365	0.9474059	-2.1551626	-5.3014402	50.0	50.0	154999	-1.2301747	1.1229868	2.0088277	-9.127759	1.134794	0.013886454	624.6622898578644	20.15039651624618
32	-5.463738	1.8122963	-2.1964493	-11.861825	-3.8994389	1.8640571	-1.3403491	-6.7137523	50.0	50.0	159999	-1.2190005	1.1052537	1.3166542	-8.740564	1.1251926	0.013521201	645.0330078601837	20.157281562685966
33	-5.8705554	1.6447189	-2.4596596	-9.164354	-4.3548355	1.431548	-2.5356643	-7.1650314	50.0	50.0	164999	-1.2174454	1.1064962	1.7057786	-9.107781	1.1256696	0.013181265	665.4970169067383	20.1665763276996
34	-5.5226026	1.5888497	-2.709993	-10.602239	-5.5376205	2.4241593	-1.3605213	-11.151278	50.0	50.0	169999	-1.2103873	1.1027522	1.5202285	-9.180777	1.1197379	0.013173717	685.7686033248901	20.169664852759418
35	-5.9851203	2.525515	-2.4748342	-15.128857	-3.816864	2.229876	-0.73235667	-8.904411	50.0	50.0	174999	-1.1854964	1.0940653	1.4710065	-9.816286	1.0960715	0.013315994	706.1556017398834	20.175874396732876
36	-6.3486385	2.0524411	-2.3699303	-12.564376	-4.7341175	1.8494705	-1.2284291	-7.7944646	50.0	50.0	179999	-1.1531212	1.0742412	1.2987245	-8.62418	1.0617408	0.013581238	726.46515583992	20.179587715201908
37	-5.825546	1.8121368	-2.059988	-10.377747	-4.6406403	1.4746075	-1.5220972	-6.8033457	50.0	50.0	184999	-1.1733928	1.0898856	0.68677616	-9.304303	1.0871903	0.013333006	747.0428652763367	20.190347761721224
38	-5.571286	1.4671214	-1.9266111	-9.515852	-4.4430614	1.830536	-1.0235894	-7.493646	50.0	50.0	189999	-1.1829236	1.0983299	0.77764714	-9.9136095	1.0969342	0.013352177	767.3852183818817	20.19434790862234
39	-5.6276045	1.5627027	-1.7132124	-8.816371	-5.003397	2.1276813	-1.8562324	-9.386006	50.0	50.0	194999	-1.1764363	1.0726323	0.6571628	-8.5183935	1.0932947	0.013121835	787.8749725818634	20.20192242280031
40	-5.6009297	1.4985182	-2.295448	-10.273325	-4.5136404	1.9739012	-1.8391637	-8.9169855	50.0	50.0	199999	-1.1864864	1.070056	1.003054	-9.542773	1.1051086	0.012948856	808.1959192752838	20.20489802956581
41	-5.34086	1.4746418	-2.2889369	-9.468932	-4.7242804	0.8728456	-2.8870962	-6.0622306	50.0	50.0	204999	-1.1839694	1.0725676	1.282733	-10.012227	1.103417	0.012975303	828.6214270591736	20.210278766911205
42	-5.383005	1.397493	-2.1654427	-8.336271	-4.367298	1.2446423	-1.9970781	-6.038842	50.0	50.0	209999	-1.168698	1.0690037	6.3909903	-10.679243	1.0883547	0.013144888	849.0736455917358	20.21603922616868
43	-39.77114	31.866964	-3.4657936	-97.08502	-11.291441	3.3047934	-7.0002317	-17.699074	50.0	50.0	214999	1.6995821	4.835955	81.54386	-8.721492	-2.155342	0.45988485	869.6415235996246	20.224221523417985
44	-10.340226	3.8528736	-3.2029347	-19.032057	-7.8031874	3.075438	-3.2613778	-12.185703	50.0	50.0	219999	2.864725	4.7178993	21.61656	-11.76817	-3.0952318	0.43019962	890.0654120445251	20.22875940799713
45	-8.322309	2.4586248	-2.4884782	-12.7865305	-5.533858	1.286101	-3.7337239	-7.720556	50.0	50.0	224999	1.2158003	2.8330534	13.686602	-11.123852	-1.3773174	0.16492236	910.4805722236633	20.23290164735582
46	-7.177943	1.6887639	-3.4831898	-12.375054	-5.572619	1.2872397	-3.7039692	-7.936154	50.0	50.0	229999	0.06910364	1.8889036	7.591663	-10.078509	-0.1872725	0.0538715	930.911162853241	20.23719923392586
47	-5.940069	1.4803349	-2.6270409	-10.087822	-3.8826802	1.4193029	-1.6676354	-6.550741	50.0	50.0	234999	-0.6145909	1.405041	4.6073294	-8.297926	0.51288974	0.026664944	951.1997227668762	20.238292009272474
48	-6.9143844	3.8076396	-2.2100677	-21.957722	-4.4056115	1.4535996	-1.49897	-5.988473	50.0	50.0	239999	-0.98847556	1.2283432	2.347372	-10.254669	0.8928074	0.023194974	971.4497358798981	20.238536198933918
49	-5.569948	1.391413	-2.991516	-10.9573	-5.7361007	1.1768943	-3.1607308	-7.424489	50.0	50.0	244999	-1.1669927	1.1704763	1.0914755	-8.017452	1.0769973	0.02241734	991.7844293117523	20.240498596308182
50	-5.4285765	1.51316	-2.6489236	-9.9191065	-4.503461	1.2678527	-2.8044453	-6.1719213	50.0	50.0	249999	-1.2185217	1.1691715	0.8229364	-8.142667	1.1280324	0.02236946	1012.0508527755737	20.24101709842682
51	-5.565521	1.5559186	-2.2888954	-10.332272	-5.100335	1.4411811	-2.8800545	-7.794324	50.0	50.0	254999	-1.1929595	1.1473472	0.6495793	-8.211754	1.1032875	0.01921031	1032.32248711586	20.241617441177368
52	-5.8116546	1.2893039	-3.1575422	-8.476459	-4.8944144	1.2470348	-3.0535772	-6.516976	50.0	50.0	259999	-1.1576927	1.1517632	0.5577667	-8.47555	1.0677288	0.019104142	1052.7982954978943	20.24612110394698
53	-5.8451414	1.6895784	-2.7757046	-9.259401	-4.2696238	1.0278128	-2.551105	-5.575253	50.0	50.0	264999	-1.1479329	1.1289626	0.71065676	-8.686074	1.0593791	0.01802436	1073.205528974533	20.249160960035503
54	-5.6388493	1.4825699	-2.306447	-8.403907	-4.3719244	1.1082917	-2.3264687	-6.0979686	50.0	50.0	269999	-1.148817	1.1364781	1.3448215	-9.247595	1.0618389	0.01799327	1093.5348212718964	20.250644878104882
55	-5.7037	1.4178017	-2.472136	-8.920923	-3.9690576	1.8873289	-1.01388	-7.304328	50.0	50.0	274999	-1.1455989	1.1251243	2.0206819	-8.39996	1.0587742	0.017678356	1113.8068602085114	20.251033856652
56	-5.5021544	1.4429431	-2.4663522	-8.63484	-4.3330765	1.4589362	-1.5676095	-6.7742023	50.0	50.0	279999	-1.1348113	1.1206294	0.52262604	-8.721637	1.049433	0.016821692	1134.2533910274506	20.254524878093175
57	-5.336739	1.4913982	-1.5922086	-9.491779	-4.2616577	0.93909425	-2.7908888	-5.9671884	50.0	50.0	284999	-1.1381615	1.1157497	0.32607484	-9.158814	1.054442	0.017250534	1154.597069978714	20.25608898464002
58	-5.367878	1.3810376	-2.2808611	-9.010723	-4.802684	1.1379832	-2.688043	-6.4775414	50.0	50.0	289999	-1.1321894	1.1092898	0.6704794	-8.621516	1.047548	0.016646525	1174.9116351604462	20.257097186713384
59	-5.644261	1.466765	-2.9322386	-9.090027	-4.1526384	1.2596557	-2.392623	-5.997081	50.0	50.0	294999	-1.125123	1.1159686	0.71877205	-9.094057	1.0424863	0.016645454	1195.2835404872894	20.259043091434542
60	-5.292624	1.4846399	-2.36897	-8.51331	-3.7870471	1.4354012	-1.9322622	-6.2432566	50.0	50.0	299999	-1.1123456	1.1079949	0.7742902	-9.062611	1.0299641	0.01561525	1215.6755378246307	20.26125899553299
61	-5.635328	1.474609	-1.8565658	-8.390435	-3.504399	1.4478858	-1.601123	-6.1106906	50.0	50.0	304999	-1.1078141	1.1105111	0.82772756	-8.602804	1.0260277	0.015746703	1236.0265929698944	20.26273106356136
62	-5.6457253	1.5407166	-2.47879	-8.683821	-4.0227346	0.95124424	-2.7276716	-5.6908607	50.0	50.0	309999	-1.0963498	1.1104393	1.885859	-8.828343	1.0150648	0.015483335	1256.344321489334	20.263618115455873
63	-5.592458	1.4580761	-2.0753293	-10.65676	-3.1318493	1.2017517	-1.2923399	-4.9565635	50.0	50.0	314999	-1.099156	1.1147168	0.83322644	-9.062536	1.0191281	0.014973549	1276.7423903942108	20.26575225875491
64	-5.513705	1.5377668	-2.4885938	-9.510245	-4.096385	1.4682152	-1.6091161	-6.080056	50.0	50.0	319999	-1.0786548	1.1149144	2.196035	-10.783699	0.99922323	0.01642718	1296.994891166687	20.265545204281807
65	-5.518416	1.627584	-2.2092683	-9.717661	-4.5001287	2.079091	-1.311378	-7.193683	50.0	50.0	324999	-1.0745981	1.1061516	0.762439	-8.407518	0.99690115	0.015842596	1317.3264245986938	20.26656040411729
66	-5.7238755	1.5603458	-2.2457728	-9.303694	-5.351606	1.5314461	-3.0472846	-9.1079855	50.0	50.0	329999	-1.0651499	1.1075234	1.356875	-8.345841	0.98573184	0.015378207	1337.7180020809174	20.26845460588282
67	-5.474803	1.460869	-2.3455055	-9.128768	-3.7623749	1.4072454	-2.1955502	-6.996438	50.0	50.0	334999	-1.0707171	1.096683	1.1369452	-9.100298	0.9932719	0.014340482	1358.061623096466	20.26957649259425
68	-5.6778316	1.4595108	-2.6523488	-9.006902	-3.307438	1.2648084	-1.4258984	-5.3457694	50.0	50.0	339999	-1.0729965	1.0882832	0.9360473	-9.496198	0.99685574	0.014115094	1378.6427931785583	20.274158747757184
69	-5.6299872	2.0065103	-2.212721	-13.203262	-4.9809523	2.0784123	-2.443506	-8.864671	50.0	50.0	344999	-1.0697314	1.0861793	1.1695545	-9.642744	0.9925715	0.015017161	1399.0258479118347	20.27573695735655
70	-5.456669	1.6410569	-1.9712583	-9.328528	-3.5974877	1.0905616	-1.9978914	-5.343719	50.0	50.0	349999	-1.0515152	1.0682915	1.1557643	-9.255427	0.97493076	0.014569983	1419.5411565303802	20.27915940284729
71	-5.529026	1.4403917	-1.9788883	-9.366404	-4.450212	1.5979335	-1.9807891	-6.633668	50.0	50.0	354999	-1.0617872	1.0851752	1.1474354	-9.981408	0.98604894	0.0142475525	1439.7460224628448	20.278113026014516
72	-5.598683	1.6405827	-2.3604794	-9.605218	-4.012475	1.313083	-1.5655583	-6.187713	50.0	50.0	359999	-1.0421529	1.0842625	1.4979153	-8.514014	0.96762395	0.0144251725	1459.965739250183	20.277301960521275
73	-5.5339785	1.6042233	-1.814785	-9.501461	-4.4444995	1.1897634	-2.3325617	-6.5452085	50.0	50.0	364999	-1.0419688	1.0704772	1.7916682	-8.682382	0.96709377	0.013599788	1480.342972278595	20.2786708792595
74	-5.8212867	1.5765855	-2.46125	-10.559792	-3.2776241	1.3999364	-1.0690318	-6.3362594	50.0	50.0	369999	-1.0535547	1.0769275	1.2084112	-7.995019	0.98060745	0.013880763	1500.8811039924622	20.28217710997607
75	-5.560682	1.4608188	-2.6547449	-9.348704	-3.6227307	0.9868449	-2.0590355	-4.884225	50.0	50.0	374999	-1.0386584	1.0893621	1.6193297	-8.220432	0.9647119	0.013931006	1521.2430572509766	20.283240791956583
76	-5.131836	1.2114238	-2.5274043	-8.546445	-4.690102	1.1222818	-2.3276606	-6.714998	50.0	50.0	379999	-1.0302267	1.090095	1.4060516	-8.81488	0.95691806	0.014386836	1541.6625213623047	20.28503320091649
77	-5.102247	1.6479704	-2.5640044	-9.075285	-3.8189492	1.3719038	-1.3808734	-5.629388	50.0	50.0	384999	-1.0430037	1.0769396	1.127964	-8.638221	0.9713456	0.013978885	1561.954377412796	20.285121806256182
78	-5.402924	1.5178099	-2.06567	-8.875397	-4.923686	1.3587623	-2.5079794	-7.0646253	50.0	50.0	389999	-1.050152	1.0821477	2.7178662	-8.752212	0.9787455	0.013720981	1582.347901582718	20.28651158626263
79	-5.3786535	1.4371791	-2.3733392	-9.723533	-3.4146087	0.9990598	-1.9435048	-5.002848	50.0	50.0	394999	-1.0413451	1.082607	0.946542	-9.001252	0.9704498	0.013187547	1602.723337650299	20.287637212608434
80	-5.564185	1.4123492	-2.2112226	-9.3111	-4.1904445	1.2458439	-1.88282	-5.922948	50.0	50.0	399999	-1.0419712	1.0806017	0.7027724	-8.903899	0.97131896	0.013930136	1623.103504896164	20.288793832063675
81	-5.4473443	1.4078059	-2.3607898	-8.254619	-4.2983522	0.73208374	-3.2686617	-5.605244	50.0	50.0	404999	-1.0349368	1.0755904	1.0122468	-9.3700285	0.9644898	0.013398025	1643.3599622249603	20.288394621860835
82	-5.694273	1.5687743	-2.0366955	-8.812317	-2.8244755	0.704338	-1.7253292	-3.984064	50.0	50.0	409999	-1.0292468	1.0656704	2.4658475	-8.939077	0.9598542	0.01300925	1663.5066964626312	20.28666705619998
83	-5.7591796	1.7105349	-2.2350495	-12.150969	-4.307809	1.3595502	-2.348742	-6.934283	50.0	50.0	414999	-1.0010519	1.1071106	3.216981	-9.245146	0.9291198	0.014214841	1683.866909980774	20.287553152406073
84	-5.6192536	1.4361087	-2.1511126	-9.173968	-4.228896	1.080036	-2.810588	-6.5993643	50.0	50.0	419999	-0.9774815	1.0918039	1.7504814	-8.792506	0.9085034	0.013866193	1704.1882519721985	20.28795541184289
85	-5.616747	1.6397017	-2.311336	-9.5294285	-4.237958	1.4597666	-2.4508035	-7.0126987	50.0	50.0	424999	-1.0185412	1.0659423	0.83977675	-8.358698	0.9512736	0.013382431	1724.539267539978	20.28869728761561
86	-5.2753363	1.3631787	-2.4839547	-8.059124	-3.9252124	1.4826252	-1.5695065	-6.0858197	50.0	50.0	429999	-1.023673	1.0794889	0.6755123	-9.404491	0.9558188	0.013770431	1744.8887634277344	20.28940424808236
87	-5.5594764	1.4806398	-2.2082567	-8.949224	-3.3995674	1.2988697	-1.2305291	-5.3698463	50.0	50.0	434999	-1.017619	1.0628561	1.2638936	-9.118889	0.95008224	0.012941281	1765.3448889255524	20.291320603469323
88	-5.516015	1.639207	-2.58541	-9.75063	-4.1118474	1.5728132	-1.5507491	-6.337823	50.0	50.0	439999	-1.0227411	1.0650738	0.5936985	-8.596594	0.9562234	0.013383089	1785.600327014923	20.290912831371482
89	-5.619585	1.4798334	-2.7267842	-9.317128	-3.940329	1.177062	-1.0947183	-5.3786683	50.0	50.0	444999	-1.0331336	1.0598336	0.43342447	-8.781115	0.9673893	0.01334675	1806.0101268291473	20.29224863480986
90	-5.64635	1.503263	-2.4898498	-9.920997	-4.137683	1.6463463	-1.671269	-7.4614816	50.0	50.0	449999	-1.034201	1.0581403	0.71616626	-8.614817	0.9684577	0.012591432	1826.3010075092316	20.292233437962004
91	-5.551866	1.499096	-2.4482718	-8.675585	-3.7317116	1.356689	-2.0030708	-6.0776625	50.0	50.0	454999	-1.0350287	1.0606785	0.9915912	-8.579961	0.9700322	0.012764022	1846.7153780460358	20.293575606503328
92	-5.2367344	1.3336821	-2.3691514	-8.64672	-4.015031	1.5045358	-1.910586	-6.5146523	50.0	50.0	459999	-1.0330561	1.0620929	0.79743624	-8.472491	0.96801037	0.013031826	1867.2013757228851	20.295667148154713
93	-5.4492564	1.5099151	-2.792512	-8.830025	-2.9623284	1.3201634	-1.4092089	-5.2623343	50.0	50.0	464999	-1.0232234	1.0613775	0.8822956	-9.80894	0.95769143	0.012844021	1887.6660299301147	20.297484213306056
94	-5.554349	1.604908	-2.4453573	-8.658237	-4.3152523	1.4761094	-2.0374467	-6.179301	50.0	50.0	469999	-1.0174268	1.0543672	0.97907186	-9.255228	0.95312303	0.012395922	1907.988610982895	20.297751200960036
95	-5.5345855	1.4992884	-1.7491777	-9.100951	-3.6729271	1.7388337	-1.7526413	-6.572349	50.0	50.0	474999	-1.0163716	1.0510952	1.1574049	-8.705724	0.9514459	0.012424321	1928.4652140140533	20.29963385682357
96	-5.5832763	1.4706628	-2.841763	-8.511805	-5.027026	1.8060346	-1.4508587	-7.5779095	50.0	50.0	479999	-1.0134768	1.045665	0.9315436	-8.741012	0.9498878	0.012106652	1948.676540851593	20.298713984588783
97	-5.4156036	1.51063	-2.2678902	-8.824576	-4.8968515	0.7571462	-3.2964106	-5.969724	50.0	50.0	484999	-1.0165523	1.048506	0.76726913	-8.012481	0.9524553	0.0117089	1969.0082585811615	20.299054231840312
98	-5.6213036	1.3623376	-2.2580328	-8.995556	-3.65098	1.7209643	-1.1482303	-6.658131	50.0	50.0	489999	-1.0111599	1.0524437	0.95379186	-9.206519	0.94764787	0.01180314	1989.3355011940002	20.299341870813954
99	-5.4439545	1.6121424	-1.835644	-8.898058	-3.9315624	1.4036527	-1.7146636	-6.410908	50.0	50.0	494999	-1.0061147	1.0467362	1.5187459	-8.302112	0.9437334	0.012129164	2009.852931022644	20.301544774662364
100	-5.724106	1.6511805	-2.600691	-8.783809	-3.6072376	0.8631914	-1.9355319	-5.1555486	50.0	50.0	499999	-0.9994973	1.052485	0.55481744	-8.239901	0.9365217	0.011421626	2030.1728119850159	20.30172813653946
101	-5.422934	1.5480963	-1.811362	-8.947359	-3.35743	1.238281	-1.3987879	-5.35261	50.0	50.0	504999	-0.9825079	1.0488306	0.9291525	-8.117687	0.9189664	0.011427906	2050.4364240169525	20.301350754086332
102	-5.4640875	1.4140244	-2.1239517	-8.605056	-4.679433	1.2935685	-3.3117237	-6.750757	50.0	50.0	509999	-0.9821896	1.0529611	1.8006227	-12.400568	0.9200967	0.011740518	2070.7406458854675	20.30137889992957
103	-5.4639277	1.5200969	-2.0477154	-9.35072	-4.0332317	1.4745897	-2.3092973	-7.0091195	50.0	50.0	514999	-0.97946143	1.0429827	1.7847104	-8.781439	0.91664493	0.011371529	2091.1662442684174	20.302584914327824
104	-5.150692	1.4712937	-2.468155	-9.187583	-3.9281394	1.2130507	-1.4241918	-5.889674	50.0	50.0	519999	-0.9721447	1.0441602	2.0840626	-8.319164	0.9095205	0.011543523	2111.820051431656	20.305962051336582
105	-5.6314974	1.5912817	-2.3205519	-10.516858	-4.3036394	1.7727643	-2.0146334	-8.472556	50.0	50.0	524999	-0.98094594	1.038932	0.6286564	-10.144587	0.91881716	0.011995287	2132.3195385932922	20.307805149895803
106	-5.30909	1.6738777	-2.4324965	-10.974663	-3.6743717	1.3424355	-1.4471471	-6.133447	50.0	50.0	529999	-0.98227656	1.0320523	1.0466092	-7.9473343	0.9202691	0.011632451	2152.62206697464	20.30775536681121
107	-5.620161	1.5007535	-1.9238576	-8.606196	-4.356999	2.0097697	-1.2981838	-7.443134	50.0	50.0	534999	-0.978137	1.0399327	0.68349457	-9.047218	0.91672784	0.011106976	2172.984970331192	20.308270768584492
108	-5.3587403	1.5779015	-2.2607095	-8.980302	-3.7365966	1.3337789	-1.1398076	-5.125074	50.0	50.0	539999	-0.9849179	1.0456177	0.36500263	-8.539276	0.9241884	0.010981525	2193.280841588974	20.308155958299285
109	-5.3219476	1.5598202	-2.2855172	-8.320599	-4.91454	1.5195123	-1.7986879	-6.7038665	50.0	50.0	544999	-0.9852915	1.0491236	1.399471	-9.364398	0.9241477	0.011371275	2213.718071460724	20.309340124830193
110	-5.308504	1.3431596	-2.0827081	-8.122286	-3.5078557	1.1419629	-1.4600352	-5.744477	50.0	50.0	549999	-0.97710335	1.0509044	0.9143243	-10.421406	0.9163197	0.01097245	2234.0809030532837	20.309826410900463
111	-5.4173107	1.5606992	-2.220737	-8.861714	-4.3312807	1.7136424	-1.9692029	-7.0619082	50.0	50.0	554999	-0.97343105	1.0484334	1.0119476	-8.481621	0.9126983	0.010454072	2254.503577232361	20.310843057460612
112	-5.185767	1.5907147	-2.4284148	-9.730784	-3.8475316	1.0560064	-2.2425065	-5.5578156	50.0	50.0	559999	-0.96363825	1.0521864	0.8477459	-8.56654	0.90272576	0.010639535	2274.893460035324	20.31154876947403
113	-5.6252484	1.496952	-2.3081806	-8.613884	-4.189087	1.8577174	-2.146486	-7.1243386	50.0	50.0	564999	-0.952883	1.0436321	0.6660447	-9.004047	0.89250046	0.01057355	2295.121924161911	20.310813507147596
114	-5.5312715	1.4223213	-2.353349	-8.581315	-3.4326825	1.2813662	-2.2227128	-5.8670263	50.0	50.0	569999	-0.96054673	1.0320288	0.5029752	-9.144232	0.90083945	0.010697734	2315.6511034965515	20.312728992679663
115	-5.4086914	1.7824514	-2.347674	-12.936285	-5.386008	1.5277348	-3.189509	-7.544477	50.0	50.0	574999	-0.9627746	1.0341076	0.44625735	-8.74492	0.90317225	0.010964746	2335.9581849575043	20.312679883708125
116	-5.5401	1.4776589	-2.3726127	-8.791564	-4.0499134	1.0090538	-2.382779	-5.8099165	50.0	50.0	579999	-0.9562886	1.036667	1.0579839	-9.051609	0.89686483	0.010324408	2356.4893655776978	20.314563514857458
117	-5.7705827	1.4873562	-2.5531108	-8.987734	-3.280497	1.2545037	-1.0383946	-4.796356	50.0	50.0	584999	-0.9575701	1.0449568	1.3908896	-9.182909	0.89816135	0.010776155	2376.825435400009	20.31474732537555
118	-5.559588	1.7235633	-2.0410826	-10.763072	-4.3601227	1.4399326	-2.0816293	-7.366365	50.0	50.0	589999	-0.95016205	1.0323352	0.8868334	-9.479971	0.8907418	0.010525008	2397.3101468086243	20.31618770098282
119	-5.6773243	1.6155674	-2.097582	-8.890758	-3.927527	1.0229801	-1.6695355	-5.349823	50.0	50.0	594999	-0.9505718	1.0291667	0.58889866	-11.08333	0.89172673	0.0112466775	2417.7216119766235	20.316988351966152
120	-5.4947453	1.6807133	-2.154629	-10.3149605	-3.869625	1.0260476	-2.486092	-5.6349163	50.0	50.0	599999	-0.95386755	1.0383122	0.5106542	-9.87874	0.8952141	0.010705219	2438.0159888267517	20.31679992278417
121	-5.6007204	1.3366619	-2.440409	-9.3649845	-4.787984	1.0436254	-3.0559015	-5.7279058	50.0	50.0	604999	-0.95908207	1.0321336	0.87299776	-8.621795	0.90081036	0.010794481	2458.302973508835	20.31655351780663
122	-5.243129	1.478274	-2.223299	-8.685056	-4.7329803	1.1031613	-2.5625126	-6.5074916	50.0	50.0	609999	-0.9641803	1.0218043	1.3917522	-8.868395	0.90639	0.011126504	2478.6967809200287	20.317186744486698
123	-5.5578218	1.5677509	-2.6345255	-12.204473	-4.2601147	1.1259148	-2.030302	-5.554558	50.0	50.0	614999	-0.9675831	1.0298305	0.628284	-9.973059	0.9104469	0.010947399	2498.949977874756	20.31666650035517
124	-5.225971	1.5604717	-2.6836302	-9.342352	-3.4312081	1.43689	-1.4460366	-5.762543	50.0	50.0	619999	-0.96788806	1.0307171	1.2989464	-8.9386215	0.9099576	0.010761734	2519.34992480278	20.31733811670734
125	-5.356278	1.3666475	-2.736346	-8.532262	-4.53992	2.0453024	-1.3477091	-8.086327	50.0	50.0	624999	-0.96026915	1.0410503	0.8812573	-9.292363	0.9026264	0.010672559	2539.7657577991486	20.31812607765198
126	-5.3757753	1.5736799	-2.2962863	-9.052051	-4.2608304	1.5491676	-2.1721103	-7.046088	50.0	50.0	629999	-0.95338404	1.0255685	0.5954106	-8.797323	0.8964377	0.0109327715	2560.2064096927643	20.319098504762803
127	-5.5510464	1.5390745	-2.0824006	-9.136974	-4.1999474	1.4968975	-1.2020727	-6.5673704	50.0	50.0	634999	-0.9600437	1.0217354	1.485744	-10.10302	0.9030578	0.010461729	2580.302877664566	20.317345508440273
128	-5.282769	1.4805634	-2.3628314	-8.139833	-4.23432	2.017576	-1.3090014	-7.8777504	50.0	50.0	639999	-0.97167665	1.0210135	2.0194898	-10.948857	0.9159501	0.011067069	2600.5746405124664	20.31698939576745
129	-5.707605	1.4551694	-2.3685002	-8.553743	-3.761561	1.5410697	-1.3438761	-6.6002984	50.0	50.0	644999	-0.9660142	1.0205681	0.8938842	-11.464511	0.90916884	0.010448179	2620.8187975883484	20.316424800444018
130	-5.4635797	1.5211682	-2.511385	-9.401061	-4.250923	1.7060972	-0.6863522	-6.144849	50.0	50.0	649999	-0.964164	1.0137047	0.5331793	-9.937873	0.9083472	0.010723	2641.409059524536	20.318531241783727
131	-5.4949093	1.6203717	-2.4149084	-9.370986	-3.714576	1.3938023	-1.5907341	-5.731043	50.0	50.0	654999	-0.96379024	1.0254815	0.92343783	-9.676291	0.907523	0.010469814	2661.903331518173	20.319872772420634
132	-5.3109174	1.5320206	-2.2493713	-8.567176	-4.086299	1.825378	-1.4772776	-6.951372	50.0	50.0	659999	-0.947993	1.0238618	0.42332387	-9.648061	0.89199823	0.010506764	2682.311747074127	20.32054355288997
133	-5.605292	1.6911206	-2.359809	-10.087474	-4.193227	1.9581504	-2.5762737	-9.238433	50.0	50.0	664999	-0.93852603	1.0376693	3.7602193	-9.985727	0.8815035	0.010895304	2702.6386280059814	20.320591202355864
134	-5.8581147	1.9719111	-2.4566977	-11.976794	-5.5894446	2.0282419	-2.803873	-8.758637	50.0	50.0	669999	-0.86515677	1.0672029	3.4724393	-10.77644	0.80207634	0.013132437	2722.9668781757355	20.320648358828986
135	-7.237553	2.8057458	-2.6276362	-19.44116	-5.674058	2.1133914	-1.7022802	-8.236927	50.0	50.0	674999	-0.8242417	0.9958801	4.4149733	-12.801227	0.7508245	0.01305405	2743.211714744568	20.32008679178026
136	-6.5137744	2.6394951	-2.6099546	-15.051086	-6.969078	3.0982003	-3.3207796	-12.4837	50.0	50.0	679999	-0.7138888	1.0520828	3.0705397	-9.786554	0.6421523	0.013838556	2763.6141908168793	20.320692593560498
137	-6.319332	3.002244	-2.0641522	-16.66564	-3.9420562	1.7152381	-1.6933186	-7.363014	50.0	50.0	684999	-0.72708064	0.999063	1.8124647	-10.378593	0.6651691	0.011536072	2783.9291055202484	20.320650420919822
138	-5.557947	1.5693833	-2.350134	-9.850601	-3.5807946	1.3538737	-1.9447489	-6.5060368	50.0	50.0	689999	-0.85847306	1.0041338	0.6301131	-8.876764	0.8015111	0.010743796	2804.3183813095093	20.321147704469986
139	-5.628375	1.5007262	-2.8560774	-9.345721	-4.2347374	1.7656202	-1.2257994	-6.9650455	50.0	50.0	694999	-0.91500556	1.0263083	0.5952902	-8.966642	0.85774904	0.01130372	2824.77126288414	20.322095431869837
140	-5.600277	1.4345143	-2.0119758	-8.303665	-3.5230794	1.1764194	-2.256423	-5.1448784	50.0	50.0	699999	-0.9420712	1.0251704	0.52692866	-8.610288	0.88711697	0.011075657	2844.9942910671234	20.321387808663506
141	-5.709636	1.555765	-2.7997546	-9.301484	-3.7577255	1.425979	-2.0642939	-6.546571	50.0	50.0	704999	-0.9482466	1.0350806	0.5413363	-9.275976	0.8926545	0.010936433	2865.413064956665	20.32207848670635
142	-5.623115	1.5408096	-2.170565	-9.33811	-4.282304	1.5801446	-0.9840562	-6.086368	50.0	50.0	709999	-0.9478673	1.0287489	5.97519	-9.150223	0.8935245	0.011250162	2885.6761317253113	20.321662912906056
143	-6.702054	3.8567247	-2.7922623	-22.111902	-8.46018	3.1853442	-2.755262	-13.223153	50.0	50.0	714999	-0.9478807	1.0045267	9.579231	-9.542196	0.8792021	0.013581689	2906.111930370331	20.322461063211616
144	-8.643556	5.018824	-1.95349	-22.513514	-5.523896	3.8804822	-1.9360528	-16.617933	50.0	50.0	719999	-0.85229194	0.92133003	8.877443	-9.065801	0.7672142	0.014895111	2926.4139614105225	20.322319193018807
145	-6.4159217	4.050287	-2.4518483	-24.891222	-3.8603058	1.5487275	-1.6959071	-6.3286557	50.0	50.0	724999	-0.91903156	1.0577497	1.2110832	-9.225119	0.8599485	0.011906806	2946.9566657543182	20.323839088966107
146	-5.990444	1.782013	-2.2005646	-12.097308	-5.884939	1.7367969	-3.5524337	-9.581318	50.0	50.0	729999	-0.90418875	1.0575333	1.1122003	-11.113458	0.84697795	0.01236785	2967.449301958084	20.324995230322013
147	-6.05569	1.5983963	-3.0615542	-10.287497	-3.9763248	0.9310392	-2.6275754	-5.43869	50.0	50.0	734999	-0.90791506	1.0554864	1.4893942	-10.537277	0.8487688	0.013286593	2987.6738991737366	20.32431225225228
148	-5.5803623	1.3887609	-2.4980557	-9.568425	-4.6352596	1.9168206	-1.8520536	-8.166579	50.0	50.0	739999	-0.93552727	1.065344	0.92013526	-13.112791	0.87999034	0.011836639	3007.9695694446564	20.324118726962322
149	-5.655498	1.4499043	-2.3117476	-9.632799	-4.4242973	1.707413	-1.7820777	-7.555208	50.0	50.0	744999	-0.92478323	1.0642569	0.6883998	-10.474417	0.8687946	0.011822192	3028.3685173988342	20.324620934940825
150	-5.8439326	1.4755282	-2.1774402	-9.183924	-4.3983307	1.4480743	-1.4111288	-6.689031	50.0	50.0	749999	-0.9149462	1.0730988	0.9494593	-9.633759	0.8584977	0.011537894	3048.5763943195343	20.323842644691467
151	-5.682227	1.474421	-2.3138027	-8.60593	-3.7157295	1.354719	-1.6478167	-5.3187084	50.0	50.0	754999	-0.9190929	1.0551623	0.7008085	-11.092204	0.86408985	0.011916374	3068.879534482956	20.32370553900864
152	-5.6151066	1.5109032	-2.589427	-9.53017	-3.8601787	1.10121	-1.6092572	-5.378709	50.0	50.0	759999	-0.9512481	1.0475787	0.563195	-18.988447	0.8976558	0.011782446	3089.347479581833	20.324654481912916
153	-5.6391125	1.5460017	-2.4192882	-9.618559	-4.454214	1.4468604	-2.092751	-7.1506867	50.0	50.0	764999	-0.9587931	1.0429482	1.9357388	-10.973324	0.9041586	0.012181593	3109.752168416977	20.325177583819123
154	-5.5162816	1.6305572	-1.7565988	-8.933774	-4.9160333	1.6128306	-2.316738	-8.087354	50.0	50.0	769999	-0.9481349	1.0401788	0.7666278	-9.564111	0.8935871	0.011574457	3130.1949033737183	20.325940946479896
155	-5.614249	1.5736883	-2.2576985	-9.154739	-4.1946745	1.6912961	-1.7178631	-7.166488	50.0	50.0	774999	-0.95530415	1.0373204	1.8837159	-9.056458	0.9007232	0.011520295	3150.697643995285	20.327081586468605
156	-5.9167204	1.6807325	-2.29983	-10.076876	-3.8908374	1.4090279	-1.9874339	-6.7199426	50.0	50.0	779999	-0.95148325	1.0278903	4.861309	-9.213508	0.897399	0.011493134	3171.198429584503	20.328195073665718
157	-5.5946326	1.4225357	-2.4343104	-8.81624	-4.589527	1.3637433	-2.3465643	-6.557851	50.0	50.0	784999	-0.9567548	1.0387913	0.82345796	-10.70172	0.9028658	0.0112892855	3191.448459148407	20.327697205695376
158	-5.693462	1.4511571	-2.6121688	-8.397279	-4.2603903	1.260973	-2.78399	-6.7890415	50.0	50.0	789999	-0.950045	1.041807	0.88359284	-9.879608	0.89487576	0.010830779	3212.0012311935425	20.329121734522566
159	-5.4895673	1.4033765	-2.7979398	-8.918038	-3.5511715	1.1173617	-0.98610324	-5.193846	50.0	50.0	794999	-0.94681925	1.0391814	0.496269	-9.681596	0.891962	0.011197409	3232.2982244491577	20.328919664119024
160	-5.5859237	1.6205746	-2.2098384	-9.4506235	-3.8641536	1.557027	-1.7724539	-6.29841	50.0	50.0	799999	-0.94552696	1.0441649	1.9372687	-10.958506	0.89159435	0.01195251	3252.702629804611	20.329391449689865
161	-5.4719715	1.4133552	-2.1374018	-8.82895	-5.2674036	1.2651552	-3.4454398	-7.436584	50.0	50.0	804999	-0.9359474	1.0424795	1.1362195	-9.575502	0.8815205	0.011153737	3272.971343755722	20.329014570816703
162	-5.872666	1.508408	-2.9324934	-10.036243	-4.269041	1.2938757	-2.2195048	-6.338507	50.0	50.0	809999	-0.9369504	1.0367193	2.036142	-10.297472	0.88318574	0.010789487	3293.262401342392	20.32878026697371
163	-5.4165297	1.6993145	-2.2193522	-9.083669	-3.3209014	1.1539404	-1.3758571	-5.452683	50.0	50.0	814999	-0.93145853	1.042589	0.7593057	-10.127377	0.877562	0.0109375175	3313.552097558975	20.32854048898615
164	-5.3206706	1.5191641	-2.1635242	-8.151191	-3.9080513	1.8692229	-1.5710853	-6.9771934	50.0	50.0	819999	-0.9301753	1.0397129	0.84692216	-10.22237	0.8761814	0.011476949	3333.9714138507843	20.329093998525202
165	-5.576277	1.6052446	-2.1875317	-8.788862	-3.7232528	1.0191132	-1.7740268	-5.304973	50.0	50.0	824999	-0.9301299	1.0299621	0.9057019	-9.623716	0.875581	0.011173495	3354.3384852409363	20.32932416453506
166	-5.5147114	1.4487207	-2.34775	-8.882211	-5.1960526	1.8588579	-2.0663626	-8.767409	50.0	50.0	829999	-0.9296994	1.0301545	0.49749732	-10.851117	0.8756348	0.010856607	3374.757863998413	20.32986666351916
167	-5.467015	1.6876001	-2.396674	-9.943284	-3.9582348	1.1949903	-2.0477257	-5.729368	50.0	50.0	834999	-0.9250938	1.0372313	0.5141525	-12.401749	0.8709715	0.010931549	3394.852123260498	20.32845584361139
168	-5.5008783	1.4645901	-2.446493	-8.690199	-4.4185667	1.3045967	-2.119638	-6.28639	50.0	50.0	839999	-0.92299575	1.0290495	0.65659094	-11.162875	0.8690877	0.010598334	3415.2199771404266	20.328690350055695
169	-5.6337104	1.5591795	-2.3963723	-9.24474	-4.652301	1.6400932	-1.206737	-7.441819	50.0	50.0	844999	-0.919489	1.0315663	0.7456224	-12.39258	0.8652162	0.010645565	3435.6919224262238	20.329538013808122
170	-5.2138433	1.6718112	-1.8038235	-9.151862	-4.353103	2.003879	-1.320471	-7.6772337	50.0	50.0	849999	-0.9094361	1.0277742	2.556736	-8.94025	0.85588026	0.010975164	3456.3555545806885	20.33150327345904
171	-5.316472	1.3766695	-2.6449175	-8.747924	-4.249658	1.7238514	-1.4377625	-5.9945183	50.0	50.0	854999	-0.910806	1.0299248	2.1867633	-8.452771	0.8569526	0.010956691	3476.7907989025116	20.332109947650753
172	-5.2879677	1.5019015	-2.7404535	-10.40762	-4.3273287	1.2516832	-1.1930443	-5.894246	50.0	50.0	859999	-0.9115577	1.0242028	2.2313147	-9.549736	0.85842997	0.011339766	3497.3226177692413	20.33327104463134
173	-5.4944453	1.5135875	-2.4373112	-9.092117	-4.966373	1.540175	-2.6397223	-7.3779173	50.0	50.0	864999	-0.92153794	1.016432	1.0930319	-11.527113	0.86830723	0.011713865	3517.7359051704407	20.33373356967992
174	-5.4679766	1.6084808	-2.0441165	-9.003101	-4.887397	0.8670046	-3.4669867	-6.478805	50.0	50.0	869999	-0.92549056	1.0160394	0.817631	-10.493955	0.8723201	0.011026858	3538.0252935886383	20.33347870837683
175	-5.505336	1.56719	-2.5001214	-8.977421	-3.416621	1.3172951	-1.475425	-5.8124046	50.0	50.0	874999	-0.92421436	1.0145656	0.56283045	-11.525952	0.87127316	0.011303485	3558.428575515747	20.33387758391244
176	-5.2932215	1.4369851	-1.9866363	-8.355855	-4.361516	0.8849132	-2.9057033	-5.4266148	50.0	50.0	879999	-0.91975504	1.0186628	0.5686307	-10.332342	0.8664485	0.010611811	3578.9103665351868	20.334718002514407
177	-5.904465	1.4268494	-2.701147	-9.168749	-3.7199578	1.7256911	-1.5709386	-6.8005548	50.0	50.0	884999	-0.9232265	1.0228555	0.6310904	-13.320726	0.87040764	0.011276497	3599.3807039260864	20.335484215095217
178	-5.5846586	1.4680274	-2.166927	-9.567377	-3.9471908	1.7240227	-1.2184335	-6.284815	50.0	50.0	889999	-0.9331623	1.0289365	0.36648417	-11.687635	0.8805668	0.010659818	3619.9415905475616	20.33675051940961
179	-5.4787645	1.5844679	-2.3556714	-8.908994	-4.227413	1.551927	-1.9384158	-6.2715178	50.0	50.0	894999	-0.92894715	1.025226	0.37521386	-13.647478	0.87632185	0.011338687	3640.38192987442	20.337329229163057
180	-5.635973	1.401507	-2.5662754	-8.684529	-3.6028373	1.1238347	-1.7430047	-5.3824615	50.0	50.0	899999	-0.9304177	1.0194796	0.3818438	-10.139634	0.8783917	0.011032954	3660.7853701114655	20.337696511215633
181	-5.5665746	1.3216151	-2.6143322	-8.734085	-3.1598814	1.2369415	-1.8248307	-5.9061303	50.0	50.0	904999	-0.9318829	1.0187584	0.37723613	-9.698128	0.8792957	0.011252537	3681.173401594162	20.337974604980722
182	-5.501534	1.3862057	-2.5225062	-8.890489	-4.5303946	1.1083287	-2.055623	-6.264771	50.0	50.0	909999	-0.92829674	1.0207379	0.5012717	-9.005056	0.8768243	0.010340884	3701.597240924835	20.338446390497815
183	-5.699944	1.4924959	-2.5824852	-9.05669	-4.07861	1.9173119	-1.3401554	-6.7862725	50.0	50.0	914999	-0.9367498	1.0168473	0.52861834	-9.733995	0.8850797	0.010508547	3722.3072893619537	20.340477000168764
184	-5.526532	1.678448	-1.8017181	-10.1310625	-5.289756	1.7225771	-1.7797539	-7.0303555	50.0	50.0	919999	-0.9395625	1.0128568	0.9002814	-9.9501705	0.88833	0.01131352	3742.7708055973053	20.34114569425583
185	-5.481219	1.4986997	-2.6814594	-9.136346	-3.8444946	1.2932051	-1.8796409	-6.479921	50.0	50.0	924999	-0.9389804	1.0084157	0.716172	-8.152044	0.8880594	0.010923147	3763.291115760803	20.342114148268827
186	-5.5793953	1.5271442	-2.196491	-8.759324	-4.380263	1.6635861	-1.3881495	-7.5859632	50.0	50.0	929999	-0.91875786	1.0155116	0.6638346	-9.835913	0.86660665	0.010353564	3783.5977630615234	20.341923466292762
187	-5.5321565	1.4130242	-1.905409	-8.537357	-4.2659707	1.1692142	-3.1734874	-6.410482	50.0	50.0	934999	-0.91403395	1.0198897	0.5866749	-9.20861	0.8622081	0.0101677915	3803.9530651569366	20.341995011038957
188	-5.503114	1.5206636	-2.3070328	-8.748791	-4.699377	1.3887228	-2.8335965	-7.030971	50.0	50.0	939999	-0.9046074	1.020172	0.50339365	-8.460833	0.85277575	0.010315356	3824.5021884441376	20.343096757188757
189	-5.8840303	1.5586082	-2.847846	-9.60878	-4.1742964	1.3120133	-2.2033782	-5.8242483	50.0	50.0	944999	-0.9143704	1.020419	0.6940706	-9.573557	0.8636713	0.010270743	3844.9766154289246	20.343791624856372
190	-5.4045258	1.4731401	-2.3703585	-8.963952	-4.2425075	1.7866876	-2.1189935	-7.580459	50.0	50.0	949999	-0.9240878	1.0175794	0.32881618	-9.406155	0.87367576	0.010008278	3865.4584243297577	20.344518032826876
191	-5.80164	1.483798	-1.9511553	-8.869604	-3.4444993	1.0546285	-2.0868895	-6.0036025	50.0	50.0	954999	-0.93430954	1.0212266	0.39334393	-8.448853	0.88390625	0.010693399	3885.9864337444305	20.345478720689943
192	-5.6270638	1.4600686	-2.6337323	-8.944014	-4.6724215	1.1244236	-2.7221413	-6.1695194	50.0	50.0	959999	-0.94453746	1.0059955	1.11531	-8.351413	0.89442307	0.010960327	3906.464638710022	20.346170003215473
193	-5.8142834	1.3826219	-2.670166	-8.6891575	-4.172219	1.3757417	-2.4908264	-6.775453	50.0	50.0	964999	-0.9439163	1.0066828	0.76845884	-8.504205	0.8937574	0.011020642	3926.883487701416	20.346546577048425
194	-5.6517987	1.3396465	-3.1245642	-8.903333	-4.6737714	1.5573386	-2.6562665	-7.4143963	50.0	50.0	969999	-0.934093	1.0041327	0.82381225	-8.634307	0.88365877	0.0106919585	3947.1559841632843	20.346164876652747
195	-5.8827386	1.5626509	-2.7158864	-9.068917	-4.458344	1.6908731	-1.2347063	-6.2249637	50.0	50.0	974999	-0.9361881	1.0061941	0.9350686	-9.860284	0.88583875	0.010453767	3967.6106581687927	20.346721334946462
196	-5.515169	1.4344264	-2.3279545	-8.2594385	-4.3801203	1.4714645	-1.5017557	-6.190729	50.0	50.0	979999	-0.9399907	1.0009753	1.6031492	-8.702737	0.8899389	0.010608215	3987.9391856193542	20.3466285077893
197	-5.7091737	1.5574467	-2.347785	-8.833795	-4.356454	1.542041	-2.0348527	-6.4929967	50.0	50.0	984999	-0.94530517	1.0043082	0.31488347	-9.136774	0.8951167	0.0104790805	4008.397172689438	20.347193778468874
198	-5.4424095	1.6012208	-2.1366491	-9.356181	-4.0756426	1.8944651	-1.5443416	-7.8175263	50.0	50.0	989999	-0.94442016	0.9974868	0.7474692	-8.142292	0.89430517	0.010692226	4028.6808381080627	20.346872929370765
199	-5.383634	1.5481883	-2.3384454	-8.217572	-3.859079	0.9979135	-2.2698925	-5.5756974	50.0	50.0	994999	-0.9515012	0.99891174	1.2634966	-9.370137	0.90172815	0.010510716	4049.3018169403076	20.348250413060786
200	-5.3352427	1.495293	-2.405355	-8.727238	-5.128346	1.0522228	-3.5772824	-6.659029	50.0	50.0	999999	-0.9614748	0.9931433	0.7664826	-8.9285755	0.912384	0.010232286	4069.6257026195526	20.348128522634507
