Epoch	AverageEpRet	StdEpRet	MaxEpRet	MinEpRet	AverageTestEpRet	StdTestEpRet	MaxTestEpRet	MinTestEpRet	EpLen	TestEpLen	Time Steps	AverageQVals	StdQVals	MaxQVals	MinQVals	LossPi	LossQ	Time	AVG Time Per Epoch
1	20.28439	19.575151	139.47435	5.0013733	38.987545	0.719184	40.444332	38.32224	22.83105	22.2	4999	18.810616	13.459523	81.581406	-29.61228	-20.944202	2.3724751	15.610755681991577	15.610757827758789
2	17.319923	14.948	151.50114	4.387074	5.3081293	0.03073277	5.358886	5.2590184	21.059072	10.0	9999	74.43678	33.382454	194.73825	-71.329	-78.47091	30.617163	35.06410765647888	17.532055139541626
3	5.478901	0.16024417	7.489527	5.1618805	5.294192	0.038517885	5.361491	5.2049108	10.004	10.0	14999	17.276638	17.921097	142.79533	-28.554775	-16.303774	2.9892533	55.84748029708862	18.615827560424805
4	9.2832985	10.219627	45.33687	5.173256	16.836	0.17724419	17.077332	16.598642	11.5103445	14.0	19999	6.295542	6.618679	55.23686	-35.480675	-6.6633224	0.5913401	76.5814278125763	19.145357489585876
5	163.2598	60.272015	217.81767	16.864494	134.57211	2.0620549	137.095	130.2056	77.390625	73.2	24999	46.2639	25.397867	150.40834	-36.098713	-51.18836	11.864488	97.58088731765747	19.51617784500122
6	275.77618	68.27219	434.88745	137.09485	551.5126	3.4721043	557.1624	546.9477	123.07317	364.2	29999	108.35807	47.98508	294.7536	-82.660255	-117.58727	49.664364	119.90797734260559	19.984663208325703
7	331.86243	128.72145	1020.0029	251.42549	289.26138	8.425898	301.85205	277.40836	154.84375	112.2	34999	183.00766	72.972496	383.67935	-270.20517	-195.6206	103.01288	141.1150689125061	20.15929583140782
8	232.25027	128.52	424.46704	26.72856	487.51035	39.913097	549.16736	423.9492	99.4898	188.2	39999	249.27443	98.232216	439.73544	-269.42618	-263.83823	146.81502	162.50946640968323	20.313683539628983
9	254.09468	124.890495	420.18756	27.755997	297.8327	20.521181	327.05728	271.6141	112.53333	125.0	44999	294.69476	117.51251	498.5435	-285.73434	-310.4099	200.4139	183.51843786239624	20.390937725702923
10	247.2646	44.16241	346.66644	77.890686	239.0521	4.6604924	244.9803	229.83997	117.674416	115.1	49999	340.3339	130.60608	578.8663	-228.81178	-357.43	236.90688	204.47841715812683	20.447841906547545
11	232.07854	42.77524	303.1791	64.841156	186.6207	8.728105	205.9366	175.61911	111.04444	99.1	54999	382.48358	152.0287	614.69073	-243.72087	-401.18588	270.49844	225.4284553527832	20.493496136231855
12	271.97296	91.7312	498.429	41.57397	309.7315	29.616112	364.28076	280.01508	125.7	138.7	59999	402.13712	165.10529	662.1645	-206.32094	-419.38748	266.3529	246.56845569610596	20.547371447086334
13	235.78737	99.86957	419.99857	22.175552	469.20605	222.16718	902.05524	231.7314	115.09524	188.8	64999	408.5081	173.93593	775.87335	-438.27505	-425.53415	294.5739	267.7816617488861	20.59858951201806
14	217.80118	222.4263	890.4412	28.052814	819.57306	203.81754	1109.8608	513.4558	131.3077	693.9	69999	418.40433	180.0302	759.817	-266.03876	-436.17654	337.85532	291.334059715271	20.809575847217015
15	312.7009	208.50719	1033.6251	28.069403	502.23682	207.20135	1057.08	250.7813	194.68	287.1	74999	443.39307	192.71867	824.2863	-365.12903	-461.44824	362.74664	313.07249212265015	20.87149961789449
16	652.2502	265.35443	1023.6247	249.07611	576.11285	167.98024	1008.9513	468.06165	456.0909	330.8	79999	460.70578	196.01164	868.8759	-453.49728	-478.1304	371.39005	335.166490316391	20.947905778884888
17	429.81985	146.36894	728.0391	204.45787	396.8589	105.9145	584.5124	221.14885	220.34782	201.2	84999	477.9157	199.75426	923.402	-241.44624	-495.84186	386.68277	356.5984447002411	20.97637922623578
18	372.0469	223.79703	877.17346	62.1101	593.16876	321.81042	1475.0894	209.74709	220.60869	334.6	89999	499.8713	199.93456	908.37683	-311.64297	-517.3662	423.35855	378.55778646469116	21.030988256136578
19	339.61478	218.17976	1016.6471	79.47419	370.0758	81.04856	570.9458	284.95096	199.5	218.5	94999	518.10675	205.09145	825.2428	-299.46613	-535.4754	471.59586	399.892902135849	21.046994937093633
20	406.5931	257.60077	941.5713	42.373028	348.002	182.75684	702.9568	36.8776	206.75	201.6	99999	548.9338	211.9208	831.6241	-508.63797	-567.3568	529.1357	421.4986355304718	21.074931859970093
21	200.61307	274.82697	823.6938	13.762687	21.336834	0.37524042	21.898312	20.658125	142.59459	44.2	104999	581.31024	224.90082	881.77875	-526.8009	-600.7831	547.3061	442.3447859287262	21.064037504650297
22	364.719	388.06174	1007.5659	18.19623	1499.4008	527.9562	2374.121	827.76965	297.5	588.1	109999	617.5052	239.24847	973.0131	-472.81134	-637.04535	648.9111	465.28211855888367	21.149187304756857
23	833.9315	599.5338	2489.282	353.44693	1281.2896	537.4482	2413.1345	653.4359	343.0	547.3	114999	626.22235	241.53926	974.88214	-389.03516	-644.5557	595.2015	487.8889193534851	21.212561793949295
24	973.1129	544.46643	2441.5005	443.82874	866.22107	370.01877	1851.5134	486.39517	513.36365	381.1	119999	615.908	234.96036	940.38153	-583.3189	-632.7862	550.7606	510.0776889324188	21.253237118323643
25	780.5208	504.25507	2278.8442	67.11753	455.4331	550.7614	2106.7703	252.55266	332.15384	226.2	124999	613.3033	228.58583	981.2771	-371.62476	-630.12787	526.32135	531.6000537872314	21.264002237319946
26	717.34247	665.8986	2041.6007	201.92534	793.4227	462.393	1777.6139	253.25046	352.33334	439.0	129999	615.64355	223.75383	990.2386	-483.96933	-632.1857	504.54944	554.0614049434662	21.310054109646725
27	447.6403	325.36368	1334.7814	178.86958	1262.0328	713.2989	2740.8508	720.66205	223.33333	471.7	134999	617.9034	211.947	958.12915	-508.05182	-633.70807	481.6125	576.6731133460999	21.35826356322677
28	454.79114	753.6206	2538.9568	14.320462	1180.3242	352.78897	1840.0955	821.8273	208.39131	603.8	139999	616.916	211.06326	950.0066	-401.50348	-632.6408	493.8226	599.9326584339142	21.426166440759385
29	582.4031	599.7496	2088.3052	24.49283	971.13184	0.5456838	972.09625	970.5268	444.3	1000.0	144999	629.8801	211.45143	922.48706	-426.00983	-645.8915	557.8465	624.9122638702393	21.548698819916822
30	900.7591	158.65721	974.8108	546.00995	972.82666	1.7123508	975.5304	969.8887	929.6667	1000.0	149999	630.5715	207.73651	915.19446	-481.84152	-645.91235	502.58215	650.0532047748566	21.668440222740173
31	977.8561	79.31951	1123.4662	898.0967	974.9456	0.5151468	975.88354	974.0287	1000.0	1000.0	154999	621.38043	200.96356	886.6393	-584.1635	-635.4937	459.2839	674.8252849578857	21.768557656195856
32	595.70074	304.97116	1132.0337	301.6071	322.4659	24.324564	350.91898	271.15253	430.5	132.0	159999	610.2158	192.93774	858.6292	-530.9363	-623.4751	420.4612	696.1615822315216	21.755049511790276
33	370.431	220.16353	1003.80566	109.80667	749.412	240.9865	1173.6019	427.95782	187.0	403.5	164999	591.77765	189.27399	862.02124	-434.20224	-603.97	392.24295	718.4210424423218	21.770334684487544
34	603.4781	591.49097	1989.2141	10.879529	560.3151	103.82205	744.4337	384.579	297.05884	202.8	169999	583.1291	187.56871	860.6459	-556.8742	-595.6142	379.55045	740.0081582069397	21.76494587870205
35	287.8126	323.9079	1623.2997	28.55329	604.079	334.45218	1033.0767	163.90146	203.875	543.1	174999	574.6167	185.39856	845.5834	-543.225	-586.3988	382.2064	762.7400879859924	21.7925739969526
36	543.46594	233.80263	1121.3251	171.0169	382.29605	334.915	1299.7917	191.37679	364.7143	180.6	179999	553.38983	172.57248	800.6622	-441.39313	-564.0722	342.8051	784.2248706817627	21.784024238586426
37	718.4402	635.40735	2125.995	168.5802	1081.2428	707.2403	2457.1367	473.46164	329.46155	440.7	184999	536.4799	163.29634	796.39087	-424.5386	-546.4771	324.02786	806.2963178157806	21.791792431393183
38	1464.2578	674.1245	2438.1025	412.8232	2089.7385	562.98083	2474.2053	580.21985	578.44446	865.3	189999	533.0466	160.65448	810.24207	-328.09235	-543.7925	296.62964	830.6121008396149	21.858213223909075
39	1099.3477	801.16864	2197.6953	16.913351	1328.1272	826.64703	2268.708	286.4888	479.5	595.2	194999	536.3674	154.91698	789.1938	-449.49182	-546.58234	297.3756	853.7447800636292	21.890891845409687
40	1233.7291	795.0911	2367.0796	65.66088	710.5085	401.3646	1525.4086	320.4347	569.1	385.3	199999	530.0143	152.54942	754.3753	-431.96945	-539.7715	280.5337	875.9398102760315	21.898495304584504
41	747.5245	624.58545	1947.9719	80.86036	948.41345	587.6681	1694.6934	223.84695	386.08334	415.9	204999	513.3489	148.43492	707.4747	-246.90787	-521.9216	252.54938	898.0387620925903	21.90338448780339
42	1411.9277	765.41144	2347.1133	343.9444	1116.5702	276.86996	1616.4263	617.9562	631.5	421.1	209999	496.84146	144.82347	695.78143	-366.67776	-505.3298	253.40456	920.5721504688263	21.91838458606175
43	883.8854	642.6584	1964.5964	70.8947	494.87946	362.92316	1410.8059	267.93375	354.5	203.4	214999	492.60385	141.49611	688.93677	-322.53232	-501.0211	240.76382	942.0479609966278	21.90809216610221
44	1014.53894	562.21655	2281.8574	299.3178	1258.5458	523.50354	2496.9412	677.88776	375.07144	507.0	219999	488.2445	139.98587	639.8957	-285.09485	-496.6324	237.7318	964.6837339401245	21.924630360169843
45	841.25085	468.59778	1699.4792	147.66472	685.6913	427.3135	1398.549	130.78136	354.64285	314.5	224999	473.94113	136.03432	627.82495	-383.99005	-481.4015	210.37982	986.7928504943848	21.928730058670045
46	859.07294	589.7799	2541.4553	272.3744	2098.9927	677.37	2689.6921	792.0989	400.0	830.4	229999	460.89017	132.21803	608.359	-323.58804	-468.2391	205.98846	1010.8387086391449	21.9747545822807
47	1025.822	649.0076	2532.8208	339.58936	1085.8595	512.0933	2045.7268	319.45728	383.85715	718.6	234999	453.4744	129.23807	611.34894	-301.8157	-460.7674	184.04518	1034.4552011489868	22.00968517141139
48	927.2111	467.97668	1712.1608	282.15387	952.703	264.44928	1400.9167	466.01837	390.54544	397.4	239999	451.2569	127.41261	603.8147	-331.28104	-458.4464	182.51167	1056.9301264286041	22.019377678632736
49	1166.1385	695.7528	2337.3352	98.502075	1661.1072	648.84125	2513.2163	744.46655	513.2727	702.5	244999	447.16946	124.32505	600.0835	-285.86484	-454.0835	175.6338	1080.5261454582214	22.05155403273446
50	1227.9865	687.57	2220.2747	15.930614	1113.472	355.84125	1810.4761	737.3999	457.72726	437.6	249999	438.18356	122.89202	598.1153	-271.13217	-444.78845	181.42624	1102.9252679347992	22.058505401611328
51	1177.7834	432.60583	2000.3296	457.58508	1277.0754	805.6864	2284.2317	562.16223	439.7	523.8	254999	433.0775	122.644646	578.7156	-293.50555	-439.55096	157.58788	1125.7488059997559	22.07350604206908
52	1548.6431	579.0031	2449.5496	694.6566	785.48926	400.63757	1739.4886	468.24072	603.2222	299.3	259999	439.11325	124.63464	583.3936	-267.87814	-446.43216	159.71342	1147.6380746364594	22.069963010457847
53	808.28406	632.0247	1975.3728	59.910076	1062.6536	657.1936	2541.892	502.3319	337.06668	416.3	264999	438.63354	124.77141	595.1207	-300.40546	-445.0775	159.66791	1170.1263620853424	22.077855919891935
54	1158.0873	533.1912	2308.2234	494.28943	1015.6255	198.79106	1428.3145	725.8181	467.7	342.0	269999	425.24158	118.34872	575.05914	-270.35233	-431.02206	148.99565	1192.3220374584198	22.08003777044791
55	827.44965	527.71655	1804.1521	25.870697	1312.2839	654.9621	2459.1543	65.30881	300.4	468.8	274999	416.4789	114.41508	559.8451	-266.71915	-422.30655	152.26836	1215.08380818367	22.09243291508068
56	1674.5321	788.2584	2399.6643	39.30957	1291.2993	205.83197	1607.8516	936.9798	724.8571	476.8	279999	415.09393	111.344666	551.42883	-268.48422	-421.0128	144.12148	1237.6109974384308	22.100196421146393
57	1233.5083	966.0235	2765.468	36.6756	1205.5813	754.3148	2756.9763	518.351	476.0	483.3	284999	413.13113	107.9231	548.3023	-431.3585	-418.94638	142.2561	1260.3856341838837	22.112028707537736
58	1096.9868	917.71564	2370.2126	16.078777	1513.573	530.2629	2231.4966	728.3154	425.72726	640.7	289999	410.8831	103.792656	553.08325	-214.58379	-416.3879	139.85474	1283.5036585330963	22.12937345586974
59	592.3615	696.45734	2492.0752	35.489933	1156.1053	827.6878	2604.031	243.2272	257.13043	439.8	294999	406.6606	101.555725	558.0127	-434.3985	-412.131	145.43674	1306.0561418533325	22.136544813544063
60	1236.2004	781.93616	2604.4062	375.21826	1251.1067	604.2854	2659.9915	804.1428	465.2	417.2	299999	403.25983	102.084694	532.7884	-238.0896	-408.38254	140.91338	1328.419540643692	22.140325713157655
61	997.0734	695.4797	2858.514	302.089	1326.8698	595.17676	2322.6018	416.52798	330.5625	511.6	304999	405.2593	103.63578	527.4206	-283.0328	-410.98734	145.43123	1351.0954542160034	22.149105834179238
62	935.5751	791.429	3028.817	17.357555	114.42848	1.6896029	117.14588	111.69417	332.7143	70.2	309999	404.21802	102.75632	531.6743	-680.4034	-409.30917	128.9117	1371.8500847816467	22.12661430528087
63	1359.7347	501.49637	2339.6646	585.45386	808.86646	128.80032	978.6328	582.69727	450.58334	256.9	314999	399.8018	99.91947	541.27356	-292.8434	-404.74246	128.8453	1393.472440481186	22.118610200427828
64	971.2942	337.94778	1709.3977	571.4009	1362.0077	338.6163	2265.316	956.03046	303.9375	413.7	319999	390.70163	98.78846	526.2247	-324.6757	-395.45856	128.84074	1416.6904351711273	22.135788083076477
65	1210.804	713.56665	3048.5295	539.3577	1257.429	794.6841	3121.0308	602.6469	388.15384	395.7	324999	392.85364	99.601494	535.4041	-182.22058	-398.1792	133.07532	1439.4454038143158	22.14531393784743
66	1015.6737	617.74005	3009.3667	204.21562	1724.0891	724.8147	3180.2473	890.66846	327.2	546.2	329999	404.32306	102.85149	525.6427	-393.8713	-409.7121	135.87993	1462.4584727287292	22.15846173329787
67	1056.6892	362.97906	1924.6162	645.6484	579.0343	117.02832	689.921	237.2995	341.8	227.3	334999	406.00647	103.966545	530.92114	-311.2759	-411.12305	131.3353	1484.17001247406	22.151791262982496
68	997.44586	544.3274	2912.6226	653.6294	1156.3162	333.95245	1598.0502	481.5828	336.66666	427.6	339999	400.91608	102.05769	520.4084	-302.0657	-405.6061	121.231224	1506.4094145298004	22.1530796604998
69	811.39124	715.864	2771.7783	43.304512	1056.3102	605.6405	2720.4597	456.59167	308.25	378.0	344999	394.6074	99.621635	563.86115	-280.07248	-399.37177	124.83004	1528.663429260254	22.154542484145235
70	1214.7183	807.644	2891.3262	242.96826	1416.6377	838.07153	3066.143	898.0769	423.0	455.8	349999	391.4765	99.47542	508.6388	-298.15707	-396.23196	122.371765	1551.200119972229	22.160001744542804
71	1082.5162	372.16687	1963.9818	623.194	821.6709	46.05929	896.98267	747.09436	358.0	247.2	354999	388.48392	97.944626	515.4026	-286.68878	-393.1453	121.57505	1572.8774762153625	22.153203920579294
72	992.7343	388.52435	1851.8674	439.91696	1202.455	503.8424	2597.7847	915.4084	315.4	390.5	359999	386.25143	96.05776	526.9899	-287.01184	-390.7873	112.22271	1595.1058526039124	22.154247982634438
73	1153.3861	355.15314	1827.6759	607.6488	990.1774	39.148174	1049.6619	928.58606	364.92856	295.7	364999	385.2888	96.41521	512.99414	-264.9001	-389.78714	109.8607	1617.2306458950043	22.153844493709197
74	566.347	542.4455	2419.7915	221.85124	282.789	46.703537	401.72458	236.18236	211.79167	122.4	369999	381.95728	96.60215	515.50446	-344.3976	-386.22974	111.35725	1638.4264283180237	22.140897708970147
75	555.5815	284.44153	1424.2373	218.73923	297.86243	148.78246	695.8493	177.27089	190.7037	119.1	374999	381.68845	97.440605	514.6473	-262.26608	-386.17325	117.97516	1659.6416692733765	22.128555618921915
76	432.02747	197.15247	790.1072	159.34091	603.12506	117.417015	731.4107	398.3314	155.48387	210.1	379999	385.55502	100.79148	533.0402	-322.9653	-390.37396	120.95947	1681.185021162033	22.120855563565303
77	537.2713	181.25038	781.5364	10.448352	338.3897	61.09471	457.9973	265.29153	192.03847	130.0	384999	392.56775	105.17034	531.129	-371.1899	-397.16013	119.66885	1702.4192335605621	22.10934072036248
78	1025.4269	595.45416	2802.248	185.68462	1140.7186	504.01358	2632.1602	862.093	354.46155	405.1	389999	390.18817	104.17876	521.7114	-301.98328	-394.53036	112.88038	1724.929792881012	22.114484554682022
79	2010.7621	638.7368	2724.9468	1199.8688	975.94354	1090.4873	2678.7234	254.1049	730.8571	392.1	394999	387.1702	102.11928	514.6979	-475.67407	-391.3914	115.962074	1747.9290914535522	22.12568472910531
80	2079.903	934.33374	2858.663	571.20734	2803.964	30.396051	2842.5774	2754.4763	750.4286	1000.0	399999	386.16284	100.15093	531.891	-238.61772	-390.31302	111.2186	1773.376009464264	22.167200142145155
81	1620.0105	1278.8018	2898.0151	8.953391	187.47102	1.8354949	191.22153	184.49426	576.55554	92.4	404999	382.98737	99.58553	503.3165	-276.87698	-387.04825	112.75245	1795.1075236797333	22.1618213094311
82	1953.045	914.25806	2918.4004	196.3998	1730.2627	488.634	2672.2456	869.40485	673.2857	594.1	409999	379.93976	97.64614	519.3854	-377.6543	-384.04437	103.85329	1818.8910989761353	22.181598797077086
83	1329.7473	774.6672	2833.5999	346.1846	2231.896	868.60077	3001.617	957.6266	482.8889	743.2	414999	377.5802	95.605034	508.20572	-245.06912	-381.52344	100.296616	1843.2364110946655	22.207667629402803
84	2358.8125	814.1938	3108.8376	470.04462	2205.544	991.9589	3221.1758	829.64813	783.0	674.1	419999	376.5272	95.20137	508.20316	-172.87877	-380.53394	105.4941	1867.3325610160828	22.230149561450595
85	1961.8472	865.6291	3160.637	775.2384	1109.9341	483.71957	2309.4053	636.11945	597.3333	381.0	424999	375.52283	93.840355	516.35443	-234.79315	-379.30884	97.41896	1890.1947746276855	22.237585611904368
86	1197.4413	771.13965	3275.404	209.26851	1374.7719	698.6358	3296.5884	957.2466	381.84616	414.2	429999	373.69247	93.23535	627.66455	-251.67876	-377.50375	99.00396	1913.1891293525696	22.246385249980662
87	861.4821	224.36867	1386.4197	579.6996	768.3576	194.17805	1095.7037	600.74854	264.78946	234.9	434999	374.00418	92.500984	511.24042	-213.55315	-377.9457	100.26616	1935.3103513717651	22.244946592155543
88	1033.737	567.3315	3079.6929	592.7624	2538.1318	909.64014	3017.5693	686.8143	316.5625	844.2	439999	378.39236	96.19168	523.55164	-211.66342	-382.34625	94.99297	1959.967318058014	22.272355908697303
89	751.74524	346.64706	1424.574	10.95028	908.2803	330.33813	1626.8729	551.9193	245.75	285.9	444999	378.8325	96.228745	508.8806	-227.80025	-382.58746	102.29654	1982.5494935512543	22.275837030303613
90	911.5245	316.52188	1540.8949	410.15372	855.18134	38.92223	925.72894	798.48413	291.7647	276.4	449999	377.96402	95.80189	510.75992	-221.12024	-381.77066	101.43395	2004.9542365074158	22.2772693183687
91	902.687	238.6363	1476.2512	519.6468	602.49915	204.62044	903.79535	278.23813	276.16666	198.7	454999	375.51974	96.353004	505.57782	-215.66803	-379.2108	102.75564	2026.958664894104	22.27427106637221
92	742.05634	254.16432	1482.6332	345.57513	551.8617	36.830315	608.56366	504.56943	231.81818	182.1	459999	374.3243	96.25045	502.9303	-314.73505	-378.04028	94.582695	2048.9614243507385	22.271319853222888
93	1019.14856	610.53204	3031.1255	519.32184	2113.8267	671.08673	3077.3809	1245.596	315.26666	680.9	464999	376.19464	97.19635	490.47586	-408.32837	-379.92365	95.86286	2073.067075252533	22.291043842992476
94	1310.5442	560.2806	2559.1943	547.83826	1495.3835	961.7975	3482.0427	889.3777	411.23077	433.3	469999	376.82535	96.41607	487.76724	-383.64612	-380.4227	91.7862	2096.4062972068787	22.30219467396432
95	785.2355	446.2623	1747.4523	47.64512	312.74152	140.0792	540.9661	157.83551	240.75	125.9	474999	375.5961	96.012856	514.9763	-324.76956	-379.22995	96.36323	2118.277313709259	22.297655958878366
96	1154.6122	695.0548	3180.683	72.52791	510.89487	132.58224	760.46	208.00374	356.7857	207.0	479999	375.7046	96.660034	513.7736	-226.0068	-379.3932	97.85026	2140.428854703903	22.2961339255174
97	1136.3835	624.8267	2664.557	185.81668	794.7168	96.6738	949.3336	593.9798	381.07693	278.5	484999	375.7452	95.56236	520.33014	-302.37054	-379.4062	96.69176	2162.909005880356	22.298031008120663
98	557.93024	401.41983	1697.2859	37.90937	723.3826	121.80655	907.99756	534.8273	201.3077	249.8	489999	384.02722	99.562904	511.00974	-242.1587	-388.3698	98.35227	2184.6444869041443	22.29229070215809
99	564.77606	175.81673	1045.9507	212.29019	842.78906	236.9829	1213.4111	542.0465	204.29167	278.3	494999	395.62515	104.312096	516.7312	-201.59544	-399.91245	106.761826	2206.4769325256348	22.287645802353367
100	720.2929	311.2782	1473.2675	357.18713	705.2359	345.5083	1681.5504	416.33618	245.45	233.9	499999	396.63745	106.14668	527.8966	-263.6748	-400.5455	112.76157	2228.133912086487	22.281339139938353
101	700.985	429.57214	1609.7892	173.53726	350.47638	388.27618	1510.7195	174.86469	258.25	167.3	504999	391.15244	105.82238	512.08264	-309.43887	-394.79547	104.09303	2249.5946712493896	22.27321458571028
102	1093.7717	783.6905	2890.7356	21.31926	1179.325	1072.7527	2958.3286	233.73561	386.0	421.3	509999	385.46777	103.89965	509.49365	-243.67035	-389.08896	101.63741	2272.1474781036377	22.275955691057092
103	1085.1014	1006.9185	2898.1892	81.68269	1854.6439	900.5259	3145.678	864.76483	379.0	607.9	514999	382.09924	102.082825	497.0454	-292.53586	-385.5976	97.162445	2295.460772752762	22.286026938447673
104	1485.395	387.6859	2271.4685	996.4096	3098.6245	439.3161	3339.6375	1785.6685	460.44446	953.6	519999	380.07202	101.82651	495.34805	-231.89018	-383.56924	100.35023	2320.2702119350433	22.31029052230028
105	1172.3607	1092.7645	3121.1785	54.600784	1318.4419	424.60522	1857.308	693.6639	388.85715	433.0	524999	379.68692	101.38374	492.8305	-187.71173	-383.26862	98.60431	2342.7421259880066	22.311829791750228
106	1323.252	557.65295	2273.3433	533.70264	878.2572	286.95776	1263.8911	374.8142	416.53845	283.6	529999	380.19604	98.6349	502.03558	-180.42604	-383.71555	92.796844	2364.4863317012787	22.30647484536441
107	1725.6724	864.3434	3178.4465	878.47076	2484.7615	675.8348	3276.1055	1369.355	524.3333	758.0	534999	378.99512	98.0783	668.2745	-214.91403	-382.4065	95.3386	2388.3212645053864	22.32075950141265
108	1543.1271	519.88116	2537.481	910.6188	3211.9744	34.31424	3258.6348	3139.8157	468.4	1000.0	539999	377.34918	97.989265	519.95886	-310.12756	-380.7776	91.1878	2413.17728805542	22.34423416852951
109	2845.9094	509.28467	3160.512	1722.1786	2883.6965	12.554782	2901.167	2858.3728	923.6667	1000.0	544999	378.19812	99.41255	492.78253	-198.60019	-381.6722	89.180176	2438.325436115265	22.36995814918378
110	1849.741	877.772	3082.6367	697.6072	2764.7476	838.2297	3323.736	811.8804	604.125	824.2	549999	378.28452	99.6173	525.3829	-197.59702	-381.74603	92.62116	2462.5125164985657	22.386477442221207
111	2420.1646	886.59406	3094.0774	1083.9679	3188.3586	21.278254	3232.6309	3153.6748	784.1667	1000.0	554999	382.1092	100.07722	522.74005	-159.9772	-385.6014	93.733894	2487.281968832016	22.407945682336617
112	2179.8887	1024.8165	3216.262	668.47797	1122.5023	686.8599	3165.3867	723.5917	681.375	335.0	559999	384.6798	101.021675	511.5935	-183.35136	-388.25317	91.577415	2509.400450229645	22.405361194695747
113	2611.2244	532.8832	3192.027	1898.6276	3155.432	425.2354	3330.7659	1881.5311	834.1667	959.5	564999	387.12448	101.24448	528.4699	-203.44434	-390.6129	92.428925	2534.1376485824585	22.425996906989443
114	1474.2977	1085.1177	3143.2153	263.8287	3161.9595	142.06705	3279.5876	2852.0718	493.77777	987.3	569999	388.29807	100.51211	521.3609	-218.81761	-391.8172	92.58049	2558.780833005905	22.4454459202917
115	1808.2572	1135.4178	3210.7488	469.76013	2973.91	366.91574	3229.0469	2180.2068	575.3	934.0	574999	389.18344	101.1994	546.3438	-189.85408	-392.7616	97.57639	2583.7192640304565	22.46712405163309
116	1871.3619	975.5962	3150.1372	761.995	3294.3228	8.46705	3316.5725	3282.9673	602.4286	1000.0	579999	391.18094	102.27731	517.1164	-248.452	-394.7054	91.196686	2609.3897380828857	22.49473913990218
117	3146.8306	91.871315	3215.0972	2968.4182	1689.2097	506.0796	2974.9863	1326.5748	988.8	534.4	584999	391.82318	101.46915	536.96045	-192.9484	-395.191	91.85479	2632.9675529003143	22.503996196975056
118	1767.6355	911.1323	3210.942	201.06876	3014.4668	29.998465	3049.3716	2954.275	570.1	1000.0	589999	390.58487	100.01726	573.0228	-532.87994	-393.96234	89.4064	2658.417097568512	22.528958470134413
119	1193.2522	755.38367	2986.5703	212.76498	224.93912	11.127643	238.68878	201.60622	373.23077	99.1	594999	388.7687	98.559875	503.58258	-276.71915	-392.08905	89.06436	2680.2616488933563	22.523207149585755
120	1838.0856	851.84283	3041.871	171.97644	2313.9998	1295.2003	3186.4707	40.64686	569.25	739.1	599999	386.64377	97.932045	512.40906	-238.79926	-389.8738	86.28455	2704.739972114563	22.53949978152911
121	2097.1025	849.8203	3164.822	201.28484	2652.8982	955.8879	3308.0244	1047.889	623.6667	801.6	604999	385.2458	97.71721	520.1097	-425.20978	-388.4682	85.74692	2729.5860311985016	22.558562259043544
122	1250.5831	890.00995	3101.996	527.8124	1002.2287	132.85194	1208.5488	747.94904	386.53845	285.5	609999	386.98068	98.47654	494.80762	-167.70467	-390.4583	90.34056	2752.2528784275055	22.55944984076453
123	1797.3964	968.73486	3054.3413	669.1444	2457.9543	750.1287	3112.4568	808.3473	573.25	826.1	614999	391.65176	98.71673	515.8819	-178.82146	-395.102	91.81015	2776.7212584018707	22.574969597948275
124	1166.0072	821.035	3000.5754	88.61756	1290.819	377.81522	1977.0908	833.7764	389.07693	388.5	619999	390.80853	98.28373	492.1282	-221.74094	-394.1388	89.82052	2799.0915701389313	22.57331912748275
125	2334.4553	731.80664	3178.1597	943.96814	1666.2142	812.14954	3156.2566	896.8736	747.2857	495.6	624999	387.41278	96.40856	486.25732	-303.68292	-390.56567	85.4614	2822.031357526779	22.576250875473022
126	1197.9686	643.781	3204.0073	622.6062	752.27625	382.2543	1504.3958	236.96536	351.5	224.3	629999	384.19385	95.304596	485.3011	-306.33746	-387.31104	81.4774	2843.609795331955	22.568331726013668
127	1133.3143	446.05167	1793.2507	55.790367	1261.3406	186.27687	1694.6968	1019.7477	319.375	332.6	634999	381.03644	95.675606	579.23737	-213.16893	-384.14078	85.49499	2865.8102927207947	22.56543539077278
128	1224.7968	204.93484	1571.4852	947.9782	1208.597	72.85276	1317.175	1112.9536	343.93332	336.4	639999	382.24982	97.19784	520.14166	-226.72455	-385.49716	77.97134	2887.906966686249	22.561773194000125
129	785.3441	424.89777	1513.2103	8.989407	1512.4854	748.11	3415.7612	674.9977	231.42857	424.6	644999	386.18738	98.588524	518.607	-268.1095	-389.4443	86.73805	2910.4452199935913	22.561590867449148
130	1236.1487	807.25366	3189.5793	302.6433	878.67645	310.43976	1796.322	667.78467	387.84616	261.7	649999	386.53485	97.978775	496.44925	-230.43439	-389.68176	87.94064	2932.232588291168	22.55563530921936
131	843.437	619.95447	1981.3838	7.38171	1178.7281	759.60345	2908.0483	473.6265	281.6111	413.8	654999	386.78992	97.896286	502.07898	-187.5289	-389.9696	86.70871	2954.602602005005	22.55421835047598
132	936.7021	464.44147	1956.726	193.70808	1068.7391	742.13074	3202.9963	502.64777	323.66666	403.2	659999	390.52936	99.58162	518.20776	-212.98509	-393.9244	87.55709	2977.0246987342834	22.553217430909474
133	1464.0739	941.49146	3172.0396	417.51318	1250.7289	402.60706	2270.7686	838.47705	514.8	397.4	664999	395.37454	102.52583	526.8167	-182.45355	-398.77167	89.0367	2999.3748211860657	22.551690400991223
134	1861.9553	745.4946	3259.4927	1184.9668	935.325	521.87103	1462.9413	144.58981	560.8889	276.6	669999	396.73203	102.57814	537.9274	-201.65436	-400.0608	89.182396	3021.3941667079926	22.547717678013132
135	1063.2255	544.80035	1964.0778	170.24937	1293.2799	1045.8405	3328.1094	153.7885	329.26666	406.0	674999	395.00134	104.62313	545.2152	-210.77594	-398.2089	86.85191	3043.7243723869324	22.546106478019997
136	1172.7863	571.63776	2275.4634	94.40901	1565.2078	601.2664	2773.7966	875.1496	355.5	497.4	679999	394.45102	102.66415	550.2023	-204.6732	-397.68484	92.99014	3066.393070459366	22.547007886802447
137	1607.3643	705.0802	3022.7053	688.25635	1465.3604	800.74133	3235.4238	874.5392	529.1111	465.3	684999	394.20868	102.88715	531.5857	-215.11009	-397.33856	86.45765	3088.998727083206	22.547435979773528
138	1278.2228	677.2783	2603.0415	94.67331	1121.9817	465.077	2121.6553	542.8924	403.76923	354.3	689999	393.81747	103.50468	523.5444	-198.92131	-397.01202	88.57284	3111.317566871643	22.545779485633407
139	1658.25	1022.9979	3022.1003	101.693535	1226.2991	161.85141	1469.6937	939.53766	541.3333	369.3	694999	395.33667	102.361755	518.00494	-240.19603	-398.54626	88.833885	3134.9644815921783	22.55370131842524
140	2198.1165	950.02	3139.036	89.16111	1611.1428	405.61954	2558.8792	1011.59656	676.5714	474.1	699999	396.85532	100.56912	513.63367	-144.56215	-400.12836	88.864	3158.2441568374634	22.558886849880217
141	1839.7461	658.7068	3080.1062	778.2258	938.26776	34.12488	970.72485	866.5566	546.0	265.1	704999	394.38205	99.638245	514.65533	-286.28198	-397.42194	84.16244	3180.6108632087708	22.55752386776268
142	1023.3967	293.40775	1525.9462	432.8374	1376.5486	81.98205	1474.5399	1230.0668	291.35294	368.3	709999	390.97488	99.438126	512.18506	-224.24501	-393.9752	77.702774	3203.51220703125	22.55994513672842
143	1091.5771	615.2793	2245.08	216.65465	1765.5524	874.0932	3084.051	931.89636	321.7143	542.9	714999	388.94666	99.177536	506.38043	-208.35059	-391.95636	82.825066	3227.164542198181	22.567584226181456
144	1828.8268	899.1341	3206.3826	94.66183	1579.6101	749.444	3323.2427	836.17395	613.6667	484.9	719999	387.45004	99.49698	503.86792	-154.01828	-390.42462	90.25871	3250.395185947418	22.572188806202675
145	1174.6239	828.94666	3193.2954	232.11583	1279.3059	337.43735	1894.0192	909.00696	359.76923	356.4	724999	386.62186	98.20727	505.6208	-220.6967	-389.5971	81.37283	3273.2499344348907	22.57413749365971
146	1002.4177	344.52307	1574.9685	377.50748	1524.02	442.58	2267.3142	686.46857	296.82352	420.8	729999	387.4343	97.946304	504.3015	-274.11957	-390.38763	80.32889	3296.3472113609314	22.577720638823834
147	1165.9546	336.1859	2122.6072	815.70386	1305.7471	762.07245	3479.9258	828.6542	329.3125	350.3	734999	388.5055	97.822105	511.5402	-179.15561	-391.5531	79.80289	3319.1000547409058	22.57891195161002
148	1129.742	380.19513	1853.3097	63.210464	2242.5354	818.06244	3721.999	1276.2572	309.73334	600.0	739999	388.2037	99.2102	513.0761	-169.182	-391.172	76.14247	3343.0526506900787	22.588193600242203
149	1041.2446	304.93378	1647.1411	104.665634	2028.3269	787.5787	3225.3425	1370.206	302.0	622.5	744999	390.72086	98.39673	509.53314	-217.0378	-393.82953	79.40102	3366.8803493976593	22.59651242646595
150	1468.8105	798.1452	3212.1294	352.8343	3009.3755	396.0272	3329.8474	2070.9897	454.66666	896.8	749999	394.50134	98.175354	518.0709	-148.18481	-397.70758	81.996506	3391.950264930725	22.61300177892049
151	1624.7645	406.96008	2172.25	1119.2173	3291.317	28.705898	3332.7163	3244.2278	467.66666	1000.0	754999	392.32687	97.08478	511.3688	-179.20366	-395.18015	81.038086	3417.470105409622	22.632252366337553
152	1702.7368	1021.2442	3259.9988	45.453102	2172.262	801.4373	3532.6619	1062.8259	522.0	634.8	759999	388.50156	96.73698	506.65646	-181.3152	-391.29758	76.71139	3441.4381725788116	22.641040624756563
153	1328.7925	331.78775	1925.3196	902.7909	1542.1676	438.99683	2595.4792	1128.5834	389.76923	431.7	764999	386.7889	96.612854	497.99698	-326.05472	-389.71326	79.92285	3464.6111369132996	22.64451724875207
154	1429.8241	391.96057	2121.8748	764.7981	1275.3547	538.70233	2216.736	324.24887	405.75	366.9	769999	385.51178	96.29886	493.57352	-185.57799	-388.38074	77.55118	3487.5018541812897	22.64611594862752
155	879.51184	498.18954	1834.2733	32.016747	511.31265	268.05637	856.9703	31.42965	261.42105	159.5	774999	383.5138	96.08508	498.1471	-186.47084	-386.24265	78.40167	3509.8738746643066	22.64434759078487
156	1381.578	962.70886	3266.7966	307.83575	1779.9457	1047.9047	3540.794	281.41595	399.69232	498.1	779999	383.69824	97.044846	499.8124	-231.76096	-386.5575	80.08737	3533.2855784893036	22.64926654100418
157	1929.2843	590.2698	2661.1853	1045.2639	2324.0818	796.95624	3491.9614	1351.949	537.44446	676.1	784999	383.56625	97.61443	509.51694	-191.51132	-386.3963	81.077774	3557.4622163772583	22.658995022439655
158	1755.942	620.5851	3317.8232	1151.3198	1987.5808	849.20184	3290.235	1096.2755	513.5	625.3	789999	385.51727	96.336136	494.2865	-212.88516	-388.3127	75.29819	3581.480842113495	22.667600280121913
159	1489.6251	837.2211	2743.2764	45.842533	824.1823	748.39435	2574.3955	34.963066	422.16666	243.3	794999	382.54782	95.623276	499.7194	-171.07379	-385.20212	76.04024	3603.8945944309235	22.666003752054657
160	1341.7742	723.29425	3402.31	483.87332	1361.6482	621.44745	2835.0984	677.50116	382.9091	446.7	799999	380.3835	95.13411	499.39456	-166.56653	-383.08636	79.018196	3626.9458453655243	22.668411545455456
161	1311.2689	966.48914	3154.399	348.81573	390.8185	21.819618	413.28348	333.0082	421.91666	145.2	804999	381.12854	96.34461	511.89542	-190.83281	-383.8627	68.45147	3648.971262693405	22.664417792551266
162	1670.3606	966.5589	3416.9136	378.0623	3311.5308	25.724045	3355.2122	3271.4612	482.45456	1000.0	809999	381.83194	97.1648	506.36032	-220.03401	-384.54184	77.07776	3674.415010690689	22.681574154783178
163	1948.4141	1128.1987	3366.8652	192.62471	2273.149	614.5698	3426.072	1509.3098	567.0	631.3	814999	383.52045	96.2157	503.31992	-302.35672	-386.26294	77.63318	3698.2551691532135	22.688682032509085
164	1782.389	799.71	3318.9585	10.970654	1847.9099	246.06943	2293.7026	1527.9559	497.7	506.0	819999	381.8253	95.6512	491.5488	-265.29916	-384.451	74.788315	3721.5894372463226	22.692618531424824
165	1669.9585	895.85925	3230.6409	429.77646	2034.6488	898.4352	3400.711	1323.0621	473.0909	557.3	824999	380.51587	94.92232	496.93527	-241.47589	-383.1301	69.0731	3745.2360639572144	22.69840040206909
166	1036.3097	705.62537	2803.5044	538.40985	1810.4529	1490.9528	3343.6958	303.41827	305.93332	568.4	829999	381.69043	94.88568	504.5359	-209.49995	-384.40347	73.5162	3769.010187149048	22.7048806584025
167	2023.2207	957.0577	3290.193	202.83392	1498.2648	292.13937	2319.125	1187.2294	600.55554	409.2	834999	383.48242	95.252594	492.22516	-257.09988	-386.18604	78.45689	3792.0188207626343	22.706699538373663
168	1247.8348	456.16373	1895.2887	343.60953	1852.1556	578.3988	3083.227	1437.6027	351.07144	511.0	839999	383.5677	95.24994	496.5725	-237.75494	-386.27185	72.1114	3815.53453874588	22.711515124355042
169	1651.3516	594.9159	2780.254	1083.8561	1656.2483	1057.8258	3167.4983	295.3281	462.0909	472.7	844999	384.22638	96.09666	490.97296	-156.0143	-386.9538	75.2158	3838.983422756195	22.715878252447006
170	1501.9642	437.4823	2716.998	937.4884	2503.6426	848.1138	3547.632	1419.4636	418.16666	711.1	849999	383.91748	96.70679	497.241	-179.36627	-386.55	70.72564	3863.277902841568	22.725164145581864
171	1313.2557	650.3434	2993.6116	458.62048	1308.1146	636.82477	2328.6177	783.5667	375.92307	402.8	854999	382.50412	96.294655	500.8114	-155.80678	-385.1021	78.80349	3886.228567838669	22.7264828640118
172	1776.1764	953.7071	3516.379	448.55734	2641.682	944.61755	3549.9397	835.1147	507.9	730.8	859999	382.07532	96.030556	492.62894	-251.88876	-384.72504	69.19514	3910.489379644394	22.735403381114782
173	940.4113	786.7685	2202.358	24.833296	1877.8431	484.63187	3037.5957	1334.7688	271.10526	525.5	864999	382.8085	95.980865	494.39255	-195.89938	-385.44897	73.62989	3933.904176235199	22.739330512250778
174	1463.6381	337.08765	2255.2078	1044.8171	2375.9377	724.46533	3377.4167	1405.9282	409.5	692.7	869999	382.14218	96.46456	503.91827	-180.97818	-384.75305	77.04472	3958.1603775024414	22.74804815889775
175	1676.9507	601.5875	2496.8987	839.28955	3263.4585	102.54894	3357.298	2988.5293	476.44446	986.1	874999	382.89905	96.565895	498.29245	-215.38945	-385.58286	73.82982	3983.589980840683	22.763371331351145
176	1721.8093	882.8284	3378.9922	688.77356	1208.0474	95.00948	1360.6666	1103.4332	498.0909	334.9	879999	384.47235	95.741875	494.69122	-240.07767	-387.11685	76.4262	4005.80127286911	22.760234515775334
177	1537.6444	438.48624	2251.144	967.8933	597.77594	397.78696	1034.5853	198.3742	442.58334	177.4	884999	382.81854	94.77678	504.68243	-489.86652	-385.36874	72.600075	4027.3576288223267	22.753432941975568
178	1207.194	810.4476	2607.911	37.213165	2518.6062	952.1135	3347.5334	1283.3524	347.85715	750.6	889999	382.34912	95.80853	504.5099	-237.94221	-384.9425	71.84822	4050.9998695850372	22.758426245678677
179	1804.64	793.6365	3114.8066	93.4316	91.4494	2.4083064	96.37866	87.27701	513.7	48.6	894999	381.37323	95.98203	491.437	-214.70746	-383.8618	76.992035	4072.0060470104218	22.748637144792013
180	1082.523	434.38428	1803.3405	14.924216	1608.5289	480.46588	2863.072	1012.1713	315.0	435.8	899999	380.32098	95.66336	503.7417	-253.92755	-382.89972	72.92518	4094.596450805664	22.74775807062785
181	1248.0577	503.70148	1932.4199	98.4594	1374.8119	530.272	2937.5815	1035.3774	356.46155	379.8	904999	382.46695	96.32855	503.33328	-223.69104	-385.0733	70.92305	4116.860947847366	22.745088122826253
182	963.5741	838.02234	3462.5698	6.9413133	2831.9075	770.08014	3408.7737	1266.0258	276.57895	832.4	909999	381.5607	96.05971	489.73828	-154.4116	-384.0394	72.01426	4140.992862939835	22.75270804992089
183	2419.2522	652.1764	3448.4202	1601.1416	2179.1174	724.7421	3453.9436	1239.0728	701.5714	617.6	914999	381.53983	95.54069	483.43246	-163.64793	-384.082	73.42306	4164.050951004028	22.754376794471117
184	1560.0767	954.6025	3475.512	33.104298	1663.0944	380.98166	2385.2463	1285.5769	450.5	459.3	919999	380.23444	95.264275	482.77777	-220.8417	-382.70062	68.87246	4186.816794395447	22.75443911034128
185	1687.2621	719.47595	2931.8381	714.48883	2429.6646	656.40894	3509.432	1729.0125	468.0	677.3	924999	381.25336	95.03619	484.23987	-181.22324	-383.83932	73.44699	4210.902992963791	22.76163780882552
186	1578.0602	435.89017	2437.6482	822.32916	1642.3152	296.3234	2253.824	1216.042	440.0	460.8	929999	379.0729	94.22902	484.4251	-180.97816	-381.3677	68.84135	4233.495800495148	22.76073012172535
187	1390.0493	641.4828	2926.9521	586.8098	1555.0099	629.933	3426.7817	1258.104	385.3846	432.8	934999	376.61856	93.96883	523.47217	-248.40929	-379.02945	63.67854	4256.130596637726	22.760056676711628
188	1151.5685	506.886	2102.3855	502.36237	2146.6511	1075.6559	3472.024	988.9123	319.93332	615.3	939999	376.41797	94.46011	495.06833	-149.84204	-378.84735	68.6589	4279.4427535533905	22.7629933813785
189	1493.0983	1020.5734	3357.6362	630.78394	1070.6628	94.400955	1311.3599	969.1601	430.75	301.1	944999	377.77457	94.34854	505.50507	-154.9716	-380.30096	68.33796	4301.440230607986	22.75894303044314
190	1247.5109	669.4196	2804.02	465.74734	1072.0242	931.3347	3254.3308	201.23341	359.7143	344.4	949999	379.51736	94.691025	476.41614	-211.43913	-382.02744	69.46859	4323.595783948898	22.75576729398025
191	769.0477	321.53366	1462.3481	14.61713	931.3592	179.83951	1209.7515	652.6839	231.09525	249.9	954999	378.4144	93.91403	491.96545	-159.98737	-380.67258	66.129814	4345.256597042084	22.7500345482252
192	751.332	406.47113	1960.7317	92.257744	1078.8846	75.09905	1170.57	949.8763	221.56522	291.7	959999	374.62997	93.420235	488.19742	-255.65382	-376.9818	71.14789	4367.222301244736	22.745949495583773
193	778.97076	747.40173	2245.045	15.481325	1090.371	780.52924	3251.2375	562.0523	224.04347	314.3	964999	375.83978	92.94461	481.314	-185.63838	-378.29208	66.11856	4389.240714788437	22.742179879252774
194	1086.9243	595.529	2924.8215	643.97784	2148.8657	1229.1088	3425.1475	439.47366	312.4	634.3	969999	376.5435	93.4966	496.4438	-335.03452	-378.8813	60.83116	4412.718587875366	22.745972111053074
195	1250.9618	345.02542	1800.1522	402.7513	977.1798	262.99664	1479.4641	630.9359	358.0	291.9	974999	375.55432	93.35168	479.5485	-170.05864	-377.9401	70.82258	4434.584762811661	22.741460331892355
196	1183.1965	387.05435	2260.7422	458.97464	647.48175	654.5566	1827.7462	29.82036	335.93332	180.4	979999	373.61353	94.12867	483.83987	-151.03963	-375.88333	65.145325	4456.033081293106	22.734862669390075
197	1129.2029	577.8763	2414.2947	34.893932	1098.2195	233.46593	1602.0496	755.1705	323.25	302.3	984999	374.62955	96.19602	490.39728	-161.93192	-377.0885	65.90911	4478.101248264313	22.73147842605707
198	969.5547	220.05305	1486.5521	605.3592	1012.99915	106.60328	1246.8295	910.44525	271.94446	291.0	989999	377.73276	96.22612	496.06372	-153.45601	-380.1266	69.5467	4499.941552877426	22.726977549418056
199	1150.3241	441.70377	2688.3047	828.1266	3013.0288	723.78595	3465.9382	1241.2717	319.6875	870.6	994999	379.2422	96.292946	490.69592	-255.15976	-381.68686	66.07151	4524.376313447952	22.73555937484281
200	1120.6947	464.14792	2313.8906	354.89856	1048.0999	376.60934	1631.0101	307.3517	322.86667	312.5	999999	381.2148	96.40312	492.32132	-173.46523	-383.6411	68.68085	4546.481390714645	22.732406965494157
